ODD_HOLE_TERMINATION_PERCENTAGE is set to 999
Program searches for ALL odd holes and odd antiholes
==============================================
n:                                    30
ODD_HOLE_TERMINATION_PERCENTAGE:      999
ODD_HOLE_TERMINATION_BATCH_SIZE:      0
ODD_ANTI_HOLE_TERMINATION_BATCH_SIZE: 0
==============================================
0,1,0,0,1,1,0,0,0,0,0,0,1,0,0,0,0,0,0,1,0,0,0,0,1,1,1,0,0,0,
1,0,0,0,0,1,0,0,0,0,1,0,1,0,0,1,0,1,0,1,0,0,1,0,0,0,0,0,0,0,
0,0,0,0,0,0,0,0,1,1,0,1,0,0,1,0,0,0,0,1,0,0,1,1,0,0,0,0,1,0,
0,0,0,0,0,1,0,0,0,0,0,1,0,0,0,1,0,0,0,0,0,0,0,0,0,0,1,0,1,0,
1,0,0,0,0,1,0,0,1,0,0,0,1,1,1,1,0,0,0,0,0,0,0,1,0,1,0,0,0,0,
1,1,0,1,1,0,0,0,0,0,0,0,1,0,0,0,0,0,0,0,0,0,0,1,0,0,1,0,0,0,
0,0,0,0,0,0,0,0,0,0,0,0,0,0,1,0,0,0,0,1,0,0,0,1,0,0,0,0,1,0,
0,0,0,0,0,0,0,0,0,0,0,0,0,0,0,0,0,0,0,0,0,0,0,1,0,0,0,1,0,1,
0,0,1,0,1,0,0,0,0,0,0,0,1,0,0,0,0,1,0,0,0,0,0,1,1,0,0,0,0,1,
0,0,1,0,0,0,0,0,0,0,1,1,0,0,1,0,0,0,0,1,1,0,1,1,0,0,0,0,0,0,
0,1,0,0,0,0,0,0,0,1,0,0,0,0,1,1,0,0,0,1,0,0,0,0,0,0,0,0,0,1,
0,0,1,1,0,0,0,0,0,1,0,0,0,1,0,0,0,0,0,0,0,1,0,1,1,0,0,0,0,0,
1,1,0,0,1,1,0,0,1,0,0,0,0,0,0,0,0,0,0,0,0,0,0,1,0,0,1,0,0,0,
0,0,0,0,1,0,0,0,0,0,0,1,0,0,0,0,1,0,1,0,0,0,0,0,0,0,0,0,1,0,
0,0,1,0,1,0,1,0,0,1,1,0,0,0,0,1,0,0,0,0,0,0,1,0,0,0,1,0,0,1,
0,1,0,1,1,0,0,0,0,0,1,0,0,0,1,0,0,0,0,0,1,1,0,0,0,0,0,0,0,0,
0,0,0,0,0,0,0,0,0,0,0,0,0,1,0,0,0,0,1,0,1,0,1,0,0,0,0,0,1,1,
0,1,0,0,0,0,0,0,1,0,0,0,0,0,0,0,0,0,0,0,0,0,0,0,0,0,1,0,0,0,
0,0,0,0,0,0,0,0,0,0,0,0,0,1,0,0,1,0,0,0,0,1,0,0,0,0,0,1,0,0,
1,1,1,0,0,0,1,0,0,1,1,0,0,0,0,0,0,0,0,0,0,0,0,0,0,0,0,0,0,0,
0,0,0,0,0,0,0,0,0,1,0,0,0,0,0,1,1,0,0,0,0,1,0,0,0,0,1,0,0,0,
0,0,0,0,0,0,0,0,0,0,0,1,0,0,0,1,0,0,1,0,1,0,0,1,1,0,0,1,0,0,
0,1,1,0,0,0,0,0,0,1,0,0,0,0,1,0,1,0,0,0,0,0,0,0,0,0,0,0,0,1,
0,0,1,0,1,1,1,1,1,1,0,1,1,0,0,0,0,0,0,0,0,1,0,0,0,0,0,1,0,0,
1,0,0,0,0,0,0,0,1,0,0,1,0,0,0,0,0,0,0,0,0,1,0,0,0,0,1,0,0,0,
1,0,0,0,1,0,0,0,0,0,0,0,0,0,0,0,0,0,0,0,0,0,0,0,0,0,0,0,1,0,
1,0,0,1,0,1,0,0,0,0,0,0,1,0,1,0,0,1,0,0,1,0,0,0,1,0,0,0,0,0,
0,0,0,0,0,0,0,1,0,0,0,0,0,0,0,0,0,0,1,0,0,1,0,1,0,0,0,0,1,0,
0,0,1,1,0,0,1,0,0,0,0,0,0,1,0,0,1,0,0,0,0,0,0,0,0,1,0,1,0,0,
0,0,0,0,0,0,0,1,1,0,1,0,0,0,1,0,1,0,0,0,0,0,1,0,0,0,0,0,0,0,

0,1,0,1,1,1,0,0,0,1,0,1,1,0,1,1,1,1,1,1,1,1,1,1,1,1,1,1,1,1,
1,0,1,1,1,1,0,1,1,1,1,1,1,0,1,1,1,1,1,1,0,1,1,1,0,0,1,0,1,1,
0,1,0,1,1,0,0,0,1,1,0,1,0,0,1,0,1,1,1,1,1,0,1,1,1,1,0,0,1,1,
1,1,1,0,0,1,0,1,1,1,1,1,1,1,1,1,1,1,0,1,1,0,1,1,0,1,1,0,1,1,
1,1,1,0,0,1,0,1,1,1,1,1,1,1,1,1,1,0,1,0,1,1,1,1,0,1,1,0,0,1,
1,1,0,1,1,0,0,1,1,1,1,1,1,0,1,1,1,1,0,1,1,1,1,1,0,1,1,1,1,0,
0,0,0,0,0,0,0,1,0,1,1,1,0,1,1,1,1,0,1,1,1,0,1,1,0,1,1,1,1,1,
0,1,0,1,1,1,1,0,1,1,1,1,1,1,1,1,0,0,1,0,1,1,0,1,1,1,1,1,1,1,
0,1,1,1,1,1,0,1,0,1,0,1,1,1,1,0,1,1,1,1,1,1,1,1,1,1,1,0,1,1,
1,1,1,1,1,1,1,1,1,0,1,1,1,1,1,1,1,1,0,1,1,1,1,1,1,0,1,0,0,1,
0,1,0,1,1,1,1,1,0,1,0,0,1,1,1,1,1,0,1,1,1,1,1,0,1,1,1,0,1,1,
1,1,1,1,1,1,1,1,1,1,0,0,0,1,0,1,1,1,0,1,0,1,1,1,1,1,1,0,0,1,
1,1,0,1,1,1,0,1,1,1,1,0,0,1,1,1,1,1,1,1,1,0,0,1,1,1,1,0,1,1,
0,0,0,1,1,0,1,1,1,1,1,1,1,0,1,0,1,0,1,1,0,1,1,1,0,1,1,0,1,1,
1,1,1,1,1,1,1,1,1,1,1,0,1,1,0,1,1,0,0,1,1,0,1,1,1,1,1,0,1,1,
1,1,0,1,1,1,1,1,0,1,1,1,1,0,1,0,1,1,0,1,1,1,1,1,1,1,0,1,0,1,
1,1,1,1,1,1,1,0,1,1,1,1,1,1,1,1,0,1,1,0,1,0,1,1,1,1,0,1,1,1,
1,1,1,1,0,1,0,0,1,1,0,1,1,0,0,1,1,0,0,1,1,0,1,0,0,1,1,1,1,1,
1,1,1,0,1,0,1,1,1,0,1,0,1,1,0,0,1,0,0,1,0,1,1,1,0,1,1,1,1,1,
1,1,1,1,0,1,1,0,1,1,1,1,1,1,1,1,0,1,1,0,1,1,1,1,1,1,0,1,1,0,
1,0,1,1,1,1,1,1,1,1,1,0,1,0,1,1,1,1,0,1,0,1,1,1,0,1,1,1,1,1,
1,1,0,0,1,1,0,1,1,1,1,1,0,1,0,1,0,0,1,1,1,0,0,1,1,0,1,1,1,1,
1,1,1,1,1,1,1,0,1,1,1,1,0,1,1,1,1,1,1,1,1,0,0,1,0,0,1,0,0,1,
1,1,1,1,1,1,1,1,1,1,0,1,1,1,1,1,1,0,1,1,1,1,1,0,1,1,0,1,1,0,
1,0,1,0,0,0,0,1,1,1,1,1,1,0,1,1,1,0,0,1,0,1,0,1,0,1,1,0,1,0,
1,0,1,1,1,1,1,1,1,0,1,1,1,1,1,1,1,1,1,1,1,0,0,1,1,0,1,1,1,1,
1,1,0,1,1,1,1,1,1,1,1,1,1,1,1,0,0,1,1,0,1,1,1,0,1,1,0,1,1,1,
1,0,0,0,0,1,1,1,0,0,0,0,0,0,0,1,1,1,1,1,1,1,0,1,0,1,1,0,1,1,
1,1,1,1,0,1,1,1,1,0,1,0,1,1,1,0,1,1,1,1,1,1,0,1,1,1,1,1,0,0,
1,1,1,1,1,0,1,1,1,1,1,1,1,1,1,1,1,1,1,0,1,1,1,0,0,1,1,1,0,0,

    Time: 2025-02-17 14:47:33
Version identifier: 22.1.1.0 | 2022-11-28 | 9160aff4d
CPXPARAM_Threads                                 24
CPXPARAM_MIP_Limits_Solutions                    1
CPXPARAM_TimeLimit                               900
Generic callback                                 0x20
Lazy constraint(s) or lazy constraint/branch callback is present.
    Disabling dual reductions (CPX_PARAM_REDUCE) in presolve.
    Disabling presolve reductions that prevent crushing forms (CPX_PARAM_PREREFORM).
Tried aggregator 1 time.
MIP Presolve eliminated 814 rows and 3 columns.
MIP Presolve modified 24 coefficients.
Reduced MIP has 764 rows, 234 columns, and 9485 nonzeros.
Reduced MIP has 234 binaries, 0 generals, 0 SOSs, and 0 indicators.
Presolve time = 0.01 sec. (9.14 ticks)
Probing time = 0.00 sec. (0.25 ticks)
Tried aggregator 1 time.
Reduced MIP has 764 rows, 234 columns, and 9485 nonzeros.
Reduced MIP has 234 binaries, 0 generals, 0 SOSs, and 0 indicators.
Presolve time = 0.00 sec. (2.35 ticks)
Probing time = 0.00 sec. (0.25 ticks)
Clique table members: 18.
MIP emphasis: balance optimality and feasibility.
MIP search method: dynamic search.
Parallel mode: deterministic, using up to 24 threads.
Root relaxation solution time = 0.02 sec. (11.08 ticks)

        Nodes                                         Cuts/
   Node  Left     Objective  IInf  Best Integer    Best Bound    ItCnt     Gap

      0     0       38.2308    67                     38.2308      405         
      0     0       43.9866    98                   Cuts: 122      478         
      0     0       44.2613    94                    Cuts: 71      529         
      0     0       44.3492    96                    Cuts: 38      570         
      0     0       44.4046    97                    Cuts: 19      604         
      0     0       44.4988    98                    Cuts: 25      666         
      0     0       44.5629   106                    Cuts: 17      707         
      0     0       44.6276    96                    Cuts: 17      756         
      0     0       44.6667    99                    Cuts: 14      790         
      0     0       44.6741    97                    Cuts: 14      831         
      0     0       44.6897   100                    Cuts: 14      872         
      0     0       44.6998   101                    Cuts: 12      908         
      0     0       44.7135   104                     Cuts: 5      927         
      0     0       44.7280   104                     Cuts: 6      950         
      0     0       44.7297   107                     Cuts: 6      962         
      0     0       44.7364   100                    Cuts: 11      986         
      0     2       44.7364   100                     44.7364      986         
Elapsed time = 0.91 sec. (610.55 ticks, tree = 0.02 MB, solutions = 0)
    378   303       72.3333    79                     45.3063    38782         
    695   486       85.6250    74                     45.3063    79618         
    892   605       60.2727   107                     51.1429   102206         
   1149   694    infeasible                           51.1429   132267         
   1442   775       84.0000    52                     52.7372   147304         
   2030   608       67.1212   124                     52.8627   175844         
   2471    92       86.3230   107                     53.2391   198010         

Cover cuts applied:  1
Zero-half cuts applied:  45
Lift and project cuts applied:  3
User cuts applied:  6290

Root node processing (before b&c):
  Real time             =    0.90 sec. (609.88 ticks)
Parallel b&c, 24 threads:
  Real time             =    2.44 sec. (1865.50 ticks)
  Sync time (average)   =    1.50 sec.
  Wait time (average)   =    0.00 sec.
                          ------------
Total (root+branch&cut) =    3.34 sec. (2475.39 ticks)
STATUS: Infeasible



Status:Infeasible
Program finished OK!
    Time: 2025-02-17 14:47:37
