ODD_HOLE_TERMINATION_PERCENTAGE is set to 999
Program searches for ALL odd holes and odd antiholes
==============================================
n:                                    30
ODD_HOLE_TERMINATION_PERCENTAGE:      999
ODD_HOLE_TERMINATION_BATCH_SIZE:      0
ODD_ANTI_HOLE_TERMINATION_BATCH_SIZE: 0
==============================================
0,0,0,0,1,0,0,0,1,0,1,0,1,0,0,1,0,1,1,0,0,0,1,0,0,0,0,0,0,0,
0,0,0,0,0,0,0,1,0,0,0,0,0,1,1,0,0,0,0,0,0,0,0,1,0,0,0,1,0,0,
0,0,0,0,0,0,0,0,0,0,0,0,0,0,0,1,1,0,0,1,1,1,0,0,1,0,1,0,0,0,
0,0,0,0,0,0,0,0,1,1,1,0,0,0,0,0,0,0,1,0,0,0,0,1,0,0,1,0,0,0,
1,0,0,0,0,0,1,0,1,0,1,0,0,0,0,1,0,0,0,0,0,0,0,0,1,1,0,0,1,0,
0,0,0,0,0,0,1,0,0,1,1,0,0,0,0,1,0,1,0,0,0,0,1,1,0,0,0,1,1,0,
0,0,0,0,1,1,0,0,1,1,0,0,0,1,0,0,0,0,0,0,0,1,0,0,0,0,1,1,0,0,
0,1,0,0,0,0,0,0,1,1,0,1,0,0,0,0,1,1,0,0,0,0,0,1,0,0,0,1,1,0,
1,0,0,1,1,0,1,1,0,0,0,0,0,0,0,0,0,1,0,0,0,0,0,0,1,0,0,1,0,1,
0,0,0,1,0,1,1,1,0,0,0,0,0,0,0,0,0,0,0,0,0,0,0,0,0,0,1,1,0,0,
1,0,0,1,1,1,0,0,0,0,0,0,0,0,1,1,0,1,1,0,0,1,0,0,0,0,0,0,1,1,
0,0,0,0,0,0,0,1,0,0,0,0,0,0,0,0,0,0,1,0,0,1,0,0,0,0,1,0,0,0,
1,0,0,0,0,0,0,0,0,0,0,0,0,0,0,0,0,0,0,1,0,1,0,0,0,0,1,0,1,0,
0,1,0,0,0,0,1,0,0,0,0,0,0,0,1,0,1,0,0,0,1,0,0,0,1,0,0,1,0,0,
0,1,0,0,0,0,0,0,0,0,1,0,0,1,0,1,0,0,0,0,0,0,0,1,1,0,0,0,0,1,
1,0,1,0,1,1,0,0,0,0,1,0,0,0,1,0,0,1,1,0,0,0,0,1,1,0,1,0,0,0,
0,0,1,0,0,0,0,1,0,0,0,0,0,1,0,0,0,0,0,1,1,0,0,0,0,1,1,0,0,0,
1,0,0,0,0,1,0,1,1,0,1,0,0,0,0,1,0,0,0,0,0,0,1,0,1,0,1,0,0,1,
1,0,0,1,0,0,0,0,0,0,1,1,0,0,0,1,0,0,0,0,0,0,0,0,0,0,0,0,1,0,
0,0,1,0,0,0,0,0,0,0,0,0,1,0,0,0,1,0,0,0,0,1,1,0,0,1,0,0,0,0,
0,0,1,0,0,0,0,0,0,0,0,0,0,1,0,0,1,0,0,0,0,0,0,0,0,1,1,0,0,0,
0,0,1,0,0,0,1,0,0,0,1,1,1,0,0,0,0,0,0,1,0,0,0,0,1,1,0,1,1,1,
1,0,0,0,0,1,0,0,0,0,0,0,0,0,0,0,0,1,0,1,0,0,0,0,0,0,0,0,1,0,
0,1,0,1,0,1,0,1,0,0,0,0,0,0,1,1,0,0,0,0,0,0,0,0,0,1,0,0,0,1,
0,0,1,0,1,0,0,0,1,0,0,0,0,1,1,1,0,1,0,0,0,1,0,0,0,0,0,0,0,0,
0,0,0,0,1,0,0,0,0,0,0,0,0,0,0,0,1,0,0,1,1,1,0,1,0,0,0,0,0,0,
0,0,1,1,0,0,1,0,0,1,0,1,1,0,0,1,1,1,0,0,1,0,0,0,0,0,0,0,0,1,
0,1,0,0,0,1,1,1,1,1,0,0,0,1,0,0,0,0,0,0,0,1,0,0,0,0,0,0,0,0,
0,0,0,0,1,1,0,1,0,0,1,0,1,0,0,0,0,0,1,0,0,1,1,0,0,0,0,0,0,0,
0,0,0,0,0,0,0,0,1,0,1,0,0,0,1,0,0,1,0,0,0,1,0,1,0,0,1,0,0,0,

0,0,0,1,1,1,0,1,1,1,1,1,1,0,1,1,1,1,1,1,1,1,1,1,1,1,1,1,0,0,
0,0,1,1,0,1,1,1,0,0,1,1,0,1,1,0,0,0,0,1,0,1,1,1,1,1,1,1,1,1,
0,1,0,1,0,1,1,0,0,1,1,0,1,1,1,1,1,1,0,1,1,1,0,0,1,1,1,1,1,1,
1,1,1,0,1,0,1,1,1,1,1,1,0,1,1,1,1,1,1,1,1,1,1,1,0,1,1,1,1,1,
1,0,0,1,0,1,1,1,1,1,1,0,1,1,1,1,0,0,1,1,0,0,1,1,1,1,1,0,1,1,
1,1,1,0,1,0,1,0,1,1,1,1,0,0,1,1,1,1,0,1,0,1,1,1,1,0,1,1,1,1,
0,1,1,1,1,1,0,1,1,1,1,1,1,1,0,1,0,0,1,1,1,1,0,1,0,1,1,1,1,0,
1,1,0,1,1,0,1,0,1,1,1,1,0,0,0,1,1,1,1,1,1,1,1,1,1,1,0,1,1,1,
1,0,0,1,1,1,1,1,0,0,1,1,1,1,1,0,0,1,1,1,1,0,0,1,1,1,1,1,1,1,
1,0,1,1,1,1,1,1,0,0,1,1,1,0,0,1,1,1,1,1,1,1,1,0,1,0,1,1,1,1,
1,1,1,1,1,1,1,1,1,1,0,1,0,1,1,1,1,1,1,1,1,1,1,1,1,1,1,0,1,1,
1,1,0,1,0,1,1,1,1,1,1,0,1,1,0,0,0,1,1,1,1,1,1,1,1,1,1,0,1,1,
1,0,1,0,1,0,1,0,1,1,0,1,0,0,1,1,1,1,0,1,1,1,1,1,0,1,1,0,1,1,
0,1,1,1,1,0,1,0,1,0,1,1,0,0,1,1,1,1,1,1,1,1,1,1,1,0,1,1,1,0,
1,1,1,1,1,1,0,0,1,0,1,0,1,1,0,1,1,0,1,0,0,1,0,1,1,1,0,1,1,1,
1,0,1,1,1,1,1,1,0,1,1,0,1,1,1,0,1,1,1,1,1,1,1,1,1,1,1,1,1,1,
1,0,1,1,0,1,0,1,0,1,1,0,1,1,1,1,0,0,1,1,1,1,1,0,1,1,1,1,0,1,
1,0,1,1,0,1,0,1,1,1,1,1,1,1,0,1,0,0,1,0,0,1,1,1,1,1,1,0,0,1,
1,0,0,1,1,0,1,1,1,1,1,1,0,1,1,1,1,1,0,1,0,0,1,0,1,0,1,1,1,1,
1,1,1,1,1,1,1,1,1,1,1,1,1,1,0,1,1,0,1,0,0,1,1,0,1,1,0,1,1,1,
1,0,1,1,0,0,1,1,1,1,1,1,1,1,0,1,1,0,0,0,0,1,1,1,1,1,1,0,1,0,
1,1,1,1,0,1,1,1,0,1,1,1,1,1,1,1,1,1,0,1,1,0,0,1,1,1,0,1,1,1,
1,1,0,1,1,1,0,1,0,1,1,1,1,1,0,1,1,1,1,1,1,0,0,1,1,1,1,0,1,1,
1,1,0,1,1,1,1,1,1,0,1,1,1,1,1,1,0,1,0,0,1,1,1,0,1,1,1,1,1,1,
1,1,1,0,1,1,0,1,1,1,1,1,0,1,1,1,1,1,1,1,1,1,1,1,0,1,1,0,0,0,
1,1,1,1,1,0,1,1,1,0,1,1,1,0,1,1,1,1,0,1,1,1,1,1,1,0,0,1,1,1,
1,1,1,1,1,1,1,0,1,1,1,1,1,1,0,1,1,1,1,0,1,0,1,1,1,0,0,1,1,1,
1,1,1,1,0,1,1,1,1,1,0,0,0,1,1,1,1,0,1,1,0,1,0,1,0,1,1,0,1,0,
0,1,1,1,1,1,1,1,1,1,1,1,1,1,1,1,0,0,1,1,1,1,1,1,0,1,1,1,0,1,
0,1,1,1,1,1,0,1,1,1,1,1,1,0,1,1,1,1,1,1,0,1,1,1,0,1,1,0,1,0,

    Time: 2025-02-17 14:47:31
Version identifier: 22.1.1.0 | 2022-11-28 | 9160aff4d
CPXPARAM_Threads                                 24
CPXPARAM_MIP_Limits_Solutions                    1
CPXPARAM_TimeLimit                               900
Generic callback                                 0x20
Lazy constraint(s) or lazy constraint/branch callback is present.
    Disabling dual reductions (CPX_PARAM_REDUCE) in presolve.
    Disabling presolve reductions that prevent crushing forms (CPX_PARAM_PREREFORM).
Tried aggregator 1 time.
MIP Presolve eliminated 1168 rows and 4 columns.
MIP Presolve modified 120 coefficients.
Reduced MIP has 934 rows, 221 columns, and 9881 nonzeros.
Reduced MIP has 221 binaries, 0 generals, 0 SOSs, and 0 indicators.
Presolve time = 0.01 sec. (7.30 ticks)
Probing time = 0.00 sec. (0.38 ticks)
Tried aggregator 1 time.
MIP Presolve eliminated 108 rows and 0 columns.
Reduced MIP has 826 rows, 221 columns, and 8428 nonzeros.
Reduced MIP has 221 binaries, 0 generals, 0 SOSs, and 0 indicators.
Presolve time = 0.00 sec. (4.45 ticks)
Probing time = 0.00 sec. (0.34 ticks)
Clique table members: 46.
MIP emphasis: balance optimality and feasibility.
MIP search method: dynamic search.
Parallel mode: deterministic, using up to 24 threads.
Root relaxation solution time = 0.02 sec. (10.21 ticks)

        Nodes                                         Cuts/
   Node  Left     Objective  IInf  Best Integer    Best Bound    ItCnt     Gap

      0     0       49.0000    56                     49.0000      429         
      0     0       57.2873   123                    Cuts: 81      511         
      0     0       57.7903   120                    Cuts: 73      576         
      0     0       58.1262   121                    Cuts: 36      633         
      0     0       58.3333   108                    Cuts: 38      704         
      0     0       58.4262   103                    Cuts: 39      793         
      0     0       58.6667    93                    Cuts: 36      850         
      0     0       58.8750   104                    Cuts: 32      941         
      0     0       58.9608   119                    Cuts: 41     1009         
      0     0       59.0000    70                    Cuts: 41     1064         
      0     0       59.0000    54                    Cuts: 33     1129         
      0     0       59.0039   130                    Cuts: 13     1187         
      0     0       59.0160   116                    Cuts: 21     1224         
      0     0       59.0460   114                    Cuts: 20     1255         
      0     0       59.0511   120                    Cuts: 29     1313         
      0     2       59.0511   119                     59.0511     1313         
Elapsed time = 0.77 sec. (517.78 ticks, tree = 0.02 MB, solutions = 0)
    259   145      111.6250    22                     59.5000    35487         
    622    38       93.0000    50                     60.8166    57808         

Implied bound cuts applied:  2
Zero-half cuts applied:  52
Lift and project cuts applied:  4
User cuts applied:  5562

Root node processing (before b&c):
  Real time             =    0.76 sec. (517.11 ticks)
Parallel b&c, 24 threads:
  Real time             =    1.00 sec. (670.96 ticks)
  Sync time (average)   =    0.70 sec.
  Wait time (average)   =    0.00 sec.
                          ------------
Total (root+branch&cut) =    1.77 sec. (1188.07 ticks)
STATUS: Infeasible



Status:Infeasible
Program finished OK!
    Time: 2025-02-17 14:47:33
