ODD_HOLE_TERMINATION_PERCENTAGE is set to 999
Program searches for ALL odd holes and odd antiholes
==============================================
n:                                    35
ODD_HOLE_TERMINATION_PERCENTAGE:      999
ODD_HOLE_TERMINATION_BATCH_SIZE:      0
ODD_ANTI_HOLE_TERMINATION_BATCH_SIZE: 0
==============================================
0,0,0,1,0,1,1,1,1,1,1,1,1,1,1,1,0,1,1,1,0,1,1,1,1,1,0,1,1,1,1,1,1,1,1,
0,0,1,1,1,1,1,1,1,1,1,0,0,1,1,1,1,1,1,1,1,0,1,1,1,1,1,1,0,1,0,1,1,1,1,
0,1,0,1,1,1,1,1,1,1,1,1,1,1,1,1,0,1,0,1,1,1,1,0,1,1,1,1,0,1,0,1,1,1,1,
1,1,1,0,1,1,1,0,1,1,1,0,1,0,1,1,0,0,1,1,1,0,1,1,1,1,1,0,1,1,1,1,1,0,1,
0,1,1,1,0,1,1,1,1,1,1,0,1,0,1,1,1,1,0,1,1,1,1,1,0,0,1,1,1,1,1,1,1,1,1,
1,1,1,1,1,0,0,1,1,1,1,1,1,1,1,1,0,1,1,1,1,1,0,1,1,0,1,1,1,1,1,0,1,0,1,
1,1,1,1,1,0,0,1,0,1,1,1,1,1,1,1,1,1,1,1,1,1,1,1,1,1,1,1,1,1,1,0,0,1,1,
1,1,1,0,1,1,1,0,1,0,1,1,1,1,1,1,1,1,0,1,1,1,0,0,1,0,0,0,0,1,1,0,1,0,1,
1,1,1,1,1,1,0,1,0,1,1,1,1,0,1,0,1,1,1,0,1,1,1,1,1,1,1,1,1,1,0,1,0,0,1,
1,1,1,1,1,1,1,0,1,0,1,0,1,0,1,1,1,1,0,0,1,1,1,1,0,0,1,1,1,1,1,1,1,1,1,
1,1,1,1,1,1,1,1,1,1,0,1,1,1,1,1,0,0,1,1,1,1,1,1,1,1,1,1,1,1,1,0,0,1,1,
1,0,1,0,0,1,1,1,1,0,1,0,1,1,1,1,1,0,0,1,1,1,1,0,0,1,0,1,0,1,1,1,0,1,1,
1,0,1,1,1,1,1,1,1,1,1,1,0,1,0,1,0,0,1,1,0,1,1,1,0,1,0,1,0,1,1,0,1,1,0,
1,1,1,0,0,1,1,1,0,0,1,1,1,0,1,0,0,1,1,1,1,1,0,0,1,1,0,1,1,1,0,0,0,1,1,
1,1,1,1,1,1,1,1,1,1,1,1,0,1,0,0,1,1,1,1,1,1,1,1,1,1,1,1,0,1,1,1,1,1,0,
1,1,1,1,1,1,1,1,0,1,1,1,1,0,0,0,0,1,0,0,0,0,0,1,1,0,1,0,1,1,1,1,1,0,1,
0,1,0,0,1,0,1,1,1,1,0,1,0,0,1,0,0,1,0,0,1,0,1,0,1,1,1,1,0,1,0,1,1,1,1,
1,1,1,0,1,1,1,1,1,1,0,0,0,1,1,1,1,0,1,1,1,0,0,0,1,1,1,1,0,1,1,0,1,1,1,
1,1,0,1,0,1,1,0,1,0,1,0,1,1,1,0,0,1,0,1,1,1,0,1,0,1,1,1,0,0,0,1,0,1,0,
1,1,1,1,1,1,1,1,0,0,1,1,1,1,1,0,0,1,1,0,0,0,1,1,1,0,1,0,1,0,1,1,1,1,1,
0,1,1,1,1,1,1,1,1,1,1,1,0,1,1,0,1,1,1,0,0,1,1,0,0,0,1,0,1,0,0,1,0,1,1,
1,0,1,0,1,1,1,1,1,1,1,1,1,1,1,0,0,0,1,0,1,0,1,1,1,1,1,1,1,1,1,1,1,1,0,
1,1,1,1,1,0,1,0,1,1,1,1,1,0,1,0,1,0,0,1,1,1,0,0,1,1,0,1,1,1,1,1,1,0,1,
1,1,0,1,1,1,1,0,1,1,1,0,1,0,1,1,0,0,1,1,0,1,0,0,1,1,0,0,1,1,1,1,1,0,0,
1,1,1,1,0,1,1,1,1,0,1,0,0,1,1,1,1,1,0,1,0,1,1,1,0,1,1,0,1,1,0,0,1,1,1,
1,1,1,1,0,0,1,0,1,0,1,1,1,1,1,0,1,1,1,0,0,1,1,1,1,0,1,0,1,1,1,1,0,1,1,
0,1,1,1,1,1,1,0,1,1,1,0,0,0,1,1,1,1,1,1,1,1,0,0,1,1,0,1,0,1,1,1,1,0,1,
1,1,1,0,1,1,1,0,1,1,1,1,1,1,1,0,1,1,1,0,0,1,1,0,0,0,1,0,1,1,1,1,0,1,1,
1,0,0,1,1,1,1,0,1,1,1,0,0,1,0,1,0,0,0,1,1,1,1,1,1,1,0,1,0,1,1,0,1,1,0,
1,1,1,1,1,1,1,1,1,1,1,1,1,1,1,1,1,1,0,0,0,1,1,1,1,1,1,1,1,0,1,0,1,1,1,
1,0,0,1,1,1,1,1,0,1,1,1,1,0,1,1,0,1,0,1,0,1,1,1,0,1,1,1,1,1,0,1,0,1,1,
1,1,1,1,1,0,0,0,1,1,0,1,0,0,1,1,1,0,1,1,1,1,1,1,0,1,1,1,0,0,1,0,1,1,1,
1,1,1,1,1,1,0,1,0,1,0,0,1,0,1,1,1,1,0,1,0,1,1,1,1,0,1,0,1,1,0,1,0,0,0,
1,1,1,0,1,0,1,0,0,1,1,1,1,1,1,0,1,1,1,1,1,1,0,0,1,1,0,1,1,1,1,1,0,0,1,
1,1,1,1,1,1,1,1,1,1,1,1,0,1,0,1,1,1,0,1,1,0,1,0,1,1,1,1,0,1,1,1,0,1,0,

0,0,1,1,1,1,1,1,1,1,1,1,1,1,1,1,0,1,1,1,0,1,1,1,1,1,1,1,1,1,1,1,1,1,1,
0,0,1,1,1,1,1,1,1,1,1,1,0,1,1,1,1,1,1,1,1,1,1,1,1,1,1,1,0,1,1,1,1,1,1,
1,1,0,1,1,1,1,1,1,1,1,1,1,1,1,1,0,1,0,1,1,1,1,1,1,1,1,1,0,1,1,1,1,1,1,
1,1,1,0,1,1,1,1,1,1,1,1,1,1,1,1,1,1,1,1,1,0,1,1,1,1,1,1,1,1,1,1,1,1,1,
1,1,1,1,0,1,1,1,1,1,1,1,1,0,1,1,1,1,1,1,1,1,1,1,1,1,1,1,1,1,1,1,1,1,1,
1,1,1,1,1,0,0,1,1,1,1,1,1,1,1,1,1,1,1,1,1,1,0,1,1,1,1,1,1,1,1,0,1,0,1,
1,1,1,1,1,0,0,1,1,1,1,1,1,1,1,1,1,1,1,1,1,1,1,1,1,1,1,1,1,1,1,1,1,1,1,
1,1,1,1,1,1,1,0,1,1,1,1,1,1,1,1,1,1,1,1,1,1,1,0,1,1,1,1,0,1,1,1,1,1,1,
1,1,1,1,1,1,1,1,0,1,1,1,1,1,1,1,1,1,1,0,1,1,1,1,1,1,1,1,1,1,0,1,1,1,1,
1,1,1,1,1,1,1,1,1,0,1,1,1,1,1,1,1,1,1,1,1,1,1,1,1,0,1,1,1,1,1,1,1,1,1,
1,1,1,1,1,1,1,1,1,1,0,1,1,1,1,1,0,1,1,1,1,1,1,1,1,1,1,1,1,1,1,0,0,1,1,
1,1,1,1,1,1,1,1,1,1,1,0,1,1,1,1,1,0,1,1,1,1,1,1,1,1,1,1,1,1,1,1,0,1,1,
1,0,1,1,1,1,1,1,1,1,1,1,0,1,1,1,0,0,1,1,1,1,1,1,1,1,1,1,0,1,1,1,1,1,1,
1,1,1,1,0,1,1,1,1,1,1,1,1,0,1,1,1,1,1,1,1,1,1,1,1,1,0,1,1,1,1,1,1,1,1,
1,1,1,1,1,1,1,1,1,1,1,1,1,1,0,1,1,1,1,1,1,1,1,1,1,1,1,1,1,1,1,1,1,1,0,
1,1,1,1,1,1,1,1,1,1,1,1,1,1,1,0,0,1,1,1,1,1,1,1,1,1,1,1,1,1,1,1,1,1,1,
0,1,0,1,1,1,1,1,1,1,0,1,0,1,1,0,0,1,1,1,1,1,1,1,1,1,1,1,1,1,1,1,1,1,1,
1,1,1,1,1,1,1,1,1,1,1,0,0,1,1,1,1,0,1,1,1,0,0,0,1,1,1,1,0,1,1,1,1,1,1,
1,1,0,1,1,1,1,1,1,1,1,1,1,1,1,1,1,1,0,1,1,1,0,1,1,1,1,1,1,1,1,1,1,1,1,
1,1,1,1,1,1,1,1,0,1,1,1,1,1,1,1,1,1,1,0,1,1,1,1,1,1,1,1,1,1,1,1,1,1,1,
0,1,1,1,1,1,1,1,1,1,1,1,1,1,1,1,1,1,1,1,0,1,1,1,1,0,1,1,1,1,1,1,1,1,1,
1,1,1,0,1,1,1,1,1,1,1,1,1,1,1,1,1,0,1,1,1,0,1,1,1,1,1,1,1,1,1,1,1,1,1,
1,1,1,1,1,0,1,1,1,1,1,1,1,1,1,1,1,0,0,1,1,1,0,0,1,1,0,1,1,1,1,1,1,1,1,
1,1,1,1,1,1,1,0,1,1,1,1,1,1,1,1,1,0,1,1,1,1,0,0,1,1,1,0,1,1,1,1,1,1,0,
1,1,1,1,1,1,1,1,1,1,1,1,1,1,1,1,1,1,1,1,1,1,1,1,0,1,1,1,1,1,1,0,1,1,1,
1,1,1,1,1,1,1,1,1,0,1,1,1,1,1,1,1,1,1,1,0,1,1,1,1,0,1,0,1,1,1,1,0,1,1,
1,1,1,1,1,1,1,1,1,1,1,1,1,0,1,1,1,1,1,1,1,1,0,1,1,1,0,1,1,1,1,1,1,0,1,
1,1,1,1,1,1,1,1,1,1,1,1,1,1,1,1,1,1,1,1,1,1,1,0,1,0,1,0,1,1,1,1,1,1,1,
1,0,0,1,1,1,1,0,1,1,1,1,0,1,1,1,1,0,1,1,1,1,1,1,1,1,1,1,0,1,1,1,1,1,0,
1,1,1,1,1,1,1,1,1,1,1,1,1,1,1,1,1,1,1,1,1,1,1,1,1,1,1,1,1,0,1,1,1,1,1,
1,1,1,1,1,1,1,1,0,1,1,1,1,1,1,1,1,1,1,1,1,1,1,1,1,1,1,1,1,1,0,1,0,1,1,
1,1,1,1,1,0,1,1,1,1,0,1,1,1,1,1,1,1,1,1,1,1,1,1,0,1,1,1,1,1,1,0,1,1,1,
1,1,1,1,1,1,1,1,1,1,0,0,1,1,1,1,1,1,1,1,1,1,1,1,1,0,1,1,1,1,0,1,0,1,1,
1,1,1,1,1,0,1,1,1,1,1,1,1,1,1,1,1,1,1,1,1,1,1,1,1,1,0,1,1,1,1,1,1,0,1,
1,1,1,1,1,1,1,1,1,1,1,1,1,1,0,1,1,1,1,1,1,1,1,0,1,1,1,1,0,1,1,1,1,1,0,

    Time: 2025-02-17 14:47:38
Version identifier: 22.1.1.0 | 2022-11-28 | 9160aff4d
CPXPARAM_Threads                                 24
CPXPARAM_MIP_Limits_Solutions                    1
CPXPARAM_TimeLimit                               900
Generic callback                                 0x20
Lazy constraint(s) or lazy constraint/branch callback is present.
    Disabling dual reductions (CPX_PARAM_REDUCE) in presolve.
    Disabling presolve reductions that prevent crushing forms (CPX_PARAM_PREREFORM).
Tried aggregator 1 time.
MIP Presolve eliminated 3617 rows and 16 columns.
MIP Presolve modified 68 coefficients.
Reduced MIP has 666 rows, 90 columns, and 2794 nonzeros.
Reduced MIP has 90 binaries, 0 generals, 0 SOSs, and 0 indicators.
Presolve time = 0.01 sec. (6.76 ticks)
Probing time = 0.00 sec. (0.27 ticks)
Tried aggregator 1 time.
Reduced MIP has 666 rows, 90 columns, and 2794 nonzeros.
Reduced MIP has 90 binaries, 0 generals, 0 SOSs, and 0 indicators.
Presolve time = 0.00 sec. (0.95 ticks)
Probing time = 0.00 sec. (0.27 ticks)
Clique table members: 52.
MIP emphasis: balance optimality and feasibility.
MIP search method: dynamic search.
Parallel mode: deterministic, using up to 24 threads.
Root relaxation solution time = 0.04 sec. (6.45 ticks)

        Nodes                                         Cuts/
   Node  Left     Objective  IInf  Best Integer    Best Bound    ItCnt     Gap

      0     0       49.8769    75                     49.8769      312         
      0     0        cutoff                           49.8769      312         
Elapsed time = 0.22 sec. (24.49 ticks, tree = 0.01 MB, solutions = 0)

User cuts applied:  58

Root node processing (before b&c):
  Real time             =    0.22 sec. (24.49 ticks)
Parallel b&c, 24 threads:
  Real time             =    0.07 sec. (0.39 ticks)
  Sync time (average)   =    0.01 sec.
  Wait time (average)   =    0.00 sec.
                          ------------
Total (root+branch&cut) =    0.29 sec. (24.88 ticks)
STATUS: Infeasible



Status:Infeasible
Program finished OK!
    Time: 2025-02-17 14:47:39
