ODD_HOLE_TERMINATION_PERCENTAGE is set to 999
Program searches for ALL odd holes and odd antiholes
==============================================
n:                                    25
ODD_HOLE_TERMINATION_PERCENTAGE:      999
ODD_HOLE_TERMINATION_BATCH_SIZE:      0
ODD_ANTI_HOLE_TERMINATION_BATCH_SIZE: 0
==============================================
0,0,1,1,1,1,0,1,0,1,1,0,1,1,1,1,1,1,0,0,1,0,0,1,0,
0,0,1,1,0,1,0,0,1,1,0,0,0,1,0,0,1,0,1,0,0,0,1,0,1,
1,1,0,0,0,1,1,1,1,0,1,0,0,0,1,1,1,1,0,1,1,0,1,0,1,
1,1,0,0,1,0,0,0,0,1,0,0,1,0,1,0,1,1,1,1,0,0,0,1,0,
1,0,0,1,0,1,1,1,0,0,0,0,1,0,1,1,1,1,0,0,0,0,1,0,0,
1,1,1,0,1,0,0,1,0,1,0,1,0,0,0,0,1,1,0,1,0,1,1,1,1,
0,0,1,0,1,0,0,0,1,0,1,0,1,1,0,1,0,1,1,0,1,1,1,1,0,
1,0,1,0,1,1,0,0,1,0,0,0,1,0,0,0,0,1,0,1,0,0,0,0,1,
0,1,1,0,0,0,1,1,0,0,1,0,1,1,1,0,1,0,0,0,0,0,0,1,0,
1,1,0,1,0,1,0,0,0,0,1,1,0,1,1,1,1,1,1,0,0,0,1,1,0,
1,0,1,0,0,0,1,0,1,1,0,0,0,0,1,0,1,0,0,1,1,0,1,0,1,
0,0,0,0,0,1,0,0,0,1,0,0,0,0,0,0,0,0,0,1,0,0,0,1,1,
1,0,0,1,1,0,1,1,1,0,0,0,0,0,0,0,0,1,1,1,1,1,1,1,1,
1,1,0,0,0,0,1,0,1,1,0,0,0,0,0,1,0,1,0,1,1,1,0,0,1,
1,0,1,1,1,0,0,0,1,1,1,0,0,0,0,1,1,1,1,0,1,0,1,1,1,
1,0,1,0,1,0,1,0,0,1,0,0,0,1,1,0,0,1,1,1,1,1,1,1,1,
1,1,1,1,1,1,0,0,1,1,1,0,0,0,1,0,0,0,0,1,0,1,1,1,1,
1,0,1,1,1,1,1,1,0,1,0,0,1,1,1,1,0,0,1,1,1,1,1,0,1,
0,1,0,1,0,0,1,0,0,1,0,0,1,0,1,1,0,1,0,0,1,0,0,1,1,
0,0,1,1,0,1,0,1,0,0,1,1,1,1,0,1,1,1,0,0,0,0,0,0,0,
1,0,1,0,0,0,1,0,0,0,1,0,1,1,1,1,0,1,1,0,0,0,0,1,1,
0,0,0,0,0,1,1,0,0,0,0,0,1,1,0,1,1,1,0,0,0,0,1,0,1,
0,1,1,0,1,1,1,0,0,1,1,0,1,0,1,1,1,1,0,0,0,1,0,1,0,
1,0,0,1,0,1,1,0,1,1,0,1,1,0,1,1,1,0,1,0,1,0,1,0,0,
0,1,1,0,0,1,0,1,0,0,1,1,1,1,1,1,1,1,1,0,1,1,0,0,0,

0,1,1,1,1,1,0,1,1,1,1,0,1,1,1,1,1,1,0,1,1,0,1,1,1,
1,0,1,1,1,1,1,0,1,1,1,0,1,1,1,1,1,1,1,0,1,1,1,0,1,
1,1,0,1,1,1,1,1,1,0,1,0,1,0,1,1,1,1,1,1,1,1,1,1,1,
1,1,1,0,1,0,1,1,1,1,1,0,1,1,1,1,1,1,1,1,1,0,1,1,1,
1,1,1,1,0,1,1,1,0,0,0,0,1,1,1,1,1,1,0,1,1,1,1,0,1,
1,1,1,0,1,0,1,1,1,1,1,1,0,1,1,0,1,1,1,1,1,1,1,1,1,
0,1,1,1,1,1,0,1,1,1,1,1,1,1,1,1,1,1,1,0,1,1,1,1,0,
1,0,1,1,1,1,1,0,1,0,1,0,1,0,1,1,1,1,1,1,1,1,1,1,1,
1,1,1,1,0,1,1,1,0,1,1,0,1,1,1,1,1,0,1,1,1,0,1,1,1,
1,1,0,1,0,1,1,0,1,0,1,1,1,1,1,1,1,1,1,1,1,1,1,1,1,
1,1,1,1,0,1,1,1,1,1,0,0,1,1,1,1,1,1,1,1,1,0,1,1,1,
0,0,0,0,0,1,1,0,0,1,0,0,0,1,0,1,1,0,1,1,1,1,1,1,1,
1,1,1,1,1,0,1,1,1,1,1,0,0,1,0,1,0,1,1,1,1,1,1,1,1,
1,1,0,1,1,1,1,0,1,1,1,1,1,0,1,1,0,1,1,1,1,1,0,0,1,
1,1,1,1,1,1,1,1,1,1,1,0,0,1,0,1,1,1,1,0,1,1,1,1,1,
1,1,1,1,1,0,1,1,1,1,1,1,1,1,1,0,1,1,1,1,1,1,1,1,1,
1,1,1,1,1,1,1,1,1,1,1,1,0,0,1,1,0,1,0,1,1,1,1,1,1,
1,1,1,1,1,1,1,1,0,1,1,0,1,1,1,1,1,0,1,1,1,1,1,1,1,
0,1,1,1,0,1,1,1,1,1,1,1,1,1,1,1,0,1,0,1,1,1,1,1,1,
1,0,1,1,1,1,0,1,1,1,1,1,1,1,0,1,1,1,1,0,1,1,1,0,0,
1,1,1,1,1,1,1,1,1,1,1,1,1,1,1,1,1,1,1,1,0,1,1,1,1,
0,1,1,0,1,1,1,1,0,1,0,1,1,1,1,1,1,1,1,1,1,0,1,1,1,
1,1,1,1,1,1,1,1,1,1,1,1,1,0,1,1,1,1,1,1,1,1,0,1,1,
1,0,1,1,0,1,1,1,1,1,1,1,1,0,1,1,1,1,1,0,1,1,1,0,1,
1,1,1,1,1,1,0,1,1,1,1,1,1,1,1,1,1,1,1,0,1,1,1,1,0,

    Time: 2025-02-17 14:47:30
Version identifier: 22.1.1.0 | 2022-11-28 | 9160aff4d
CPXPARAM_Threads                                 24
CPXPARAM_MIP_Limits_Solutions                    1
CPXPARAM_TimeLimit                               900
Generic callback                                 0x20
Lazy constraint(s) or lazy constraint/branch callback is present.
    Disabling dual reductions (CPX_PARAM_REDUCE) in presolve.
    Disabling presolve reductions that prevent crushing forms (CPX_PARAM_PREREFORM).
Tried aggregator 1 time.
MIP Presolve eliminated 432 rows and 9 columns.
MIP Presolve modified 8 coefficients.
Reduced MIP has 258 rows, 91 columns, and 991 nonzeros.
Reduced MIP has 91 binaries, 0 generals, 0 SOSs, and 0 indicators.
Presolve time = 0.00 sec. (0.76 ticks)
Probing time = 0.00 sec. (0.09 ticks)
Tried aggregator 1 time.
Reduced MIP has 258 rows, 91 columns, and 991 nonzeros.
Reduced MIP has 91 binaries, 0 generals, 0 SOSs, and 0 indicators.
Presolve time = 0.00 sec. (0.37 ticks)
Probing time = 0.00 sec. (0.09 ticks)
Clique table members: 38.
MIP emphasis: balance optimality and feasibility.
MIP search method: dynamic search.
Parallel mode: deterministic, using up to 24 threads.
Root relaxation solution time = 0.01 sec. (2.04 ticks)

        Nodes                                         Cuts/
   Node  Left     Objective  IInf  Best Integer    Best Bound    ItCnt     Gap

      0     0       37.5000    65                     37.5000      177         
      0     0       40.9690    60                    Cuts: 46      241         
      0     0       41.2095    51                    Cuts: 22      261         
      0     0       41.3500    62                    Cuts: 22      284         
      0     0       41.4028    59                    Cuts: 14      301         
      0     0       41.6667    59                ZeroHalf: 12      339         
      0     0       42.0000    49                    Cuts: 31      349         
      0     0       42.0000    59                    Cuts: 11      361         
      0     0        cutoff                                        361         
Elapsed time = 0.55 sec. (43.68 ticks, tree = 0.01 MB, solutions = 0)

Implied bound cuts applied:  3
Zero-half cuts applied:  19
User cuts applied:  158

Root node processing (before b&c):
  Real time             =    0.55 sec. (43.68 ticks)
Parallel b&c, 24 threads:
  Real time             =    0.00 sec. (0.00 ticks)
  Sync time (average)   =    0.00 sec.
  Wait time (average)   =    0.00 sec.
                          ------------
Total (root+branch&cut) =    0.55 sec. (43.68 ticks)
STATUS: Infeasible



Status:Infeasible
Program finished OK!
    Time: 2025-02-17 14:47:31
