ODD_HOLE_TERMINATION_PERCENTAGE is set to 999
Program searches for ALL odd holes and odd antiholes
==============================================
n:                                    60
ODD_HOLE_TERMINATION_PERCENTAGE:      999
ODD_HOLE_TERMINATION_BATCH_SIZE:      0
ODD_ANTI_HOLE_TERMINATION_BATCH_SIZE: 0
==============================================
0,0,1,0,1,0,0,0,0,0,0,0,1,0,0,1,1,1,0,1,0,1,0,1,1,1,0,0,0,1,1,0,1,0,0,0,0,0,0,1,0,0,1,0,1,0,1,0,1,0,1,0,1,0,0,1,0,1,0,0,
0,0,1,1,0,0,0,1,1,0,0,0,1,1,1,0,0,0,0,1,0,1,1,0,0,1,0,1,0,0,0,1,1,0,0,0,0,1,1,0,1,1,1,0,0,0,1,0,0,1,0,0,1,0,0,1,1,1,1,1,
1,1,0,1,1,0,0,1,0,1,1,1,0,1,0,0,0,0,0,0,0,1,0,0,0,0,1,1,0,1,0,1,1,1,1,1,0,1,1,1,1,0,0,0,0,1,0,1,1,0,0,1,1,1,0,0,0,1,0,0,
0,1,1,0,1,0,1,0,0,1,1,0,1,0,0,1,0,0,1,1,0,0,1,1,1,0,1,1,1,0,1,1,0,0,1,1,0,1,0,1,0,0,1,0,0,0,0,0,1,0,0,1,1,1,1,1,0,0,1,1,
1,0,1,1,0,1,0,1,0,1,1,0,1,1,1,1,1,1,0,0,0,1,1,0,1,1,0,1,1,1,0,1,0,0,0,0,0,0,0,0,0,0,1,0,1,1,1,0,1,1,0,1,1,1,1,0,1,1,0,0,
0,0,0,0,1,0,1,1,0,0,1,1,0,1,1,0,1,1,1,1,0,0,0,1,0,1,1,0,0,1,1,1,1,1,1,0,0,0,1,0,1,0,0,1,1,0,1,0,1,1,0,0,1,0,0,0,1,1,1,1,
0,0,0,1,0,1,0,0,1,1,1,1,1,0,0,0,1,1,0,0,1,0,0,0,0,0,0,1,1,0,1,0,0,1,0,0,1,1,0,1,0,1,0,1,1,1,1,1,0,1,0,1,0,0,1,0,0,1,1,1,
0,1,1,0,1,1,0,0,1,0,0,1,1,0,1,0,0,1,0,0,1,1,0,1,1,0,0,0,1,0,0,0,1,1,0,0,1,0,0,0,0,0,0,1,0,0,0,1,0,0,0,0,1,1,1,0,1,1,1,0,
0,1,0,0,0,0,1,1,0,1,1,1,0,0,0,1,1,1,0,0,1,1,0,0,0,1,0,1,0,1,1,1,1,0,0,1,1,0,1,1,0,1,0,0,1,0,0,1,0,0,1,1,1,1,1,0,1,0,0,1,
0,0,1,1,1,0,1,0,1,0,0,1,1,0,1,1,0,1,0,1,0,0,1,0,0,1,0,0,1,0,0,0,0,0,1,1,1,0,0,1,0,1,1,1,1,0,1,0,1,0,1,1,0,0,0,1,1,0,0,0,
0,0,1,1,1,1,1,0,1,0,0,0,0,0,0,0,0,0,1,1,1,1,1,0,0,1,0,1,1,0,0,1,0,0,0,0,0,0,0,0,0,0,0,0,0,0,0,0,0,0,1,0,0,0,1,1,0,1,0,0,
0,0,1,0,0,1,1,1,1,1,0,0,1,1,0,0,1,1,1,1,0,0,0,1,1,1,0,0,1,1,1,1,0,0,0,1,0,1,1,1,0,0,1,1,0,0,1,0,0,1,1,1,1,0,0,1,1,0,1,1,
1,1,0,1,1,0,1,1,0,1,0,1,0,0,0,0,0,1,0,1,0,1,1,1,0,1,1,1,0,0,1,1,1,1,1,0,1,0,0,0,1,0,0,0,0,1,1,1,0,0,0,1,0,0,0,0,1,1,1,0,
0,1,1,0,1,1,0,0,0,0,0,1,0,0,0,0,0,1,0,1,0,0,1,1,0,0,1,1,1,0,0,1,1,1,1,1,0,0,1,1,1,0,0,0,0,0,1,0,0,0,1,0,1,0,1,0,0,1,0,1,
0,1,0,0,1,1,0,1,0,1,0,0,0,0,0,0,1,0,1,0,1,0,0,0,0,1,1,1,1,1,1,1,1,0,0,0,0,1,1,1,0,0,0,0,1,1,0,0,0,0,1,0,1,1,0,1,1,0,1,0,
1,0,0,1,1,0,0,0,1,1,0,0,0,0,0,0,0,0,1,0,1,0,0,1,0,1,0,1,1,1,0,0,1,1,0,1,0,1,1,1,1,0,1,0,1,0,0,1,0,1,0,1,1,0,1,1,1,1,1,0,
1,0,0,0,1,1,1,0,1,0,0,1,0,0,1,0,0,0,0,0,0,1,0,1,1,1,0,0,0,0,0,0,0,1,1,0,1,0,1,1,1,0,1,0,0,0,1,1,0,0,0,1,0,0,0,1,0,1,1,0,
1,0,0,0,1,1,1,1,1,1,0,1,1,1,0,0,0,0,1,1,1,0,0,1,0,0,0,0,1,0,1,1,0,1,1,1,1,1,1,0,0,0,1,0,0,1,0,0,1,1,1,0,0,0,1,1,0,0,1,1,
0,0,0,1,0,1,0,0,0,0,1,1,0,0,1,1,0,1,0,0,1,0,0,0,0,0,1,1,1,1,1,1,1,1,1,1,1,1,1,1,1,1,1,0,1,0,1,0,0,0,0,0,0,0,1,1,0,1,1,1,
1,1,0,1,0,1,0,0,0,1,1,1,1,1,0,0,0,1,0,0,0,1,1,1,1,0,1,1,1,1,1,1,0,1,0,1,0,0,0,1,0,1,0,1,0,0,1,1,1,0,0,0,0,1,0,1,1,0,0,0,
0,0,0,0,0,0,1,1,1,0,1,0,0,0,1,1,0,1,1,0,0,0,0,0,0,0,1,1,0,1,1,1,1,1,1,1,1,1,1,0,1,0,0,1,0,0,0,0,0,1,0,1,1,1,1,0,1,0,1,0,
1,1,1,0,1,0,0,1,1,0,1,0,1,0,0,0,1,0,0,1,0,0,1,0,0,0,0,1,0,0,0,0,1,1,0,1,1,0,0,1,0,1,0,1,0,0,0,0,0,0,1,1,0,0,0,0,1,1,1,0,
0,1,0,1,1,0,0,0,0,1,1,0,1,1,0,0,0,0,0,1,0,1,0,1,1,1,0,1,1,1,0,0,1,0,0,1,1,0,1,1,1,0,0,0,1,1,1,0,1,1,1,0,1,1,1,1,1,0,1,0,
1,0,0,1,0,1,0,1,0,0,0,1,1,1,0,1,1,1,0,1,0,0,1,0,0,1,0,1,1,0,0,0,0,0,0,1,1,1,1,1,1,0,0,0,0,0,0,1,0,1,0,1,1,1,0,0,0,0,0,0,
1,0,0,1,1,0,0,1,0,0,0,1,0,0,0,0,1,0,0,1,0,0,1,0,0,0,1,0,1,0,0,0,1,0,0,1,0,1,1,1,1,0,1,0,1,0,1,1,1,0,0,1,0,0,1,0,1,0,1,1,
1,1,0,0,1,1,0,0,1,1,1,1,1,0,1,1,1,0,0,0,0,0,1,1,0,0,0,1,0,0,0,1,1,1,0,1,0,0,1,1,0,0,0,0,1,0,1,0,1,1,1,1,1,0,0,0,1,1,0,0,
0,0,1,1,0,1,0,0,0,0,0,0,1,1,1,0,0,0,1,1,1,0,0,0,1,0,0,0,0,0,1,1,0,1,1,0,0,0,0,1,0,0,0,0,0,1,0,1,1,1,0,1,0,1,1,0,1,0,0,1,
0,1,1,1,1,0,1,0,1,0,1,0,1,1,1,1,0,0,1,1,1,1,1,1,0,1,0,0,1,0,0,1,0,0,1,0,0,1,1,1,0,1,1,1,0,1,1,0,1,0,0,0,1,0,0,1,1,1,1,0,
0,0,0,1,1,0,1,1,0,1,1,1,0,1,1,1,0,1,1,1,0,0,1,1,1,0,0,1,0,1,0,0,0,1,0,1,1,1,0,0,1,1,0,1,1,1,0,1,1,0,0,0,0,0,0,0,1,1,0,0,
1,0,1,0,1,1,0,0,1,0,0,1,0,0,1,1,0,0,1,1,1,0,1,0,0,0,0,0,1,0,1,1,0,1,1,1,0,0,0,1,1,0,1,0,0,0,1,1,1,0,0,1,0,1,0,1,0,1,1,1,
1,0,0,1,0,1,1,0,1,0,0,1,1,0,1,0,0,1,1,1,1,0,0,0,0,0,1,0,0,1,0,1,0,1,1,1,0,1,1,1,1,1,1,0,0,0,0,0,0,1,0,1,0,0,0,1,0,0,1,0,
0,1,1,1,1,1,0,0,1,0,1,1,1,1,1,0,0,1,1,1,1,0,0,0,0,1,1,1,0,1,1,0,0,0,0,0,1,0,1,0,0,1,1,1,0,0,0,1,0,0,1,1,1,0,1,0,0,1,0,0,
1,1,1,0,0,1,0,1,1,0,0,0,1,1,1,1,0,0,1,0,1,1,1,0,1,1,0,0,0,0,0,0,0,0,1,0,0,0,0,0,1,1,0,1,0,0,0,0,1,0,1,1,0,1,0,1,1,0,1,1,
0,0,1,0,0,1,1,1,0,0,0,0,1,1,0,1,1,1,1,1,1,1,0,0,0,1,1,0,1,1,1,0,0,0,1,0,0,0,0,1,1,1,1,0,1,0,0,1,0,1,0,0,1,0,1,0,1,0,0,1,
0,0,1,1,0,1,0,0,0,1,0,0,1,1,0,0,1,1,1,0,1,0,0,0,0,0,1,1,0,1,1,0,1,1,0,1,1,1,0,0,0,0,1,0,0,0,0,0,1,1,0,0,1,0,1,0,1,1,0,1,
0,0,1,1,0,0,0,0,1,1,0,1,0,1,0,1,0,1,1,1,1,1,1,1,1,1,0,0,1,1,1,0,0,0,1,0,0,0,1,0,1,0,1,1,1,0,1,0,1,0,0,0,0,1,0,0,0,1,0,1,
0,0,0,0,0,0,1,1,1,1,0,0,1,0,0,0,1,1,1,0,1,1,1,1,0,0,0,0,1,0,0,1,0,0,1,0,0,1,1,0,0,0,0,0,0,0,1,0,1,0,0,1,0,0,0,0,1,1,0,1,
0,1,1,1,0,0,1,0,0,0,0,1,0,0,1,1,0,1,1,0,1,0,0,1,1,0,0,1,1,0,1,0,0,0,1,0,1,0,1,0,0,1,1,1,0,1,0,1,0,1,1,1,0,0,0,1,0,1,0,0,
0,1,1,0,0,1,0,0,1,0,0,1,0,1,1,1,1,1,1,0,1,0,1,1,1,1,0,1,0,0,1,1,0,0,0,1,1,1,0,0,0,0,0,0,0,0,1,0,1,1,1,0,0,1,0,0,0,0,0,0,
1,0,1,1,0,0,1,0,1,1,0,1,0,1,1,1,1,0,1,1,0,1,1,1,1,1,1,1,0,1,1,0,0,1,0,0,0,0,0,0,0,1,1,1,1,0,0,1,1,0,1,0,1,1,0,0,0,1,0,0,
0,1,1,0,0,1,0,0,0,0,0,0,1,1,0,1,1,0,1,0,1,0,1,1,1,0,0,0,1,1,1,0,1,1,0,1,0,0,0,0,0,0,1,0,1,1,0,1,1,1,0,1,0,1,1,0,0,0,1,1,
0,1,0,0,0,0,1,0,1,1,0,0,0,0,0,0,0,0,1,1,0,1,0,0,0,0,0,1,1,0,1,1,1,1,0,0,0,1,0,1,0,0,0,0,1,1,1,0,0,1,0,1,0,0,1,0,1,0,1,0,
1,1,0,1,1,0,0,0,0,1,0,1,0,0,0,1,1,1,1,0,0,0,0,0,1,0,0,1,0,1,1,1,0,1,1,1,0,1,0,1,1,0,0,1,0,0,0,0,0,0,0,1,1,0,1,1,0,1,1,1,
0,0,0,0,0,1,1,1,0,1,0,1,0,0,0,0,0,0,0,1,1,1,0,0,0,0,0,1,1,0,0,1,1,0,0,1,0,1,0,1,0,0,1,0,0,0,0,0,1,0,1,0,1,1,0,0,1,1,1,1,
1,0,0,0,1,1,1,0,1,1,0,0,0,0,1,1,0,0,1,0,0,0,1,0,1,1,0,0,1,0,0,0,0,1,0,1,0,0,0,1,1,1,0,0,0,1,0,1,0,0,1,0,0,1,1,0,0,0,1,1,
0,0,1,0,1,0,1,0,0,0,0,0,1,0,1,0,0,1,0,0,0,0,1,0,0,0,1,1,1,0,0,0,0,0,0,0,0,1,0,0,1,1,0,0,1,0,0,1,1,0,0,0,1,0,0,1,1,0,1,1,
1,1,0,0,1,1,1,0,0,1,0,1,1,1,0,0,1,0,1,1,0,0,1,0,1,1,0,1,0,1,0,0,0,0,0,1,1,0,1,0,0,1,0,0,0,0,0,1,0,1,1,1,0,0,1,1,0,1,0,1,
0,0,1,0,0,0,1,1,1,0,0,0,1,0,0,1,1,0,0,1,0,0,0,1,1,0,1,0,1,1,0,1,0,1,0,0,0,1,0,1,1,0,0,0,1,1,1,0,1,1,1,1,1,1,0,0,0,1,0,0,
1,0,1,1,1,1,0,0,0,1,0,0,0,0,0,0,0,1,0,1,0,0,1,0,1,1,1,1,1,1,0,0,1,0,1,1,1,0,1,1,1,0,0,1,0,1,0,1,0,0,1,0,0,0,1,0,1,1,1,0,
0,1,0,0,1,1,1,0,0,0,0,1,0,0,0,1,0,1,0,0,1,0,1,1,0,1,1,0,0,0,1,0,0,1,1,0,0,1,1,0,1,1,0,0,0,0,1,1,0,0,1,1,0,0,0,0,0,1,1,0,
1,0,0,0,0,0,0,0,1,1,1,1,0,1,1,0,0,1,0,0,0,1,1,0,0,1,0,0,0,0,0,1,1,0,0,0,0,1,1,1,0,0,0,1,1,0,1,1,1,1,0,0,1,0,0,0,1,0,0,0,
0,0,1,1,1,0,1,0,1,1,0,1,1,0,0,1,1,0,0,0,1,1,0,1,1,1,1,0,0,1,1,1,1,0,0,0,1,1,0,0,1,1,1,0,0,0,1,1,0,1,0,0,0,0,1,1,1,1,0,1,
1,1,1,1,1,1,0,1,1,0,0,1,0,1,1,1,0,0,0,0,1,0,1,1,0,1,0,1,0,0,0,1,0,1,1,0,0,0,0,1,0,0,1,1,0,1,0,1,0,0,1,0,0,0,0,0,0,1,0,1,
0,0,1,1,1,0,0,1,1,0,0,0,0,0,1,0,0,0,0,1,1,0,1,1,0,0,1,0,0,1,0,0,1,0,0,1,0,0,1,1,1,0,0,1,1,0,0,1,0,0,0,0,0,0,1,1,0,0,0,0,
0,0,0,1,1,0,1,1,1,0,1,0,0,1,0,1,0,1,1,0,1,0,1,0,1,0,1,0,0,0,0,1,0,1,1,0,0,0,0,0,1,1,1,0,1,0,1,0,1,0,0,1,0,1,0,0,0,1,1,0,
1,1,0,1,0,0,0,0,0,1,1,1,0,0,1,1,1,1,1,1,0,0,1,0,0,0,0,1,0,1,1,0,1,0,0,0,0,1,0,0,0,0,1,0,0,1,1,0,0,0,0,1,0,1,0,0,1,1,0,1,
0,1,0,0,1,1,0,1,1,1,0,1,1,0,1,1,0,0,0,1,1,1,1,0,1,1,1,1,1,0,0,0,1,1,1,0,1,0,0,0,0,1,0,1,0,1,0,0,1,0,1,1,0,0,0,1,0,1,0,1,
1,1,1,0,1,1,1,1,0,0,1,0,1,1,0,1,1,0,1,0,0,1,0,0,0,1,0,1,1,1,0,1,0,0,1,1,1,1,0,1,0,0,1,1,0,0,1,1,1,1,0,1,1,0,1,1,1,0,0,1,
0,1,0,1,0,1,1,1,0,0,0,1,1,0,1,1,1,1,1,0,1,1,1,0,1,0,0,1,0,1,1,0,1,0,0,0,0,0,0,0,1,1,1,1,1,1,0,0,1,1,0,0,0,0,1,0,0,0,0,1,
0,1,0,1,0,1,1,0,1,0,0,1,0,1,0,0,0,1,1,0,0,0,0,0,1,0,1,0,0,1,0,0,1,1,1,1,1,0,0,0,1,0,1,1,1,1,1,0,0,0,0,1,1,0,0,1,1,1,1,0,

0,1,1,1,1,1,0,1,0,1,1,1,1,1,1,1,1,1,1,1,1,1,1,1,1,1,1,1,1,1,1,1,1,0,0,1,0,0,1,1,0,0,1,1,1,1,1,0,1,1,1,1,1,1,0,1,1,1,1,1,
1,0,1,1,1,1,0,1,1,0,0,0,1,1,1,1,0,0,0,1,0,1,1,1,1,1,1,1,0,0,1,1,1,1,1,0,1,1,1,1,1,1,1,1,1,0,1,0,1,1,0,1,1,1,0,1,1,1,1,1,
1,1,0,1,1,1,1,1,1,1,1,1,0,1,0,0,1,1,1,0,1,1,0,1,1,1,1,1,1,1,1,1,1,1,1,1,1,1,1,1,1,1,1,1,0,1,0,1,1,1,1,1,1,1,1,1,1,1,1,1,
1,1,1,0,1,1,1,1,0,1,1,1,1,1,1,1,1,0,1,1,1,1,1,1,1,1,1,1,1,0,1,1,1,1,1,1,1,1,1,1,1,1,1,0,1,1,0,0,1,1,1,1,1,1,1,1,0,1,1,1,
1,1,1,1,0,1,1,1,0,1,1,1,1,1,1,1,1,1,1,1,1,1,1,1,1,1,1,1,1,1,1,1,1,0,1,0,1,0,1,1,1,1,1,1,1,1,1,1,1,1,1,1,1,1,1,1,1,1,1,1,
1,1,1,1,1,0,1,1,0,1,1,1,0,1,1,1,1,1,1,1,1,0,1,1,1,1,1,1,1,1,1,1,1,1,1,0,1,0,1,1,1,1,0,1,1,0,1,0,1,1,1,1,1,0,1,1,1,1,1,1,
0,0,1,1,1,1,0,1,1,1,1,1,1,1,0,1,1,1,0,1,1,0,0,1,1,1,1,1,1,0,1,1,1,1,1,0,1,1,0,1,0,1,1,1,1,1,1,1,0,1,1,1,0,1,1,1,1,1,1,1,
1,1,1,1,1,1,1,0,1,0,1,1,1,0,1,1,1,1,1,0,1,1,1,1,1,1,1,1,1,1,1,1,1,1,0,1,1,1,0,0,1,1,1,1,1,1,1,1,1,0,0,1,1,1,1,1,1,1,1,1,
0,1,1,0,0,0,1,1,0,1,1,1,1,0,0,1,1,1,1,0,1,1,1,0,1,1,0,1,1,1,1,1,1,1,0,1,1,0,1,1,1,1,1,1,1,1,0,1,0,0,1,1,1,1,1,1,1,1,1,1,
1,0,1,1,1,1,1,0,1,0,1,1,1,1,1,1,1,1,0,1,1,1,1,1,0,1,1,1,1,0,0,1,1,1,1,1,1,1,1,1,1,1,1,1,1,0,1,1,1,1,1,1,1,1,1,1,1,1,1,1,
1,0,1,1,1,1,1,1,1,1,0,1,1,0,1,1,1,1,1,1,1,1,1,1,1,1,1,1,1,0,0,1,1,1,0,1,1,1,1,0,1,1,0,1,0,0,1,0,1,1,1,1,1,0,1,1,1,1,1,1,
1,0,1,1,1,1,1,1,1,1,1,0,1,1,1,0,1,1,1,1,1,1,1,1,1,1,1,1,1,1,1,1,1,1,1,1,0,1,1,1,1,1,1,1,1,1,1,0,0,1,1,1,1,1,1,1,1,1,1,1,
1,1,0,1,1,0,1,1,1,1,1,1,0,1,1,1,1,1,1,1,1,1,1,1,1,1,1,1,1,0,1,1,1,1,1,0,1,1,1,1,1,0,1,1,1,1,1,1,1,1,1,1,1,1,0,1,1,1,1,1,
1,1,1,1,1,1,1,0,0,1,0,1,1,0,0,1,0,1,1,1,1,1,1,1,1,1,1,1,1,1,1,1,1,1,1,1,1,1,1,1,1,0,1,0,1,0,1,1,1,1,1,1,1,0,1,0,1,1,1,1,
1,1,0,1,1,1,0,1,0,1,1,1,1,0,0,0,1,1,1,0,1,1,1,0,0,1,1,1,1,1,1,1,1,0,1,1,0,1,1,1,0,1,1,1,1,1,1,0,1,1,1,1,1,1,1,1,1,1,1,0,
1,1,0,1,1,1,1,1,1,1,1,0,1,1,0,0,1,0,1,1,1,1,1,1,1,1,1,1,1,1,1,1,1,1,1,1,1,1,1,1,1,1,1,1,1,1,1,1,1,1,0,1,1,0,1,1,1,1,1,1,
1,0,1,1,1,1,1,1,1,1,1,1,1,0,1,1,0,1,1,0,1,1,0,1,1,1,0,1,1,0,1,1,0,1,1,1,1,1,1,1,1,0,1,1,1,1,1,1,1,0,0,1,1,0,1,1,1,1,1,1,
1,0,1,0,1,1,1,1,1,1,1,1,1,1,1,0,1,0,1,1,1,1,1,1,1,1,0,0,1,1,1,1,0,1,1,1,1,1,1,1,0,1,1,0,1,1,0,1,1,1,1,1,1,1,1,1,1,1,1,1,
1,0,1,1,1,1,0,1,1,0,1,1,1,1,1,1,1,1,0,0,1,0,0,1,1,1,1,1,1,1,1,1,1,1,1,1,1,1,1,1,1,1,1,0,1,0,1,0,0,0,1,1,1,1,1,1,1,1,1,1,
1,1,0,1,1,1,1,0,0,1,1,1,1,1,0,1,0,1,0,0,1,1,1,1,1,1,1,1,1,1,1,1,1,1,1,1,0,0,1,1,1,1,1,1,1,0,1,1,1,1,1,1,1,1,1,1,1,0,1,1,
1,0,1,1,1,1,1,1,1,1,1,1,1,1,1,1,1,1,1,1,0,1,0,1,1,1,1,1,1,1,1,1,1,1,1,1,1,1,1,1,1,0,0,1,1,1,0,0,1,1,1,1,1,1,1,1,1,0,1,0,
1,1,1,1,1,0,0,1,1,1,1,1,1,1,1,1,1,1,0,1,1,0,1,1,0,1,0,1,1,1,0,1,1,1,1,1,1,1,1,1,1,1,1,1,1,0,1,1,1,1,1,1,1,1,1,1,1,1,1,1,
1,1,0,1,1,1,0,1,1,1,1,1,1,1,1,1,0,1,0,1,0,1,0,1,1,1,1,1,1,1,0,1,1,1,0,1,1,1,1,1,1,1,1,1,1,1,1,1,1,1,1,1,1,1,1,1,1,1,1,1,
1,1,1,1,1,1,1,1,0,1,1,1,1,1,0,1,1,1,1,1,1,1,1,0,1,1,1,1,1,1,1,0,0,1,0,1,1,1,1,1,1,1,0,1,0,1,0,1,1,1,0,1,1,1,1,1,1,1,1,1,
1,1,1,1,1,1,1,1,1,0,1,1,1,1,0,1,1,1,1,1,1,0,1,1,0,0,1,1,1,1,0,0,1,1,1,1,1,1,1,1,1,1,1,1,1,1,1,1,1,1,1,1,1,0,1,0,1,1,1,1,
1,1,1,1,1,1,1,1,1,1,1,1,1,1,1,1,1,1,1,1,1,1,1,1,0,0,1,1,1,1,0,1,1,1,0,1,1,1,1,1,1,1,1,0,1,0,1,1,1,1,1,1,1,0,0,0,1,1,1,1,
1,1,1,1,1,1,1,1,0,1,1,1,1,1,1,1,0,0,1,1,1,0,1,1,1,1,0,1,1,1,1,1,1,1,1,1,1,0,1,1,1,0,1,1,1,1,0,1,1,1,0,1,1,1,1,0,1,1,1,1,
1,1,1,1,1,1,1,1,1,1,1,1,1,1,1,1,1,0,1,1,1,1,1,1,1,1,1,0,1,1,1,1,0,1,1,0,0,1,1,1,0,1,1,1,0,1,1,1,1,0,0,0,1,0,0,1,1,1,1,1,
1,0,1,1,1,1,1,1,1,1,1,1,1,1,1,1,1,1,1,1,1,1,1,1,1,1,1,1,0,1,1,1,1,1,1,1,1,1,1,0,1,1,0,1,1,1,0,1,1,1,1,1,1,1,1,1,1,1,1,1,
1,0,1,0,1,1,0,1,1,0,0,1,0,1,1,1,0,1,1,1,1,1,1,1,1,1,1,1,1,0,1,1,1,1,1,1,1,0,1,1,1,1,1,1,1,1,1,1,1,1,1,1,1,1,1,1,1,1,1,1,
1,1,1,1,1,1,1,1,1,0,0,1,1,1,1,1,1,1,1,1,1,0,0,1,0,0,1,1,1,1,0,1,0,1,1,1,1,1,1,1,1,1,1,1,1,1,1,0,1,1,0,1,0,1,0,1,1,0,1,1,
1,1,1,1,1,1,1,1,1,1,1,1,1,1,1,1,1,1,1,1,1,1,1,0,0,1,1,1,1,1,1,0,0,1,1,0,1,0,1,1,1,1,1,1,0,1,0,1,1,1,1,1,1,1,1,1,0,1,0,0,
1,1,1,1,1,1,1,1,1,1,1,1,1,1,1,1,0,0,1,1,1,1,1,0,1,1,1,0,1,1,0,0,0,1,1,0,0,1,0,0,1,1,0,1,0,1,0,1,1,1,1,1,1,1,1,1,1,0,1,1,
0,1,1,1,0,1,1,1,1,1,1,1,1,1,0,1,1,1,1,1,1,1,1,1,1,1,1,1,1,1,1,1,1,0,1,1,1,0,0,1,1,1,1,1,1,1,1,1,1,1,1,1,1,1,1,1,1,0,1,1,
0,1,1,1,1,1,1,0,0,1,0,1,1,1,1,1,1,1,1,1,1,1,0,0,1,0,1,1,1,1,1,1,1,1,0,1,1,1,0,1,0,0,1,0,1,1,1,1,1,1,0,0,1,1,1,1,1,1,1,1,
1,0,1,1,0,0,0,1,1,1,1,1,0,1,1,1,1,1,1,1,1,1,1,1,1,1,1,0,1,1,1,0,0,1,1,0,1,1,1,1,1,1,1,1,1,1,1,1,1,0,1,1,1,1,1,1,1,1,1,1,
0,1,1,1,1,1,1,1,1,1,1,0,1,1,0,1,1,1,1,0,1,1,1,1,1,1,1,0,1,1,1,1,0,1,1,1,0,1,1,1,1,1,1,0,1,0,1,0,1,1,1,1,1,1,0,1,1,1,1,1,
0,1,1,1,0,0,1,1,0,1,1,1,1,1,1,1,1,1,1,0,1,1,1,1,1,1,0,1,1,0,1,0,1,0,1,1,1,0,1,1,0,1,1,1,1,1,1,1,1,1,1,1,0,1,1,1,0,1,1,1,
1,1,1,1,1,1,0,0,1,1,1,1,1,1,1,1,1,1,1,1,1,1,1,1,1,1,1,1,1,1,1,1,0,0,0,1,1,1,0,1,1,1,1,0,1,1,1,1,1,1,1,0,1,1,0,1,0,1,1,0,
1,1,1,1,1,1,1,0,1,1,0,1,1,1,1,1,1,1,1,1,1,1,1,1,1,1,1,1,0,1,1,1,0,1,1,1,1,1,1,0,1,1,1,1,1,1,1,1,1,1,1,1,1,1,1,1,1,1,1,1,
0,1,1,1,1,1,0,1,1,1,1,1,1,1,0,1,1,0,1,1,1,1,1,1,1,1,1,0,1,1,1,1,1,1,0,1,1,0,1,1,0,0,1,1,1,1,1,1,1,1,1,1,1,1,1,1,1,1,1,1,
0,1,1,1,1,1,1,1,1,1,1,1,0,0,1,1,0,1,1,1,0,1,1,1,1,1,0,1,1,1,1,1,1,1,0,1,1,1,1,1,0,0,0,1,1,1,1,1,0,1,0,1,0,1,1,0,1,0,1,1,
1,1,1,1,1,0,1,1,1,1,0,1,1,1,1,1,1,1,1,1,0,1,1,0,1,1,1,1,0,1,1,1,0,1,1,1,1,1,1,1,1,0,0,1,1,1,1,0,1,1,1,1,1,0,1,1,1,1,1,1,
1,1,1,0,1,1,1,1,1,1,1,1,1,0,1,1,1,0,0,1,1,1,1,1,1,0,1,1,1,1,1,1,1,1,0,1,0,1,0,1,1,1,1,0,0,1,1,1,1,1,1,0,1,1,0,1,1,1,1,1,
1,1,0,1,1,1,1,1,1,1,0,1,1,1,1,1,1,1,1,1,1,1,1,0,1,1,1,0,1,1,1,0,0,1,1,1,1,1,1,1,1,1,1,0,0,1,1,1,0,0,1,1,1,1,1,1,0,1,1,1,
1,0,1,1,1,0,1,1,1,0,0,1,1,0,1,1,1,1,0,0,1,0,1,1,1,0,1,1,1,1,1,1,1,1,1,1,0,1,1,1,1,1,1,1,1,0,0,1,1,1,1,0,1,0,1,1,1,0,1,1,
1,1,0,0,1,1,1,1,0,1,1,1,1,1,1,1,1,0,1,1,0,1,1,0,1,1,0,1,0,1,1,0,0,1,1,1,1,1,1,1,1,1,1,1,1,0,0,1,1,1,1,1,1,1,1,1,1,1,1,1,
0,0,1,0,1,0,1,1,1,1,0,0,1,1,0,1,1,1,0,1,0,1,1,1,1,1,1,1,1,1,0,1,1,1,1,1,0,1,1,1,1,1,0,1,1,1,1,0,1,1,1,1,1,1,1,1,1,1,1,0,
1,1,1,1,1,1,0,1,0,1,1,0,1,1,1,1,1,1,0,1,1,1,1,1,1,1,1,1,1,1,1,1,1,1,1,1,1,1,1,1,1,0,1,1,0,1,1,1,0,1,1,0,1,1,1,1,1,1,1,0,
1,1,1,1,1,1,1,0,0,1,1,1,1,1,1,1,0,1,0,1,1,1,1,1,1,1,1,0,1,1,1,1,1,1,1,0,1,1,1,1,1,1,1,1,0,1,1,1,1,0,1,1,0,0,0,0,1,1,1,1,
1,0,1,1,1,1,1,0,1,1,1,1,1,1,1,0,0,1,1,1,1,1,1,0,1,1,0,0,1,1,0,1,1,1,0,1,1,1,1,1,1,0,1,1,1,1,1,1,1,1,0,1,1,1,1,0,1,1,1,0,
1,1,1,1,1,1,1,1,1,1,1,1,1,1,1,1,1,1,1,1,1,1,1,1,1,1,1,0,1,1,1,1,1,1,0,1,1,1,0,1,1,1,1,0,1,0,1,1,0,1,1,0,1,0,1,1,1,1,1,1,
1,1,1,1,1,1,0,1,1,1,1,1,1,1,1,1,1,1,1,1,1,1,1,1,1,1,1,1,1,1,0,1,1,1,1,1,1,0,1,1,1,0,1,1,1,1,1,1,1,0,1,1,0,1,1,0,1,1,1,1,
1,1,1,1,1,0,1,1,1,1,0,1,1,0,1,0,0,1,1,1,1,1,1,1,0,0,1,0,1,1,1,1,1,1,1,1,1,1,1,1,1,1,0,1,1,0,1,1,1,0,1,0,1,0,1,1,1,1,1,0,
0,0,1,1,1,1,1,1,1,1,1,1,0,1,1,1,1,1,1,1,1,1,1,1,1,0,1,0,1,1,0,1,1,1,1,1,0,1,0,1,1,1,1,0,1,1,1,1,1,0,1,1,1,1,0,0,1,1,1,1,
1,1,1,1,1,1,1,1,1,1,1,1,1,0,1,1,1,1,1,1,1,1,1,1,0,0,0,1,1,1,1,1,1,1,1,1,1,1,1,1,1,0,1,1,1,1,1,1,1,0,0,1,0,1,0,0,1,1,1,1,
1,1,1,0,1,1,1,1,1,1,1,1,1,1,1,1,1,1,1,1,1,1,1,1,1,1,1,1,1,1,1,0,1,1,1,1,1,0,0,1,1,1,1,1,0,1,1,1,1,1,1,1,1,1,1,1,0,1,0,1,
1,1,1,1,1,1,1,1,1,1,1,1,1,1,1,1,1,1,1,0,0,1,1,1,1,1,1,1,1,1,0,1,0,0,1,1,1,1,1,1,1,0,1,1,1,0,1,1,1,1,1,1,1,1,1,1,1,0,1,1,
1,1,1,1,1,1,1,1,1,1,1,1,1,1,1,1,1,1,1,1,1,1,1,1,1,1,1,1,1,1,1,0,1,1,1,1,1,1,1,1,1,1,1,1,1,1,1,1,1,1,1,1,1,1,1,1,0,1,0,1,
1,1,1,1,1,1,1,1,1,1,1,1,1,1,0,1,1,1,1,1,0,1,1,1,1,1,1,1,1,1,1,0,1,1,1,1,1,1,0,1,1,1,1,1,1,1,1,0,0,1,0,1,1,0,1,1,1,1,1,0,

    Time: 2025-02-17 14:47:43
Program is infeasible due to the odd hole: 0,16,8,41,19,
    Time: 2025-02-17 14:47:43



Status:Unknown
Program finished OK!
    Time: 2025-02-17 14:47:43
