========================
TIME_LIMIT_SECONDS: 900
ODD_HOLE_TERMINATION_PERCENTAGE: 999
N_THREADS: 24
IS_RUNNING_HEURISTIC_ON_CANDIDATE: 
IS_RUNNING_HEURISTIC_ON_RELAXATION: 
ADD_ALL_AT_START: 
========================
Wall-Clock Runtime (ms): 214
Calculated Odd Hole Termination Batch Size: 0
Total Time of All Workers in OddHoleAlg (nano): 77560681
Total Time of All Workers in OddHoleAlg (ms): 77
OddHoleAlg calls: 146
Number of Found Odd-Holes: 4323
Number of Found Odd Anti-Holes: 1653
Number of Feasible Solutions Found: 4
Number of Times Heuristic is Called: 0
Total number of added OH and OHbar Cuts: 5976
Number of Explored B&C tree nodes: 0
Number of Unexplored B&C tree nodes: 1
========================
Input Graph:
Number of Vertices: 25
Erdos Renyi p Parameter: 0.25
Number of Edges: 71
Expected No of Odd Holes: 408
Expected No of Odd Anti Holes: 0
ODD_HOLE_TERMINATION_BATCH_SIZE: 0
Graph Density: 0.236667
0,0,0,0,0,0,0,0,0,0,0,0,0,0,1,0,0,0,0,1,0,0,0,0,1,
0,0,0,0,0,0,0,0,0,0,1,0,0,0,0,1,0,0,0,0,0,0,1,0,0,
0,0,0,0,1,1,0,1,1,0,0,0,0,0,1,0,0,0,0,0,0,0,0,0,0,
0,0,0,0,1,1,0,0,0,0,0,0,0,0,0,0,0,0,0,0,0,1,0,0,0,
0,0,1,1,0,1,0,0,0,0,0,0,1,0,0,1,0,0,0,0,1,0,1,0,1,
0,0,1,1,1,0,0,0,1,0,0,0,0,0,0,1,1,1,0,0,0,1,1,0,1,
0,0,0,0,0,0,0,0,0,0,1,1,0,0,0,0,0,0,0,0,0,0,1,0,0,
0,0,1,0,0,0,0,0,0,0,1,1,0,0,0,0,0,0,1,1,0,0,1,1,0,
0,0,1,0,0,1,0,0,0,0,0,0,0,0,0,0,0,0,0,0,1,0,0,0,0,
0,0,0,0,0,0,0,0,0,0,0,0,0,0,0,0,0,0,0,1,0,0,0,0,0,
0,1,0,0,0,0,1,1,0,0,0,0,0,0,1,1,0,0,1,0,0,0,0,0,0,
0,0,0,0,0,0,1,1,0,0,0,0,1,1,0,0,0,0,1,0,0,0,0,1,0,
0,0,0,0,1,0,0,0,0,0,0,1,0,1,0,0,0,0,0,0,0,1,0,0,0,
0,0,0,0,0,0,0,0,0,0,0,1,1,0,0,0,1,0,0,1,0,1,0,0,1,
1,0,1,0,0,0,0,0,0,0,1,0,0,0,0,0,1,0,1,1,1,0,1,0,0,
0,1,0,0,1,1,0,0,0,0,1,0,0,0,0,0,1,0,1,1,0,0,0,0,1,
0,0,0,0,0,1,0,0,0,0,0,0,0,1,1,1,0,0,1,0,0,0,1,1,0,
0,0,0,0,0,1,0,0,0,0,0,0,0,0,0,0,0,0,1,1,0,0,1,0,0,
0,0,0,0,0,0,0,1,0,0,1,1,0,0,1,1,1,1,0,0,0,0,0,0,0,
1,0,0,0,0,0,0,1,0,1,0,0,0,1,1,1,0,1,0,0,1,1,1,0,0,
0,0,0,0,1,0,0,0,1,0,0,0,0,0,1,0,0,0,0,1,0,1,0,0,1,
0,0,0,1,0,1,0,0,0,0,0,0,1,1,0,0,0,0,0,1,1,0,0,0,0,
0,1,0,0,1,1,1,1,0,0,0,0,0,0,1,0,1,1,0,1,0,0,0,0,0,
0,0,0,0,0,0,0,1,0,0,0,1,0,0,0,0,1,0,0,0,0,0,0,0,0,
1,0,0,0,1,1,0,0,0,0,0,0,0,1,0,1,0,0,0,0,1,0,0,0,0,
========================
Output Graph: 
Number of Vertices: 25
Number of Edges: 105
Graph Density: 0.35
0,0,0,0,0,0,0,0,0,0,0,0,0,0,1,0,0,0,0,1,0,0,0,0,1,
0,0,0,0,1,0,0,0,0,0,1,0,0,0,0,1,0,1,0,0,0,0,1,0,0,
0,0,0,0,1,1,0,1,1,0,0,0,0,0,1,0,0,0,0,0,0,0,0,0,0,
0,0,0,0,1,1,0,0,0,0,0,0,0,0,0,0,0,0,0,0,0,1,0,0,0,
0,1,1,1,0,1,1,1,0,0,0,1,1,0,1,1,1,0,1,1,1,0,1,0,1,
0,0,1,1,1,0,1,1,1,0,1,0,0,0,1,1,1,1,0,1,0,1,1,0,1,
0,0,0,0,1,1,0,0,0,0,1,1,0,0,0,1,0,1,0,0,0,0,1,0,0,
0,0,1,0,1,1,0,0,0,0,1,1,0,0,0,1,1,0,1,1,1,0,1,1,0,
0,0,1,0,0,1,0,0,0,0,0,0,0,0,0,0,0,0,0,0,1,0,0,0,0,
0,0,0,0,0,0,0,0,0,0,0,0,0,0,0,0,0,0,0,1,0,0,0,0,0,
0,1,0,0,0,1,1,1,0,0,0,0,0,0,1,1,1,0,1,1,0,0,0,0,0,
0,0,0,0,1,0,1,1,0,0,0,0,1,1,1,0,1,0,1,1,0,1,0,1,1,
0,0,0,0,1,0,0,0,0,0,0,1,0,1,0,0,0,0,0,0,0,1,0,0,0,
0,0,0,0,0,0,0,0,0,0,0,1,1,0,0,0,1,0,1,1,0,1,0,0,1,
1,0,1,0,1,1,0,0,0,0,1,1,0,0,0,1,1,0,1,1,1,0,1,0,0,
0,1,0,0,1,1,1,1,0,0,1,0,0,0,1,0,1,0,1,1,0,0,0,0,1,
0,0,0,0,1,1,0,1,0,0,1,1,0,1,1,1,0,0,1,0,0,1,1,1,1,
0,1,0,0,0,1,1,0,0,0,0,0,0,0,0,0,0,0,1,1,0,0,1,0,0,
0,0,0,0,1,0,0,1,0,0,1,1,0,1,1,1,1,1,0,0,0,1,0,0,1,
1,0,0,0,1,1,0,1,0,1,1,1,0,1,1,1,0,1,0,0,1,1,1,0,1,
0,0,0,0,1,0,0,1,1,0,0,0,0,0,1,0,0,0,0,1,0,1,0,0,1,
0,0,0,1,0,1,0,0,0,0,0,1,1,1,0,0,1,0,1,1,1,0,0,0,1,
0,1,0,0,1,1,1,1,0,0,0,0,0,0,1,0,1,1,0,1,0,0,0,0,0,
0,0,0,0,0,0,0,1,0,0,0,1,0,0,0,0,1,0,0,0,0,0,0,0,0,
1,0,0,0,1,1,0,0,0,0,0,1,0,1,0,1,1,0,1,1,1,1,0,0,0,
Is Output Graph Empty or Complete?: 0
Ratio of Added Edges Over Added + Removed Edges: 1
Changes from Input to Output: 
Added Edge: (1, 4)
Added Edge: (1, 17)
Added Edge: (4, 6)
Added Edge: (4, 7)
Added Edge: (4, 11)
Added Edge: (4, 14)
Added Edge: (4, 16)
Added Edge: (4, 18)
Added Edge: (4, 19)
Added Edge: (5, 6)
Added Edge: (5, 7)
Added Edge: (5, 10)
Added Edge: (5, 14)
Added Edge: (5, 19)
Added Edge: (6, 15)
Added Edge: (6, 17)
Added Edge: (7, 15)
Added Edge: (7, 16)
Added Edge: (7, 20)
Added Edge: (10, 16)
Added Edge: (10, 19)
Added Edge: (11, 14)
Added Edge: (11, 16)
Added Edge: (11, 19)
Added Edge: (11, 21)
Added Edge: (11, 24)
Added Edge: (13, 18)
Added Edge: (14, 15)
Added Edge: (16, 21)
Added Edge: (16, 24)
Added Edge: (18, 21)
Added Edge: (18, 24)
Added Edge: (19, 24)
Added Edge: (21, 24)
========================
