========================
TIME_LIMIT_SECONDS: 900
ODD_HOLE_TERMINATION_PERCENTAGE: 999
N_THREADS: 24
IS_RUNNING_HEURISTIC_ON_CANDIDATE: 
IS_RUNNING_HEURISTIC_ON_RELAXATION: 
ADD_ALL_AT_START: 
========================
Wall-Clock Runtime (ms): 290
Calculated Odd Hole Termination Batch Size: 0
Total Time of All Workers in OddHoleAlg (nano): 36449845
Total Time of All Workers in OddHoleAlg (ms): 36
OddHoleAlg calls: 122
Number of Found Odd-Holes: 4388
Number of Found Odd Anti-Holes: 1655
Number of Feasible Solutions Found: 3
Number of Times Heuristic is Called: 0
Total number of added OH and OHbar Cuts: 6043
Number of Explored B&C tree nodes: 0
Number of Unexplored B&C tree nodes: 1
========================
Input Graph:
Number of Vertices: 25
Erdos Renyi p Parameter: 0.25
Number of Edges: 86
Expected No of Odd Holes: 408
Expected No of Odd Anti Holes: 0
ODD_HOLE_TERMINATION_BATCH_SIZE: 0
Graph Density: 0.286667
0,1,1,0,1,0,0,1,1,1,0,0,0,1,0,0,0,1,0,0,0,0,0,0,0,
1,0,0,0,0,1,0,0,1,0,1,0,0,0,0,1,0,0,1,0,1,0,0,1,0,
1,0,0,0,1,0,0,0,0,0,1,0,0,0,0,0,1,1,0,0,1,0,1,0,1,
0,0,0,0,0,0,1,0,1,0,0,1,0,0,0,1,0,0,0,0,0,1,1,1,0,
1,0,1,0,0,0,0,0,1,0,1,0,1,0,0,0,0,1,0,1,0,1,0,0,0,
0,1,0,0,0,0,0,0,0,0,0,0,0,1,0,0,0,0,0,1,1,0,0,0,1,
0,0,0,1,0,0,0,0,0,0,0,0,0,1,1,0,0,1,0,1,0,0,0,1,1,
1,0,0,0,0,0,0,0,0,0,0,0,1,0,0,0,0,1,0,0,0,0,1,1,0,
1,1,0,1,1,0,0,0,0,1,0,0,0,0,0,0,0,1,1,0,0,1,1,1,0,
1,0,0,0,0,0,0,0,1,0,0,0,0,0,0,0,0,0,1,0,0,0,0,0,0,
0,1,1,0,1,0,0,0,0,0,0,1,0,0,0,0,1,0,0,1,0,0,0,0,0,
0,0,0,1,0,0,0,0,0,0,1,0,0,0,0,0,0,0,1,0,0,1,0,0,0,
0,0,0,0,1,0,0,1,0,0,0,0,0,1,1,1,0,0,1,1,0,1,0,0,0,
1,0,0,0,0,1,1,0,0,0,0,0,1,0,1,0,0,0,1,1,0,1,0,1,1,
0,0,0,0,0,0,1,0,0,0,0,0,1,1,0,0,0,0,1,0,1,0,0,0,0,
0,1,0,1,0,0,0,0,0,0,0,0,1,0,0,0,0,0,0,0,0,0,0,1,1,
0,0,1,0,0,0,0,0,0,0,1,0,0,0,0,0,0,1,0,0,0,1,0,0,0,
1,0,1,0,1,0,1,1,1,0,0,0,0,0,0,0,1,0,0,1,0,0,0,0,1,
0,1,0,0,0,0,0,0,1,1,0,1,1,1,1,0,0,0,0,1,0,0,1,0,0,
0,0,0,0,1,1,1,0,0,0,1,0,1,1,0,0,0,1,1,0,0,0,0,1,0,
0,1,1,0,0,1,0,0,0,0,0,0,0,0,1,0,0,0,0,0,0,0,0,0,0,
0,0,0,1,1,0,0,0,1,0,0,1,1,1,0,0,1,0,0,0,0,0,1,0,0,
0,0,1,1,0,0,0,1,1,0,0,0,0,0,0,0,0,0,1,0,0,1,0,0,0,
0,1,0,1,0,0,1,1,1,0,0,0,0,1,0,1,0,0,0,1,0,0,0,0,1,
0,0,1,0,0,1,1,0,0,0,0,0,0,1,0,1,0,1,0,0,0,0,0,1,0,
========================
Output Graph: 
Number of Vertices: 25
Number of Edges: 123
Graph Density: 0.41
0,1,1,0,1,0,0,1,1,1,0,0,0,1,0,0,0,1,1,0,0,1,0,0,0,
1,0,0,1,1,1,0,0,1,0,1,0,1,1,0,1,0,1,1,0,1,0,0,1,1,
1,0,0,1,1,1,0,0,1,0,1,0,1,1,0,0,1,1,1,0,1,0,1,1,1,
0,1,1,0,1,0,1,1,1,0,0,1,0,1,1,1,0,0,0,1,0,1,1,1,0,
1,1,1,1,0,0,0,1,1,0,1,0,1,0,0,0,0,1,1,1,0,1,0,0,0,
0,1,1,0,0,0,0,0,0,0,0,0,0,1,1,0,0,0,0,1,1,0,0,0,1,
0,0,0,1,0,0,0,0,0,0,0,0,0,1,1,0,0,1,0,1,0,0,0,1,1,
1,0,0,1,1,0,0,0,0,0,0,0,1,0,0,0,0,1,1,0,0,0,1,1,0,
1,1,1,1,1,0,0,0,0,1,0,0,1,0,0,0,0,1,1,0,0,1,1,1,0,
1,0,0,0,0,0,0,0,1,0,0,0,0,0,0,0,0,0,1,0,0,0,0,0,0,
0,1,1,0,1,0,0,0,0,0,0,1,0,0,0,0,1,0,0,1,0,1,0,0,0,
0,0,0,1,0,0,0,0,0,0,1,0,0,0,0,0,0,0,1,0,0,1,0,0,0,
0,1,1,0,1,0,0,1,1,0,0,0,0,1,1,1,0,0,1,1,0,1,0,0,0,
1,1,1,1,0,1,1,0,0,0,0,0,1,0,1,0,0,1,1,1,0,1,0,1,1,
0,0,0,1,0,1,1,0,0,0,0,0,1,1,0,0,0,1,1,0,1,0,0,1,1,
0,1,0,1,0,0,0,0,0,0,0,0,1,0,0,0,0,1,1,0,0,0,0,1,1,
0,0,1,0,0,0,0,0,0,0,1,0,0,0,0,0,0,1,0,0,0,1,0,0,0,
1,1,1,0,1,0,1,1,1,0,0,0,0,1,1,1,1,0,0,1,0,1,0,1,1,
1,1,1,0,1,0,0,1,1,1,0,1,1,1,1,1,0,0,0,1,0,1,1,0,0,
0,0,0,1,1,1,1,0,0,0,1,0,1,1,0,0,0,1,1,0,0,0,0,1,1,
0,1,1,0,0,1,0,0,0,0,0,0,0,0,1,0,0,0,0,0,0,0,0,0,0,
1,0,0,1,1,0,0,0,1,0,1,1,1,1,0,0,1,1,1,0,0,0,1,1,0,
0,0,1,1,0,0,0,1,1,0,0,0,0,0,0,0,0,0,1,0,0,1,0,0,0,
0,1,1,1,0,0,1,1,1,0,0,0,0,1,1,1,0,1,0,1,0,1,0,0,1,
0,1,1,0,0,1,1,0,0,0,0,0,0,1,1,1,0,1,0,1,0,0,0,1,0,
Is Output Graph Empty or Complete?: 0
Ratio of Added Edges Over Added + Removed Edges: 1
Changes from Input to Output: 
Added Edge: (0, 18)
Added Edge: (0, 21)
Added Edge: (1, 3)
Added Edge: (1, 4)
Added Edge: (1, 12)
Added Edge: (1, 13)
Added Edge: (1, 17)
Added Edge: (1, 24)
Added Edge: (2, 3)
Added Edge: (2, 5)
Added Edge: (2, 8)
Added Edge: (2, 12)
Added Edge: (2, 13)
Added Edge: (2, 18)
Added Edge: (2, 23)
Added Edge: (3, 4)
Added Edge: (3, 7)
Added Edge: (3, 13)
Added Edge: (3, 14)
Added Edge: (3, 19)
Added Edge: (4, 7)
Added Edge: (4, 18)
Added Edge: (5, 14)
Added Edge: (7, 18)
Added Edge: (8, 12)
Added Edge: (10, 21)
Added Edge: (13, 17)
Added Edge: (14, 17)
Added Edge: (14, 23)
Added Edge: (14, 24)
Added Edge: (15, 17)
Added Edge: (15, 18)
Added Edge: (17, 21)
Added Edge: (17, 23)
Added Edge: (18, 21)
Added Edge: (19, 24)
Added Edge: (21, 23)
========================
