========================
TIME_LIMIT_SECONDS: 900
ODD_HOLE_TERMINATION_PERCENTAGE: 999
N_THREADS: 24
IS_RUNNING_HEURISTIC_ON_CANDIDATE: 
IS_RUNNING_HEURISTIC_ON_RELAXATION: 
ADD_ALL_AT_START: 
========================
Wall-Clock Runtime (ms): 99
Calculated Odd Hole Termination Batch Size: 0
Total Time of All Workers in OddHoleAlg (nano): 150918
Total Time of All Workers in OddHoleAlg (ms): 0
OddHoleAlg calls: 2
Number of Found Odd-Holes: 0
Number of Found Odd Anti-Holes: 0
Number of Feasible Solutions Found: 1
Number of Times Heuristic is Called: 0
Total number of added OH and OHbar Cuts: 0
Number of Explored B&C tree nodes: 0
Number of Unexplored B&C tree nodes: 1
========================
Input Graph:
Number of Vertices: 40
Erdos Renyi p Parameter: 0.75
Number of Edges: 587
Expected No of Odd Holes: 1833
Expected No of Odd Anti Holes: 19717
ODD_HOLE_TERMINATION_BATCH_SIZE: 0
Graph Density: 0.752564
0,0,1,1,0,0,0,1,1,1,1,1,1,1,1,1,0,1,1,1,0,1,1,0,0,1,0,1,1,1,1,1,1,1,0,1,1,1,1,1,
0,0,0,1,1,1,0,1,0,0,1,0,0,1,1,1,1,1,1,1,1,1,0,1,1,1,1,1,0,0,1,1,1,1,1,1,1,1,0,1,
1,0,0,0,1,0,1,1,1,1,0,1,0,1,1,0,1,0,1,0,1,0,1,1,1,1,0,1,1,1,1,1,1,1,1,1,1,1,1,1,
1,1,0,0,0,1,1,1,1,1,0,1,1,0,1,1,1,1,0,0,1,1,1,1,1,1,1,1,1,1,1,1,0,0,1,1,1,1,0,1,
0,1,1,0,0,0,1,1,1,0,0,1,1,0,1,1,0,1,1,1,1,1,1,0,0,1,1,1,1,0,1,1,1,1,1,1,1,1,1,1,
0,1,0,1,0,0,1,1,1,1,1,1,1,1,1,1,1,1,0,1,1,1,0,1,0,0,1,1,1,0,1,1,1,0,0,1,0,1,1,0,
0,0,1,1,1,1,0,0,1,0,1,1,0,1,1,1,1,0,1,1,1,1,1,1,0,1,1,1,1,1,1,0,1,0,1,0,1,1,1,0,
1,1,1,1,1,1,0,0,1,1,1,0,1,0,1,1,0,0,1,1,0,1,1,1,1,1,1,0,1,0,1,0,1,1,1,1,1,1,1,0,
1,0,1,1,1,1,1,1,0,1,0,0,1,1,0,0,0,1,1,1,1,0,1,1,1,1,1,1,0,0,1,1,1,1,1,0,1,1,1,1,
1,0,1,1,0,1,0,1,1,0,1,0,1,0,1,0,1,0,1,1,1,0,1,1,1,1,1,1,1,1,0,1,1,1,0,1,0,1,0,1,
1,1,0,0,0,1,1,1,0,1,0,1,1,0,1,0,0,1,0,1,0,1,1,1,0,1,0,1,1,1,1,1,0,1,1,1,1,1,1,1,
1,0,1,1,1,1,1,0,0,0,1,0,0,1,1,1,1,1,0,0,0,1,1,1,1,1,1,1,0,1,1,0,1,1,0,0,1,1,1,1,
1,0,0,1,1,1,0,1,1,1,1,0,0,1,1,1,1,1,1,1,1,0,1,1,0,1,1,1,1,1,0,1,1,1,1,1,1,1,1,1,
1,1,1,0,0,1,1,0,1,0,0,1,1,0,1,1,1,1,0,0,1,1,1,1,1,1,1,1,1,1,1,1,1,1,1,0,1,0,1,1,
1,1,1,1,1,1,1,1,0,1,1,1,1,1,0,0,0,1,0,1,1,0,1,1,1,0,1,1,0,1,1,1,1,1,1,0,0,1,1,1,
1,1,0,1,1,1,1,1,0,0,0,1,1,1,0,0,1,1,1,1,0,1,1,1,0,1,1,1,1,0,1,1,1,1,1,1,0,0,1,1,
0,1,1,1,0,1,1,0,0,1,0,1,1,1,0,1,0,0,0,1,1,1,1,1,0,1,1,1,1,1,1,0,1,1,1,1,1,0,1,0,
1,1,0,1,1,1,0,0,1,0,1,1,1,1,1,1,0,0,1,1,0,1,1,1,1,1,1,1,1,1,1,1,0,1,1,1,1,1,1,1,
1,1,1,0,1,0,1,1,1,1,0,0,1,0,0,1,0,1,0,1,1,1,0,1,1,0,0,0,0,1,1,0,1,1,1,1,1,1,1,0,
1,1,0,0,1,1,1,1,1,1,1,0,1,0,1,1,1,1,1,0,0,0,1,1,0,1,1,0,1,0,0,1,1,0,0,1,0,1,1,1,
0,1,1,1,1,1,1,0,1,1,0,0,1,1,1,0,1,0,1,0,0,1,1,0,1,1,0,1,1,1,1,1,1,0,0,0,1,1,0,1,
1,1,0,1,1,1,1,1,0,0,1,1,0,1,0,1,1,1,1,0,1,0,0,0,0,1,1,1,1,0,1,1,0,0,1,0,1,1,1,1,
1,0,1,1,1,0,1,1,1,1,1,1,1,1,1,1,1,1,0,1,1,0,0,1,1,1,1,1,0,1,1,0,1,0,1,1,1,1,1,1,
0,1,1,1,0,1,1,1,1,1,1,1,1,1,1,1,1,1,1,1,0,0,1,0,1,0,1,1,0,0,1,1,1,0,0,1,1,0,1,0,
0,1,1,1,0,0,0,1,1,1,0,1,0,1,1,0,0,1,1,0,1,0,1,1,0,0,1,1,1,1,1,1,1,1,1,1,1,1,0,0,
1,1,1,1,1,0,1,1,1,1,1,1,1,1,0,1,1,1,0,1,1,1,1,0,0,0,1,1,1,1,1,1,0,1,1,1,1,0,1,1,
0,1,0,1,1,1,1,1,1,1,0,1,1,1,1,1,1,1,0,1,0,1,1,1,1,1,0,1,1,1,1,1,1,1,0,1,1,1,1,1,
1,1,1,1,1,1,1,0,1,1,1,1,1,1,1,1,1,1,0,0,1,1,1,1,1,1,1,0,0,1,1,0,0,1,1,1,1,1,1,1,
1,0,1,1,1,1,1,1,0,1,1,0,1,1,0,1,1,1,0,1,1,1,0,0,1,1,1,0,0,1,1,1,1,1,1,1,0,1,1,1,
1,0,1,1,0,0,1,0,0,1,1,1,1,1,1,0,1,1,1,0,1,0,1,0,1,1,1,1,1,0,1,1,1,1,1,1,1,1,1,1,
1,1,1,1,1,1,1,1,1,0,1,1,0,1,1,1,1,1,1,0,1,1,1,1,1,1,1,1,1,1,0,0,0,1,1,1,1,1,1,1,
1,1,1,1,1,1,0,0,1,1,1,0,1,1,1,1,0,1,0,1,1,1,0,1,1,1,1,0,1,1,0,0,1,1,1,0,1,0,1,1,
1,1,1,0,1,1,1,1,1,1,0,1,1,1,1,1,1,0,1,1,1,0,1,1,1,0,1,0,1,1,0,1,0,1,1,1,1,1,1,1,
1,1,1,0,1,0,0,1,1,1,1,1,1,1,1,1,1,1,1,0,0,0,0,0,1,1,1,1,1,1,1,1,1,0,1,1,1,0,1,0,
0,1,1,1,1,0,1,1,1,0,1,0,1,1,1,1,1,1,1,0,0,1,1,0,1,1,0,1,1,1,1,1,1,1,0,0,1,0,1,0,
1,1,1,1,1,1,0,1,0,1,1,0,1,0,0,1,1,1,1,1,0,0,1,1,1,1,1,1,1,1,1,0,1,1,0,0,1,1,1,1,
1,1,1,1,1,0,1,1,1,0,1,1,1,1,0,0,1,1,1,0,1,1,1,1,1,1,1,1,0,1,1,1,1,1,1,1,0,1,1,0,
1,1,1,1,1,1,1,1,1,1,1,1,1,0,1,0,0,1,1,1,1,1,1,0,1,0,1,1,1,1,1,0,1,0,0,1,1,0,1,1,
1,0,1,0,1,1,1,1,1,0,1,1,1,1,1,1,1,1,1,1,0,1,1,1,0,1,1,1,1,1,1,1,1,1,1,1,1,1,0,1,
1,1,1,1,1,0,0,0,1,1,1,1,1,1,1,1,0,1,0,1,1,1,1,0,0,1,1,1,1,1,1,1,1,0,0,1,0,1,1,0,
========================
Output Graph: 
Number of Vertices: 40
Number of Edges: 741
Graph Density: 0.95
0,1,1,1,0,1,1,1,1,1,1,1,1,1,1,1,1,1,1,1,1,1,1,1,1,1,1,1,1,1,1,1,1,1,1,1,1,1,1,1,
1,0,1,1,1,1,1,1,1,1,1,1,1,1,1,1,1,1,1,1,1,1,1,1,1,1,1,1,0,0,1,1,1,1,1,1,1,1,1,1,
1,1,0,1,1,1,1,1,1,1,0,1,1,1,1,1,1,1,1,1,1,1,1,1,1,1,0,1,1,1,1,1,1,1,1,1,1,1,1,1,
1,1,1,0,1,1,1,1,1,1,1,1,1,1,1,1,1,1,1,0,1,1,1,1,1,1,1,1,1,1,1,1,0,1,1,1,1,1,1,1,
0,1,1,1,0,1,1,1,1,1,1,1,1,1,1,1,0,1,1,1,1,1,1,0,1,1,1,1,1,1,1,1,1,1,1,1,1,1,1,1,
1,1,1,1,1,0,1,1,1,1,1,1,1,1,1,1,1,1,1,1,1,1,0,1,0,1,1,1,1,1,1,1,1,1,1,1,1,1,1,0,
1,1,1,1,1,1,0,1,1,1,1,1,0,1,1,1,1,1,1,1,1,1,1,1,1,1,1,1,1,1,1,1,1,1,1,1,1,1,1,1,
1,1,1,1,1,1,1,0,1,1,1,1,1,1,1,1,1,0,1,1,1,1,1,1,1,1,1,1,1,1,1,1,1,1,1,1,1,1,1,1,
1,1,1,1,1,1,1,1,0,1,1,0,1,1,1,0,1,1,1,1,1,1,1,1,1,1,1,1,1,1,1,1,1,1,1,1,1,1,1,1,
1,1,1,1,1,1,1,1,1,0,1,1,1,1,1,1,1,0,1,1,1,1,1,1,1,1,1,1,1,1,0,1,1,1,1,1,1,1,0,1,
1,1,0,1,1,1,1,1,1,1,0,1,1,1,1,1,1,1,1,1,1,1,1,1,0,1,1,1,1,1,1,1,0,1,1,1,1,1,1,1,
1,1,1,1,1,1,1,1,0,1,1,0,1,1,1,1,1,1,0,1,1,1,1,1,1,1,1,1,1,1,1,1,1,1,1,0,1,1,1,1,
1,1,1,1,1,1,0,1,1,1,1,1,0,1,1,1,1,1,1,1,1,1,1,1,1,1,1,1,1,1,1,1,1,1,1,1,1,1,1,1,
1,1,1,1,1,1,1,1,1,1,1,1,1,0,1,1,1,1,1,1,1,1,1,1,1,1,1,1,1,1,1,1,1,1,1,0,1,0,1,1,
1,1,1,1,1,1,1,1,1,1,1,1,1,1,0,1,1,1,0,1,1,1,1,1,1,0,1,1,1,1,1,1,1,1,1,1,1,1,1,1,
1,1,1,1,1,1,1,1,0,1,1,1,1,1,1,0,1,1,1,1,1,1,1,1,1,1,1,1,1,1,1,1,1,1,1,1,0,0,1,1,
1,1,1,1,0,1,1,1,1,1,1,1,1,1,1,1,0,1,1,1,1,1,1,1,0,1,1,1,1,1,1,0,1,1,1,1,1,1,1,1,
1,1,1,1,1,1,1,0,1,0,1,1,1,1,1,1,1,0,1,1,1,1,1,1,1,1,1,1,1,1,1,1,1,1,1,1,1,1,1,1,
1,1,1,1,1,1,1,1,1,1,1,0,1,1,0,1,1,1,0,1,1,1,1,1,1,1,1,1,1,1,1,1,1,1,1,1,1,1,1,1,
1,1,1,0,1,1,1,1,1,1,1,1,1,1,1,1,1,1,1,0,1,1,1,1,1,1,1,1,1,1,0,1,1,1,1,1,1,1,1,1,
1,1,1,1,1,1,1,1,1,1,1,1,1,1,1,1,1,1,1,1,0,1,1,1,1,1,0,1,1,1,1,1,1,1,1,0,1,1,1,1,
1,1,1,1,1,1,1,1,1,1,1,1,1,1,1,1,1,1,1,1,1,0,1,1,1,1,1,1,1,1,1,1,1,1,1,1,1,1,1,1,
1,1,1,1,1,0,1,1,1,1,1,1,1,1,1,1,1,1,1,1,1,1,0,1,1,1,1,1,1,1,1,1,1,1,1,1,1,1,1,1,
1,1,1,1,0,1,1,1,1,1,1,1,1,1,1,1,1,1,1,1,1,1,1,0,1,1,1,1,1,1,1,1,1,1,1,1,1,1,1,0,
1,1,1,1,1,0,1,1,1,1,0,1,1,1,1,1,0,1,1,1,1,1,1,1,0,1,1,1,1,1,1,1,1,1,1,1,1,1,1,1,
1,1,1,1,1,1,1,1,1,1,1,1,1,1,0,1,1,1,1,1,1,1,1,1,1,0,1,1,1,1,1,1,1,1,1,1,1,1,1,1,
1,1,0,1,1,1,1,1,1,1,1,1,1,1,1,1,1,1,1,1,0,1,1,1,1,1,0,1,1,1,1,1,1,1,1,1,1,1,1,1,
1,1,1,1,1,1,1,1,1,1,1,1,1,1,1,1,1,1,1,1,1,1,1,1,1,1,1,0,0,1,1,1,1,1,1,1,1,1,1,1,
1,0,1,1,1,1,1,1,1,1,1,1,1,1,1,1,1,1,1,1,1,1,1,1,1,1,1,0,0,1,1,1,1,1,1,1,1,1,1,1,
1,0,1,1,1,1,1,1,1,1,1,1,1,1,1,1,1,1,1,1,1,1,1,1,1,1,1,1,1,0,1,1,1,1,1,1,1,1,1,1,
1,1,1,1,1,1,1,1,1,0,1,1,1,1,1,1,1,1,1,0,1,1,1,1,1,1,1,1,1,1,0,1,1,1,1,1,1,1,1,1,
1,1,1,1,1,1,1,1,1,1,1,1,1,1,1,1,0,1,1,1,1,1,1,1,1,1,1,1,1,1,1,0,1,1,1,0,1,1,1,1,
1,1,1,0,1,1,1,1,1,1,0,1,1,1,1,1,1,1,1,1,1,1,1,1,1,1,1,1,1,1,1,1,0,1,1,1,1,1,1,1,
1,1,1,1,1,1,1,1,1,1,1,1,1,1,1,1,1,1,1,1,1,1,1,1,1,1,1,1,1,1,1,1,1,0,1,1,1,0,1,1,
1,1,1,1,1,1,1,1,1,1,1,1,1,1,1,1,1,1,1,1,1,1,1,1,1,1,1,1,1,1,1,1,1,1,0,1,1,1,1,0,
1,1,1,1,1,1,1,1,1,1,1,0,1,0,1,1,1,1,1,1,0,1,1,1,1,1,1,1,1,1,1,0,1,1,1,0,1,1,1,1,
1,1,1,1,1,1,1,1,1,1,1,1,1,1,1,0,1,1,1,1,1,1,1,1,1,1,1,1,1,1,1,1,1,1,1,1,0,1,1,1,
1,1,1,1,1,1,1,1,1,1,1,1,1,0,1,0,1,1,1,1,1,1,1,1,1,1,1,1,1,1,1,1,1,0,1,1,1,0,1,1,
1,1,1,1,1,1,1,1,1,0,1,1,1,1,1,1,1,1,1,1,1,1,1,1,1,1,1,1,1,1,1,1,1,1,1,1,1,1,0,1,
1,1,1,1,1,0,1,1,1,1,1,1,1,1,1,1,1,1,1,1,1,1,1,0,1,1,1,1,1,1,1,1,1,1,0,1,1,1,1,0,
Is Output Graph Empty or Complete?: 0
Ratio of Added Edges Over Added + Removed Edges: 1
Changes from Input to Output: 
Added Edge: (0, 1)
Added Edge: (0, 5)
Added Edge: (0, 6)
Added Edge: (0, 16)
Added Edge: (0, 20)
Added Edge: (0, 23)
Added Edge: (0, 24)
Added Edge: (0, 26)
Added Edge: (0, 34)
Added Edge: (1, 2)
Added Edge: (1, 6)
Added Edge: (1, 8)
Added Edge: (1, 9)
Added Edge: (1, 11)
Added Edge: (1, 12)
Added Edge: (1, 22)
Added Edge: (1, 38)
Added Edge: (2, 3)
Added Edge: (2, 5)
Added Edge: (2, 12)
Added Edge: (2, 15)
Added Edge: (2, 17)
Added Edge: (2, 19)
Added Edge: (2, 21)
Added Edge: (3, 4)
Added Edge: (3, 10)
Added Edge: (3, 13)
Added Edge: (3, 18)
Added Edge: (3, 33)
Added Edge: (3, 38)
Added Edge: (4, 5)
Added Edge: (4, 9)
Added Edge: (4, 10)
Added Edge: (4, 13)
Added Edge: (4, 24)
Added Edge: (4, 29)
Added Edge: (5, 18)
Added Edge: (5, 25)
Added Edge: (5, 29)
Added Edge: (5, 33)
Added Edge: (5, 34)
Added Edge: (5, 36)
Added Edge: (6, 7)
Added Edge: (6, 9)
Added Edge: (6, 17)
Added Edge: (6, 24)
Added Edge: (6, 31)
Added Edge: (6, 33)
Added Edge: (6, 35)
Added Edge: (6, 39)
Added Edge: (7, 11)
Added Edge: (7, 13)
Added Edge: (7, 16)
Added Edge: (7, 20)
Added Edge: (7, 27)
Added Edge: (7, 29)
Added Edge: (7, 31)
Added Edge: (7, 39)
Added Edge: (8, 10)
Added Edge: (8, 14)
Added Edge: (8, 16)
Added Edge: (8, 21)
Added Edge: (8, 28)
Added Edge: (8, 29)
Added Edge: (8, 35)
Added Edge: (9, 11)
Added Edge: (9, 13)
Added Edge: (9, 15)
Added Edge: (9, 21)
Added Edge: (9, 34)
Added Edge: (9, 36)
Added Edge: (10, 13)
Added Edge: (10, 15)
Added Edge: (10, 16)
Added Edge: (10, 18)
Added Edge: (10, 20)
Added Edge: (10, 26)
Added Edge: (11, 12)
Added Edge: (11, 19)
Added Edge: (11, 20)
Added Edge: (11, 28)
Added Edge: (11, 31)
Added Edge: (11, 34)
Added Edge: (12, 21)
Added Edge: (12, 24)
Added Edge: (12, 30)
Added Edge: (13, 18)
Added Edge: (13, 19)
Added Edge: (14, 15)
Added Edge: (14, 16)
Added Edge: (14, 21)
Added Edge: (14, 28)
Added Edge: (14, 35)
Added Edge: (14, 36)
Added Edge: (15, 20)
Added Edge: (15, 24)
Added Edge: (15, 29)
Added Edge: (16, 17)
Added Edge: (16, 18)
Added Edge: (16, 37)
Added Edge: (16, 39)
Added Edge: (17, 20)
Added Edge: (17, 32)
Added Edge: (18, 22)
Added Edge: (18, 25)
Added Edge: (18, 26)
Added Edge: (18, 27)
Added Edge: (18, 28)
Added Edge: (18, 31)
Added Edge: (18, 39)
Added Edge: (19, 20)
Added Edge: (19, 21)
Added Edge: (19, 24)
Added Edge: (19, 27)
Added Edge: (19, 29)
Added Edge: (19, 33)
Added Edge: (19, 34)
Added Edge: (19, 36)
Added Edge: (20, 23)
Added Edge: (20, 33)
Added Edge: (20, 34)
Added Edge: (20, 38)
Added Edge: (21, 22)
Added Edge: (21, 23)
Added Edge: (21, 24)
Added Edge: (21, 29)
Added Edge: (21, 32)
Added Edge: (21, 33)
Added Edge: (21, 35)
Added Edge: (22, 28)
Added Edge: (22, 31)
Added Edge: (22, 33)
Added Edge: (23, 25)
Added Edge: (23, 28)
Added Edge: (23, 29)
Added Edge: (23, 33)
Added Edge: (23, 34)
Added Edge: (23, 37)
Added Edge: (24, 25)
Added Edge: (24, 38)
Added Edge: (24, 39)
Added Edge: (25, 32)
Added Edge: (25, 37)
Added Edge: (26, 34)
Added Edge: (27, 31)
Added Edge: (27, 32)
Added Edge: (28, 36)
Added Edge: (30, 31)
Added Edge: (30, 32)
Added Edge: (31, 37)
Added Edge: (33, 39)
Added Edge: (34, 35)
Added Edge: (34, 37)
Added Edge: (36, 39)
========================
