========================
TIME_LIMIT_SECONDS: 900
ODD_HOLE_TERMINATION_PERCENTAGE: 999
N_THREADS: 24
IS_RUNNING_HEURISTIC_ON_CANDIDATE: 
IS_RUNNING_HEURISTIC_ON_RELAXATION: 
ADD_ALL_AT_START: 
========================
Wall-Clock Runtime (ms): 53
Calculated Odd Hole Termination Batch Size: 0
Total Time of All Workers in OddHoleAlg (nano): 272915
Total Time of All Workers in OddHoleAlg (ms): 0
OddHoleAlg calls: 2
Number of Found Odd-Holes: 0
Number of Found Odd Anti-Holes: 0
Number of Feasible Solutions Found: 1
Number of Times Heuristic is Called: 0
Total number of added OH and OHbar Cuts: 0
Number of Explored B&C tree nodes: 0
Number of Unexplored B&C tree nodes: 1
========================
Input Graph:
Number of Vertices: 35
Erdos Renyi p Parameter: 0.75
Number of Edges: 443
Expected No of Odd Holes: 903
Expected No of Odd Anti Holes: 5546
ODD_HOLE_TERMINATION_BATCH_SIZE: 0
Graph Density: 0.744538
0,0,0,1,0,1,1,1,1,1,1,1,1,1,1,1,0,1,1,1,0,1,1,1,1,1,0,1,1,1,1,1,1,1,1,
0,0,1,1,1,1,1,1,1,1,1,0,0,1,1,1,1,1,1,1,1,0,1,1,1,1,1,1,0,1,0,1,1,1,1,
0,1,0,1,1,1,1,1,1,1,1,1,1,1,1,1,0,1,0,1,1,1,1,0,1,1,1,1,0,1,0,1,1,1,1,
1,1,1,0,1,1,1,0,1,1,1,0,1,0,1,1,0,0,1,1,1,0,1,1,1,1,1,0,1,1,1,1,1,0,1,
0,1,1,1,0,1,1,1,1,1,1,0,1,0,1,1,1,1,0,1,1,1,1,1,0,0,1,1,1,1,1,1,1,1,1,
1,1,1,1,1,0,0,1,1,1,1,1,1,1,1,1,0,1,1,1,1,1,0,1,1,0,1,1,1,1,1,0,1,0,1,
1,1,1,1,1,0,0,1,0,1,1,1,1,1,1,1,1,1,1,1,1,1,1,1,1,1,1,1,1,1,1,0,0,1,1,
1,1,1,0,1,1,1,0,1,0,1,1,1,1,1,1,1,1,0,1,1,1,0,0,1,0,0,0,0,1,1,0,1,0,1,
1,1,1,1,1,1,0,1,0,1,1,1,1,0,1,0,1,1,1,0,1,1,1,1,1,1,1,1,1,1,0,1,0,0,1,
1,1,1,1,1,1,1,0,1,0,1,0,1,0,1,1,1,1,0,0,1,1,1,1,0,0,1,1,1,1,1,1,1,1,1,
1,1,1,1,1,1,1,1,1,1,0,1,1,1,1,1,0,0,1,1,1,1,1,1,1,1,1,1,1,1,1,0,0,1,1,
1,0,1,0,0,1,1,1,1,0,1,0,1,1,1,1,1,0,0,1,1,1,1,0,0,1,0,1,0,1,1,1,0,1,1,
1,0,1,1,1,1,1,1,1,1,1,1,0,1,0,1,0,0,1,1,0,1,1,1,0,1,0,1,0,1,1,0,1,1,0,
1,1,1,0,0,1,1,1,0,0,1,1,1,0,1,0,0,1,1,1,1,1,0,0,1,1,0,1,1,1,0,0,0,1,1,
1,1,1,1,1,1,1,1,1,1,1,1,0,1,0,0,1,1,1,1,1,1,1,1,1,1,1,1,0,1,1,1,1,1,0,
1,1,1,1,1,1,1,1,0,1,1,1,1,0,0,0,0,1,0,0,0,0,0,1,1,0,1,0,1,1,1,1,1,0,1,
0,1,0,0,1,0,1,1,1,1,0,1,0,0,1,0,0,1,0,0,1,0,1,0,1,1,1,1,0,1,0,1,1,1,1,
1,1,1,0,1,1,1,1,1,1,0,0,0,1,1,1,1,0,1,1,1,0,0,0,1,1,1,1,0,1,1,0,1,1,1,
1,1,0,1,0,1,1,0,1,0,1,0,1,1,1,0,0,1,0,1,1,1,0,1,0,1,1,1,0,0,0,1,0,1,0,
1,1,1,1,1,1,1,1,0,0,1,1,1,1,1,0,0,1,1,0,0,0,1,1,1,0,1,0,1,0,1,1,1,1,1,
0,1,1,1,1,1,1,1,1,1,1,1,0,1,1,0,1,1,1,0,0,1,1,0,0,0,1,0,1,0,0,1,0,1,1,
1,0,1,0,1,1,1,1,1,1,1,1,1,1,1,0,0,0,1,0,1,0,1,1,1,1,1,1,1,1,1,1,1,1,0,
1,1,1,1,1,0,1,0,1,1,1,1,1,0,1,0,1,0,0,1,1,1,0,0,1,1,0,1,1,1,1,1,1,0,1,
1,1,0,1,1,1,1,0,1,1,1,0,1,0,1,1,0,0,1,1,0,1,0,0,1,1,0,0,1,1,1,1,1,0,0,
1,1,1,1,0,1,1,1,1,0,1,0,0,1,1,1,1,1,0,1,0,1,1,1,0,1,1,0,1,1,0,0,1,1,1,
1,1,1,1,0,0,1,0,1,0,1,1,1,1,1,0,1,1,1,0,0,1,1,1,1,0,1,0,1,1,1,1,0,1,1,
0,1,1,1,1,1,1,0,1,1,1,0,0,0,1,1,1,1,1,1,1,1,0,0,1,1,0,1,0,1,1,1,1,0,1,
1,1,1,0,1,1,1,0,1,1,1,1,1,1,1,0,1,1,1,0,0,1,1,0,0,0,1,0,1,1,1,1,0,1,1,
1,0,0,1,1,1,1,0,1,1,1,0,0,1,0,1,0,0,0,1,1,1,1,1,1,1,0,1,0,1,1,0,1,1,0,
1,1,1,1,1,1,1,1,1,1,1,1,1,1,1,1,1,1,0,0,0,1,1,1,1,1,1,1,1,0,1,0,1,1,1,
1,0,0,1,1,1,1,1,0,1,1,1,1,0,1,1,0,1,0,1,0,1,1,1,0,1,1,1,1,1,0,1,0,1,1,
1,1,1,1,1,0,0,0,1,1,0,1,0,0,1,1,1,0,1,1,1,1,1,1,0,1,1,1,0,0,1,0,1,1,1,
1,1,1,1,1,1,0,1,0,1,0,0,1,0,1,1,1,1,0,1,0,1,1,1,1,0,1,0,1,1,0,1,0,0,0,
1,1,1,0,1,0,1,0,0,1,1,1,1,1,1,0,1,1,1,1,1,1,0,0,1,1,0,1,1,1,1,1,0,0,1,
1,1,1,1,1,1,1,1,1,1,1,1,0,1,0,1,1,1,0,1,1,0,1,0,1,1,1,1,0,1,1,1,0,1,0,
========================
Output Graph: 
Number of Vertices: 35
Number of Edges: 564
Graph Density: 0.947899
0,1,0,1,1,1,1,1,1,1,1,1,1,1,1,1,0,1,1,1,1,1,1,1,1,1,1,1,1,1,1,1,1,1,1,
1,0,1,1,1,1,1,1,1,1,1,0,1,1,1,1,1,1,1,1,1,1,1,1,1,1,1,1,1,1,0,1,1,1,1,
0,1,0,1,1,1,1,1,1,1,1,1,1,1,1,1,0,1,1,1,1,1,1,1,1,1,1,1,1,1,1,1,1,1,1,
1,1,1,0,1,1,1,0,1,1,1,1,1,1,1,1,1,1,1,1,1,1,1,1,1,1,1,1,1,1,1,1,1,0,1,
1,1,1,1,0,1,1,1,1,1,1,1,1,1,1,1,1,1,1,1,1,1,1,1,1,0,1,1,1,1,1,1,1,1,1,
1,1,1,1,1,0,0,1,1,1,1,1,1,1,1,1,1,1,1,1,1,1,1,1,1,1,1,1,1,1,1,1,1,1,1,
1,1,1,1,1,0,0,1,1,1,1,1,1,1,1,1,1,1,1,1,1,1,1,1,1,1,1,1,1,1,1,1,0,1,1,
1,1,1,0,1,1,1,0,1,1,1,1,1,1,1,1,1,1,0,1,1,1,1,1,1,1,0,1,1,1,1,1,1,1,1,
1,1,1,1,1,1,1,1,0,1,1,1,1,1,1,0,1,1,1,1,1,1,1,1,1,1,1,1,1,1,1,1,1,1,1,
1,1,1,1,1,1,1,1,1,0,1,0,1,1,1,1,1,1,1,1,1,1,1,1,1,0,1,1,1,1,1,1,1,1,1,
1,1,1,1,1,1,1,1,1,1,0,1,1,1,1,1,1,1,1,1,1,1,1,1,1,1,1,1,1,1,1,1,1,1,1,
1,0,1,1,1,1,1,1,1,0,1,0,1,1,1,1,1,1,1,1,1,1,1,1,1,1,1,1,1,1,1,1,1,1,1,
1,1,1,1,1,1,1,1,1,1,1,1,0,1,1,1,0,1,1,1,0,1,1,1,1,1,1,1,1,1,1,1,1,1,1,
1,1,1,1,1,1,1,1,1,1,1,1,1,0,1,1,0,1,1,1,1,1,1,1,1,1,1,1,1,1,0,0,1,1,1,
1,1,1,1,1,1,1,1,1,1,1,1,1,1,0,1,1,1,1,1,1,1,1,1,1,1,1,1,1,1,1,1,1,1,1,
1,1,1,1,1,1,1,1,0,1,1,1,1,1,1,0,1,1,1,1,1,0,0,1,1,1,1,1,1,1,1,1,1,1,1,
0,1,0,1,1,1,1,1,1,1,1,1,0,0,1,1,0,1,1,1,1,1,1,1,1,1,1,1,1,1,1,1,1,1,1,
1,1,1,1,1,1,1,1,1,1,1,1,1,1,1,1,1,0,1,1,1,1,1,1,1,1,1,1,1,1,1,1,1,1,1,
1,1,1,1,1,1,1,0,1,1,1,1,1,1,1,1,1,1,0,1,1,1,0,1,0,1,1,1,1,1,0,1,1,1,1,
1,1,1,1,1,1,1,1,1,1,1,1,1,1,1,1,1,1,1,0,1,0,1,1,1,1,1,1,1,1,1,1,1,1,1,
1,1,1,1,1,1,1,1,1,1,1,1,0,1,1,1,1,1,1,1,0,1,1,1,1,1,1,1,1,1,1,1,0,1,1,
1,1,1,1,1,1,1,1,1,1,1,1,1,1,1,0,1,1,1,0,1,0,1,1,1,1,1,1,1,1,1,1,1,1,0,
1,1,1,1,1,1,1,1,1,1,1,1,1,1,1,0,1,1,0,1,1,1,0,1,1,1,1,1,1,1,1,1,1,1,1,
1,1,1,1,1,1,1,1,1,1,1,1,1,1,1,1,1,1,1,1,1,1,1,0,1,1,1,1,1,1,1,1,1,0,1,
1,1,1,1,1,1,1,1,1,1,1,1,1,1,1,1,1,1,0,1,1,1,1,1,0,1,1,1,1,1,1,1,1,1,1,
1,1,1,1,0,1,1,1,1,0,1,1,1,1,1,1,1,1,1,1,1,1,1,1,1,0,1,1,1,1,1,1,1,1,1,
1,1,1,1,1,1,1,0,1,1,1,1,1,1,1,1,1,1,1,1,1,1,1,1,1,1,0,1,1,1,1,1,1,0,1,
1,1,1,1,1,1,1,1,1,1,1,1,1,1,1,1,1,1,1,1,1,1,1,1,1,1,1,0,1,1,1,1,1,1,1,
1,1,1,1,1,1,1,1,1,1,1,1,1,1,1,1,1,1,1,1,1,1,1,1,1,1,1,1,0,1,1,1,1,1,1,
1,1,1,1,1,1,1,1,1,1,1,1,1,1,1,1,1,1,1,1,1,1,1,1,1,1,1,1,1,0,1,1,1,1,1,
1,0,1,1,1,1,1,1,1,1,1,1,1,0,1,1,1,1,0,1,1,1,1,1,1,1,1,1,1,1,0,1,0,1,1,
1,1,1,1,1,1,1,1,1,1,1,1,1,0,1,1,1,1,1,1,1,1,1,1,1,1,1,1,1,1,1,0,1,1,1,
1,1,1,1,1,1,0,1,1,1,1,1,1,1,1,1,1,1,1,1,0,1,1,1,1,1,1,1,1,1,0,1,0,1,1,
1,1,1,0,1,1,1,1,1,1,1,1,1,1,1,1,1,1,1,1,1,1,1,0,1,1,0,1,1,1,1,1,1,0,1,
1,1,1,1,1,1,1,1,1,1,1,1,1,1,1,1,1,1,1,1,1,0,1,1,1,1,1,1,1,1,1,1,1,1,0,
Is Output Graph Empty or Complete?: 0
Ratio of Added Edges Over Added + Removed Edges: 1
Changes from Input to Output: 
Added Edge: (0, 1)
Added Edge: (0, 4)
Added Edge: (0, 20)
Added Edge: (0, 26)
Added Edge: (1, 12)
Added Edge: (1, 21)
Added Edge: (1, 28)
Added Edge: (2, 18)
Added Edge: (2, 23)
Added Edge: (2, 28)
Added Edge: (2, 30)
Added Edge: (3, 11)
Added Edge: (3, 13)
Added Edge: (3, 16)
Added Edge: (3, 17)
Added Edge: (3, 21)
Added Edge: (3, 27)
Added Edge: (4, 11)
Added Edge: (4, 13)
Added Edge: (4, 18)
Added Edge: (4, 24)
Added Edge: (5, 16)
Added Edge: (5, 22)
Added Edge: (5, 25)
Added Edge: (5, 31)
Added Edge: (5, 33)
Added Edge: (6, 8)
Added Edge: (6, 31)
Added Edge: (7, 9)
Added Edge: (7, 22)
Added Edge: (7, 23)
Added Edge: (7, 25)
Added Edge: (7, 27)
Added Edge: (7, 28)
Added Edge: (7, 31)
Added Edge: (7, 33)
Added Edge: (8, 13)
Added Edge: (8, 19)
Added Edge: (8, 30)
Added Edge: (8, 32)
Added Edge: (8, 33)
Added Edge: (9, 13)
Added Edge: (9, 18)
Added Edge: (9, 19)
Added Edge: (9, 24)
Added Edge: (10, 16)
Added Edge: (10, 17)
Added Edge: (10, 31)
Added Edge: (10, 32)
Added Edge: (11, 17)
Added Edge: (11, 18)
Added Edge: (11, 23)
Added Edge: (11, 24)
Added Edge: (11, 26)
Added Edge: (11, 28)
Added Edge: (11, 32)
Added Edge: (12, 14)
Added Edge: (12, 17)
Added Edge: (12, 24)
Added Edge: (12, 26)
Added Edge: (12, 28)
Added Edge: (12, 31)
Added Edge: (12, 34)
Added Edge: (13, 15)
Added Edge: (13, 22)
Added Edge: (13, 23)
Added Edge: (13, 26)
Added Edge: (13, 32)
Added Edge: (14, 15)
Added Edge: (14, 28)
Added Edge: (14, 34)
Added Edge: (15, 16)
Added Edge: (15, 18)
Added Edge: (15, 19)
Added Edge: (15, 20)
Added Edge: (15, 25)
Added Edge: (15, 27)
Added Edge: (15, 33)
Added Edge: (16, 18)
Added Edge: (16, 19)
Added Edge: (16, 21)
Added Edge: (16, 23)
Added Edge: (16, 28)
Added Edge: (16, 30)
Added Edge: (17, 21)
Added Edge: (17, 22)
Added Edge: (17, 23)
Added Edge: (17, 28)
Added Edge: (17, 31)
Added Edge: (18, 28)
Added Edge: (18, 29)
Added Edge: (18, 32)
Added Edge: (18, 34)
Added Edge: (19, 20)
Added Edge: (19, 25)
Added Edge: (19, 27)
Added Edge: (19, 29)
Added Edge: (20, 23)
Added Edge: (20, 24)
Added Edge: (20, 25)
Added Edge: (20, 27)
Added Edge: (20, 29)
Added Edge: (20, 30)
Added Edge: (22, 23)
Added Edge: (22, 26)
Added Edge: (22, 33)
Added Edge: (23, 26)
Added Edge: (23, 27)
Added Edge: (23, 34)
Added Edge: (24, 27)
Added Edge: (24, 30)
Added Edge: (24, 31)
Added Edge: (25, 27)
Added Edge: (25, 32)
Added Edge: (26, 28)
Added Edge: (27, 32)
Added Edge: (28, 31)
Added Edge: (28, 34)
Added Edge: (29, 31)
Added Edge: (32, 33)
Added Edge: (32, 34)
========================
