========================
TIME_LIMIT_SECONDS: 900
ODD_HOLE_TERMINATION_PERCENTAGE: 999
N_THREADS: 24
IS_RUNNING_HEURISTIC_ON_CANDIDATE: 
IS_RUNNING_HEURISTIC_ON_RELAXATION: 
ADD_ALL_AT_START: 
========================
Wall-Clock Runtime (ms): 367
Calculated Odd Hole Termination Batch Size: 0
Total Time of All Workers in OddHoleAlg (nano): 70756050
Total Time of All Workers in OddHoleAlg (ms): 70
OddHoleAlg calls: 82
Number of Found Odd-Holes: 391
Number of Found Odd Anti-Holes: 9272
Number of Feasible Solutions Found: 3
Number of Times Heuristic is Called: 0
Total number of added OH and OHbar Cuts: 9663
Number of Explored B&C tree nodes: 0
Number of Unexplored B&C tree nodes: 1
========================
Input Graph:
Number of Vertices: 30
Erdos Renyi p Parameter: 0.75
Number of Edges: 314
Expected No of Odd Holes: 396
Expected No of Odd Anti Holes: 1341
ODD_HOLE_TERMINATION_BATCH_SIZE: 0
Graph Density: 0.721839
0,1,1,1,1,0,1,1,1,1,1,1,1,1,0,1,1,1,1,1,0,1,1,1,1,1,1,0,1,1,
1,0,0,0,1,1,1,0,1,0,0,0,1,1,1,1,1,0,0,1,0,1,0,1,1,1,1,0,1,1,
1,0,0,1,1,1,1,1,0,1,1,1,1,1,0,1,1,1,1,1,1,1,1,0,1,1,1,1,0,0,
1,0,1,0,1,1,1,1,0,0,0,1,1,1,1,1,0,0,0,1,1,1,1,1,1,0,1,0,1,1,
1,1,1,1,0,1,1,1,0,1,1,1,1,0,1,1,1,1,1,1,1,0,1,1,0,0,1,1,1,1,
0,1,1,1,1,0,1,0,1,1,1,1,1,0,0,1,1,1,1,0,1,1,0,0,1,1,1,1,1,1,
1,1,1,1,1,1,0,1,1,1,1,1,0,1,1,1,1,1,0,1,1,1,1,1,0,1,1,1,1,1,
1,0,1,1,1,0,1,0,0,1,1,1,1,1,1,1,1,1,1,1,0,0,0,0,1,1,0,1,0,1,
1,1,0,0,0,1,1,0,0,0,1,1,1,0,1,1,1,0,1,1,1,1,1,1,1,0,1,1,1,1,
1,0,1,0,1,1,1,1,0,0,0,1,0,0,1,1,0,1,1,0,1,1,1,1,0,0,0,1,1,1,
1,0,1,0,1,1,1,1,1,0,0,1,0,1,0,1,1,1,1,1,1,1,0,1,0,1,1,1,0,1,
1,0,1,1,1,1,1,1,1,1,1,0,0,1,1,1,1,1,1,1,1,1,1,0,1,1,0,1,0,1,
1,1,1,1,1,1,0,1,1,0,0,0,0,1,1,1,1,1,0,1,0,0,0,1,0,1,1,1,1,1,
1,1,1,1,0,0,1,1,0,0,1,1,1,0,0,0,0,0,0,1,0,1,1,1,1,0,1,1,0,1,
0,1,0,1,1,0,1,1,1,1,0,1,1,0,0,0,1,1,1,1,0,0,1,0,0,1,0,1,1,1,
1,1,1,1,1,1,1,1,1,1,1,1,1,0,0,0,0,0,1,1,1,0,1,0,1,1,1,1,0,1,
1,1,1,0,1,1,1,1,1,0,1,1,1,0,1,0,0,1,1,0,1,0,1,1,1,1,0,0,1,1,
1,0,1,0,1,1,1,1,0,1,1,1,1,0,1,0,1,0,1,1,1,0,1,1,1,0,1,0,0,1,
1,0,1,0,1,1,0,1,1,1,1,1,0,0,1,1,1,1,0,0,0,1,1,0,1,1,1,1,1,0,
1,1,1,1,1,0,1,1,1,0,1,1,1,1,1,1,0,1,0,0,1,1,0,1,1,1,0,0,1,0,
0,0,1,1,1,1,1,0,1,1,1,1,0,0,0,1,1,1,0,1,0,1,1,1,0,1,1,1,1,1,
1,1,1,1,0,1,1,0,1,1,1,1,0,1,0,0,0,0,1,1,1,0,1,1,1,0,1,1,0,1,
1,0,1,1,1,0,1,0,1,1,0,1,0,1,1,1,1,1,1,0,1,1,0,1,1,1,1,0,0,1,
1,1,0,1,1,0,1,0,1,1,1,0,1,1,0,0,1,1,0,1,1,1,1,0,0,1,1,1,1,0,
1,1,1,1,0,1,0,1,1,0,0,1,0,1,0,1,1,1,1,1,0,1,1,0,0,1,1,1,0,1,
1,1,1,0,0,1,1,1,0,0,1,1,1,0,1,1,1,0,1,1,1,0,1,1,1,0,1,1,1,0,
1,1,1,1,1,1,1,0,1,0,1,0,1,1,0,1,0,1,1,0,1,1,1,1,1,1,0,1,1,1,
0,0,1,0,1,1,1,1,1,1,1,1,1,1,1,1,0,0,1,0,1,1,0,1,1,1,1,0,1,0,
1,1,0,1,1,1,1,0,1,1,0,0,1,0,1,0,1,0,1,1,1,0,0,1,0,1,1,1,0,0,
1,1,0,1,1,1,1,1,1,1,1,1,1,1,1,1,1,1,0,0,1,1,1,0,1,0,1,0,0,0,
========================
Output Graph: 
Number of Vertices: 30
Number of Edges: 357
Graph Density: 0.82069
0,1,1,1,1,0,1,1,1,1,1,1,1,1,0,1,1,1,1,1,0,1,1,1,1,1,1,1,1,1,
1,0,0,1,1,1,1,0,1,1,0,0,1,1,1,1,1,0,0,1,1,1,0,1,1,1,1,1,1,1,
1,0,0,1,1,1,1,1,1,1,1,1,1,1,1,1,1,1,1,1,1,1,1,0,1,1,1,1,0,1,
1,1,1,0,1,1,1,1,1,1,0,1,1,1,1,1,0,0,0,1,1,1,1,1,1,0,1,1,1,1,
1,1,1,1,0,1,1,1,1,1,1,1,1,0,1,1,1,1,1,1,1,0,1,1,1,0,1,1,1,1,
0,1,1,1,1,0,1,0,1,1,1,1,1,1,0,1,1,1,1,1,1,1,0,1,1,1,1,1,1,1,
1,1,1,1,1,1,0,1,1,1,1,1,0,1,1,1,1,1,0,1,1,1,1,1,0,1,1,1,1,1,
1,0,1,1,1,0,1,0,1,1,1,1,1,1,1,1,1,1,1,1,0,0,1,0,1,1,0,1,0,1,
1,1,1,1,1,1,1,1,0,0,1,1,1,1,1,1,1,1,1,1,1,1,1,1,1,1,1,1,1,1,
1,1,1,1,1,1,1,1,0,0,0,1,0,1,1,1,1,1,1,1,1,1,1,1,0,1,1,1,1,1,
1,0,1,0,1,1,1,1,1,0,0,1,0,1,1,1,1,1,1,1,1,1,1,1,1,1,1,1,0,1,
1,0,1,1,1,1,1,1,1,1,1,0,0,1,1,1,1,1,1,1,1,1,1,0,1,1,0,1,0,1,
1,1,1,1,1,1,0,1,1,0,0,0,0,1,1,1,1,1,0,1,1,1,0,1,0,1,1,1,1,1,
1,1,1,1,0,1,1,1,1,1,1,1,1,0,0,0,0,0,0,1,1,1,1,1,1,0,1,1,1,1,
0,1,1,1,1,0,1,1,1,1,1,1,1,0,0,1,1,1,1,1,0,0,1,0,1,1,0,1,1,1,
1,1,1,1,1,1,1,1,1,1,1,1,1,0,1,0,1,1,1,1,1,0,1,0,1,1,1,1,0,1,
1,1,1,0,1,1,1,1,1,1,1,1,1,0,1,1,0,1,1,0,1,0,1,1,1,1,0,0,1,1,
1,0,1,0,1,1,1,1,1,1,1,1,1,0,1,1,1,0,1,1,1,0,1,1,1,0,1,1,0,1,
1,0,1,0,1,1,0,1,1,1,1,1,0,0,1,1,1,1,0,0,0,1,1,0,1,1,1,1,1,1,
1,1,1,1,1,1,1,1,1,1,1,1,1,1,1,1,0,1,0,0,1,1,0,1,1,1,1,0,1,0,
0,1,1,1,1,1,1,0,1,1,1,1,1,1,0,1,1,1,0,1,0,1,1,1,0,1,1,1,1,1,
1,1,1,1,0,1,1,0,1,1,1,1,1,1,0,0,0,0,1,1,1,0,1,1,1,0,1,1,1,1,
1,0,1,1,1,0,1,1,1,1,1,1,0,1,1,1,1,1,1,0,1,1,0,1,1,1,1,0,1,1,
1,1,0,1,1,1,1,0,1,1,1,0,1,1,0,0,1,1,0,1,1,1,1,0,0,1,1,1,1,0,
1,1,1,1,1,1,0,1,1,0,1,1,0,1,1,1,1,1,1,1,0,1,1,0,0,1,1,1,0,1,
1,1,1,0,0,1,1,1,1,1,1,1,1,0,1,1,1,0,1,1,1,0,1,1,1,0,1,1,1,1,
1,1,1,1,1,1,1,0,1,1,1,0,1,1,0,1,0,1,1,1,1,1,1,1,1,1,0,1,1,1,
1,1,1,1,1,1,1,1,1,1,1,1,1,1,1,1,0,1,1,0,1,1,0,1,1,1,1,0,1,0,
1,1,0,1,1,1,1,0,1,1,0,0,1,1,1,0,1,0,1,1,1,1,1,1,0,1,1,1,0,0,
1,1,1,1,1,1,1,1,1,1,1,1,1,1,1,1,1,1,1,0,1,1,1,0,1,1,1,0,0,0,
Is Output Graph Empty or Complete?: 0
Ratio of Added Edges Over Added + Removed Edges: 1
Changes from Input to Output: 
Added Edge: (0, 27)
Added Edge: (1, 3)
Added Edge: (1, 9)
Added Edge: (1, 20)
Added Edge: (1, 27)
Added Edge: (2, 8)
Added Edge: (2, 14)
Added Edge: (2, 29)
Added Edge: (3, 8)
Added Edge: (3, 9)
Added Edge: (3, 27)
Added Edge: (4, 8)
Added Edge: (4, 24)
Added Edge: (5, 13)
Added Edge: (5, 19)
Added Edge: (5, 23)
Added Edge: (7, 8)
Added Edge: (7, 22)
Added Edge: (8, 13)
Added Edge: (8, 17)
Added Edge: (8, 25)
Added Edge: (9, 13)
Added Edge: (9, 16)
Added Edge: (9, 19)
Added Edge: (9, 25)
Added Edge: (9, 26)
Added Edge: (10, 14)
Added Edge: (10, 22)
Added Edge: (10, 24)
Added Edge: (12, 20)
Added Edge: (12, 21)
Added Edge: (13, 20)
Added Edge: (13, 28)
Added Edge: (14, 15)
Added Edge: (14, 24)
Added Edge: (15, 16)
Added Edge: (15, 17)
Added Edge: (17, 27)
Added Edge: (18, 29)
Added Edge: (19, 26)
Added Edge: (21, 28)
Added Edge: (22, 28)
Added Edge: (25, 29)
========================
