ODD_HOLE_TERMINATION_PERCENTAGE is set to 999
Program searches for ALL odd holes and odd antiholes
==============================================
n:                                    25
ODD_HOLE_TERMINATION_PERCENTAGE:      999
ODD_HOLE_TERMINATION_BATCH_SIZE:      0
ODD_ANTI_HOLE_TERMINATION_BATCH_SIZE: 0
==============================================
0,0,0,0,0,0,0,0,1,1,0,0,0,0,1,1,0,0,0,0,0,0,0,0,0,
0,0,1,0,0,0,0,1,1,0,0,1,0,1,0,0,0,1,0,1,0,0,0,0,1,
0,1,0,1,0,0,0,0,0,0,0,0,0,0,1,0,0,1,0,0,1,1,0,0,0,
0,0,1,0,0,0,0,1,0,0,0,0,0,0,0,1,0,0,0,0,0,0,1,0,0,
0,0,0,0,0,0,1,1,1,0,0,1,0,0,0,0,0,1,0,0,1,1,0,0,1,
0,0,0,0,0,0,0,0,0,0,0,1,0,0,0,1,0,1,0,0,0,1,0,0,0,
0,0,0,0,1,0,0,0,1,0,0,0,0,1,0,0,0,1,0,0,1,0,1,0,0,
0,1,0,1,1,0,0,0,0,0,0,1,0,0,0,0,0,0,0,0,0,0,0,1,1,
1,1,0,0,1,0,1,0,0,0,0,0,0,0,0,1,1,1,0,0,0,0,1,0,1,
1,0,0,0,0,0,0,0,0,0,0,1,0,1,0,0,1,0,0,0,0,0,0,1,0,
0,0,0,0,0,0,0,0,0,0,0,0,1,1,0,0,0,1,0,1,0,0,0,0,1,
0,1,0,0,1,1,0,1,0,1,0,0,1,1,0,0,0,0,0,1,0,1,0,0,0,
0,0,0,0,0,0,0,0,0,0,1,1,0,0,0,1,1,0,0,0,0,0,0,0,0,
0,1,0,0,0,0,1,0,0,1,1,1,0,0,0,0,0,0,1,0,0,0,0,0,0,
1,0,1,0,0,0,0,0,0,0,0,0,0,0,0,0,0,0,0,1,0,0,1,1,0,
1,0,0,1,0,1,0,0,1,0,0,0,1,0,0,0,1,0,0,0,0,0,0,0,0,
0,0,0,0,0,0,0,0,1,1,0,0,1,0,0,1,0,1,1,0,0,1,1,0,0,
0,1,1,0,1,1,1,0,1,0,1,0,0,0,0,0,1,0,0,0,1,1,0,0,1,
0,0,0,0,0,0,0,0,0,0,0,0,0,1,0,0,1,0,0,0,1,0,0,0,0,
0,1,0,0,0,0,0,0,0,0,1,1,0,0,1,0,0,0,0,0,0,0,1,0,0,
0,0,1,0,1,0,1,0,0,0,0,0,0,0,0,0,0,1,1,0,0,0,0,0,0,
0,0,1,0,1,1,0,0,0,0,0,1,0,0,0,0,1,1,0,0,0,0,0,0,0,
0,0,0,1,0,0,1,0,1,0,0,0,0,0,1,0,1,0,0,1,0,0,0,1,0,
0,0,0,0,0,0,0,1,0,1,0,0,0,0,1,0,0,0,0,0,0,0,1,0,0,
0,1,0,0,1,0,0,1,1,0,1,0,0,0,0,0,0,1,0,0,0,0,0,0,0,

0,1,1,1,1,1,1,1,1,1,1,1,0,1,1,1,0,1,0,1,0,1,0,1,1,
1,0,1,1,1,1,1,1,1,1,1,1,0,1,1,1,1,1,1,1,0,1,0,0,1,
1,1,0,1,1,1,0,1,1,0,0,0,1,1,1,1,1,1,1,1,1,1,1,1,1,
1,1,1,0,0,0,0,1,1,1,1,1,1,1,1,1,0,1,1,0,1,1,1,1,1,
1,1,1,0,0,1,1,1,1,1,0,1,0,1,1,0,1,1,1,1,1,1,1,1,1,
1,1,1,0,1,0,1,0,1,1,1,1,1,1,1,1,1,1,1,1,0,1,1,1,1,
1,1,0,0,1,1,0,1,1,1,1,1,0,1,1,1,1,1,1,1,1,0,1,1,1,
1,1,1,1,1,0,1,0,1,0,1,1,1,0,1,1,1,0,0,1,0,1,1,1,1,
1,1,1,1,1,1,1,1,0,1,0,0,1,1,1,1,1,1,1,1,1,1,1,1,1,
1,1,0,1,1,1,1,0,1,0,1,1,1,1,1,1,1,1,1,1,1,1,1,1,1,
1,1,0,1,0,1,1,1,0,1,0,1,1,1,0,1,1,1,1,1,1,0,1,1,1,
1,1,0,1,1,1,1,1,0,1,1,0,1,1,1,1,1,1,1,1,0,1,0,1,0,
0,0,1,1,0,1,0,1,1,1,1,1,0,0,1,1,1,1,1,0,1,0,1,0,1,
1,1,1,1,1,1,1,0,1,1,1,1,0,0,1,1,0,1,1,1,1,0,0,1,1,
1,1,1,1,1,1,1,1,1,1,0,1,1,1,0,1,1,1,1,1,1,0,1,1,1,
1,1,1,1,0,1,1,1,1,1,1,1,1,1,1,0,1,0,1,1,0,0,0,0,1,
0,1,1,0,1,1,1,1,1,1,1,1,1,0,1,1,0,1,1,1,1,1,1,1,1,
1,1,1,1,1,1,1,0,1,1,1,1,1,1,1,0,1,0,1,1,1,1,0,1,1,
0,1,1,1,1,1,1,0,1,1,1,1,1,1,1,1,1,1,0,1,1,0,1,1,0,
1,1,1,0,1,1,1,1,1,1,1,1,0,1,1,1,1,1,1,0,0,0,1,1,1,
0,0,1,1,1,0,1,0,1,1,1,0,1,1,1,0,1,1,1,0,0,1,0,1,1,
1,1,1,1,1,1,0,1,1,1,0,1,0,0,0,0,1,1,0,0,1,0,1,1,0,
0,0,1,1,1,1,1,1,1,1,1,0,1,0,1,0,1,0,1,1,0,1,0,1,1,
1,0,1,1,1,1,1,1,1,1,1,1,0,1,1,0,1,1,1,1,1,1,1,0,1,
1,1,1,1,1,1,1,1,1,1,1,0,1,1,1,1,1,1,0,1,1,0,1,1,0,

    Time: 2025-02-14 20:03:29
Version identifier: 22.1.1.0 | 2022-11-28 | 9160aff4d
CPXPARAM_Threads                                 24
CPXPARAM_MIP_Limits_Solutions                    1
CPXPARAM_TimeLimit                               900
Generic callback                                 0x20
Lazy constraint(s) or lazy constraint/branch callback is present.
    Disabling dual reductions (CPX_PARAM_REDUCE) in presolve.
    Disabling presolve reductions that prevent crushing forms (CPX_PARAM_PREREFORM).
Tried aggregator 1 time.
MIP Presolve eliminated 148 rows and 0 columns.
Reduced MIP has 432 rows, 168 columns, and 4928 nonzeros.
Reduced MIP has 168 binaries, 0 generals, 0 SOSs, and 0 indicators.
Presolve time = 0.00 sec. (2.40 ticks)
Probing time = 0.00 sec. (0.14 ticks)
Tried aggregator 1 time.
Reduced MIP has 432 rows, 168 columns, and 4928 nonzeros.
Reduced MIP has 168 binaries, 0 generals, 0 SOSs, and 0 indicators.
Presolve time = 0.00 sec. (1.29 ticks)
Probing time = 0.00 sec. (0.14 ticks)
Clique table members: 11.
MIP emphasis: balance optimality and feasibility.
MIP search method: dynamic search.
Parallel mode: deterministic, using up to 24 threads.
Root relaxation solution time = 0.01 sec. (7.72 ticks)

        Nodes                                         Cuts/
   Node  Left     Objective  IInf  Best Integer    Best Bound    ItCnt     Gap

      0     0       28.2222    34                     28.2222      340         
      0     0       31.6234    93                    Cuts: 52      392         
      0     0       31.8974    90                    Cuts: 50      432         
      0     0       31.9953    90                ZeroHalf: 11      453         
      0     0       32.0578    90                    Cuts: 26      485         
      0     0       32.1678    86                 ZeroHalf: 7      517         
      0     0       32.1785    90                    Cuts: 16      535         
      0     0       32.1974    87                    Cuts: 18      559         
      0     0       32.1984    92                     Cuts: 8      567         
      0     0       32.2242    88                     Cuts: 6      588         
      0     0       32.2350    87                    Cuts: 14      603         
      0     0       32.2377    89                 ZeroHalf: 5      612         
      0     2       32.3055    90                     32.2377      612         
Elapsed time = 0.60 sec. (337.35 ticks, tree = 0.02 MB, solutions = 0)
    713   529       46.0238    65                     34.6333    40078         
   1193   912       46.6447    94                     35.1649    76806         
   1576  1177       46.1667    57                     37.3901   100959         
   2049  1519       56.7228    71                     37.6000   129122         
   2408  1739    infeasible                           37.8305   149955         
   2736  1887       70.7857    18                     38.5888   166339         
   2984  1947       51.1875    83                     39.0000   175839         
*  3069  2229      integral     0       54.0000       39.2903   217400   27.24%
   3164  2227       52.1111   106       54.0000       39.2903   213758   27.24%

Cover cuts applied:  1
Zero-half cuts applied:  21
Lift and project cuts applied:  5
User cuts applied:  6981

Root node processing (before b&c):
  Real time             =    0.60 sec. (336.94 ticks)
Parallel b&c, 24 threads:
  Real time             =    2.25 sec. (1987.10 ticks)
  Sync time (average)   =    1.11 sec.
  Wait time (average)   =    0.00 sec.
                          ------------
Total (root+branch&cut) =    2.85 sec. (2324.04 ticks)
STATUS: Feasible
OBJ VALUE: 54
Explored Number of nodes: 3175
Unexplored Number of nodes: 1060



Status:Feasible
Program finished OK!
    Time: 2025-02-14 20:03:32
