ODD_HOLE_TERMINATION_PERCENTAGE is set to 999
Program searches for ALL odd holes and odd antiholes
==============================================
n:                                    35
ODD_HOLE_TERMINATION_PERCENTAGE:      999
ODD_HOLE_TERMINATION_BATCH_SIZE:      0
ODD_ANTI_HOLE_TERMINATION_BATCH_SIZE: 0
==============================================
0,0,1,0,0,1,0,1,1,1,0,0,1,0,1,0,1,0,0,0,0,0,0,0,0,0,0,1,0,0,0,1,0,0,1,
0,0,1,0,1,1,0,1,0,1,1,0,0,0,1,1,1,0,1,1,0,0,0,1,0,0,0,0,0,0,0,1,0,0,1,
1,1,0,1,0,0,1,0,0,0,0,1,0,0,0,0,0,0,0,0,0,0,1,1,1,1,1,1,0,0,1,0,0,1,0,
0,0,1,0,0,0,0,0,1,1,1,1,0,1,0,0,1,0,0,1,0,1,1,1,1,0,0,0,0,0,0,0,0,0,0,
0,1,0,0,0,0,0,1,0,0,0,1,0,0,1,0,1,0,1,0,0,1,0,1,0,0,0,0,1,0,1,0,0,0,0,
1,1,0,0,0,0,1,1,0,0,0,0,0,0,1,0,0,1,0,0,0,0,0,0,0,0,0,1,0,0,0,0,1,0,1,
0,0,1,0,0,1,0,0,0,0,0,1,0,0,0,0,0,0,0,0,0,0,0,1,1,0,0,0,1,0,0,0,0,0,0,
1,1,0,0,1,1,0,0,0,0,0,0,0,0,0,0,0,1,0,0,0,0,0,0,0,0,0,0,0,0,0,0,0,0,0,
1,0,0,1,0,0,0,0,0,0,0,0,0,0,1,0,0,0,0,0,0,0,1,0,0,0,1,0,1,1,0,0,1,0,1,
1,1,0,1,0,0,0,0,0,0,0,0,0,0,0,0,1,0,0,0,0,0,0,0,0,1,0,0,0,1,0,0,0,1,0,
0,1,0,1,0,0,0,0,0,0,0,0,0,0,0,1,0,0,0,1,0,0,1,0,0,0,0,1,0,0,1,0,0,0,0,
0,0,1,1,1,0,1,0,0,0,0,0,0,1,1,0,1,0,0,0,1,0,0,0,0,0,0,1,1,0,0,0,0,0,1,
1,0,0,0,0,0,0,0,0,0,0,0,0,1,0,0,1,1,1,0,1,0,0,1,0,0,0,0,1,1,0,1,1,0,1,
0,0,0,1,0,0,0,0,0,0,0,1,1,0,0,1,0,1,0,1,1,0,1,0,1,0,1,0,0,0,1,0,0,0,0,
1,1,0,0,1,1,0,0,1,0,0,1,0,0,0,0,1,1,1,0,0,0,0,0,1,0,1,0,0,0,0,0,0,0,0,
0,1,0,0,0,0,0,0,0,0,1,0,0,1,0,0,0,0,1,0,0,0,0,0,1,0,0,0,0,1,0,0,1,0,0,
1,1,0,1,1,0,0,0,0,1,0,1,1,0,1,0,0,0,0,1,1,0,0,0,1,0,0,0,0,0,0,0,0,0,1,
0,0,0,0,0,1,0,1,0,0,0,0,1,1,1,0,0,0,0,0,1,0,1,0,0,0,0,1,0,0,1,1,0,1,0,
0,1,0,0,1,0,0,0,0,0,0,0,1,0,1,1,0,0,0,0,0,0,0,0,0,0,0,0,0,1,0,0,0,0,0,
0,1,0,1,0,0,0,0,0,0,1,0,0,1,0,0,1,0,0,0,0,0,0,0,0,0,0,0,0,0,0,0,0,1,1,
0,0,0,0,0,0,0,0,0,0,0,1,1,1,0,0,1,1,0,0,0,0,0,0,0,0,0,1,0,1,0,0,0,0,0,
0,0,0,1,1,0,0,0,0,0,0,0,0,0,0,0,0,0,0,0,0,0,0,0,0,1,0,0,1,0,0,1,0,0,1,
0,0,1,1,0,0,0,0,1,0,1,0,0,1,0,0,0,1,0,0,0,0,0,1,0,0,0,0,1,1,0,1,1,0,0,
0,1,1,1,1,0,1,0,0,0,0,0,1,0,0,0,0,0,0,0,0,0,1,0,1,0,0,1,0,0,0,0,1,1,0,
0,0,1,1,0,0,1,0,0,0,0,0,0,1,1,1,1,0,0,0,0,0,0,1,0,0,0,1,0,0,0,0,0,0,0,
0,0,1,0,0,0,0,0,0,1,0,0,0,0,0,0,0,0,0,0,0,1,0,0,0,0,0,0,1,1,0,1,0,0,0,
0,0,1,0,0,0,0,0,1,0,0,0,0,1,1,0,0,0,0,0,0,0,0,0,0,0,0,1,0,1,0,0,0,0,0,
1,0,1,0,0,1,0,0,0,0,1,1,0,0,0,0,0,1,0,0,1,0,0,1,1,0,1,0,0,0,0,0,0,1,0,
0,0,0,0,1,0,1,0,1,0,0,1,1,0,0,0,0,0,0,0,0,1,1,0,0,1,0,0,0,0,1,1,0,0,0,
0,0,0,0,0,0,0,0,1,1,0,0,1,0,0,1,0,0,1,0,1,0,1,0,0,1,1,0,0,0,0,0,1,0,0,
0,0,1,0,1,0,0,0,0,0,1,0,0,1,0,0,0,1,0,0,0,0,0,0,0,0,0,0,1,0,0,0,0,0,0,
1,1,0,0,0,0,0,0,0,0,0,0,1,0,0,0,0,1,0,0,0,1,1,0,0,1,0,0,1,0,0,0,0,1,0,
0,0,0,0,0,1,0,0,1,0,0,0,1,0,0,1,0,0,0,0,0,0,1,1,0,0,0,0,0,1,0,0,0,0,0,
0,0,1,0,0,0,0,0,0,1,0,0,0,0,0,0,0,1,0,1,0,0,0,1,0,0,0,1,0,0,0,1,0,0,1,
1,1,0,0,0,1,0,0,1,0,0,1,1,0,0,0,1,0,0,1,0,1,0,0,0,0,0,0,0,0,0,0,0,1,0,

0,1,1,1,1,1,1,1,1,1,1,1,1,1,1,1,1,1,1,1,1,1,1,1,1,0,1,1,0,1,1,1,1,1,1,
1,0,1,1,1,1,0,1,0,1,1,1,1,1,1,1,1,1,1,1,1,1,1,1,1,1,1,1,1,1,1,1,0,1,1,
1,1,0,1,1,1,1,1,1,1,1,1,1,1,1,0,0,0,0,1,1,1,1,1,1,1,1,1,0,0,1,1,1,1,1,
1,1,1,0,1,0,1,1,1,1,1,1,1,1,1,0,1,1,1,1,1,1,1,1,1,0,0,0,1,1,1,1,1,0,1,
1,1,1,1,0,1,1,1,0,1,1,1,1,1,1,1,1,1,1,1,0,1,1,1,1,1,1,0,1,1,1,1,0,1,1,
1,1,1,0,1,0,1,1,0,1,1,1,1,1,1,1,1,1,1,1,1,1,1,1,1,1,1,1,0,1,1,1,1,1,1,
1,0,1,1,1,1,0,1,1,0,1,1,0,0,1,1,1,1,0,0,0,1,1,1,1,1,1,1,1,1,0,0,1,1,0,
1,1,1,1,1,1,1,0,0,1,1,0,0,0,1,0,1,1,1,1,1,0,1,1,1,0,1,0,1,1,0,1,0,0,1,
1,0,1,1,0,0,1,0,0,1,0,1,1,1,1,1,1,0,1,1,1,1,1,1,0,1,1,0,1,1,1,1,1,1,1,
1,1,1,1,1,1,0,1,1,0,1,1,0,0,1,1,1,1,0,1,1,1,0,1,0,1,0,1,1,1,0,1,1,1,0,
1,1,1,1,1,1,1,1,0,1,0,1,1,0,1,1,0,0,1,1,0,0,1,1,1,1,1,1,1,1,1,0,1,1,1,
1,1,1,1,1,1,1,0,1,1,1,0,1,1,1,1,1,1,1,0,1,1,1,1,1,1,1,1,1,1,1,0,1,1,1,
1,1,1,1,1,1,0,0,1,0,1,1,0,1,1,0,1,1,1,1,1,1,0,1,1,1,1,0,1,1,1,1,1,0,1,
1,1,1,1,1,1,0,0,1,0,0,1,1,0,1,1,0,1,1,1,1,1,1,1,1,1,1,1,1,1,1,1,1,1,1,
1,1,1,1,1,1,1,1,1,1,1,1,1,1,0,1,1,1,1,1,1,1,1,1,1,1,1,0,1,1,0,1,1,1,1,
1,1,0,0,1,1,1,0,1,1,1,1,0,1,1,0,1,1,1,1,1,1,0,1,1,1,1,0,1,1,1,1,1,1,0,
1,1,0,1,1,1,1,1,1,1,0,1,1,0,1,1,0,0,1,1,1,1,1,0,1,1,0,1,1,1,1,1,1,1,1,
1,1,0,1,1,1,1,1,0,1,0,1,1,1,1,1,0,0,1,0,1,0,1,0,0,1,0,1,0,1,1,1,1,1,0,
1,1,0,1,1,1,0,1,1,0,1,1,1,1,1,1,1,1,0,1,1,0,1,1,1,0,0,1,1,1,0,1,1,1,1,
1,1,1,1,1,1,0,1,1,1,1,0,1,1,1,1,1,0,1,0,0,1,1,0,1,1,1,1,1,0,0,1,0,1,1,
1,1,1,1,0,1,0,1,1,1,0,1,1,1,1,1,1,1,1,0,0,1,1,0,1,1,1,1,1,1,0,1,1,0,1,
1,1,1,1,1,1,1,0,1,1,0,1,1,1,1,1,1,0,0,1,1,0,0,0,1,1,0,1,1,1,0,1,0,1,1,
1,1,1,1,1,1,1,1,1,0,1,1,0,1,1,0,1,1,1,1,1,0,0,1,1,1,1,0,1,1,1,1,1,0,1,
1,1,1,1,1,1,1,1,1,1,1,1,1,1,1,1,0,0,1,0,0,0,1,0,1,1,1,1,1,1,1,0,1,1,0,
1,1,1,1,1,1,1,1,0,0,1,1,1,1,1,1,1,0,1,1,1,1,1,1,0,1,1,1,1,1,0,1,1,1,1,
0,1,1,0,1,1,1,0,1,1,1,1,1,1,1,1,1,1,0,1,1,1,1,1,1,0,1,1,1,1,1,1,1,1,1,
1,1,1,0,1,1,1,1,1,0,1,1,1,1,1,1,0,0,0,1,1,0,1,1,1,1,0,1,1,1,0,1,1,1,1,
1,1,1,0,0,1,1,0,0,1,1,1,0,1,0,0,1,1,1,1,1,1,0,1,1,1,1,0,1,1,1,1,1,1,0,
0,1,0,1,1,0,1,1,1,1,1,1,1,1,1,1,1,0,1,1,1,1,1,1,1,1,1,1,0,1,1,1,1,0,1,
1,1,0,1,1,1,1,1,1,1,1,1,1,1,1,1,1,1,1,0,1,1,1,1,1,1,1,1,1,0,1,1,1,1,1,
1,1,1,1,1,1,0,0,1,0,1,1,1,1,0,1,1,1,0,0,0,0,1,1,0,1,0,1,1,1,0,1,1,0,1,
1,1,1,1,1,1,0,1,1,1,0,0,1,1,1,1,1,1,1,1,1,1,1,0,1,1,1,1,1,1,1,0,1,1,1,
1,0,1,1,0,1,1,0,1,1,1,1,1,1,1,1,1,1,1,0,1,0,1,1,1,1,1,1,1,1,1,1,0,1,1,
1,1,1,0,1,1,1,0,1,1,1,1,0,1,1,1,1,1,1,1,0,1,0,1,1,1,1,1,0,1,0,1,1,0,1,
1,1,1,1,1,1,0,1,1,0,1,1,1,1,1,0,1,0,1,1,1,1,1,0,1,1,1,0,1,1,1,1,1,1,0,

    Time: 2025-02-14 20:04:01
Version identifier: 22.1.1.0 | 2022-11-28 | 9160aff4d
CPXPARAM_Threads                                 24
CPXPARAM_MIP_Limits_Solutions                    1
CPXPARAM_TimeLimit                               900
Generic callback                                 0x20
Lazy constraint(s) or lazy constraint/branch callback is present.
    Disabling dual reductions (CPX_PARAM_REDUCE) in presolve.
    Disabling presolve reductions that prevent crushing forms (CPX_PARAM_PREREFORM).
Tried aggregator 1 time.
MIP Presolve eliminated 4206 rows and 8 columns.
MIP Presolve modified 136 coefficients.
Reduced MIP has 2962 rows, 319 columns, and 36197 nonzeros.
Reduced MIP has 319 binaries, 0 generals, 0 SOSs, and 0 indicators.
Presolve time = 0.04 sec. (76.45 ticks)
Probing time = 0.00 sec. (0.48 ticks)
Tried aggregator 1 time.
Reduced MIP has 2962 rows, 319 columns, and 36197 nonzeros.
Reduced MIP has 319 binaries, 0 generals, 0 SOSs, and 0 indicators.
Presolve time = 0.01 sec. (9.57 ticks)
Probing time = 0.00 sec. (0.48 ticks)
Clique table members: 77.
MIP emphasis: balance optimality and feasibility.
MIP search method: dynamic search.
Parallel mode: deterministic, using up to 24 threads.
Root relaxation solution time = 0.05 sec. (44.97 ticks)

        Nodes                                         Cuts/
   Node  Left     Objective  IInf  Best Integer    Best Bound    ItCnt     Gap

      0     0       82.8264   165                     82.8264      849         
      0     0       92.2872   195                   Cuts: 121     1007         
      0     0       92.6642   196                    Cuts: 52     1136         
      0     0       93.1095   196                    Cuts: 47     1234         
      0     0       93.4234   195                    Cuts: 56     1313         
      0     0       93.5466   207                    Cuts: 48     1385         
      0     0       93.6453   202                    Cuts: 28     1449         
      0     0       93.7397   206                    Cuts: 43     1499         
      0     0       93.7697   200                    Cuts: 14     1578         
      0     0       93.7930   192                ZeroHalf: 10     1638         
      0     0       93.8657   198                    Cuts: 24     1724         
      0     0       93.9051   195                    Cuts: 15     1773         
      0     0       93.9302   203                    Cuts: 22     1829         
      0     0       93.9445   205                     Cuts: 8     1868         
      0     0       93.9575   198                     Cuts: 7     1893         
      0     0       93.9642   194                    Cuts: 14     1925         
      0     0        cutoff                                       1925         
Elapsed time = 1.78 sec. (2845.22 ticks, tree = 0.01 MB, solutions = 0)

Implied bound cuts applied:  3
Zero-half cuts applied:  41
Lift and project cuts applied:  1
Gomory fractional cuts applied:  1
User cuts applied:  38

Root node processing (before b&c):
  Real time             =    1.78 sec. (2845.22 ticks)
Parallel b&c, 24 threads:
  Real time             =    0.00 sec. (0.00 ticks)
  Sync time (average)   =    0.00 sec.
  Wait time (average)   =    0.00 sec.
                          ------------
Total (root+branch&cut) =    1.78 sec. (2845.22 ticks)
STATUS: Infeasible



Status:Infeasible
Program finished OK!
    Time: 2025-02-14 20:04:02
