00110111101010001111111101010111100110101000010110011100001111111100010001110001
00100011011101001110111011101010110000010011101011010000100111100111100010111110
11011100010110011010101001111011100001010100111011010011000011011000011001110100
10101001111001000110111000011101000110000111111111001111111101011101110011100100
00110111011010000111101100110101000101010001111111000111001111010100110100100101
10101010011010001110110000001001111001011100011000001101111101000101000000000110
11001100101101001101111110011110111100000100001111001111100111011111111011001010
11011000010111001001010010010000101010111011000110010001101011011011010111010011
10010010011001001001010011001111010001001011010100010100110000100100010001100011
01111101101111111000011001010100110000100101001000010011111011100111011101011110
11011110110001000110001100101101100011101100100101001000100000110101101111100011
01100011010000001000111000101001010010011111001001110001100110010011001010011110
10101101010000001110101101000010101001101101110001100010011011111100010011001001
01010011111000011011000101101101011000010111111001100011011100110011011011100100
00000000010000010101011000010101100010101110111010111010110100000101010001010100
00100000010001100110010000010011000111110101111100001011011010000000010000000100
11100111110111000000111101110001001001010000011001111111110101011100111010101101
11011110001010110001000110100000000110001110001000001101010000101000101001011010
11111100001011010000111100110101011011101100001101100100101100111001010000110111
10001011100001100100010011011101010111011100001011110101101011000010011110101110
11111110000110001010010110100011100111010111110100111001010000101111101011110100
11010111110100111011100011001010001010000111000001101010111100101110111110010010
11111010011110101010000110010001000000100101011111001111110010110101011001011000
10001010001011001110101010011111001100101101101111011010000110100011000010110010
01000011100000000101111100111000010111110010010010111111001000010111111100111100
11100000110011001001010000000000100110011001000010000100101001001001011000101110
01101000001101001110100010001111100101111011110011001000101011010101001010110010
10111011010000111011001110001101011001000100001001010000011110110011010011011001
01110110101101000001010110110011111001101001010010111100011011001010101101000101
10011010111001100011000100110001001111010001100101001001000010001101001111100111
11100010100010010000110100101000111111101100110000001110010110001001101100011100
10111100101101111011101100111100100000010001110010111010100000011010100110010000
11100111011010100000100001101011011100100100010111101011011001100111000010110010
01000110110101000011000010011010100010001000001000101001100011001001110111111111
00000111000011001010010100011110100100001101110000011001111101010001010110100000
10011010000000010101100111100110101011001111001000011011110001010000011000110110
10010001001100110111110011000110010101010101010000000011111100110110111100110111
00101100101010011011100010111110000110100100100000010011011100011011110001101000
10000001011010110010001110101010100001001100101001011110111011101100111000111010
01101101000101011001100011100101000010001000000000011101110110101101100000001001
10000101101110100111000101101010011100110001101110001011010101101001111010010000
00110110011111110111111100010010101111100001111110100111010011011100100010000111
01010001100101100100110010100000000100000001101111000101011101010000001001011011
01011001110111010000111101101101001110001110100110100001011110000110100011101000
01111000001011110000100100100111001001101111000110111010111111100011000111010000
10111100100011111000101010101011101010000100001101000001011001000111111101010011
01111110010101111111001100010000010100101110010000000011000110100110111110010010
10011011101000010010101100000100100000001111110011101011110001010010010111101111
11111011000000100001001111101001100000001111100101001101010010110110001000110110
01111010001111001011011100110100100000100010010110000000101111101100011101010110
00000000000111101011110010001001110000000101100100011100110101010001100000111010
11100001110100101001100110011001001101110000100000100000000001011001110001110000
10010110001000111100111110101111111100111000100110100110011111000001101011110101
10011110100000001111001011001010000000110110000010101001001100011111110000000100
00111010010011111000011110000011100111101100101100001001010001110001010111010010
00111111010101011101101010000100111111011111011110000110111110111111101101011011
01010111111100101011011001100001011110110000100101100001011111111100111111000010
00010100110011111100111000011010101111111111110110101011101100101111110110110011
10011101010011010011010011111000101011100011110001001101110011010111011111100000
11011110000101101010010100010010001011011011101001101101110011011001010001011101
11101011010110010001001100111110010000110101101011001001101101010110010100001100
11111111010010001001000001101000111100101110110101111010101110111110110000110101
11000000111011000110111100010000100010111000101011000011110001011110001010010100
10111011001111001010001010110001001111000110000110110111101111100100100000100001
10110011000010001110110001001111010001111100000001010101110101100110110010011000
11011110111010101000111010100100100010110101011011000101111011111000100101000111
01000011010101000001110110011001100011000001111110000101011011101001011110011010
01010111011101100010101111110110111001011000110000111111011100000010101100001100
01011010001000001100110010001011010011111101011000111101110001011101010010101100
10111011110011111011011011010000011111101000011101010110111111001010101011011100
00100010011101001101111011101110000110101010011011001001101000100011010111001100
00001001011000000001010010001111011010000000111101000011111010000111001001011110
01010011001111001001110100110101111000001101101100001010111000101010111000001001
10110011111011100100101000011100010001000011110101011011101100000100011100100010
11111000101001001011100111100100111111100001000110111000011001010000100001000101
11100001010100100110111110110011110110101010111011111011010101101010010100001000
01000010010110001101001011010010010001110011000100100001000110001011111110010011
01111100010101111011100011001110010110000100000111001100000111100101111100100000
01000111111100000111010101100100110110100110011111100011110000000110000101001001
10001001101010001010000000011100010010010110010100001001010101010100000010101010
