0111111001111011001101111111011011111101111111110111111101110110111110
1010011001111111111111111111111010111111110110011101010111111011101101
1101011111111111001111001010110001011111111100011111100111011111111011
1010111011101111111111100010101111111011011001111111001111111101101111
1001011110111101110111010001111111111011111111101111010110100110111110
1111101111101101100011111010011010101100101011111111111110101101110001
1111110110111111110111100111010110111011111110001100101101111101100111
0010111011101110111111100011101110101111111100111101111010111011111111
0011111101101011101000111010110111001010101010100111111111010111111011
1111010110111001110101111111010111111110100111000111111111011111011111
1111111111001111101111111111110101110111111101111111111111111111001110
1110101001001111111111011110011011111101111111111101111111110011111011
1111111111110011110001011101111111111110010111111101111101110011110011
0111111100110011111011111101111011110001101111100011111111110001111111
1111001110111101110111001010111101101111101010011100101111011111111111
1111111011111110011101101110001101011111011011111010101111011011011101
0101111111111110011101111111110111111001111111001010111010111100010111
0101101101011111101001101011100111111101111111111111111111111111101111
1111000110110101110101111101110111101111101100111111111010111111111111
1111101101110011101000100111101000111100111000000001101111011011100011
0111111100110110000001101001111111111111101111001101001001110111110010
1111111101111111111010110111101101011010111111011001101111110111101100
1101011111100101111111011101111011000011111111111011111011011111111011
1100110011111100101001101111011101111111011111111101111110011101011111
1110010011111111111010110111011001111111101011101001111111111111111010
1100001001111101101101111001011110110011111011111111010111101111101110
1111011111110011110101011001101110110011010110001110010111111001011111
1100101101101100111111111110101011100110101111111110111011110111101100
0111100110101110111111100011011101101011001110001111111000110011111111
1110111011111110101010111100101011111111111010101111111100101111111111
1101110100011111000111111111110111111011111111110000001101101011111111
0001101111101011111011010110101011111111101111001111011100011100111101
1101111111011100111010100111011101010110111101111110111011011000011010
1011100011111111111011111001111110111001110111010011110111111111010111
1101111101111110111110011111111101011011000111101011001110001111001000
1111101001111101110111011110011111101011011110001111001101111011111111
1111111111011011111111011000111101110111101111100011011110111001011100
1110010101111011011110011001010110001011111100101101110011111111111111
0111101111101011001011111111111110111100111010101011111111111110011011
1111101100110111111010111110111101111100101111111111110111111111111111
1110111111110110111111101101011111001111011111111111111111111111111111
1111101100111001110101110110011011010110100011111111010111100011111111
1011111110110111111111111101111110011111100011111011111110110011111100
1110101101111100111011110011101111111101100011011111110101011111111111
1100111011011111110011111111111101111011111101111111001111111100101111
1001110001111101110011111101001111101001111110001110111011111111010111
1001110110111101011000111101011010101111111010011110111111111111111101
1111010100111011011001110101001011000001111110101101101111110101111111
0111111100111011111011111111110110110111111111110111110111101111110111
1111111111111010011010010111110110010101110111111001111110111111100111
1011110011100101111000100111110111111011111111101001101111111101101111
1111110111111100011111111100110101111111111110011110111111101111111101
1010011111111111111101111001110011000111101101111111010111011101111111
1100110111111100111000111111110111001111111101101101101111111111111011
1001011111111111111111111001111110111010101011110111010110110110010100
1111111011111111010101011110011101111011111110111111111010111111010100
0111110111110111111101111111000011101111111011111111111101111111100011
1111001011111111010111101111001011010111110111111011110010111111100110
1101111100111100111011001111111001011111111011111111011111010011111101
1111001111111111111111111011100111011111101111110110111111101010110101
0111011101100011111100111110011111111111100111101111110111010101101101
1011111011100010111011111101010101100111100111111111111111001001111011
1110100111111011011111101101111001110111111101101101011111110001100001
0111011111111111011111111111111001111101111101111111110111101110100111
1111111110011110011111101101111100010101111110111111110011111111010111
1010110111011111101010111010111111011111111101111001111100110100100101
1111100111110111011001111111111110111111111110110011110000101100000111
1101101101100111111001010111111101011101111111111111101101111001111011
1011101111111110111110111110111011010111110111011110110011000101101101
0111011111011111111100110010111101010111110111111111110010111111111110
