00001000100000000110110010100101100100001010000010000101101000010000000000000010
00010110100011100010000001000010000000001000011001010001000100001000000000000010
00000110100100001000010010000000000001011010001000010000000000100000000000100000
01001100010001000010000000000100000011000111000000001100000010000010000000100110
10010010000000100001100101000000100000000000000001101100100111000000101100000000
01110001110000000000000000000010000000000001110001100001000100110000101000111011
01101001001010010001000000100010100100000000010010000000010010000101001000101111
00000110010000000000000000100000000000010000001011100000101100010000000011000101
11100100010101011100011000000110000000101010000000000110011010100101010000000000
00010101101000000000010001000100000000001100001010011010011000110010100010111000
00000010010010100100001000001011010000111011110000100000000001000001000010011100
00100000100000000001110000000101110011001000101010001010100000100000100000010000
01000010001000000100010010100110000001100100000000010011000010100011100000000100
01010000100000000010011110000001010100000010000001000010011000000100000101101000
01001000001000000001110010001000000000000010000100100100000000010000000000000001
00000010100000000001001001000010000100010000001000001000000000001001010000000000
00100000100000000000100000100011110100000100001000100010010000011000000000001000
10000000101010000010010000000000000100000010000000000000010100100000110000100011
11010000000001000100000011000001100101100100000010000000100110001011000110100000
00001010000100110000000001100111001000001100001001010010010000000001011000001000
10001000000100101000000010000000001000110010000000001000101001011000100111000011
10100000110111100100000101000000110000100000001000000001011010100010000000100000
00000000101001010000000000000010001010100000000010100011001010001001001001001100
00001000000001000000010001000000000000000001000000000001010001010000001010001010
10100000000011100010100000000000100100011011010000011000010000100001000010000100
01001000010000010011010100000000010100000100000000000010101001000101000000100111
10000011000010001001000000000100100001101000100000010000100000000101000100110100
00000000000000000000000000001100010100111000000001001111000001001101001000001000
00000000001000100000000000010010101001110000001000001000010101000011000110001101
10010000110110000001000000110000000000001001000010010000001010011000000001010100
01000110101010011001001000001000100001100000000100011000000110100010010000001000
10000000001101001011000000000000100010101100100011010000010001010100010001000011
10001010000100001010010010101011010010010000000110001001010000010100000001000000
00000000001101001000010001010000101000001101100111100110101100100000001000011110
00000000000000000001101000001000010000001010001000100000000000001111000000000001
10000010000001011110000011010000000000000001001000000000100000100000000000001100
00010000000100000000001000000001100000001101000001001000010100011000000010000000
00110000000110000010000000101010000000101010100110010000001101000001010001000000
00000000101010000010111000111011000001001001010111100111111000110001010011000000
00100001001000010000100010011000100000000000000100100000010100100100000101000000
11100000111100000001000010110101011011100100111101000000011000001101010000100000
00010000010010001011000001000001010010001011011000100100110111000000000001100000
10110000101001100100100010000000001001000100010110100100010010001000000101000000
00010100001000000000000110000100010110100100001000000010000001001010010100010000
00000100001100000000000000100001010001001000000100000010000000001000000100100000
01000110001000000000000010000000000000101110001010000001000110000011100011000000
01100001010100011001010000001000001100001101010010001000010000000110100100000100
00000000000000100000000000000010110001111010100000000001001001110011000001101010
10000011010100000010001000000101110001100010011001000000001101100010000010000100
01001101000001000001000000010001010010101000000010000101010100011110100001100100
00001101001000101000001000000000011000110110000000000101000100100010001010010000
01100000010010000001000010100111000001000000000000000000000101001000000001100000
00011000010100010000100010011010100010000000001000000001000000000101100000010010
10011000100000100000000000010000010000100110000001100000001100100001000000100000
00000000110111001001001001010000010000100001100000000000101000110000001000001000
11000100000010000000011100010000100000100000010101101000010000110100000100101011
10001001000100000010100001100000010100100100000000000010001000001000010011000111
00000010110001001101010110001001100010111110001001000001000000000010100001000100
10000001110001000000111001000100010001101000000110000110100001000010000001000110
01001101000000000110000000001010010011010100010011110100000000000100101001101101
00011010100010000010011000000110000000000110010000000000000000110010011001101001
00001000001000000000100101011001000001000101000110010000001000001111100001000001
00100100110110000100010010000010010100110000000110100111000010001000000010100000
10000101010000101000100100000101100010100000000101000011000010000001000001000010
01000000000000011010101000010100001010001011100001010000100001100001000001000110
00000010100001000000000001110001101000011000001001001001000101000000000011111100
00010000010010000010010000001010001000000001011111100000011011000001100001010000
00000010101010010011001011111000001001101000010100001100000001011010100010011000
00001100010110000100100000000000000000000000011001001000010101000011001100000001
00000000100000010101000000000011000001101001000000000000100010000000000000000011
00001110000000000001001100010000010000000000000000100010000110000000100010000000
00001000000001000010100000101000000000010011101000000001000000000000100000001100
00000001011000000010100110001000000010100000010010100000100000100101001001001000
00000001000001000000101000000101100001110110010101010000111111011110000010100010
00110110010001000110010001100000000000001100100101010101000110100100000001011101
00000100011100000000000000100100010000000001000000101000000000000111000000100000
00000110011001001001001100011010010100000000000100000011000110000101000110100010
00010011001010000000001011101100010100000000001011000000111100001100000100100000
11010110000000000100100101000001010000000000000100001001101000011000010001001000
00000111000000100100100001001001001000000000000000000001100111000000110000100000
