000011100000011101110000000010101010111111101000000110111110
001010000100110010000101111010111000011010101110001010010000
010110000110111001000001010001101001111011100001000010010011
001010100100000010111101110100111011101010101100011000100110
111101010111000110101110001111001000000101100101000111001001
100010000001111010110001011010011011010011111010110001001110
100100011101000001000100110000011000110010101100111010111110
000010101011110000011011111110101010001100010100110100010101
000000110110100010000001101011101001000101111010010001010110
011110101010010110110101101001100100111110011011110100001110
001010011100011110101000111100011110100000001110000111001101
000011110000111110001001001011001110101011010000100000001101
011001011001000011110101001101001100001100101111001000111111
111001010111000111000101110100110100001111010011111110100001
101001000011000001100100010001110000010011010010000001110011
100010000111010010011101000101111010100001011110001001010001
010111001111110100011100001010011110000001111110011101110101
101000100000111000001111001001100010001110111110010011011001
100111000110101000000101101111011101011011101111111011010110
100101010100100110000011111101110111101100000010000110000001
000110010011000111000111110101110011000111000100100101110101
010110100100111111101001110000001011001111101110100101011100
000010010000000001011001001011001111101000101110111010010000
011101011101110101111110010011110101011000101011111000100001
010100111110010000111100010101010010010110101111100011110000
011101110010011000011101101000110101011110011110001001100000
010011011111100011110010010110110010011100011101111111011100
000110010010110100111000101000110001001110000100100110000110
110011011001000010100011001001111110000011001001010000111101
001010001101101101111011100010100100100010001000101001110110
111100011100011101011001011111011000110111011111000111101010
010101100010011110111001111110100011101111001000000100011011
111111111011100110100110000010100011000000110011001001011111
000000000111110010110011010011000001100000111000000010001010
100101010011000111011110101010011001011110010000011011000000
001101001000000000111111010100011110111100010001110110111001
101100100111000100010010000001110101001101010001010010111001
111001100100001000100001111000100011000001100011110110011011
111100010101110001110111011100010011100110011011100000110111
100010011100110001011100111100110011101010001101101101101001
111101100101011001101100110111110010001100001000010011010001
101011001001011110101100000010110000110000110100111101010110
111111101000100011100111100000001100010001000101011010111110
000001011101011111000000011000101111101001000000001000001011
110101101110100111100111111011110100001110000100011001110110
010110110010100111101110111100100000000101101000110011001101
010001001110111111110111110000101000011000000001001110011110
001010000100110000100001101010101001111100100010001111110011
000001110101010000101111101101000001011101000100010011111111
000101111100010011100011001010000011110011101100101111011110
010100100000110110100011011001001010000101111011010001011100
100010010110010010011100001100110001010101000011010001011001
111010100010010001110010101100100111110010100111110001011111
000011001010001111101100111001101010000111001101111110011010
100100100000111010001001110011100001101100101001100000011110
111000111000101111101110101011011001111011101011111111101001
100011100111100001000100001010111101110100110110111111110101
100101111111100010101100001111001000001001101110111010101000
101101101100101000100000000101111100011001111011110011100000
001010010011111111011001000010011001111110010101100110011000
