011101111111111110101101111010111111111110111101111110111111
101111111111110011111111111111101001111111111111111111111111
110110001011101011010111111111111010011011111011111110111111
111010011110111011110111111111110111111111111011011011111110
011101111111111101010111111111110110111101001110000011111101
110010101011001111111011101011111101110110111111111111101001
110011010101111010001101010111101111101111010110011011111111
110110101111001011000111001011111111111101111111011110011101
111111010100101111111111111010111111011011010111100111101111
110110111011101111100001101000111111011111001101110011111110
111111010100011110111111000111001111110011110111111101111111
111011110100110111111110100011110111101110111111111111111101
111110101101010110111001011111111011011111101101101010111111
110110100011101100111101110011110110111001111110010111111101
101111111110010011111111101111011111111111011111101001011111
100011001111110011111111111111011100100111111101001111011101
111101111111101101100111100111101110111100011011011111111110
011111011101001110110111101111111110110111111111100111111101
110101001111111111011111111111111001011101101010011111110011
011111001011111101100011010110111111100101101101100010101111
110001101011111100100101010111111111011111111110101100011111
111110111011011111101011111111110111111011001011101101011101
011111011011001111110101110111101111010111101111000010001100
111111111110111111111110010111111111110101111111111101111111
111111001101011111100110001101011111110111110011111100111011
111110101000110100111111001111111111010011100011111011111011
111111011100101101100100110101111111111111101111111101101111
011110100010101111111111111010011111001101011001011011111110
111111111011111111111111010101010111011110011111111111111011
011111110011111111101111111010110001111110011111111111111111
111111111101110011111111011001011000101111011011011110101111
101111011101111101111101111111101110111111111111111111111111
111001111110101111111011111100110111110111111101111111101101
100111111111011111011111111110011010001110000111011111111001
101110111111111011011111111110011100101011111011101101111001
110101111111101000111111111111001000111111100111010110110010
110111110011011111010101101001111011001110111111100111111101
111111011110111011101111111011011001000101101011001010001011
111110111101111010101100001111110111100111011111111111110110
110111110101101111111011101111111101111001111111010111111111
111101101111101101001110111011111111101001111111111111111111
011110111110111101111111111100111011011110010100111111110111
111101010011110101111011111000011011110110010110111111110111
111101111011011111001001100111111010101111101001111011010111
111111010101111111111111001111111010111110010111011111101111
110011111111111101011011001011011101101111101001111011111001
011111111011011011101111111011110111111110101001011111110111
111101011111101111010111111111111111111110011110001001011111
111001001111101001011101111011011010101011110100011111111011
111101110111010010100001111111111101001111111110100111101111
111101110011101110101101111111111110011011111111100101101001
111001011011010111101101101011111111101111101010111011110100
111111111101110111110010010111111101111111111110110101101111
010111101111011111100101011111011110101111111111111110001110
111111101111110011110001111111111111101111101110111110011110
111110110111111111101101110111010111101111110111100100101101
111111111111111111011111111111111110110110001101111011110111
111110111111111111011111001101111000101111111011010111111011
111100101110101010111001111111110001011111111011110011101101
111011111011111101111101111011111110110111111111111010011110
