0110101000010000000000000001001000011001110100000000010010000000001000
1000000010010111000000000110000000010000011100010001000000001110000001
1000101111111001000111000000010000001000000010000010001101100000000000
0000110011010010001100000001001000011010000000010000000001001000110100
1011000000000010000000100010001010001001000000100001000000110010000010
0001000010001100010001000001001100000010001100000001000000000000000011
1010000000110010010110000001000111000000010011000100101000100110011000
0010000011010010000101000000000010010110100000010010001010000010100000
0111010100000010000010010000001100000001000100000000000000010001010110
0011000100010110000000010000001000110010000010100110010100001000000000
0010001000010000000000001100000100000000010000010100000000000000110000
1111001101100000000001000010001001101000101010000000000000001010010000
0010010000000100010000100000000011010100100101011101000000001001100000
0100010001001000000010000010010000000000000000100000101101000000110010
0101101111000000100010000100011000100011110100100000100001000000000100
0110000000000000101100001101001000110000000000001010001000000011000010
0000000000000011000000001010000000111000000100010001110001000100001100
0000011000001000000010000100110100001001010001010000100000001000000000
0001000000000001000100000110000000001010000101000000000110101000000001
0011001100000001001001010100000001000010010000001000100001000011100011
0010001010000110010000100010001001010001000000010001001000001001000010
0010010100010000000100000000000010110010001001000001101001100000100000
0000100000001000000010001001110000000000000001000000010000100000000010
0000000011000000000100000001000000000010000001001000101000100010010001
0000000000100001100000100110001011110001000010010010001010100100000000
0100000000100011011100001001000000000011100000001100011110000001010000
0100100000010100101010001000000000100000000000010100010010000000000001
1001011000000001000000110100001001000111001000100000010100000100000000
0000000000000000010000100000010111000000100100100000111010011111000100
0010000000000110010000100000100000000001001001100100000001000000000101
1001110011010011000010001001000001000000010001000100101000000100000001
0000011010100000010000000000100010010001011001001110000101001000000010
0000101100001000000001001000100100010010000011000000000011100000000110
0000001000011000000110001001101000000000001000010001010000000000011101
0000000001010011100001001010000000010001000001010000001011000000000001
1101000101001001100011001000000110101000010000010000000000000101010000
1011100000010000111000000000000000010000011000000001001100000100000011
0000000100001000000000000001000000000000101110001000010100000001100000
0001010101000010001101010101000010000000000001000000000011010100001000
1000100010000010010010001101010100100000100010010000100001001001100000
1000000100011010000000000100100000000101000000011000000010001000000011
1100001000100010010100000000001100011000000000000001000000101101000011
0100010000010000000001000001010101001100000001111110010000101010000000
1100010010001010101000000000100000000100000000000101111010010010010100
0010001001010000000000001000000010000101000000000001000101001110001001
0000001000001000011001110000011110100010001000000010000000001010001100
0000100001000110000000000001110000000000001000000010001000000001000000
0101000100101000110010001010000001110001101000000001000000000010000000
0000000000001001000100010100000100000100101000000110100001000000011100
0000001001101000000000000110011100000000001100001000000100000000100011
0010000101000001000000001000000100000000001001101000101000111101000111
0100110000001000100011000000000001001000010110010000000010010000100000
0000001000000110110101010000101000000001000100001010011001110000000010
1000000001000000100000100111100001000100001100000000100010110011000000
0010001100000101000011011100101000101000000100100010100001010000111000
0010000001000100001000000101000100001100000010000100000000000011100001
1000000100000000001000001110100010100010100100000001010000001000101010
0011000000000110100101000000010110100011000010001000101000100000001000
0010101000000000001001111000000010000000011000000010110001001100010000
0000100010000000000000000000100000000010000100000011111000000000000000
0101000001011000011010000000100100000001111011000010000010100000000110
0100001000000000100000001001101000011010010010000010000000100010010001
0100101100010001000100010000100000000000001111010000010100000100100000
0000000010001001000110000100100000010101010000100010010100000000001100
0001000100101100000101000000000000000101000000000101001110000010001000
0001001010110100000000010100000001010000000100001000001000100100001100
1000001000000000100000000000000001000010000011001000001011000001110101
0001000010000010100000000000110011000000000101001010000000001001011001
0000110010000101000110100000000110001000110000000110100010001000000000
0100010000000000001100010010011001101000110010000110000100000100001100
