01000100100010010110100011000011111000100111000010111011011010100
10100010000111111100011010111011000000010001101000100000011101110
01000111011101110101111010101100011100010110100001001101111000001
00000000110111011110001101111001000001101000111011110100011101010
00000100100100101100001010101111000101101110110110111101011000011
10101001010110010111100100000101010101110010010101111000001000100
01100000011011101110110111100011111011100011101011001011111111001
00100100111111010101101001011010000000110001111110101110111001010
10011001011111010110000111110011110111111010110101001011101111001
00110111100010010010010010011011101000001011111010101111111001111
00100011100000101010001000010111010011011110001010100010000010000
01111101100011001000011011110000101000010111010010001001001101010
11010111110100010101001000111100101110010001000011000000110001001
01110011100100110011101001110110101001010010110001100100010001010
01101010001001010111000010111000101000110110011101111011101101001
11110101110011100010011110010010100001111100011111000101011010101
01011010001100000110010100010111111011001011100011111110001101100
11111111100010101001100010000100101000000000111000110011011110100
10010110111001111001101001100110011100100010101100010011001111010
00100101000011100110101010001011011000000100100100111101101100001
10100111000001000111010111011101111001101111111000010101111101000
01100010010100011000101010100000000000100000111010011010100011100
01111001001111010011010101000000111000010010001111101011110001111
00010110100000011000101001011100101010111100001110011101111001010
11101010110100110101110000100010111010010100110100110110101011111
10010011100101000010101100101000000110111111100010000001111001110
01111010100111100010010011000111100110110001110101110101110011110
01010001111111111000100100001000001010001010000000011111011111101
01111001010010100001100101010010011001100110010010100101101001010
00101100001011001110100100100010110011000100111001100000001101110
11001011111001011011000010101101000100111011011011111100000111100
11011110111000001001100000100010101010111101011100110010101101010
10000010110111111100101110100101010100010111100110110011110010000
10100110101000001011101010001100101100000110101011010001010001111
10100010010111101111101110011001010110101110011001111101001110101
00101100100010000010000001100010111000011000011110111000001000011
00000010101010001000000111110101001000000101101011000000000011110
00011110101001011000100000001100000000110011011111001100100010110
10011111100000110010110101101011001001011101001011010110111111010
01100101101111110000001111100011100101100011011100101000101111111
00011000111000011000100101010011001100100000011001100010000001101
10101000001100110001100111001101111010100010100101110110011010111
10101110111101101010101001011010111001010101011001010100110000110
11000011010110001000100001100011100011110010011010111011011100100
01111011110001001111110011100100110010000100011000101001110011100
00011101110101110100110010101111001101011011100111111011000111111
01010011011000110110111100000111011111111011100101011101110100110
00001101100000110011001110100001100101010100011001100110110001100
10011011011110011000011101001010110111100001010001000110010001011
00110110100011111000001000100110011011101110011110101000010010010
11011101011001101101001010101111101100011101110101001000110001110
10011100000000101111110110110011111100100111011000000111101000100
10101111110100101001011100010010001101010001111001100101000110110
00111001010001011001100110111010001001100110001110011011111011110
10000011111000101110011010010001100000101101010110010100010001111
10101010110100110111101101111000111000000001111000011100001011010
00100011110010100001111111101001100001110010101100110100011110111
11111011010011010100101101110000110000100111101111100110100011010
11111111110100111111100111011101001100110101000000010101100010000
01010010100100101111100000010111001000110001011000001000100000100
10000010101000010110010010110010101011110100110001001101111000010
01010011110111101010111111111111010010111000110110100111010000001
11000100010000011100011011110110011011011111111100111110100100001
01011001010101000010001111101101010111110110011011101111110010001
00101010110010110001001010010000011100011100010010000010100001110
