01111101010101101100001111111101111101111101011111100101011011011
10111110111111111111111101111111110011100010100011011111011101111
11011111011010110111111011101111111100111101001110000111101011101
11101011011111001111111101110110011101011010011101100100111111111
11110111000111111010101110110101110111111011111101101111111110111
11101011111101110111011001001001111101111111100111111111001111101
01111101110111111011011101111111111101011111111110111111101110111
10111110011110111110001011011111101110101101111111011101111100100
01000110011000111111010111110111011111101111010011111100110111111
11110111101010111111110110111110011111101111110011111011011001111
01110101110111011111111110110111110110111111001111101011001001001
11011111001011000010011111111110111000111011011101110001101110011
01111011011100110111011110110111111010011001110011011001111111000
11011110001100001110110011011111110010011110111011110100111111111
11101111110010010111111111111111011111011011111111111111011111010
01101111111010101101001111011111111111111111111110111110011110111
11011011111001010111011111111111110110010101111111101001001110111
11110101111011111001101111110101010011111101011111101111001011011
01111111111111101001011111001011111111010101011111011011101101110
01110110111010111110111011110011001111001110110011100111111101100
01111000011001100101011010101111111111111011100111011001111101100
01110110111111101011101011011101000011111111100101100111111111100
11111111001110111111110111011111000001111101011011110111111110101
11011010111110111110001001100100001011110011100011110011100011111
10101001111111111111111001010111011110111110111011101110011111111
11110111100101111111011110111111011110111010100110111111011011111
11111010111110101101100101001001110011001111111001101111101101111
11011011111111111101011011001101011111111100101110111010001011111
11100111010101111010111001110110111101110001101111110111110011010
11111011111111111100111111011011101011101111001001111111010010001
01110011111111111011101011001101111110111111111101111111111110110
11101111101011111111111011110110110111111111111010111000111111111
11101111001111011010100000101111001011110111011101101011111011101
11111110111111111110100011111011001111111111101011111110110101111
10110111110110110011100111011110110011100111011011111011111111111
10111111111000111011100011011011010011001011101101111111101011110
01001001111011111111110111110111111100000011110001111101101110101
11011110110000110111111100111101111100001001111100010111100111100
11101101111100010100111111011111111000010100011011010101100111101
10111110001111111110111111011011110000100111100111011101011111111
10111111111111110101111011110111010101000111101111100011010111010
10100111111001011111011010110111111000111011001011111011111111111
01011110111101110001110111100111111110011100101111111010111011101
10101111111110111110111100101111111111011100101111111111001001111
01001111010011111001110111111011010111011011001011111110111111100
10011011110111111111001010100011101011100000000100111110001101101
10111011001101111110001010111111111101101111100011111011111110111
10111111001100111110110001011010100101011011010010110000110100111
11100111111011111111101111011001011000111111101101110111110111110
11011101111111101111111110101110111110111111101010111111111010000
10011110111101111101011111111111111110001111111111000111110010110
01000111110111110010101101011111011111110111111111000011111011110
01001111111010111110100011110111111110010111111001000111111111010
11111111100001110101011011101110010111110001110011101011111111001
01101110011000110111011111111110111101001111111011111100110111101
11101111011110101111111101101110101111111101001011111100001111011
00111011100111000011111100101011111111100110101111111110011111011
11011001110011110001111011001111111000011110101111111110100111001
11111111011111111111111011110011101110010111111001011101100011110
01011111100111111011111010100011011011111100111110001111110001111
10111110100111111100011111011111101111111110101011111111111001011
11110100111011100111110111111001111101111111110010011111111110111
01111111110001011011111111110011111111110111111110110010001101011
11011010110101111110000111111011011100011101001110111001101111101
11111110111101011100001111110101111010110111011100000111110111110
