01111100000001000101100001001111010000000010011100100001001011000
10011010000010000000010000110000001000000001100000100000000000000
10010001011000010100110000001011000001010001110110010010001010001
11100000000000000000011101101000001000010010010001110111001000000
11000100001000000011000001000011000000001000000110000111011001101
10001000100010100100000001000100001100010000000011011000010000101
01000000000000000101101000100010000010111100000001001000001000000
00100000001000110001010010000000010100000100000000000000101010010
00000100011000100011010101000000100110100000001000110000001001011
00100000100010000010010101010001001000100100100100001011001010001
00101001100011001101011000000000000000100000010000010000011001000
00000000000000001000001000011100000101100000100110000100000010000
01000100011001011000110000000010001001110000001000000000000000000
10000000001010011010000000001000001010000110000101011001100010110
00000101100000010100100000001000010000010010110000000000000011010
00100001000011100001000000010000000011000000100010001011001000010
00000000001111000100010000000001000011010000010100001111000000000
10100110001000101000001000001000001001000000001000101000100001000
00001000110001000000010000000010001001000001100110101100001001001
10001011101000010000000010000000010010100100100000100111000010000
10100010000010100000001010000001101100000000001001011000000000100
01110001111010001010001000100110000001010010001000101000000000010
00010010001100000100110010000010001110011001000000011011001101000
00010000110000000000000001100000000000001000010110001100000010000
00000001000000000001101000110001000000011001000000000000100000000
10011100110000000000000100100000010001001101100000001001001000100
01010010000000000000010111010010010111001000001100101000000000010
01000000010100010000000010100000000000101001100000100100010001011
10110000000101100100000000000100110000001111000101001100100000000
10000100000100000000010000001000111000100001110000100101000100101
10101010000010000010011000100000101000111000100000001000001010000
10101000010000001000100010000000100000000010010000010000110000000
00000000100000000000100000001111000010001100000000100000000100111
10000001000000100001000001101100000000111000000001110100000000110
01010100010011000110101000000110000010010000000100011100100011001
00000101100100000000101000100000000001101100100110000000000010010
00000010100001011001001000100000101000000011001000000000001000001
00100000000110011110010001100000000100000011000001010000001000101
00000010111110000001000000010110010100000000000011000000110100100
00110110000010101000011010000010011000000010000101100000000110000
00001010000000000000001111111010110100000000001000001100001000001
00000011010001000001000001001000100100000000100000000011000000001
10010000000001100000010000001001000011010000000010001000001000100
01100000000000000010001011011100000011000000010000010000010001010
01100000010100110011000001010110000100000100000000111101001000000
10110000001000101000000100000101000000000001000110000001100001101
10000000100010000100110000100000000010001000000110001100010000011
10101000010101001010000100101000001100010000011001010010010000100
00101100000100010010000100000000000100100010011000000010100100001
00010110000001000000100000001000010001110000000100100000000010000
11010000100000000111010000110100110000010000100001000100001011011
00110100101001000000101000000001011001000001100100000010100000100
00000110010001011110111101101010001000001010101000000010001011000
00011000000100001011000100011100011000001000101000100010000010000
00111000010000011001001000000000000000000100000110011100101010010
10011000010001011001001001000100000000000100110000000000000010000
00000001000001000100000010001001001000100000010010010010000100010
00001100001000000000000000010001000000100001001100000000000000000
10111011111000010010001001000010000011001010100000101010000100101
00000000000000000000001000000100100000110000000010000000101010000
10100001010101100001000100000010001100010000000001101111000100011
10001000101000100110001000010000001000000001010000101000000000100
00001100000001000000100001000100110001100010010100010000001001000
00000001100001110000010000110000110100000001001000100010100010001
00101100110000000010000000010100101011001100011010100000001010010
