00000001000000001000001011100010001001100101001100
00110000001100000000000000001000010011000001110010
01000010100011100100000000000010010100111100000100
01001000000100100000000001001000000001000001000000
00010001110000000001001000001110010000100000000100
00000000000000001000101100110001010100001010100100
00100000001010011101000000000000000000100000000001
10001000001100001000000001000000011001010011100011
00101000000100100000100110000010001100100001010101
00001000001000000000100000000000000100011100000001
01000011010100000100000010010001000011100000000000
01010001101000100001010010000001010010000010001000
00100010000000001011010110110000001000010000010000
00100000000000000100110001100011000010000100100000
00110000100100000000000100000000100010101000100001
00000010000000000001000001000001000100110100000000
10000111000010000010000000001010100000000000000010
00100010001001000000000000100100000010100100110000
00000000000010001000000100000001000000100001100101
00001010000110010000100100010000000000101000010000
00000100110001000001000000000000000110110100010001
00000000000111000000000111011000000101000010001000
10001100000000000000000000100000110000000101000011
00000100100010100011010010111101000100001000111000
10000000101110000000010100001000110110000100000000
10010001000001010000010000100001000000000100100110
10000100000011000100001101000000000000000000001000
00000100001010000001010100001000000100110100001000
01011000000000001000010110010101000100000000000101
00001000000000000100000100001000000100000001010000
10101000100001001000000000000000000011001000000100
00000100001101010010000101001000100000010001000010
00000000000000101000001010000001000010001001011000
01101101000100000000001010000000000000000000011001
10000001100010000000000000000000000000000101000001
00100100110000010000110110011100000000100010010100
01000000001101100100100010000010100001100010101000
11010001001000000000010000000010000010000011101000
10101010101000110111100000010000000110001000000001
00100001010010010000100000010001000000000000100000
00100100010000100001000100000010100000100000101000
10100000010001010100101011010000001000000001000000
00000101000100000000010000000000000111000000111000
11010001100000000010001000000101101001000100100110
01000101000001100110000101000000000011011011011010
01000000100010000101100100000100110100000010100100
10000000000100000000010100110000110011001010100001
10101100100000000010000001001010000100000001010011
01000001000000001000001001000001000000000001100100
00000011110000100010101000001000011000100000001100
