00010110000000101010010100000010000001100101110011001010000000000
00000010000010000000000000011000100100110011000000010010010000101
00001010000001100010000101001000010000000010000000000000010000100
10000000101000000111000010010000000000101010000000000101101000000
00100001110101110000101000111001000100001100010000000000000110000
10000011000000001100010000001000000000001011001000001100100100010
11100100000000010100000010100011101000101101000010001010000000010
00001100001101010011100001000100111000010001000000001100010010011
00011000001010010110100011000010000001000001110100000000001010001
00001000000110010000001010100000000010000000000001010001100010001
00010001100001100100000011000101001111001001000001010000010000010
00001001010000101001100000110000001000010010001100011000000010010
01000000110000000000000000110011100001001101010110000000010000100
00101001001000000010000010100000010110001000000000001001110010100
10101000001100000001000000000010100011000000001010000010000010000
00001011110000000011001000000000100000100100000100000000010110010
10000100000100000000101010001000000100000000010010100010110001000
00010110101000000010000100000100100001001000100100000010100100000
10110001100001010100000111001000010000001001100101010111000000011
00010001000100110000010100010101100101100001000001010000000001000
00001001100100001000001000010000001110100000011101011000101000000
10000100000000000001000000101100100100111010000000000000010100000
00001000010000011000100001100000100010010000100001000100001000010
10100000000000000111000000100100011000101000000000000000011100000
00010010111001001010000000000010001100000000001000101000000010010
00100001101000000010001000000011001011001001100001000000000011100
00001010010111000000011100000000000001000010010000101001100000000
01011000000110000001100000000001001000100100100000110010001000000
01101100000000001010010000000010000100010110100000010010001000010
00000001001000000101010100000000011000000100010010001000101010000
10000010100010100000000011001001000001000100000010000001000001100
00001010001010000001000001010010100000100011000000000001010111010
01000011000010110101011000000001001111011000010011000000010010000
00100001000001000010000100000100000100000100010010010000001010000
00000011001100000000100111010100100001001011101100000101000000000
01001000001001001001110010001000110000100101000000000001010000000
00000000011001100000101001000000100000010000000010000100011101000
10000000101010100101000001100010101000000000001101001000100000000
11010010000000010001110100010001000100010000001010110100010000101
01000001000100000000011000001000100010100010000111000000000010000
00011110001011000110010101000000101000000000010011000011000000000
10001010000010010000000000011110010100000011000010000011000010100
01110100000100000000010000101001001000010101010001010010000100101
11000111101010000011000001000001001100000110011000111010000000000
10000000100000000110001001011000001000000000000010100000000011000
10001000100010001000100000100100110000001011001000110000110000010
00000100000100100000100010000000001001100001010001101101011010010
00000000100110010110100000000000001001010000000001000010001000000
10000010000010101000000000000110110010111100100001000001100101000
10000000011000000011101001000000100001011010001110000100011101000
00000000000000001000000010110000000000100001111000000110000000100
01000000011100000011100000011000010000100011010000000000000000100
10000111000101000000100010100100000001000001001000000001000101000
00010101000000000010001000000000001010100000001001100000100000000
11000010000000101110000000011000000000001111000100100001000010000
00010000010001000010000000100011001100001100001010001010000010000
00010100010001001100100000100100000001000000010010000100010000000
01100001001011011000010100000001100110100000011001000000100010101
00010000100000000000101100011100010010000000001101000000000000000
00001100000000010100010100000001000010000010000011001000000000000
00001001110101110000000011000101110000010100101000000011010000000
00000000000000001001000001000011000010000000100011001000000000000
01100000000011000000000001000010000000100110000000110000010000000
00000111001100010010001010001001000000000000011000000000000000001
01000001110000000010000000000000000000100010000000000000010000010
