01010111101101100010111111111111011110111001101111
10111111110111111101011011111110111111111111010101
01011111011011111111101001111111111101111111111110
11100011110101111011100111111111110100111111011111
01100111111111011111111111101101111100010111111101
11101011111101101001111111110010011011011011111111
11111101101110111111111001101111111111101110111011
11111110101001101111011101110111101110101011010101
11011111011110110000111001111111110111110111001000
01111100101110010100111110001101110101111111110110
10101111110111111011110110011100111111011101011111
11011110111011101010111110110111111101101111111111
01101010111101010011110010011101111111101101111011
11111101001110101001010101110001110110011111001111
11110111101101010111111100110110100011111101111111
01111010111010100101011101111011010001101101101011
01111111001101000101110001101011111100111111111110
01101011010000111011101011111010011111011010111111
10111011001110100101111011010110110111011111100101
01111111001011111110110111111111101000100111101101
10111110111110101111011101101101101111001001110111
11001111111111111011101101111111111100111111100111
11101111110100110110110111101111111111110100011111
10011101011101110001111011100011001110111101111110
11011100011110000111001100101111110111111001111111
11111111100001011111111100111011111111111110111011
11111111100101111101111111001101111101011111101011
11110101101111110111010001001110111001010110111111
11111010111010011101111011110111111101111111101111
11111011111110100011111010111001111001110111111011
11110111100100111111011111011001111111111111101001
10111011110111011001111111101110011101111010111111
01111011111111101011111011111110011000111000101110
11111110111111011110011011111111100101111111111111
11101111001110001101111101111111100111101101110111
11111011111111001110111111101011011011010111111110
11000111101011100110101111000010001100101011111111
01100110111110110110101011111111011100011110111101
11110011110110111001011111001111111010011110001110
11111100111001101110011111111111110101101110010111
11110111011111111110110111101011111011110000100111
01111010111111111011011101111110011101110011011101
01111111110101001111010001111111010111110101111101
11111101111111111011110110101110011110000110101101
10101110010110111111110111111111111111001011010010
01111111011110101100101111010101011111010110101111
10111110101111111101001111111111110111100111010111
11111101011101101111111110011001111111111111011011
10110110011111111100111111111101111110111000111101
11011111001111110111111011111111011011011111011110
