00001000101001001000010001000110010010000000101000
00010010001000000000000001100000000000011111110000
00000000010000001010101000101010000001010000001000
01000000001010000001011011001101100000010000100010
10000100001100100100000100000100000000000001101010
00001010010001000100000010001000100000000001100001
01000101000010000000000001001100110000100000100000
00000010010000010000110100010101011010010000000000
10000000000000011000010010000111101000101010001000
00100101001000110111011001101000010000000001111100
11011000010000010010101000000101000000000101100001
00001000000000000011000010001100000000010000100010
00010010000001000101000010000110100011000000000010
10000100000010000001110101001001010010100100010001
00001000010000010010000010011100001101100010000100
00000001111000100100100000110000000100010010000000
10100000100000000000101001101000001000100000000100
00001100010010010011000000000010001010000100000000
00100000011100100100000100110110010010000011100001
00010000010111000100000011000100001101100000000101
00100001001001011000000010100100010000010001000100
10010001110001000000001000101010000100000100000001
00110000011000001000010100000111001000001000000100
00001001000001000010001000000010010001001000100000
00010100100110100001100000001000000000010001010010
11010010010001001001000000011000000001000000001000
01100000010000011010110000010100001000000000000001
00000001000000110010000001100001010000000011000010
00110110010101101000010011000100100100110000011000
10011011101110100011101000101000000000011000010101
10100000100010000110011100000000000000101100000000
00010001101001000000001000010000010001000000001100
00010110100010000000000000001000000000000100000010
10000011010001000010100100010001001100001010000110
00000001100000101101001000100000010000010101001010
00000000000000110001010000001000010000001000000000
10000001000011000110000000000000000000010010010000
00100000000010100001000101000001000000001000000010
00000010100001101001000000001010000000010000000000
01110001000100010000100010001100001010101000100010
01000000100000000000001100000110010101010100000000
01000000001001000100010000000010101000001000000000
01000000100000110010000000010000010010000000000001
01001100011000000010100010010000001000000000000110
11011110011100000010000100000000000000010000000101
01000000010001000000000010001100000010000000000101
10101000110000000000000001001001001000000000000000
00000000010000101001101000000101010000000001110000
00011000000110000000000010010000111001010001000000
00000100001001000011010000100100000000000010110000
