00101100000101111100111001000100111010101100001100
00011001111011101010101010011000000001010101000000
10000110101111100000000110100110000001011111101001
01001011010101011001101010110001110110110000101001
11010011010101101000100101000011000000011101101011
10100010010011001100110010011010011001001010000010
00111100010111000101111001001010011010000000100100
01011000111101000111110101011110010110101110100010
01100001010100100011101100000011110100111100010100
01011111101011001101100000101101101110010010111101
01100001010100101000100010010000100001010001110111
10111011101000000001000011100100111000100000000100
01100110010001101000111001011101101001111100000100
11111111010010101101110101001110100101011111010001
11101000101011000011011010100011000000110100010111
10010000000000000101111011110001011100000001111011
11011100011011000001010101101001011101100011110101
10000111010001010010010010100101101011111111000001
01000001100000100100111101101001001000110111011101
00010011110101111000111000101101111100001010110111
11011111111011010011000001101111101011000101101011
10000111000011111111001011110001011010101101100110
11010010100010110011010010110101110001111011111011
00101001100001001010000000100001001010001101100100
01110100001100110100011001111000111110010110011011
10001011000111011010110010001001011000100010001011
00110000010100111111111110010000010110100000011010
01010101001010010000011010100010100000000110011110
01000111010011001011100011000100000010100110010010
10100001010111000101101000001000111100000100110011
00101111100001100000100000010000110001100101000100
00011000110010111111111101000000101010000101101010
10010000111111000101101010010111010111001110100101
10010111100100011001011011100110101001000000001001
10000110010110011111110111000101010011000101111011
00010001110001011001000010100100100001011101111011
10010011010000000100110110101001101001101110110001
01100100001011001100101000000010111110100010011011
10010001100110101110011001101010000011001100010101
01111000111011100110001010000000000100001110101101
10101101100011000101011100000000100110110100100110
11101001100011100110110110011111101110111000001101
00100101010001001111001011011000100011010000110010
01101000001001011110111100000011001100000000011101
00111011011000011001111100000101101110011010011011
00000000111001111011001010111100001111100011100101
10111000010000010010101011110001011101010101100110
10000010111110101011010100010010100000111101011010
00001101001000110001111011111101001101001010101100
00111000011001111111101011000100111111110101110000
