01110011111011001111110101100101110111110111111100100111100010111
10110111111110101110111011111111001111111111111101111111111011101
11011111111101001101111110111010101001011101111110111111011111110
11101101111111100010111101011101110110100101110111100111011101111
00110111111110101111110111011010111111010101110001011111111101011
01111011001011111111010011111111111011110111011010101011111110110
11101101111111110110110111111101000111011101011001111111011011011
11111110111111111010100101111111110111101110010110111111111100100
11111011011111010011001011011111111111111111001110100110011111111
11111011101110111110110011111110011100111011111101111111111111011
11111111110011001001100111111111111000101110110111010100111111011
01111011110000011111011111111111111101111111000111111101011110111
11011111111001011001101111101001101111110100111111111110111111101
10110111101010101001011111101001001010100110101111111111111100111
01011111010001010111111011110111111111101110111111101110110111111
00000111110110101000111101011011101011111000011110111110110111010
11101101011111010111010111010101111011101001111101001111111101100
11101110010100101010111111011111101101101111000111011111011111001
11011111110100101101101011101111110100110101110111111110001101101
10101100101111101010111111111101111100110111110001110111111111011
11111011011010110111011111011000110101011111001101010111110101100
11111110010101111101101111111111011101111111110101111110111011111
01110000100111110111110000011101111011110111111111000001111111011
10111011001111011101110011011010011001110111111111001101101111100
01101110111111101111110101011111101101111100011111111111111111111
11011111111111111111110110111010110111101001110111110111101111110
11100111011111100011010001011011110011101110001100110110111110011
01111111111100111101111111100011101111011111100110111101111100111
01111111111111010111111111100110011001110001001101110101101111100
11010111111100101111011010001001111101111111111010110011101111101
01101101111100110110010111111001111111111101111010110011110101110
11010111101111111111011010110110111011110111001001111100111001001
10111101101110111111101011110111011111111010010101011111111111010
10011101111100101011111101101111101100110110111111111101010101111
01101100111111111101011110011111110110110011110110010011011111011
11011011110110100111110011010110111001111101110000111111011111101
11011111100011111000001001110011101001110111101111100111110101110
11101111100110111100111111111111100110101001101110011100110111000
11010101111111111111011111101111111111010111110111111010101111100
11101110110110010011111110011111111110101101101101111111111111111
01100011111100111100110011110110100101010101111111011111110111111
11111111101111100111111110110111010110111001101101101001101110110
11000101111101100101111100110101111010100001111111111111111111011
11111110110100001111111101011111001111111110111010111111111101010
11111000011011101011011101010110011111111111011111101011000011011
11111111011010111011011111000110111100101011101111101110010101110
11100110110011111000101110101111010011011111110101110111111110110
11110001111111111110111111111000111011111110111010111101110110010
00110101101111110110001111010110011011101011110100111110101011010
01011010011111101111111111001001110010111110111000101111110010000
11110111110111110011010011111111010110110111111111001011111111111
01101011011111010111110011111111111101111011001110001010110111011
01101111010111111110010110010001110101111111110111110011111111111
11111011111111111111110111111001110111011011011111000010111101101
11111111110011111111110011100110101110111011111011111101111110110
11111111010101001101101111011110111110011111101101101010011100111
11001101011011111001111111111111100011111111001111111110011101111
01111111111111111101111010110011111111011011011101111111101011101
01111111111111001111011111111101101100110111001010101111110010010
00111101111111111111101111111110111111111111011100111111100010101
11100110111110110101011111101100101101111110101111111010011101111
01111010111010111111111111001111111111111011110010111100110010111
11110101100111101010110111011110010110111100011000101111110111011
10111110111101110001011011110010111010011111111110111011101011101
11011010111111100111011010110101011100011010100000111101110111110
