010000001100000000010111101101000000000000000000100000011111
100000010011000100100000001000000000000010010110000100100000
000000001000001000010000111000000000110001001111000000001000
000011000001000000100011000011111000000000000001101010000101
000100000100011001000000001000000010111000100010010000011000
000100000100110110000001000100001010001100000100000000000001
000000000001100001000001100100010000100010000001011000100000
010000001111010011100110100000100000000001101100000000010000
101000010000001100000000000001000000000000110000000011000000
100011010000100000001110010000000001100001001100010101000000
010000010000110100001000001010000000000001000000000101010001
010100110000000000001100100000000000010100001001000001110111
000001100110010110000000010100010000011101000010000000101111
000011010010100010100001101000110011001000111001100111100011
001010001000000000001001111001010000100000000100100000000010
010001001010100011001011010000010100110101000010011000000000
000001010000110100001000000001110000001011011000110100001100
000010110000000100010100010000000010010001000101000011001000
010100010000010000000000010001011001110000000000001000000100
101000000000000001000000010001010000000101001000100001000001
000000000111001110000110010000100010000000101000110100010001
100000010101000001001000100001000001000000000000000001000000
100100010100000100001000000010011000011101000000000000110000
100101100000011100000000000100010000000010000000010110100000
101000110001011000000100001001000101010010100000100010001000
001000000100101101111000000000000010010100000000000000000100
111010000010011000000000100100100111100000101010000000000100
100001100000100000000001001011101010010001000001000000000011
000100000010000000000010000100001100000010001000011010000100
100100001000001010110100100100001010001100000000000000111000
000100010000010010001000001100000100000010000000110010010000
000100100000111110110011000000000011000001000000000001000110
000101000000000000100010000111000001011000000000100000000000
000000000000000100000000101010100000000010100001010000011101
000011000000010001001000011101010000100010100011011000000010
000000000100010000100100101000011000000010010110111000101000
001010100100001100100000001000000010010100100100001000001000
001010000001100101100010110100001000100001000000010101000000
000011000000110010000010000001001000000010100000100000000000
000001000001100100010010010001000000100001000000101000000100
010000100000000010000001100010100111001000100100101110000000
001000010110100111010010000100010000010100100010100000000000
000010011000010000001000101000000110101011010000000000000010
010000001000010010000000000000000001000000100000011001010000
001000010101010010011000001010000000000000000100000100000101
011001010100001001000000000000000001100010001000100010000000
011010000000100100000000001000000011000001000000010101000000
001100100001010001000000000100000110000000000000000000000000
100100000000011010011000100000101001001111000100000010000000
000010100100000110001001000010100111010000010010001000001100
000100100000000100100000000010000011100110010000010000001001
010000000110010010001001000000000000010010001010000000000010
000100001000010001000001100010100000000010000100100000100010
000000001111010001010100000000010000010000010010000000000000
010000100001110000000011000001000001000000000000000010000000
100010010011000000001010000001100100000000010000000000000100
101010000000100011000000100001000101100000000000011000000000
100100000001100010100000011010010100000100001000010000010000
100000000001111000000000000100010010000000100000000110000000
100101000011110000011000000100000100000000001000001000000000
