010001001111111010011001000000000010001101001
100110010101011000011000010101000101100011001
000111111001111101000010010100011011100010001
011011101110101101011100011110100011100110010
011101011011100000101110110001011110100000010
101110101111000010001010010010000000100110010
001101010111010101000001000001011110101111011
011010100000000000000001110101010011110110101
101111000111111101010101110110010000101101011
110101101011000001011111000000100101001000001
100111101100010100000110110001000110101100110
111011101100010011111001110000001100100011101
101110001000001111110111011100011000011010110
111000101011001100111001100010100110001100100
111100001000110110011101110000100100011101100
001100101010111011101001111111101001100101110
100001000001101101011110000001101100001101001
001100101101100110101111011101000010101011110
000010000001110101011001101010111101111101111
110100001101111010101010011011011111100011110
110111000101011111110011010111000001110100101
000110001110101011000001101010100111011000101
001011000110100011011000001110111000110101011
100000111101111101101100101111101001110101011
000010011011011100100101001001000011001101010
011111011011101101011000000110010110101100001
000100000000100101110111100011001001110111011
011100011000100101001011010001111000000010100
000101001000010100111111011000010111110110111
010010110010000111011001101100011010000010011
000100000100011110100111000100000010110001111
001010111000100000110010010111000001101001001
001010100001100110110011001101000010000110101
010010100111011010110100010010000000010001011
101110110010010001010100110011101000100011010
011100010100000100111101101010010000010101110
011111111011000101111011011010110010011111111
000000010000101000101111001010100101101000011
100000101110111011100100110000010000110111011
100101111010011110101011111010001001101010000
011101110001100001010000001111001010101100100
110000101001001111110011101000110111101000101
000000010011111101111100000110101001100011011
000111101010100101110011101011100111111000100
111000111101000010101111011011111100111001100
