00100110100100000000100010001011001111011100110100100001001111010
00100111110000110000001100000011000111100010010011010110010001100
11001001111001001111001001000001101110000110001101110101010000111
00001011000000100100011010111011001001010001101110111100000111001
00110100110101111011101001010000001111100001011110100011000010001
11001001110001010001111101000100000011010001011110010101111101001
11010001101000000101001011000101100111100010011110111011010111101
01110110000101110011111001010101000100111000000001010011001110100
11101110010111111001000000101011010010001101110000110110000001100
01101100100100110010111100110111000010000101011100100101101010010
00100010000100000001101001111100001001110000010111001101110000101
10001001111000001101100001111101101010111111011001111000000110101
00000000100000010010011010001101111001000111010110111011001001011
00101101100000110110000111100101110100100001000011110010000101101
01011001110001011100110101000000111001110001000010011000100011101
01001101110011101010001001100010010000011010111010000000100110000
00101000100100110100010001101101100100100101110101000000000000011
00110010000101101010011101101110001100000111010001001001101100001
00101001010011010101111101111101001000000001100001110100101110011
00101111101100000010111101010111011110101010100011011110011010111
10001101011100100011001010001100111100001001111110111001100010110
00010101010010101111000001110000010110100110001001011001001000100
01111111011010010111100010111110001000001001001001101010001000010
01000100010001100111000001100111100001110100100000101011101000110
10010010000011000000101000000111111111000111101000100101101010000
00101111001101111111010100111011010101010011011101110001100101101
00010000111101011110011101011110010101110101111100000001101111101
00011001011100000011011001100000101100100000110011000100001101110
10010000101110001110101001100000011100110101001101101111100011000
00000111011111001111101110100001110000101010110000000101001111000
11010000110000010101001111100001011010011000101001010101111111110
11110011110111001011000111000110100001000000110010010110001000100
00100010000111101000100110010101011111011111001111001011000110001
00000000100011110001110011101110101101111111001100111100100010100
10111000001110100111101010011010110111110111101111110011101101000
11101011000001001101110011111000111000000110100010001011100001111
11101110110100000001010010000010101001110101111001100100000111000
11011110001010100000000111100001111010001000001011110011000111011
01001011001101101001010100111100011010000100001000101000011011110
10010101001100110000000101101010111010001111111000101110110100110
10000001100100010001101000000110110001010001101100011100100101010
10100000110110001100010110101000111110110000011000010000111000110
01100010000110010101010011000100111100010000011011111010111001110
00011100110111101110101011101000111010011000001111111011010010011
10010000100000011011100110110111001110011000011101000000111100101
11001110111110011100100001110101000010010110100101010000011111110
00111110010100010000111011101010111011111111100010000010011001101
10111110011010001000100001101000111000001001110001111101100100010
01011110001011110001100000010001101101000011001000011101100101110
01100001001101001111011001011010101011000011110100001010001010000
10111010110111000010101111001000011011110011000100001000111000101
01110111100111100011110001000011011001001111010110000001011100100
00010010001110100101111100001000110100111011000111100010111110101
01110100111000000011000010011111010010011000000110000001010001100
01001011100011000001001100001001101101010011001001001000001000100
10101111011010000100110111101110101101000001000110010100010010110
00000100011000110110100111101010011100011110100110101000001000001
01100110001000000001000000000010000000110111111000111101000011010
10000101010010000111011110110111001000100110111001111010100101111
10010111000101010110000001110110101011011000110110011000001001101
10011011010100110011100010101110110011100001010001001001010000101
11010110100011100000000001111110001111101010011010000100011100000
01100011101101100001110101110011010100110110111010111111001110011
10100000010010001011101100010010000101111111010110000001011000100
00111110001111101111000001100000100101000001101000101000101110100
