011100111010111000100100100101001110111001010
101111110010000010011010101111011110111100011
110101010101001101111100001111101101010101000
111011001011111110110111101000100101100000011
010101100110011001110001111111100111011001111
011110010011111010100011111001111110101100101
110010001000011110011101010001111001010011110
111001000101001011001010010100101110111010011
100100100111100100001011111100111111110001010
001010011001100101011101001110001110110101111
110111001001100100010100011100110111011001001
001101011110100010111010101000010001110100000
100101001111011101110101101110111001000111010
100111100000100010100001111111111110101110000
101111110000100101110110110111101001100010101
001100101110101000000010100011000110010001001
010101110001010000011110010000100001010011110
001010010100101000011100010110000001000110011
101111000001111000010110011001010000001110000
011110100111101011101100010110010100000100101
011000111101000011010011000100011100011110011
101100100110101011110010101111001100001010000
010101011001001110101101001101110110110000111
000111101100110000001010001010110001001010000
110111001001111100000100010000000001001001000
000011111010011011110000101011111111100101101
011111001111110000100111010100000100110111100
111010011110111001011110001010001101000011100
011010000100111101010101010100100010010011101
111011100000011100100110010000110101111111011
001111111010111010000011010011000111011110010
010001101011110000111011010001000101010110001
111001111100111000001100010100000000001100111
111111011110010100011110011101110001011110001
110011011110010100000010010010100000000010011
001110101011101011000001110101110100101101110
110101011101011000000010011001000001010011100
111010111111000110001010001011110100101001010
110011010010010000101101100001101101010000100
011001000101110001111000011001111101000001111
000000110000111011101101001111110110100000100
101010101110100110000000111111000001110100000
000011100100001010010010011110001001101110000
110110111100100011001010000001101011010100000
010111010110001101011010010011011110000100000
