010000110011111101111110111111011100111111111111111111010111111000011111101
101010111001111111111111111111111111111011101111111101000111001100101011011
010101110110010111111111011111110111110000111111111001110101111001111111101
001001111101110001111111100111011110111101100111101110110111111101011111001
010001110111111111011111101000011010100111011111011111011111101110011111111
001110011111011111111111101111111111111100110101111111111011110110011110111
111110011001110101010000111101111110110111111001111001101111000011101111111
111111101011111111011101111101111111111011110011111110101111101110110011011
010101110111101111101011111111110101101111001011111011111111011111111111111
001111001011111111100111111111011111101111000100110011100111101111111111110
101011011101110110101110111111111101110111011111011111101111111101111011111
110111111110110110111111110111111110111111101001111110100100101110011111111
110110111111010111111111110111111101110111111111110101111111111111011011011
111111110111101110111111111100111111111101101111111111101011111110111011000
110011011100010100111111101111111111111111111111111111011110111110110100011
111011111111111010001111100111011111011111111011011111111101111111111111111
011011011111110100011111111101111101111111101111111111101111111111111110111
111111111100100000001101011110110001101011111111011101111110011011111111111
111101001111111000001111011110111010111111111100101111110111011111111111101
111111110001111010001001101111011101101011101101101101101111111111011110101
111111011011111111110111110111110101111110111111110111110101111011101111101
111111010111111111101011101101110111111110110111110111011101011111110010111
111111001111111110101100110111001110111011111111101011011111111111101010111
011111011101111111111100111101101100111011011110110011100111111011111111000
110111111111111110011111011001110110111101111011101011111100101111000111011
111000111111110011101011101011111001111111001111110011100111101011110111111
111011111110011011110101110011011011111111111110111111101101111111111111110
111101111111111111111111000001111010111100111111110111111011111010110111111
111101001111101101111010011001111110110100110101111110101011001111111110110
111101111111101110011111111110010111111100110111101111110111101001011010011
011001111011111011101101110110001001101111110110111011010101011111111111101
111111111111111111111100111111000101111111111110011111111110101110111111111
110111110111111110110011011110100101111010110110001111101110011111101111111
111101111111111110011111100011011011110111001111110110100111111110110111111
011111110101011100100110101111000100110010111111111111011111111010111001000
011001011110111111011100011001111100111011100111111111111111101111111011111
111111111111111011111111111111111111011110111111111110001010111111111001110
111101110011111110101111111111011111101011111001011101010101100111111111111
110101011101011111111111111101111001110101111110111011011110110111111111111
100111101111111110101100111111110100101000111111111111011111111111101111111
110010111111101111111111011000111111110001011110111010110011110111010111101
110110111111111111110011111000110101011010011011111101111111101111111111110
111101110001111111111110101111111011111100011010111111111111110111011111111
101011110010101101101111101111111010111111101111110101101111110100111111111
111010101011111111111011111100010110111111110011111111110111100011111010111
111111000110111011111111011111111111101110010011010101101111111111011111111
111110011010111111001111111101111111101111111100011110011111100001111011111
111111111011111111011110110111000111110101011100011101111110101110111111111
111101111101111010111111111111100111101111111000011110111011101000011011100
111011111111111111001101011110110111111111111111101111110111111110111011111
111111111011011111110010101011111011111111101011110111011001111111111001111
110111010011111111111100001111011111110101111111111010011110111100101111111
100111011111011110101111111111111111101110101010111101011111111011101101111
111011101110111111111111111101111011011101111101011010111111111111111001110
001101111111110111111001111111011101000011111101110001010011111101101111111
101111001000101101101110100101110011011111101011111111101110010110111110111
000011111010111111010110101110011011101101110111101111010111110011111101110
111110111111101111111111111001111111011101111111010111011001101111110011111
110111111110111011110011010111011111101111111111110111111001110111101001101
111111111110110110111111011111100111010111111110111011101110011001101111010
101111010111111110011011111101010111111111111111111111101110010111111010111
101101001010111111111111001100101110101110110100011111111011101111101100110
111110011111111111111111111111111111100101000101111111100101010101000110000
010111011111111110110110101010111101111111110101011101110110111001011011011
000011111101111111111111111110111111111111101101011011011110110000110100100
001100101110100111111111111011101001111111101110001011101111111100111101111
011000111110011111101111011110111111111101011011011111111111110011011100111
101111011111111111110101011111110111111011111111111001011100100111101001111
111111101111110111111011001011111011111101111111111111111011110101110010111
101111101101001111111001111110111100011111110101000110111001011011100011110
111111111111110111111111111111111101011111111111110100110101101100001100110
111110111111110101101001111100111111111111110111111111101111000101010100111
101011101111000111111110011110111101111111111111111111111110110011111111011
010011111111101111000110111111011101111101111111011111111101110101111111101
111111111011101111111110110101111101011110111111011110110110100101111001110
