00101010010100011100100101000010100111000001010100110110110001011110011110101001
00011110111111101001010000001101011000100011100111011000000111101011100000001100
10010110101101000010100100101001011100010101111110011011100100011101001000111001
01101100101110010111101111000001000010011000000001100001001000001000011100011100
11010000101100110100100010001101101000001010100101011001000011000010000110111011
01110001011101001000101000010100110101110010110101011101001000100011000111000000
11100001001011110100100011000110000110110111111101000010101110000011110000101011
00000110000000000100100110110111101010111010011111000001011100011010010111110001
01111000001100011111110100100001101010000000011010111101011111010110111110110010
11000100001111110010101011100101000011111111101001010011010110111010000001001100
01111110110111110011011100000100110111001010001110111001100011000010000011111110
11111100111011100100101001101111011011110111110111001001110011110111101110000100
01010010011101000111111100101110011110111100010011000011001001001110111100100001
01100110011110101111000101011011110010010010000111011010001111111100100111111110
01001010011101011110111100100010011011000001100111110101000011010000110101001000
10011010111000101110011000110011111011010000101100110100011000101011101110010100
11000100100001110101110001000000010101010011110110011101110101011111110000110110
10011011100111111011011100010111111101001011011101011110011101000100101001000001
00110000111011110101000000000011011110000110101111101101101101110000010011011001
01010000101011001110100010100010101111100111101110110100011000010010111110110010
10111111110110101001001011111010100001111100010001110011110101000001001010000100
01000000101010111100000100000011111110010110111101001110110110010010010110101000
00010100011110110100100010001100011100010100101101100101000000000000111011001111
10110001101011100100010011101010111111110100100010000110001000100011001110001001
00011011010000000001101101101011111001111101011010010011000000011011101101000001
10010010010101001000100110101100001101001001010100110111101011110000100000001100
00100001110110110001100111000101010100100011110111011011011011011110011110000110
00000101000001010100100000000010001100010001110011111010000101111011100110011100
01101000000111000000101111000111011111010100110010001011100011011110100010011111
01001111011110000100001001101001100001100010110010101000010011011111110000111110
10000011000111110111110110011001100101001111001111010001110110000100000101111010
01111001110101010110010010101110001111110101010001100001010000011010010110101010
10001101101001010101110110000110001100011111001101100100111011000001111101111101
01100100001111111110011110101000000110010010011001000010101011101011011101010110
01101001100110110111011111011001100000100101001111110010101011101000100001011101
10100110001010001111011101111011110000001010100000000101111000111010100010010111
10010011111111110011010100001001010001110000111010101001011100001100101010011111
10000100011100111101100111001111000010111101110110011100011001101001001100000001
01000111010110000001100110100101001011011100001110010001000111001010010110101010
00110111010111011000111110011001110011101100000001000101101111101011110111000001
00011001011010000100100011000010100101110001011011101010000100100000110110101011
00100010010110000011111110001011101001110011100000000000101110110001000011011011
01001111011101001111010000100110110100000101100111011111100101100110111000101010
11100010010100101101000011110011101001001110101010000111101001010110000111100011
01101110010100111011011100111100000111000111010001111101010000100011111001110001
10100111100110001100110011111101010011001000100010000111101000001111110000000111
00100011111000010111011010000010111010101001000000010010000010011011110001110100
11101111001101111111011001100010101001100010000011001101010011010011110011000001
01100001101111101011000110111110001011101011010101010111101011111011110000110101
01011111010111100110111000110011111000011010100110110110000110011001101100011010
10010000101000110011101001010101101010001000100001011001101011000001000011101001
11101100111001111101100011110010001001100010101011100000000111000110000111100001
01101100101101001110010000111100000011001010100100100110101110010110101001110010
10000100100000111111011101000000100101010011110111001011111011100010100111111100
10100010010011000100110111111000011000001011011011001101101000101010101001101000
00111101111110101010101011101011000110110011110110100110000111011101101010001001
10100010001100001010110001001010111100010111010010101110000100110111111001101011
10000001110100011101110000100111100111000000100100000100000001001010100100100011
00010111100011010111000101100000111111010101010010101110000000111111001111001111
01100011110001001110110000010010000010111110000001011001100000010111100001100110
01001010111101100000010001101110111000110100001111111101000001010101001100010011
11001000101111101110100001111100111001110011000110110101010010001010110011010100
01000100010101010010000101010000011101011110100010000110101000011100010000000010
10100001110101101011010011111101000100000101001111001001101110101001000010001101
11110001010011011000000010111101011111110000011011000011011001110000110001001010
10100000100111001100000000101110000010000011010000011001101110100000010011100000
11001111111110011001010110111101010100110011111110011110111101000000010011111111
01100110000100011000100110010100110001010100111111100001101110010000010110011100
01000010100111111101001011011100101110011010111111001111110101001000010111001001
10010011100010101011011000100101110000111010111110000000100001101111101000000000
10110000100110010101101110100000110011000010100001001011101010000000010101110111
10011101100111110001010110110011110001111001000001010100011010000001101010110001
10001101101101010011111100111001000110111101000100110101001001010111100101011010
00000101011001100110001010000010111000010101101100111110101101001110101010001100
10101011101011001001010000000111100000101011101010111110110100000110001100000010
00111001101001011011000000011110111110000100101011001100000011000011001110000010
11111010011001100010011101011111101010101110000001100111101000011011100011000011
01010000011101011000101001111100111110000000011010000100001101010011001001000011
00001010101001001001001000101111010110101111010001001000111110101010001010111101
10101011000010000110001110001000101111011101110110110001111010010010101100001110
