010100011101010010001100110111001011111011101
101001010111000110011111010001001010100000011
010101110111000001101001010001100111000100001
101001101101011100000010000001001100110101011
000000001110000000010011110111101001100000111
011100100110011011000101101011011111111000001
001101010001010100010110110100100011011001101
111000101111101101001111100010101001010000110
100110010110110001101110101010100101011100010
111111011000010011101100100110011100110100111
011011011001001010000100010000010011111100011
111100110010011001010110110001100000010000100
000000011000010101001010110100100001111011011
100101101101101111110100111100011101001110011
000101010011010110011100101011101101100110101
010100110000111010110111000001101010111111010
110001000110011101111111000100011001000000011
001001011101110010000001011110101111110011010
001000001100010110000001100010111110001110111
010010100001011110000001001100011111001111101
111000011100101010000100100101000000100100011
110001111111011110001011010001011100010110100
010110111001100110000101011101001110100111001
011011010000000111110110000110110010111010110
100011111101111000101000000101001101111011100
111010100011110001000110001000011110101011001
000001001000011001010010010101000110100011111
100010100100110011011011101000011001111111100
100011011100001001100001000000101101111111111
111111000001001100001110101000101111110110111
001010111001101101100001000011000000011110110
000001000110010010110101010100000101111101101
110111010100011111110110110111000100001001011
001101001100011001110110111011011011101100101
111001100010000101110011011001000100011111010
101011111010111011010000100111010100101011111
110111000110101101001011111111010101000110010
100101111111100101000101100111110010001101010
100001101010110100110001110110111111010011010
001100001110011100111110000111110110110010101
100000000000111101110111111111100011101100111
100100100000100101010010111110011011011000100
100010110101001000110101101111110101000111010
010110011110110111101001001011101011111010100
111111100110111010111010011011011101000110000
