01101101101010011111111001001001101001010100101110
10000101001000010110101000101011001101100001010010
10001100111101001011101110110011001101110110110001
00001010010111010101111011001110000001001110101101
10110101100011010001001110111000000010001110010100
11101001001111001001101010100110111101111100101011
00010001011101001101100111011110001101101111000111
11001110010010101100110101101100110110111000110001
10101000011100100001101000100001100011111000110001
00110011101001101100000010001011111001100101100101
11100110110001111100000010010001000010100111010100
00110110100000000100000111001110110111110010111011
10011101000001011111100001100010010001001100100010
00111110011010110010100011110111010110001000001110
00000001111001011010010110110111100111110111011101
11011000001011101001001011100100101011100111011001
10100111011010110100111001010111100110111110100110
11010011011110001011101110111100101100101110100010
11100000000011100101000110000111100011110110101001
10111110100010010110000111111010101100000000101100
11110111100011001100011011010010101100011001101000
10010001000000101000101001011111101011011010001010
11111100100000011100110110011111011110011111000100
00101011000100100111001010110010110101100001010001
00111110011101110111101100110011100011101001011100
10010011000111011001110000010111101100001001001101
01101101100011110101000110010100110011000110110101
00101010001001101101111111101011100010010011001000
11011011010100000101011000010011010110000010010101
00010111000101111110011001100011001001110000011010
01110110010111101011111111011100001001110111000011
11100000111001101010011011011100010111111101011111
10000101110100111111110111110000011101010110010100
00000101010111000000001100101001101001010110000001
11100110010000010101111001000110110101101111110101
01100111000101101101101101001001101000110001111100
00001001101101111010011010111001000001111000000110
11110110110110110010010110100111111010110000001101
01100111111100111110000110000111001111000010001111
10100101100100101010111000010111110111000010101111
00011111100011001100111011000001001010000010001100
10111110011010111110001000100011111000000010001110
00111010001100111110011000111010111000111101111001
01000010011000110000101111010011001100000010101110
10110101110110001111100000100000001100010011000010
01101001101100110000000110101101101100000010000001
10010100000101110011110011010101000101111111000111
10011010011001101001001011101001101111111101001011
11000110000111001100010000000111000010110101101100
00110111110100110010000101101011011001110010011100
