011100001110111010011011101110001101111010011111111011111011111100101110111
101111111111111011011111111111111101100111011100011111111111110111011111111
110011111010111111100111111010110001101111111101001001011111011111111110111
110011011101111110110101111111111111011101111011111000111101111100111111110
011101010010111011101111110001111101011110111111101101011110001111001100111
011110111111011111101111101001111110111111011011110101010111010110001100111
011001011110110011001110110111111110110111111110111111111110110111110011111
011111101011110101111011110111111101010010010111111111110011111110010001111
111101110110011110100111111111110111101111101111111000010111111101111101111
110101101000011111110111111111011111011100111011111011000011111001111111110
111011111001011111010101101111011011101011111111111110011110111001111011111
010101010010111101101010111101101111111111111100110010111111111110010011101
111110110001010101110110111111111111111111110111011111011110111111111110111
111111111111101110111101010110001110101100111010111001111101101011111011011
111111001111010110111110101111110101101111111111111111111111111110111100110
001101011111111011011111100111101100110111100110110111100010111100110111111
111111101110011101100111111011111100111110011101111110110110100111010111101
011011110111100110011001111110100111111101111111111111110101110111101001101
001111011101111010011111111111111001111101101110111111110101111001111111110
110100010110111101100111111111111110111111111111100111111100111010111111101
110011110001011101100111001101111111110100111111000111010011110111110111000
011111101110111110111011111111011111111111111011011111111001011011011010110
111011111101101110111101111000011111111011111100111101101111111101101010100
111111011110010111111110110110111111001110110101111101110111111111011101110
111111111111101111110111011111011111011011100111111111101101111111111111110
011110111101110011110111101001111111111111110110111100111001010101111111111
111101001111101011111110110111111110101011111111000101001101111101011110111
110100111111111101111101101011101010111111001111101100101111111000111111101
111100111110111111110101101100111111111110011011011110111011111111111111111
010111111111101110111100111100110100111111001111111101111001011011011100101
011111111001101111111001011111010010111011111110100000011110111011110111111
011111111110101010111111111011100101101011011101111111111101001000011011011
110111110111110110111111111110000111110110110111111101111010111111111110100
110111111101111111011111111011011011110111110111111111011001101011111111011
000101101111110001011111111110101101111011111011111001111110011100011010101
111110011111101001101111110010011110101111111110111011111101110111011111111
111001101011111111111110011111111111011101011111111110101010111111010111110
100111110101100111111110110111101110101111110011101101101111111101110010110
101111001111111011110111111111110011110101111111111111111111111100111111101
011111101101111111111101010111001101111010011001010111000110111111111111101
111011111011101110010111111111111111010101111010100111010101111111111011101
011101101011101101110110111101110111111010011111101111111111111111001111111
001110101111111101111111111000101111011010010101111111110101110110101111011
111111110111111011011111011010111111111111100110011110110101110111111101110
111111101111011011111110001111110011101111000100101011111011011111011111110
111010111011101111111011111101111101101001111011010111111010101000011110111
100111111110111101111100111111101111111011010101111111111111111111111010100
101111011110101011011101101111011110111101100110100111101111111010111011011
100111111111011111110011110101111111111011101011010111110111101110101110110
110101111111111111100111110011011111101100110110101111101000111111011101110
111110111110111011100111110111011111111001111010010011110011111011110011001
010011110010101111111111111111011100111111110111110011111011100110111000001
110000110111101111111100100010010101101111111111111101111110111111111011111
111011110100111101111111101001011111011111101111111110110111100001011110111
110100110001011111110111110111011011111001111111111111001110111111111101011
111111111011111011111101010011111111001011111110101111001011011001111101111
111110100011111000010110111111111111111001001111010110110001110101110111111
011111101011111011110011101100110011011111110011100011100010100111111111111
111011111111101110001011000110101010111101001111101111110101011101111101100
111101011101011001101111111111010101011011111011101101011010001111101101011
110100111111111111111011101110101101111111110111111111101100011111101111111
111101111111101101111111111111101011111111111011011010111010101010010110011
101110011111111100110111101111111110111111001111111010110011110111111111001
111111111001101111001011111010001011111111111010110110101111101010111111011
011011110001111011011101100011101101100111111011111110100101111100111001111
011010101110110011101111111011101101110111011010011011111111101000111011111
101100101110111101111010110110101100011110110011101110111111101111010111110
011100111111111110111101111111111111111110011111011111111110011111101111011
111111001110111001110111111111011111001111111111110111110111101111010110111
111111001100101110111001111111101101101101111100110001111111111100111011011
111100100111110110111110111110111111111111101111101011001100111101111101111
010100111111010111111001110110110101101111111001011010111111101111110110001
111111111111101111110111111111101011111111011110110011011110100011101010010
111111111110111100100101111010110101110001111101110011111101110111111110101
111011111011110111010000011111110111001111100101001111111101111111011111010
