011000000000101000001101000100000000000111010000000000010010
100001100100010000000000010001100100010100100000000000010010
100011000100000000001010101100000010000110000000011000110001
000000000000101000100100101010101100000000000000000000100100
001000001101000100010001001000010100000001000000000000100000
011000011000100000000010001000000011011110101110000000010000
010000000000100100000000010010000001100100001001101101000011
000001000000110000001001010000010100100000000110100011100000
000011000000010010000000010111100100010110011000000001110000
011010000000000010010000110000000100001010000000000010100010
000000000000011001001110000100000011000001000011011000000001
000010000000100011000001000100110101000100000001001000010110
100101110001000000010001000101001100000101101000010010000010
010000011010000000001000100011000000000010011010000000000100
100100000010000000001000001100100100001000000010001010000011
000010100000000000000101001010011000000000000110100000100011
000000001101000000000100001000101000000000000001100101000011
000000000011000000001000010000101001100010100000110010010000
000100000000000000000100000010011100000100000000000011000111
000010000100100000001000110001100100010000000000000000000000
101000010010011001010000100011000001000000100110010001010000
100100000010000110100011110000000010000010000000010111011010
001001000010000000000100100000101000000010100010100000100000
100010010001100100000100000000000000101100011000000000101001
001100000100010000011110010000000000100000000000000100000011
010000111100000001010100101100000000000010010000000010010000
001111000000001110000000010001100100010010000000010010000010
101000001011101000000000010010000000000000100010010000000001
000100101000010100101000000100100100000000100101000100000001
010000001000110000011000001000001000001001000000100000100000
010100001001001011010010001010001000010110001000010000000000
000010010001000100100000000000000000111010000110000100000010
000100000000100111100010000001100001000101011000000000000110
010110011101101000110000001010000000001100000100001100111001
001001000010000000000100000000000001000000001100110110001000
000001100011000001001000000000001010000001110000001001000001
000000110000000001000001100000010000001000001100011000000000
010001001000000000010000001000110000001000000100000001000011
000001000100001000000001000001010100110001001000000100000000
111001101001100000100001000000101100000001001000001000000011
101001001100010001000110011000110000000000110000000000111000
100010000010100000000000000001001001001100000011001001010010
010001000000100001001010000110000001000010010010100000000000
100000001000010000000001010000001001000010101011001010001101
000001101000110000000001000000101010101100010000100010000010
000001010000000100001000000010010110110000000010000100000101
000001010010011100001010000100010000000001110101000100000000
000000100011000010000000000010000000000001010010000000100000
000000110000000111000010000001000010000000101000000000010101
001000000010100001001100001100100010100000000000001000000000
001000100011001000000000000000000101100101010000010000000010
000000100000000010000100100010010110001000000110000010001110
000000010100101001100100011000000010000000011000000101010000
000000111000000010101100000000000001010001000000000010100000
001110011100000100000011000001000100000010000001000001000011
111001001001000001001100010000000100000011000000100010000000
000000000000000000000101000000000110000010010000000100000001
000100000001010000100000000000001000000000010100100100000001
110000100101101110100100101000011000010101001000001100100001
001000100010001110100001100110000101010100010100100000101110
