0011010000000110001000010000000011010011010000010100010
0001100001111000001100000000000110011000110010010010100
1000000001111100000000000000100000010001101001110010100
1100000001000001010000000001000000100000010000010000110
0100000000010001001001110000000100000011000001001000000
1000000100011000100011010010000101000000000100001100100
0000000001000000001000001001000100001101100100001000010
0000010001010000000101000000000000000000000100100010101
0000000000001000000011000000000010100000000000000110110
0111001100100011000110101000010000010011100000001100100
0110000001000000010000010100000110001000100000100101100
0110110100000000000100000010000001010110000000000000010
0110010010000110001010010110110001100000000100100001100
1010000000001000100001100000000000000000001000000110000
1000000001001000000001000000111001010000000100000100001
0001100001000000000001100010100000101000001000000011011
0000010000000100000010011010010010010100000100000001100
0001000000100000000000000010010000000100110001000011111
1100101000001000000100000000100000101010101100100000000
0100000101010000001000000000000000000101000001111110001
0000010011001000100000010100000000000001110001100000000
0000110110000111000000000100001100000000101001000010010
0000100001000101000000011000000000000000000011000001001
1000110000101000100010100001010000000010100110000101000
0000001001000000100000100000001101001100100000000100000
0000000000101000000011000000100001110000000101010000100
0000010000011001110000000001000000001111000100100100001
0001001000000000000000010010000001100000000000000110010
0010000000001011001000000100001011000001000100000001100
0000000001001010110000010000001001000000110000000100000
0000000000000010000001001000110100000000100111000010000
0100111000100000000001001000001000000000001001001000000
1100000010100000100000000000100000110000000101001010000
1000010000011010000000001101110000011100000010100001001
0001000010001001001000000101000010000000000100001100000
1110000001010010100000000100000011000000001110001001010
0100001000100001001000001010000001000001000010000001000
0000001000010000110100001010000001000010001001011000010
1000100001010000001000010010000000000100010100100111000
1010101001000000000110000010100000001000000000001010000
0110001001100000011011011000011000000000010000010100000
1101000000000000010010000000010000000010100101000001000
0010000000000101001001000000000100010100000001100001001
0000011100001010101000010110101010110010010000000000101
0100000000000000000000110000001001011000000000001001010
0010100000000000010111100100001110000100011000000000001
0010000100101000001110000010000001000010001000000000001
1111000000000000000100000100000000000100100000000000101
0000111001000000000100000000000110110101000010000000100
1000010011100110000100011011010000100010100000000011001
0110000110000101010101000001001010000011000000000100001
0000000000101001110000110000100001011010011010000100000
0111010111101000110000000100100000000000000100011000010
1001001010010001010001000001000000010100000010000000100
0000000100000011010100100010000001000000001101110110000
