011111111111001111111110101111111001111111111111111110110010111111111111111
101111101100101101111111111100111111111001011110111101111111101011111101100
110110111101010111000111101100111010101101110101101110101111111010101110111
111011111110111001111111111011011101111011101110001101011111110111100111111
111100111011110011101111111101110101110110101111011111111000011101011001111
110100111101111111101110000101111110000111111111100100111100110111111010111
111111000111110011111111101010100101011011010011011011111011111011111111111
101111000111101111010101111111101100110011011010111101100111110111111110110
111111000111111101110111101110111111111111101111111110111011111011111101111
111101111011111111111011111111111110011111011011011001111101100111111011111
100110111100011011101010111110011011110010111101101111101111111101001110101
101011111100111111011111110100110011101011111111111111111110001101101101111
010111111101011111111010111111101001010110111111111111111100111101111111111
001111101111100001000110101111011111010011111101011010001111000111110110101
110101011111100011110111111111111101111111111111011111111111101001110101111
111001011101100011110101111011001011111101011011110010111101111111011110111
101011110111101101011011011111111111111010111111111101010111101101111111111
111111111111111110011011111110111111101111111111101110011111110111110111111
110111101110101100001101100011111111111111111010011111001000110010111111111
110100111101101111000111101011111101111010100001111101110001111111011101010
110111100111100011100011011111100001111011101110001010101111011110011011111
111111111001011100110000110111101111111101111011010101101110011111111110111
111111101111111011011000111111110111111101101101010010110110111110111111111
011110111101001111111000101101011011111111010110101100010100000111111111011
111110111111111101110111001011111101111011111111111001111111100110011101110
010110010111101111001110001111111111111111110011110111111111110111010100111
111110111110111111011011110110010111111011111111111011110101100110111111111
111011011111111011001111011011110101000110110111110011111101101000100000111
100100111110111111111110111101111101100111011010110110111111111111011110011
100111010100111110111111110110010110101100110000111110011111011111111111111
111011111101101011111110110110011101111111001011111101111011111111100111101
111111001111011011110011111111101011011011001100011001101101110011001001101
111101011110111111110101110010110111010101111010011111011011111010111110111
010111111100011011110110111111101011111101111000111111111101011110111111111
011001001111010111100111011001011101101111111011011111111011101110110011111
110110101011111111111111111110111110011110110011101110110011111101111111110
111110011011001111111111111011100110010111111101100110101111111111010011101
110110111110111110111111111000111101101110001111110111111101110101111111111
111100101101001111111111111001110111010110010111011111111011111111111111111
101011001100101101100111010111101111111011111111111111110111101111111101011
100111111111111011111001111110110011111101111101111101001110111111111110111
111101111101011101101111111010111110100110101111110110011110010011111111001
101111001011111011111110111101001111100111011111100110110110011001110101011
111001110111111111100101111111001111101110101101010100001100110111101101111
110111011111111111101110101010111110110111110110110110111110111110111111101
111111001011111011001011101100010000111111111011111011111011010011111111111
110111111101101111101101111110101011011101101101111111111100111111111111100
101011101111111111010110111100100011111111110110111101110110100110011110101
111001011011100111010001111111100101110111101111010011111010011011101101110
110010111101111110110110111111111110011111011111101111111111011111111010111
111110111111111011111001101001111111001110000111010001111001110111011111011
111111011011101011110101010011101111111111111011010011011110101111001111111
101010101011111101101010011111001111111101101110110101010011100111111111111
010110110111101010110100111100111110011110000111111110111111100010101111000
111011111111101100011110111110110111111100101111111001001010011111111111111
110111101101101111010011111111101111011101101111111111000100110111101101001
011111101111111101101100110111111110111011011110111101100011101110110110101
011101010111111111001111111111010100110111111011010101010011111011110011111
111100111011011011001110110011101011101111101101110111101101111110110111111
011100111110011111011000111111111111111100000100011011001110111110111111110
111101111110101111110010111110111011111110011011001111011111001111001101110
101111111010100101111110010011111101111011111110111000110111001100111111111
111010101011101110011110000111101111101110101010110100101111110101110111111
100111010111110111011111111011100111111110011011011110111011111011111111110
111101111100010101111111111011111110101111011111111111111111100100011110111
110111111111111111010101010011110001111111110110111110110100101100111101101
111101111101111011100111001101101111011111111110110011111111011101001110011
110011111100111111111111111011001111111111101111011010101111011111001111011
111011111111100110111111101011011101011111011111111111110001110111110011110
111100111011111111110111111011101101011111111111101111111011111111110000111
101101110110110111101111001011101111111011001111011111101111011110111001111
110110101101101011111011101001110111111101111110101111110111111101011010111
111111111111111111101110111101111111111010011111110110101111111111001111011
101111111101101111111111111111001111011110110100111110100111111110111111100
101111101111111111101111011111111110111111111101011110111110011011110111100
