00000101000010100110001001000001000000010001000000100011110000010
00000000101001011100000000000000000101000001000101000010100101000
00000100100100000000011000000000000000101110100010111001110000010
00000000111101100000000101000000000001001000000110001000011011000
00000100000000011000010000100010000000000000100000010010011100011
10101000110000000101001000100000011010000000010000000101001000000
00000001001010001001100000011110111000010000000100000000001000000
10000010010000100000000110000100100100100000000000000100100000101
01110100010100010100100000011100010000010110000000000100000100100
00010101101100010000010000000001000000000000000100101100000100001
01010010010100110001101000001000010010000010000011000001010001010
00110000111001000000110000010100010010000001000001000000010000001
10000010000001100000001000000000000010010110000000000000000001000
01010000000110000010000000111010010001100000001010101010001000000
10010001001010000101001000001001001100010010000001100000000000000
01001000111000000000001000001111010001001010001100011000100000001
01001010000000000011100100000000010000001001100100011001000000010
11000100100000100000100000100000001101001000000000011001000001010
10000000000001001000001000100000001000000001000010001010000000010
00000110001000101000000101011010100000000000001000001010001000010
00000010101100001100001100010100000000000100000000000000011000000
00101000010100000000000000000000000011100000011100100000110100001
10100100001010110010100010000000100000000001000000000000000000101
00010001000000001001100010110010010000000001010000000000000000000
00000001000000000000001100000000000000010000000100000010011000100
10010000000000000001000000001110100010110011000010101000110010000
00001100000001000110000100010100010000000000010100000000100100011
00000010100101000001100100100000100000010100001001000110001000010
00000010101001110001000001000001000000000000101000000001001000011
00000011100100010000100001100010011000001110000000000000100000110
00001010000001010001000101000100010000000001000110001100010000000
10000000010000110000000000001000000000000100000000000001110000011
00000011000000000001001001010000000010011110100010000100000000010
00000110101101011000000100100110000001110001101010110000001001000
00000110000000100110000000000100000011110000000000100100000001101
01000001000000100100000000000000000000011111100010000000000101000
00000100001110000000010001000000101000000000110001000000001000010
01010000000001010100010000000000011000000000100000000100110110110
00100001000001000000010001000000011000000000010100000100000100010
10000010100010100000000011010000111100001101000000000000110000110
00110000000000011100000000000100100100010000010110000000010101000
00100000100010000000100000010101100100010000100110010001001110110
00100000101010110000000001000100100100000001000011011010001101000
11000000000100001010001101000010010100010010000100000000001101000
00101000000000001000000000001000110111000100000100001100001001000
00000100000000000000010100100000000010101000000110001000000100000
00000000000001010001010000011000010000000000000010000110000011001
01010010010000011000010010100010000000101101110000101101010001111
00110000001001000010000001000010110100001110011001000000000100100
01000000001100100000000000010000000010000010000010101010001010010
10100000010001100000010001000000011000000000000101000000000000000
00101000000000011100000000000000010000000110000000001001100001011
00110000010001011111000001000010000000000010110101010010000100001
00000101110000000000000000010010101001100000101100000000000001000
11001000000001000011000010010000000000000010001001001000010001010
10100100001000001100000000001001000000000100000100010000001000101
11100001000000010000010001100101000001010000000000010000001000000
10111000001100000000110011000011000001011000000100000010000001000
00011110000001000001100010011000010010000111100001000001100001000
01001000110000000000010000100000000101101111010010001000000010000
00010000000000000000000001000000000001000100001001000000000101000
01010000001010000100000000000000011100001011101100010110011010000
00000001100000000000001010000100001001010100000110000001000000000
10101000001000001111000000111101100011110100000101010010000000000
00001001010100010000011000101001001000000000001100011001000000000
