0111110111110111111001111101111110111010111111110111111
1010111111001111111011101111011011111010001111101101001
1101111111011101101111111111110111101111101111111011101
1010111001111110101101111111011110111111101110111111110
1111011011011001110010111111011110111111111111110110011
1111101111101101101011011111111011011111111111111111110
0111110111100011110101111011111110011110110111101000111
1110011010101110110111101111111101110011111111011111111
1110111100101011111111111111110111111101111111111111101
1111111000111100010100100011111011110110111111110101111
1001011111010100110111111110111011111111111011111111001
1011100001101010110111111011111111001111110010110110100
0111110111010111101001111011111111000011011110101110101
1111010101101011110101100111101010111110001011111111111
1101001110011100011111010001111111101100110111110101110
1110111010001100011110111111111110111110110101001010111
1111111110111100011001111101110011011111110100111111111
1100101111110111101111111001110110011101111010111110111
1111010010001011110011101111111111111110011111111111111
0011001111110111010001001110111111010111111111011110111
0110110110110011011001111101001001000101111100111111111
1111011110111110111110111110100101110111111101011110111
1111101111111101111011010111111111111110101111110111011
1011111010111011110011101000110100000110111100110111110
1111111110111001111111010010110111111101111111111101111
1111110110100101101111100011011111111001111011011101101
0111111111111101001101101100111111010111111111111111110
1111111111011111111010100100101111111011011111111101111
1010011111111111111101111011011011110110111101010100111
1111111111111011111100111110101110100101111111101101011
1101111101111111001110100111110011111101010111111110110
1011101110011011011101111111010011001111101100100011111
1111111011111111111100101111111101101101111111111111111
0110010111111010101111101111101110111110011111011101111
1111100111100111001001101101111011010111111111011110111
1101111111100101111101101111101001101101011011111111010
1111111010110111111000101101001111010111111011011111101
0011111011110111111111111010111111111011111111111101101
1111111101111101101101110011100101101101011111111111111
0011110110111000110111001111011110111110000101111110011
1011111111110011110111111110110110101100011111101011111
1000111111111011111111011111111011111110101111111111011
1111110111101100011111111111110111111110110101010101011
1111111111001011101111111011111111100111111011101111111
1111111111111110011100101111011011111110110101101111111
1110111111100111001101101111111011111111111110011111111
1111111011111110111010111011011110010111110110011111101
1011110111110110111111111111101011111111011001101101111
0111011110101101111111001111011011111111110111110110010
1101110111111110111111111111111011111111011111111011111
1011110110111101111111110010001110111011110111101101101
1111010111100110101010111111010111011110111111110110111
1011011111011111111111011111101111101110100111110111011
1001111101000111111111111011111111110011111111011101101
1110101111101101111111101101110111101111111111110111110
