0011001000010001010011110010101010111000000000101000000100001010101000
0001100100100010001100000010001001000000000001000000100010000011100100
1001001000000000010100000000101011000000000000010010001000101000000000
1110000110000100100000010000000010010010001000010000000010100000001000
0100000010110110000001110011000100001000001000000000010000000011000110
0000000110000000000001100011000000001000000001001000000010110001100100
1010000000010000011000010010010100110011000100010000100000011001000000
0101010000010001001001011000000000000000001010100000010000010001010000
0001110000001001010000000000110001100001001000000001100010100001000100
0000000000100100101001100101000010000100011001010000000000100010010001
0100100001000001000000000000000110000000101001000000001001001001000000
1000101100000000010010000000000010010000000000100101001000000010000101
0000000010000100000000100000000111100010001010001010010000000100100101
0001100001001001110000000001011000000000101100000100000000000100000110
0100100000000000000000000000000000000000000000010000000110100100010001
1000000110100100110000111001110001100001101010000000000000000100000100
0001000001000101000000100011000100100110000010000110000000010001100000
1010001010010101000000010010001000000000000000010000000000100000010000
0100001101000000000001000001010000000000000000001000110011001011001010
0110000000000000000000001001110110000011000000000101001110010001111100
1000000000010000000000101100000000000000100101001100110010010000000110
1000110101000000001000100000000010011000001001000100000000001000000000
1000110001001001100011010001111001001000000000000001001000000010000110
1001101100000001010000101000000011001000000110000110000100001000000001
0000000100000001000110010001010000001000000000000100001100001101001000
0000000001000000000010000000010110100100000000001000000100000011000000
1100111000000000110000000001000000100000010000001000000000000011001000
0000110001000101101100101010000000100110011000010100001011100100000000
1010000010000001000100100000001000000010010000001000000000000100101000
0000001010000101001100101100001010000110010100000000000010010010101000
1110000000000100010000100000110001000011000000101000001000000000110010
0000101000101000100100000100000001010000000010000110000001011000100001
1011000001111000000101010100010001000001001011000000001001001011000001
0110000010001001000000110000001110000100100000000000001001110101000000
1000001010001001100000000111000000000000100000000000000000001100001000
1001001000010000000001000000000100000000100000000110000000000011101010
1000110000000000000001111000000000000011001001100100001000000010011000
0000000001000000100000000101010001000000100000000000010010010111001011
0001001000001000100100000001111000001000001101010000001001000100000010
0000001010000001000100000000001010001000101100100000100000001000000000
0000000000100101000010000000000001110101000000000011100000101100000001
0000000001000000000000000011110000000000000001110101100001000000100101
0001100111101101000001000001000010001011000000000011101010110100000000
0000001000000100000010010000010000000011000000000001000100000001010000
0000000100001001100000010000000110000000000001010000011100000001000100
0100010001100000000011000000000010001010010010000000100100100000000000
1000000100010000000000000000001000001001010000001101001100000000000001
0011001001000010010000000001000000000010010010000000000000000100000001
1000010000001000001010000110101000000000000000100001001011100000101000
0000000000010100100111011001000100011000010000100010100001110100000000
0010000000001000100000010000000100010000101000000100000000000000111010
0000000010010000000100100000000000000000111100101000100000000000000001
0100001010000000001010000000000000000001111001000101010100100100001000
0000100100001000001010000000000000000100000010000000101000000010100100
0010000000110000000100101001001011001010001010101000010101000000010000
1000000000000010000100011100000000000000000111100000101011011100001000
0101010010000010001110000001010000000100001000001000000100100001010010
0000000000100000001000000001000111000010010000001100001100001000001001
0011010011000010010000000001000001000000101001001100100010000100000000
0000011100000000100110000000010101000100001000000100000100000001000000
1010001000100000001001011000000110100001100000000000000101000000000100
0000000000001111000000001001100001100110101000010100100100100000001010
1100100001010000001000100110010010011100000000000000010000000000100110
0100111110100000101100001110000011010100000110000000000010010000011001
1100010000001000100100000000111100010000010000001010010000000010000000
0000000101000010010100000000001000001000000100000010001010000001000000
1001000000000000001100001010110000111100000000001010100101000101000010
0100110010011101000110100000000000000000010010000000010000001010000001
0000100000000100001010100000001000010110000000000010000010000110001000
0000000001011010000000010000000110000100110000110001000001000001000100
