0100101011010011011011001111101110111111110101110101111
1011001111111001111011101111110011111111100111100101100
0101001111100111010110110011101101101111110011111011011
0110111111011111111011111011010101110101011011011110011
1001011111110110001111111110101111001101110110011111101
0001101011111111110111101111110101101011101111111011101
1111110111011010110001110111110110111101111111010111111
0111101011111110111111110111101101110011110110111101000
1111111101011011101101110111001101111111111110011111111
1111111110011001111111111111111111111100010110110000101
0110110100011010010111111111101101011100101111110001111
1101111111100101101111111110101101111011110011111101100
0101011111100110101111110011111111110111111111100001101
0011110100011011011111110001100010111110111111111110011
1011111110101101000111011011111101011001111111000110111
1111010011010110111001111011011111101101001011101001101
0101011111011001011110110110111111011101111010111110111
1111011101100101101010111111111111111111111011101111111
1101100111011101110111111110110111011111111111111111011
0010110111111110101001111110111110011111111010100111111
1111110101111110111001111111101100111111111110011101011
1101111111111111001110101100111101011111100111111011111
0111111111111101111111001110111111000111111110111101101
0011101111111111111110001100111111101011111000110011111
1101110001110011011111110010111111001111110111011110111
1100111111110000111111110010111111111001110110111111111
1111111111111011111110101101101111100011011111011111101
1111011111101111010010000010011011111111011110011111001
1110111101111110111111111110011011101010110111111110110
0101011001001011111101111101101100111101101101111101011
1010100111111011110111111111110111110101111110001111001
1011111111111011111111111110011011110100011111111111111
1100101001001101111100111111101101110110111011101001111
0111110111111011111001111111101110111101100111011111111
1111011111011101010010010111111111011111111110110111001
1101001111111110111111000101011111100111011111101011101
1110111011110111111111011101110001100110111111111011111
1111101011101101111111101001011111111001111111111111111
1110010110011100011111111011100010111001100111001111001
1111111110011011111111111111011001110110111111111110011
1110111110111110111111111100111011101111000011111111101
1011101111011110111110111111101110111101001010111111110
0001011010101111111110110011011110111101010110111001110
1100111111101110001011101111111101111111001010111110101
0111111111111111111111101111101111111111111101100111100
1111011000111111011001001010110111011111100010111111111
1110010101111101111101110100110110111101111111001111111
1011111111110100101011111111110101101101111101001111010
0011110110010101111011101111111111011111111101110111001
1101101110010110111110101111111101100111110111111011111
0011111010000110111101011111101101111111110111111101111
1110111110111001011111110111011111111110111011111110111
1100111011111011110101111110100111011100111111100111010
1011001010100110111111011100110111001101011001110111100
1011111011101111111111111111011111111111100101101111000
