0111111011111001001111111111111110011111011111101111100
1011110111110011110111101010101110011110111111111101110
1101010111111101111111001111111010111101111111111111101
1110110111111010101111011111111110101010001011110010101
1101011010111000011111111010111010101001111111001110111
1111101011111010111001101111110111110011111110111111001
1000110110101000111110101101111011001110111011110101011
0111001011111111111001101101101101110101011101110011111
1111111101011111011101101111101101101111111110101111111
1111010110011111111011101011111100010011111111111111111
1111111100011011100111100111101111110111111111111110111
1111110111101010011111110111111111110111111111111101111
1011111111110110110100111010111111110111101000011110011
0010000111001001001101110111111111110000100011101101011
0101010111111001101110111111101100011111110110111010011
1110000111100110101110110111010011011101101011111011100
0111011101101011000011101111011001010001011111101101111
0110111111011000000101111111101101110011111011111100011
1011111111010111000111111111111011011111101011011110111
1111101010111111011011101111011011111001101111111110011
1111101001110011101101101111111101111011011101011011111
1111110111110100111110001111111101011111101111101110101
1100111111111111111110001100110111110001010111101011001
1001100000011111011000001011111011011010111111110010110
1111111111001010111111110100100011110001011111110111011
1011011110110111111111101011111101111110010100101110011
1111110011111111111111010101010111111111100111111111001
1011011111110111111111010110111111111110111010111111111
1111111111111110011011111101000111111010101111011111001
1011111001011101101111110111001011111111111111110111011
1111101111111110111111010101010101111111111011110111110
1101010111111110010011100111101011011111100001111110000
1111111000111101001100111011110100111111111001111110011
0000011110111101111111111111111100111111111101110111111
0011110110111100010110101111111011011001010101111111111
1110010101111111111111111111111111101011100111111111110
1111101010000011001111010111111111110101110101111111111
1110001110111011001001000111011111001011011111101110111
1101011011111010011011010111111111010100101011111011011
1010110111111011111111101010011111111100110101110110011
0110111011111111011101010011111111011011010110110111111
1110111111110010110010111101011011101101101010101110100
1111111111111001111111011001111011000110010111111111111
1110110111110010100111111110110001111101101011010111101
1111111011110111111101111011111000010110111101001110011
1111101101110101111111111010111111111111001110011111111
1111011111110111110101111111011111111111111000000101100
0111011101111011011110011011111111111011101101000000101
1110110011111111111111100111100110111110011011000101110
1110111011111100111101001111111111111101111111101010011
1011110111101011001111111111111111111111111111000101000
1110011111010101100010101011111001111010101101101010111
1111100111110001101011010001001001111100111101111001011
0100101111111110111110011101011011111111101011001101101
0011111111111110111111101111110011101111101111010101110
