0011010010001001111000110001110010101111000101100001101
0000100110011010101010101001000011111110100100101000100
1000010110110000001111100000110011001111110110100101011
1000001010000101011101011000011101110110100110111010001
0100000111011000011100100011010010001010000000110010000
1010001100101001101110010011010101111011010001000110010
0001010001100101001010100110000100110011010010001100101
0110110001010110110100011000001010110010100110000010110
1111100001000101100000011001100100110001110110110011111
0000101110000100100001010001110100010000100111011001001
0010011000010101011110111101110101001111101101011101010
0110100100101111110010011001110111010010110001011100001
1100110000010011010101000001010111100010101001011001100
0001001111110000111111011100000010010100111000011111011
0100000100011000101110110000001110101011110110111011110
1001011010111000101011000101100010011011111101111011101
1100010111010111011011110101011010100000110000100010111
1001100100111100101011110110010010001100100001001001000
1111111000100111110110000000000001010010011101011100100
0011110100101110001001010100000001011100101101100000111
0110011000110111111001101100010100001010101111000111010
0011000001001101110110111001111111100111000101001101111
1110101000100010110011000010001101100011100100110101101
1001010111110110110101001111001101101111100101010011111
0101000110110100000011010001111111111010010101111000011
0000001000100101110110010011001110001011000010001011001
0000111000000000010000110101001011111000110110100110101
1100110011111001100001011110100110001000001100011011000
1010000011110001000001001001001001101111111100011011000
1011110001111000110011001000001111011111111100100011001
0001000100000010100001111110110111110101000100101001011
0001011011111010000011111101011010001001101001001001101
1110100100011111110001001111011101101110101100111101010
0111010000111000001101111010111010000000101000010111000
1101011110001010100001111010101010011011111001110010000
0101011111010101001100001010011000100101010011110101111
1110110000100011010110011111110110100001001001000101011
1111000000100100010101010000111010010000011010011100111
1111111100111011001011111100110010100000001001010111001
1010011010100011000001110100111100111000111000100111111
0111000111111111110110110010110111100001000101001010110
0010011010010111101000001010110000110101001110010110001
0000000000101101001110000001110111101111010001000101010
1111000111100011001111111011111010000000110000110100110
0011001111000010000010000110000000010100010001110111111
1000010001111001011111011000000100111010101010000000101
1111100010000011100100101010011010110001000110000000100
0001100011111111001000111001100011110110010110000101100
0101001001111111011001001101101110000100100000000110111
0010011000110100001011100010000011011111011110011000100
0001110110000111100010010111110001100011110010001001000
1010000011101111010011110101111111011011001010010010111
1100001110001011101101110010000100010101100111111101001
0010010110100110100111011000001010011101101110001001000
1011001011010101100101111110011100011111010011001001100
