010011110011011100100000100101011001000110101110010001001000010100011001110
100001000001101001010010011000011100000001001010000011101101111111011000010
000101011000000000111100110010010001000010110001100011111011000001010101011
001000110011010011110010100010011001001101000011101000000100100010010001111
100000000101111000110010001111011101101010000111011000010000101100010110011
111000001010010100100111001001011000000111011010010011010110001111101000111
100100000000100111111111100001000010011101111011011110111111100111110110111
101100000101010100000111100101001010111100000110000111001100000110111110100
001001000001100110001000001101110110000111111001111001101000010010011101010
000010010001110110000110011101110001001000110101110110000100001100001001010
100101000000000110001011000000000011110000000000100000101100001111111100010
110110011100010011111001001111110111100110111010110010011110111110110000111
010010101100001111001011011110110110100111001111100111100111010100011111010
100111010101000111100100111011110010110101000101001011101110101101100111000
110010000000100001010000001000101111000010100011010000100101111100011001010
100001111110110010011011011011110111101111110101001001111010001010001000010
000100101111110100001111100000001001110100110101011001110001000100111100110
010100100001111000111110001110110110010100101000100000010111100010110011011
101111100001010001000011000100001001001110101010100001011101000110001010000
011110100001001101000000111111100010010010011101000100001111010010001110100
001000101011100111000101110001100110001000001111101101000101001010110101101
001001110100010011001000001001110000010011101100000101001011011100111000001
010111110110100111100000111000001110101111001000111100111101001100110000111
000001110011100110101000101000011111101001100100000100011111011101101101110
101100110000010010011011011001111100001000101110100110110010010011100100100
011000000100110100011010101011001000110111111111011100111001110000001001010
010011001101111101010111110100000001100001000101101001110001111101100111110
100010011101100001110000001000110000111100101110010000111001011011111001001
001110000001110101010000010001110011010000010101100001010100010001011001011
100011111101010100011100110010011110101110001000101000110011010101100101100
000000001101111101011100100110010011110001110100010100000111001100110110100
111111001101110101000101100111101000001011101101010110011011100111101000111
110111010000001010100011110001010110101010101110010111001001111011111101100
010010001001101101001011100001001010000100010111100011111111110111100001011
000000111011111101011011000011101100101100010111010000111101000001010001111
101110000111001110100001001010100000110111111010011110010100001010010001010
000010010011110110000011011101101011011100110011010011000000110111000100000
000000110010010011010100010110100001100010011001100110010111111011000011000
000110110100000100101011100101011010100000100011001100001100001101011100000
100101111001110111100010010101000111100001111010101101011100101011101111011
101011001001101100110110010001011001010000100000010001000111011101001110000
010101101000110100000111011000110001000100100111110111100010000001101011000
101000101101001111100101110100111001101111000111000000000111000110111011101
001001101101000110010000010010100111110100001100000010101100111000000011101
110001101001100001111110110101011001010100010010001011010010101011011010001
100010010100110110011101111110111110000001110011110000110100100100101101011
110111110001101000101000110100001111101101101100101010111011000011011000001
001110101100111110011000011010010110111001100100110111110011011101010010111
001100001111100001101010101011000100010101000111000010010110001111011010000
100011101101001010000010010100111011100011000101000111111111010111111110000
000110101000010110001010011001000001001100001010000100111011111101000111110
000000110100100000011111110000111001011101000001011000111110001111111001110
011001110101110000000000100000011101110001011011110000011111100000011110010
111001011000110110101100001010001100100111001001010000000010001100110000010
011000101010111110000010111101000110000001010111011100010000011110101100101
001011100001000111100011111111010111010100001111111110101110010011100001111
111000111011010100110111010100011110001100010010011110010010010100000011110
010101110111111001111011000010100111011110110100110110010000010001110101001
001001100001110101010101100001110100010011101011111111011001101000101101110
011000100000101011111111011101111110010010100011011010000010111001101011011
010110100001011001000000011000011100110100011100001010000011001001000001011
110000001001101000010101111111001100110010010001011000111101001010001010110
010011000111011100001111001100101001011110011001101101100011110100011100011
110011110111111010100111001001110100101010100101111101101000001010011000101
010101111011000101111000100100011101110100101010110100110000010100011111010
011001100010010000000001101111011110111111001011111100010101100000001001000
000001110011010011001111101101111100000101100100010101110111000000010100000
111110111011101011001110000110101011001000101011110111000100001110100110011
110001011110101110110101010110011000001111101110110110100011011111000001010
001010111010110010011001101001101000101110000100011010100110001010110001111
000010110000110001110000001000100000010111111001111010001001010010010000101
101100001100111001001001011111001111010101110100001100011111100011001100111
100101110001000010011011101001111010000000110001001100111010010100000111000
111111101111101111000011011010010111000100000101001111011011111010011101001
001111100001000001001110000110010110000100111111000000110101101100010111010
