011010011001001110000101000110010111011101110100110000100111
101000101010111010110100010000101011100111110101101110100100
110110010011111010001011110011111111011001000101111011010100
001010001011000101001110111100111000011110101110111010100010
101100111101010101001101101111111110001110000011011111111011
000000101010010011110101100110000011111110101011110000000010
010011001100100111001000101011101001101111001011100100111010
101010001101011001100110101100100100001101101011001100011000
110111110010011110110000111111010111111100011011101111110000
000010110011110011000011011000010001010010110100001100010111
011101001101100000111011100111110011010001111011011010100000
101110010110110111011010011001100010001110010110000011100001
011000100111010100110010011111100011000110011100100111010011
011011011101101001111000101111100101100000010110001001011000
111000011000010100011101011100000110011010010100010000110111
100110101001101001111011111000110111100110100101101111000100
111001101101000000111001010100011100001100101011101010001111
000111110101010100101010010000011100010001011000101110000100
010001011010110111011001101100111110011000101000010101101010
010001001011111110100011000101110010110100100100001011111110
001110100011011111100000010101100001110010011100111100111000
110111010000001000000010001010100101100000101000110110111111
001100010111100101010100101010101010000111101000110101001111
101011000110001110110000001111111001111010110011000111001000
001111111010010100100010011010010010111100101001010010100010
011100001101101111001000101010010100111001010101111011101110
000110111101111100100111110111100010100011101011100101100010
100111011010111010111001001000011110111011101110100100100001
101011101010110000000111111001111100110011010011001011010001
001010101011110000011001001010111111011011000001010010000001
011110110011110100111111001011010100110101111011111110000000
101110001110000111110001110111100100001100110100100110011001
011110100000000011100011000111000010000101010111011000110110
101010011000011111100100010111110000011000111110101111111111
111011001011101100110010101101001001100100000111101100000010
111001101110110100001101000001000010111011010100110010000010
010001101000010100011101111110100011011010111000000011000001
101101001110001001111001110111100101101001011000101110111011
101111111001001010100001110101010101110110001010011110000111
110111111001100110010010100000111010001011010010010001011011
010111100101101100001011001111000001101100110110011101111010
111000110010000001000010011111101001010100110100000100010110
110101010110000110110111101100110100100011000000011110011110
110000001111111001001001010010111101110111000011000010010011
000101111010100011101110101100100100111000000100111011001000
111100000101111100011000010100011111000011001011010010001011
000111111011010010000001001110101110001110010100001010110001
011011111010000110000001111011101010000000010100000111001100
111101101000100111001110011100110111010000001000001111111010
101111000010001000101110110001101001001110101100001010001100
011110011110010111011000010010101110011010101010110110111001
010010111100100101101111001100110110011011100001101000100101
011110001011100111010101110011110101111000111111111000011000
001010001001110100110011011010000100100110001001100000101111
110110101011001000111100111100001100010010000010101101010010
001010111100111000011100000010011100010111110010101010100110
000010110000010010111111010000010100010110101101111011000001
111000000100001111010110010000001100001001100001010101010011
100111100100101010110110111000001111011111110100100001110101
100010000101101010000110000111010100111100010110001101001110
