00111110111011010111100111011101110010111111111111101001111010111
00111111011111111001110010001111101110110101110100011011111111111
11010111011011001111111111011000000101111111101101110101011111001
11101011111110011111110110110001110110101101111010011111100111011
11010111101111100001100110111111100101101111111110100110011111111
11101011111111110100111111011110111001011011101111111111111101111
11111101011110111111101111111100010110111110010001011101110101011
01111110111001111111111111111111001101111110101110011111101111110
10011101011101111110010111111111011110011110101111110111011101011
11110111101110111101111001110111111111111101101111101111110110111
11111111110111110111111111110010111111010011001011011011101010011
01011110111011110111111101111111110110111001111111010101101111110
11111110011101011111111111111111110011110101001101111111110111111
11101101101110010111111101110011101111101110111111111111010101011
01001111111100011010110110111111111011111110111111110001111101111
11010111111111101001111110100111101110110001011011111011011111011
01110011110010110111011110010101011011011010111010111111011001101
10110111111111001011110111110101111101001111110101111101110110011
10110011101111101101110011111111011111110111100101110010111111111
11111011011111011110111110001101101110010011110101111101111111110
11111111011111110111011111110101111111011111101110111111101011101
01110101111111111111100100101011110111111111111011011110111100111
00100111011111011001100001001100101000101111010111111111000111001
10111111101111111101110001111010111111111101101001111110111101111
11111111101010111111100001011011111111101111011100101010111101111
10100111111111000110101110101101010111000001101101110111011110101
00011011111111110110110101011101100011010111110111011101111110010
10111111111111101110100110100000001110101101111111001111111110010
11101111100110100011011111100111101101111100011111111111011011111
11001111110110111111101001101011101110011101010111000100111010011
01001101111111110010010110001101011100111111000001011111110111111
11011001110111111111110011101110010111101111111011111111101111010
11011100011111110101111110101100010011000111110101111100111011100
10010110111110101110110111000011100110010111110011010011100111111
01000101111001111111101110011110000111111010111110111011111011111
01111011111101010111110111011111011011111101111111101011101110111
11010010111111111011110111110101111100111100110111111110011111111
00101101011011101110110111101001101100111100111100011010111011111
11111011010111110010011110011011001111010110101000111111111110011
11100111111110111011110100101110011111100110001111011101000100100
10111111110101101100111110011111001111000101011111111111110111111
11111011110011100110111110111111110111111011111000111001111101011
10101111101001101111111010100011111000110101101111110011100111101
11111100011110010111111111110111110100001110100111101010001100111
11111101110101101111110101110001111111100111011001111111101111011
11011010000101111101011010111101111111001100101111111011111011011
10111101111111111000110111011001001101111110110110011111111111100
11101101110111100111101011111100101111011011011010101111101100100
10011101111101111000111000111101011110011011011101111110110011011
10100110111111110111011101111111110110011011110010111100111101011
10101100110011111111101111001001101110101111110111011011110110011
01110111101111111111111101101011111011111110111011101111111111101
11010111011011011101111110111011101111111101111111110111111010110
00111111110111001101111101111111100010111000101111011010110111101
01011101111011011010111111011011011111101011111110111101111111111
11110111111111111101101001111011011100111110111100111010011011111
11010111011110100111110110110111111101101110111111111110001100111
11101110110011111111010111111110101011101100011011111111001101111
11101101101100111011110111111101101111100101111101011011110101001
01111111110111110111011111110011010110111111101101110110111011111
11111001011110010111101001111111111111101010111010111111000101111
01111111100111111011101110001011111011001110111011010111011110111
11001101010110101011110111001010111111011011001100011111110111011
11011111111111110111010110111111011111101101110011101011110111101
11111110111011111110111111001110011111101111110011110111111111110
