010000010001101110001000000010001000000000001
100001001100100100001010000000010001100101000
000000001000001100010101010000110001000001001
000001000000000000101000000000101101010000010
000000010000101010000010000110000000000000001
010100110001000000001010010010010001001010001
000001000100011000000100000011010101000000010
100011000001000000000110100000000010001001000
011000000101000110110000011110011000110101000
010000101001010000100001000000000011000000000
000000000000000000000001000000010000100000001
100001011100011001000001101000000100100011010
110010000000000000000000010010101011100000101
000000100101001010010101000101010000000000000
101010100001010110001100111000001010010100101
111000001000001000000001000000010001000011001
100010001000011001100110000000001100000100000
000000000001000010010000000000101010000110101
000100001100000010010000010001000110001000000
001000001000010001100010000001000000000001000
110101000000001000000100100101000100000000001
001000110000011010001010010001100000000000100
010011010000000010010100000000101110000001010
001000000111010100000000001000101100101001001
000000010001001000001000000001101000000000000
001001001000101000100100001000000000000001001
000000001001001000000001010101100000000000010
000010001000010000001000001010011001001010010
100011101000100000000000000100000100000001000
000000100000010000111100101000000000001011011
001100000000100001000111101000001100001100000
011001101010010100000000000100000010010000001
100100001000101011000011100100100000001000010
000100100001000010101011000010100000010010001
000000010100101001100010000000010000111010010
011101100100100100000000000100000000010000100
010000001011100000000001000000000010000000001
000100001000001000000000000000010111000111010
000001010000000000100001000101101010000000000
010000001000001011000000000000100000010011000
000001000001000101000000000101000110010100010
011000011001000100010011010011000000010100000
000000000000101001000100000000000001000000000
000100100001000000000010001101001010010010001
101011000010101101001001010001010100100000010
