0111010111110100101110011000011100111001011010110101010110100110011011
1000101101100000010110010101100110000010110100001101100011100100101111
1000011111110101111010010100011010010110110010111110010000110111010101
1000111100000101100111011000100101011011010111001101101101001000110110
0101010010000110101011011100101010110100010001111101010010011000010010
1011100010100110111011010000110101101101010010111110111110110110010110
0111000001000001100000110001100100110110101100101010110111000110001110
1111000001000000101111010110001101110001110101100000001110001110010001
1010110000101111111011101100110011000000111000100000111000110010011110
1110001100011111010011011100101001011001111011110101100011101001011110
1110010010001100100101111111101001010010100001011001001101100111000000
1010000001001101011000001111100111111011110101101000111101000000000100
0000000011110100100001111100001101010011111100010010110100110010100000
1011110011111001101000101000101010101100000101100110110111110000111100
0000110011000001100110101001001001111111011000111010101010001101111000
0011001011010110110010110110000011110101011100101110101100001100001011
1011111110101111001100100001010111110100100111001001101001010111001000
0110010011010001001001000101011011110101000111001100111000100101010000
1010110110010100110101110000011001101100000111111000010001011110000101
1101000100100010101010100001101100110001010110100101101101011110101001
1111110111000011000100101110010101011111101100111001010100110101000001
0001110111101000011000010111101110011011011001101001111011101011001011
0000001010101111101110000101010011000101111110001000001111110000000111
1111111101101001001001000110001100110010101010010011111110001100001100
1001100011111110000010000011001100010111011001110011110000101110000111
0110100111111001010011110000110110110010100101010111101101111010100100
0000000100110001000011011001101011101110010111110000100101000100100001
0100001000110010110101101010101100011101000100100100010101011101001111
0101111011110100000101000111011111011001110110100110001110001011000011
1010010010000000111010100100100111010111010100100011110010110001000011
1010100101101110011101011011100011000000101101110001111001010001010011
1101011100011000100111011101110011011111101110101100011011011101000010
0110100010010101110001100110111100101110010111110100101101001001111101
0001010111111011111010100010111100111011010111110110101001000111011010
1000111100010111111100010110000011010001100001010111000001011100101000
1011101101111011110111011101110101101111100100110011101111101110001010
1001010001010110001011000011100111010101100100000101010110111100000110
0010111000000111111010101011010110011011000001101110000100101000111110
0111001000111010000011011110010111010101001100110100110010001001001000
1001010101011011010111101001110101111110111000100110100001111000100110
0110001111111000100010110100101100111001001011100100110101001011111011
1111110111011011000101101010110011000001000111001111000001111011001100
1000001011001011000011111000001100000011100101001100101110011000011010
0101001100011101111110100111111111011010011011001000010100010100101100
1011010001000000111100110010100111000000110100010101111101000011000001
0001100101110100111001001110001011100100111100010101001101101011101101
1010111111010111001111001011111111010111100000011111110011000001100011
1010110001101010001010011110001011110010000011101001000110101000001100
0111111000110011111011100000000100000100011100110100000100010001111100
1111110001000101010100000101100111101111111011101010000011101111110101
0010011000001111000000011100110001110101010000100101001000101010011100
1101100001100000100111011100011000111000010011110010010001100010011000
0101011011011111110101011110011011010011101010100000010000110001101101
1010111010011100011011011001011100001010100110100001100001100011111000
0001010110110011110101110100101111010000001011000010000011001110000001
1001011100111101000110110111100010011100101111011000000000100111101011
1100111101000110000001110000110100011010001000110100001000110010001001
0101001001110100101101100111001111110001110011100101011000101101101011
1110010011101100010011101100010000011101010001010111110111001010111000
0010110010001100101110100101011100101001011100001000100010001100111101
0001100101000011001101011101100110111111111001010110001001110000000110
1110011100100011111110011011000101111000000100000100001101010001100101
1010011110101000101101001100100001010000110011000111011110100000110001
0010000001100010110011000001111111000010110011101100110101000100010010
0101000000001110000100000110000010100101100101101100110101110110001101
1011110111000110010000000000001011000100101000001111010000110011000001
1100001011000111100101010001000011110110111101011011110111110000100001
0111011011010100001000111101000010001101010101011110100000011100100011
1101111011000001000001101001111101011101101000100000000101001001000101
1110000100000001001111101011111010000000100011100100101111010110111110
