0011111010011010101111111111101111001111110111111011101
0011011001101011110111111111011000111010011111001111101
1100111111011110111100111100101111111011111011110001011
1100010111101101111111011100111110100011111111111011101
1010001111101101100111010011011011011101111011110111111
1111001110111011111110011111111110011111101001111111110
1110110001001001110110111110111001110010111111110011101
0011110011101111110111011111101110111110001111011111010
1011110101111000111010101100110111110011111111011110011
0111101110101110111101101110001101101001111111110111111
0101110111011111011111111111111011101001111110001101111
1010010010100011010110011111010110110111110100111101111
1111111111100011011101110101111101111011101111111111111
0011100101100010000111111110111100111111110110100011101
1110010101111101110111111101011011010011011111111101111
0101111100111010111111001111111111111111111111110101111
1111111111000011011010111110100110011111111011101011000
0111011111111011101011111111111101100111110011101001011
1011010011101001110111100111101100111101111111011111111
1111111101111111001001111111011011111111011011111100100
1101111110110111111001111001111111111111111100110111011
1101100101101111011110101111110110110111100111111101100
1110001011101110111111011010000111111101010111101111011
1111111100111110110110101111111111101111111111111111011
1111011111110111110111110011100101111001111111011011111
1111011111111111111101010001011010100100111111011011111
1100111101110101111101111000011011101101101110111101011
1100110100111011011111011100001110011111111011010101001
1011011110101101111011011000011010011111111111111100100
0101111010111111010111010110101100110010011111011000111
1111111101101111011110010111110111101111001110101111011
1011010111011101111011111001011010101011011111101111000
1011110110110011100111110111101100111011111110111111111
1010101011101011010110111010001000111011111111101110011
0111001111111101011111111110011111011110111110001111011
0110111110011111101111101001110011100111001111001111111
1110110101101101101110111011101111100011111011100011111
1000110100010101111111110111101000110011011011111111001
1111011110011111110111010001111111111100111111000011111
1011110011111111111111111011101111011100101111111111111
1011111011111101111011011111100011101011001111100110111
1111101011110111111110111101110111101110000110101010111
0111111111101011101110011111111111111111100111110111111
1101001111111111001011111110111111110011111001111110110
1111101111101111111101111111111111111111111001111100000
1111111111001011111101111101110101011111101110011011101
1011111001011111110111110010101111001101111110011111011
1011111111011011001111011111110010000101001111100101111
1101010110111010111101111110111111110101010111100001111
0100110111111011001111110011101111110101101110110001100
1101111111001100101010111100001111111111111101100001101
1111111101111111111011111111001110111111001001111110011
1101111001111111001101001100110010011011111101011110011
0010110111111011011010111110011011111011111100111001101
1111101011111111011010111111011011111111111001111011110
