0100010000111000100000100001000001000000000100000000010
1001000000010100011001000000100000100000000100010001000
0001010001001000000000001000101010001100010000000000000
0110000010000010001001100000100100000100010000010000000
0000000100000001010000000100000000000000000001001001110
1010000100110010011010001000010000000100010001001001001
0000000100000000001100100100000000000000000000000011000
0000111000001000001101000010000101000010000001001111011
0001000000000000010011101010000000000110000001000100001
0010000000000010000010110000100001000000000001000010010
1000010000000011000000000000000100100110000001100100000
1100010000000000010000000100000001000100010000000001000
1010000100000001010000100001010000000001010000001000010
0100000000000001000010000001111110000000100000001100100
0001010001100001000010001010100101001100100010010101111
0000100000101110000000100000000000001010100010000000010
1000000000000000000000100101011000100110000001011000000
0100110010011000001000100000010111000011110100011000000
0101011100000000010001000100011000000011001100011010001
0000001100000000000000001001111101000011001000000001111
0000010011000110000000000000010011000100001000001100001
0101000110000000001000010000110000100111000000110000000
1001001011001001110000010101100001100001100111100000110
0000000001000000000001101000000111000010001100000001000
0010010010000010000100010001000000000010000011000000000
0000101000010000101000100000000100000000001100000010000
0000000110000010000000000000000000000100000010000010100
1000000000001100100100101000101101000000100001000010000
0111000001000110000101100001001010000010010000000011100
0000010000001100111111000000000000101000110000010100000
0010000000000100101100000001100000100100000001011010101
0001000100100110010100010101000000100000000000010100001
0010000000000100010010010000100001000010010100100100000
1000000101010010010110110001000010101000001000000111011
0100000000100000100001100000011101000010000000001000010
0000000000000000000000000000000000001111010001000010000
0010000000000011000000000000010001010110100000000011000
0011010010110010100011000010001000011000000010000000001
0000000110100001111101011000100010111000000011001010101
0000000000001000011101100000000000010000001000000001000
0000000000000111010000100001010000001000000000000001100
0011010000011000010000000000110010010000000100000100001
0000000000000000001110010100000001000001000000010000110
1100000000000000011000110100000010000000010010000011001
0000000000000011000000101010000000000110000101111100000
0000110111100000100000101001001000010010000010010110001
0000000000100000000001100000000010000000000010000101101
0101000000000010111001000000011100000000001011000000001
0000110100001100111010000000001000100010000010000000100
0000000110100110000010000000010111000000010011100001100
0000001101000000001000000111101001011010000101000000001
0100111100010010000100010000100001001001100100100100000
0000100000000110000100100010101000000010101000101100001
1000100101001011000100100000000001100000001000000000000
0000010110000010001110000000001101000110010101110010100
