00010001110001110000110101100000110011100010011001110101111011001
00001101111110000011000101011100111000011100101001000000100001011
00001011110011010100000000101010111111100101110110101110111010110
10000001011000101000111000010001101111001000000110010001100111000
01100101000100000101001000101110010010010001001110101011001010100
01001000011110000011000111011100101111110110011111010110100111011
00100000011100111101100111000110010110111101000011101010000111111
11111000101100111100111110101000011111110011100111010010011111000
11100001001111011101001010111011001101001010010101101000011110010
11110110000101010010011101011010101100111111010101100100010010011
01010111100111101100001011101001100110111110110111100011010111111
01001111111010000011001101100001010111101110000101111011101100000
01100100101101111011011111111011000111100011111101111101101010000
10100000111010011100101100110111111001100110000110000110101101111
10010011001010001010001101111001111100010001001110010110101111111
10100011110011001101100111110001111011110100100101100010110110110
00010011101011110010111100101100100101110101101111101101001110001
00101011101001010011111001111111000101111100101010110011111000111
01000100010110101101010100001110011110011110001001101011100110001
01001110100110010110001011001111110001101100001110001111011110111
10010011000001011100010000000100010110000110101100000101110111101
10010001010010001110101101101010010011110101000111110111011011010
00011001111111101101010100101110001011100110100111011111101001101
11000111010111111010011000011000110001101000001101111110001011111
00000111101010010001000000110101011001010101110111100011011101111
11000110011110110101010000101001011010011100101011010110110011011
10101001101111111100011011000100011000100100110101111000000001100
01010100110011110100000110000110000011110110010010100110000101110
01101101111010101111011101000010011011000111011011100010110100110
01001110000001001111101010110001001110011110011010111011101111111
00101010110011000111011000011000010101010011011110100011100110010
00010000101111110101000011000100011000000111110101110101001010011
11110100011001111001000100000000001111101110010101000001101000000
11101011000101110011110111101011001101011111101111110001111101111
01110101110001110010001011101101110011111011010010010011001000111
00110111111110101110100000000110110000110100001010011010110111100
10111111001110010010111001011100101001011101000111011111110011010
10110101100111011101011110011010111010111110000000010001000111001
10100111011111011101011100110000101101010011100101001101010110111
01001111011000111110010011010110011111101000110110101101111101110
01010010111100000111000101000100111011010001001100001000111101100
01100110011101011111111011111101110111000010101000111011101000001
10000101111111000010101000011111111001100100100011100111011111111
00101011010010101000010010001011011010101000000101101111110011101
01100001001010011100101011100001010000110110010010111000100010010
10100100111010000000000010111111101000010000101001011000101101000
11001100000010101111100101001110010100001100010010100000101111011
00111101111111111001111110100011110010111001000011000011010111110
00111111001001101101011011011110011110010010101101010001110111011
11000111111110011010011111101001110010100011010110111111001010011
10101010111110011110010110111111010000010111101001010111110110100
10010101000110100100011101100101011111000100110011100000101110101
00101010100110001011001100100100000110111101110001000010011011000
10100100010011101001111101010001000010110011000001100010101110110
00101111001101110111011111011110001110000111000101101101000010111
10011000001110001111111010000111111011110111000111100010010100010
11110100000111110110101001001110110110011101111010110100010000011
10100001111000010101110011001000010110111011000110101001100101110
10101001100111101101011110000101111000011110011001011100000001110
00010111101101111011100010011110010101111010011110110101010001101
10111111111010111011110101000111000111100011101111111110000000110
11010111001001100000111111110100010111011011011110001000011100100
00101010001001110101101110111100011100111011000100110110011111000
01100110111001110101010111011111011010110010101111000111111010000
11000110011001101111101111000101011001100111001011010010100100000
