001000010001001000000000000100000010000000000
000100100100001001000001100101000000010000001
100110100000100000000001101100000000000110001
011000111110101100001001010001110000000111000
001000001010010111000000101010000000000001000
000000110100001010000000100111011000010100000
011101000110000100000100000000001001001000000
100101000010101110010000100000100000000101000
000110000100001100100001010000000011000010001
010101101010001000110100010001010010000101010
000110110100110000001000000000010010000000100
100000000000000001000000010000100101000001000
001100010010000010001100010000000010000100001
000010000010000000000100000001110000010000000
110101011100000110000001000000101000000101010
000110111000001000000000100100010000111001110
000011010000101000000100000001100000000100000
010010000001000000110100000100000001000000011
000000001100000001000101010000001000010001110
000000010100000001000000001000010010000000001
000100000010100000000000000000000000000010110
000000100100110011100000000010000011111110101
000000000000000000000001100001000100011000110
011100001000001000100010000000100100011111100
011011010000000100000010001011100000010000000
000100001101100000100000000101100000111000000
001010000000000000010000100000000000000010000
111001000000000101000000010000100000000000000
000011000000000000000100100000000100101011000
010101000100010010000010110000000010000000000
000100010001011010000001110100000000000000001
000101000110010100010000000000000011100000010
000001100000001000100000000000000011110000000
000000000001000000000011000010000010100100000
100000001110100000010100000001011100000001011
000000101001000001000100000000011000010010010
000000000000000100000100010010011100000001000
010001000000010100100111110000001001001000000
000000100000000100000111010010000000010000110
001101010100101010000101000000000100000000010
001100001000000000001101001010000001000001010
000110010101001100100001000010000010100010100
000000000010000100101111000000000000001001000
000000000100001101101010000000010011001110000
011000001000100001010100000000100010000000000
