01011010101000000011101010011010100011111001000011
10000111011101101110011101000101110000101110000001
00001111011011101010010010000000001000111000111000
10001110110011010100101000000011110110110010011011
10110100111010110110110001101110100110011100111001
01111010111000000101000000111111000100111011110001
11110100100010100110011101111110010000000101001010
01100000011111001110001011011111001111111101110100
10011110010110110101111000011001100101001100110000
01111101100101001100001000001001101111111001001000
11101101000110011101010000011111011101001011110011
01000001111010001100001110001011011110000000001101
00111011101101100111011010111101011110101111110000
01110001010010010100011101111100111111110110101111
01101010100010001100000001011010100010010110111110
00011000101001000000110000101011010000001011101111
01100001011100100010010001110000001110111100100111
01011111111111100011100011011110100011110010010111
11101011000010001101011000100111111001101100110110
10000100101010000110001110010100000010001110101000
10011000100000010100010010011100100000010001010000
01101010101011011010101101101011111010011011010001
11010011110111000011010101100110000010011001011110
01000010000101000001011001010001000101011101010111
10100001000110000101100001010010010010100100000000
01001011000001101100011110001110111100010110111111
00001110000011011010011000000000100100110101101100
10000111101011101101100110000100111100111100111110
10001111111111110100110001000000100111101010110110
01001111001011000111101001010010000010111000100010
10011111001100110110011011000101110010001101001010
01010101111110010010010100000010010101101010111010
11011000110001100110110001111010000110000101000110
01010010001111010010010011010011001110111011100011
00100001011111001010010001010000010100001110101000
00011101111111001000000101111001111000001100101110
10011001010111101101011010001110110000110001001101
10000001111001000110000100001001000000001001110011
11110101010011001110000010111101010010010101101111
10111101010001101100111101110100010010100111111010
11101101111010011011011100011111011101000000110001
01001011100011101011000111110010101100110011010011
01010100001011110101010001001001011000010100100001
10000111011010010000111100100010110011110100100010
00101101101011111011000001111101011101111011000000
00111101101010100110111101011001000001011100001111
00111010010101110001001001110011001110110000010100
00000001000101111110001101111000100110100000011011
10010010001001111110001101011111110101110101010100
11011100001101011100010101000000010011101110010100
