0111111111000000101000001001000010001000100001001000001010000001
1011111111100000010100000100100001000100010000100100000101000000
1101111101110000101010000010010000100010001000010010000000100000
1110111100111000010101001001001000010001000100000001000000010000
1111011100011100001010100100100110001000000010000000100000001000
1111101100001110000101010010010001000100100001000000010000000100
1111110100000111000010100001001000100010010000101000001000000010
1111111000000011000001010000100100010001001000010100000110000001
1100000001111111110000001010000010010000100010001000010010000010
1110000010111111111000000101000001001000010001000100001001000001
0111000011011111011100001010100000100100001000100010000100100000
0011100011101111001110000101010010010010000100010001000000010000
0001110011110111000111000010101001001001100010000000100000001000
0000111011111011000011100001010100100100010001001000010000000100
0000011111111101000001110000101000010010001000100100001010000010
0000001111111110000000110000010100001001000100010010000101000001
1010000011000000011111111100000010100000100100001000100010000100
0101000011100000101111111110000001010000010010000100010001000010
1010100001110000110111110111000010101000001001000010001000100001
0101010000111000111011110011100001010100100100100001000100010000
0010101000011100111101110001110000101010010010011000100000001000
0001010100001110111110110000111000010101001001000100010010000100
0000101000000111111111010000011100001010000100100010001001000010
0000010100000011111111100000001100000101000010010001000100100001
1001000010100000110000000111111111000000101000001001000010001000
0100100001010000111000001011111111100000010100000100100001000100
0010010010101000011100001101111101110000101010000010010000100010
1001001001010100001110001110111100111000010101001001001000010001
0100100100101010000111001111011100011100001010100100100110001000
0010010000010101000011101111101100001110000101010010010001000100
0001001000001010000001111111110100000111000010100001001000100010
0000100100000101000000111111111000000011000001010000100100010001
1000100010010000101000001100000001111111110000001010000010010000
0100010001001000010100001110000010111111111000000101000001001000
0010001000100100101010000111000011011111011100001010100000100100
0001000110010010010101000011100011101111001110000101010010010010
1000100001001001001010100001110011110111000111000010101001001001
0100010000100100000101010000111011111011000011100001010100100100
0010001000010010000010100000011111111101000001110000101000010010
0001000100001001000001010000001111111110000000110000010100001001
1000010010001000100100001010000011000000011111111100000010100000
0100001001000100010010000101000011100000101111111110000001010000
0010000100100010001001001010100001110000110111110111000010101000
0001000000010001100100100101010000111000111011110011100001010100
0000100010001000010010010010101000011100111101110001110000101010
1000010001000100001001000001010100001110111110110000111000010101
0100001000100010000100100000101000000111111111010000011100001010
0010000100010001000010010000010100000011111111100000001100000101
1000001010000100100010001001000010100000110000000111111111000000
0100000101000010010001000100100001010000111000001011111111100000
0010000000100001001000100010010010101000011100001101111101110000
0001000000010000000100011001001001010100001110001110111100111000
0000100000001000100010000100100100101010000111001111011100011100
0000010010000100010001000010010000010101000011101111101100001110
1000001001000010001000100001001000001010000001111111110100000111
0100000100100001000100010000100100000101000000111111111000000011
1000000110000010100001001000100010010000101000001100000001111111
0100000001000001010000100100010001001000010100001110000010111111
0010000000100000001000010010001000100100101010000111000011011111
0001000000010000000100000001000110010010010101000011100011101111
0000100000001000000010001000100001001001001010100001110011110111
0000010000000100100001000100010000100100000101010000111011111011
0000001010000010010000100010001000010010000010100000011111111101
1000000101000001001000010001000100001001000001010000001111111110
