01111111111111110000000000000000100100001010101100100101101111111111111111111111111110101110001010000111110000001001110111111111111111111111111100111010000011111110101111111111111110001111111111111011111011
10111111111111110000000000000000100100001010101100100101101111111111111111111111111110101110001010000111110000001001110111111111111111111111111100111010000011111110101111111111111110001111111111111011111011
11011111111111110000000000000000100100001010101100100101101111111111111111111111111110101110001010000111110000001001110111111111111111100000111100111010000011111110101111111111111110001111111111111011111011
11101111111111110000000000000000100100001010101100100101101110000000011111111101010010101110001010000111110000001001110111111111111111100000111100111010000011111110101111111111111110001111111111111011111011
11110111111111110000000000000000100100001010101100100101101111000000011111111101010010101110001010000111110000001001110111111111111111100001111100111010000011111110101111111111111110001111111111111011111011
11111011111111110000000000000000100100001010101100100101101111100000011111111101010010101110001010000111110000001001110111111111111111100011111100111010000011111110101111111111111110001111111111111011111011
11111101111111110000000000000000100100001010101100100101101111110000011111111101010010101110001010000111110000001001110111111111111111100111111100111010000011111110101111111111111110001111111111111011111011
11111110111111110000000000000000100100001010101100100101101111111000011111111101010010101110001010000111110000001001110111111111111111101111111100111010000011111110101111111111111110001111111111111011111011
11111111011111110000000000000000100100001010101100100101101111111100011111111101010010101110001010000111110000001001110111111111111111111111111100111010000011111110101111111111111110001111111111111011111011
11111111101111110000000000000000100100001010101100100101101111111110011111111101010010101110001010000111110000001001110111111111111111111111111100111010000011111110101111111111111110001111111111111011111011
11111111110111110000000000000000100100001010101100100101101111111111111111111111111110101110001010000111110000001001110111111111111111100000111100111010000011111110101111111111111110001111111111111011111011
11111111111011110000000000000000100100001010101100100101101111111111111111111111111110101110001010000111110000001001110111111111111111100000111100111010000011111110101111111111111110001111111111111011111011
11111111111101110000000000000000100100001010101100100101101111111111111111111111111110101110001010000111110000001001110111111111111111100000111100111010000011111110101111111111111110001111111111111011111011
11111111111110110000000000000000100100001010101100100101101111111111111111111111111110101110001010000111110000001001110111111111111111100000111100111010000011111110101111111111111110001111111111111011111011
11111111111111010000000000000000100100001010101100100101101110000011111111111111111110101110001010000111110000001001110111111111111111100000111100111010000011111110101111111111111110001111111111111011111011
11111111111111100000000000000000100100001010101100100101101111111111111111111111111110101110001010000111110000001001110111111111111111111111111100111010000011111110101111111111111110001111111111111011111011
00000000000000000111111111111111100100001010101100100101101111111111111111111111111110101110001010000111110000001001110111111111111111111111111100111010000011111110101111111111111110001111111111111011111011
00000000000000001011111111111111000000000000000000000000000001111111100000000010101100000000000000000000000000000000000000000000000000011111000000000000000000000000000000000000000000000000000000000000000000
00000000000000001101111111111111000000000000000000000000000001111111110000000010101100000000000000000000000000000000000000000000000000111111000000000000000000000000000000000000000000000000000000000000000000
00000000000000001110111111111111000000000000000000000000000001111111111000000010101100000000000000000000000000000000000000000000000001111111000000000000000000000000000000000000000000000000000000000000000000
00000000000000001111011111111111000000000000000000000000000001111111111100000010101100000000000000000000000000000000000000000000000011111111000000000000000000000000000000000000000000000000000000000000000000
00000000000000001111101111111111000000000000000000000000000001111111111110000010101100000000000000000000000000000000000000000000000111111111000000000000000000000000000000000000000000000000000000000000000000
00000000000000001111110111111111000000000000000000000000000001111111111111000010101100000000000000000000000000000000000000000000001111111111000000000000000000000000000000000000000000000000000000000000000000
00000000000000001111111011111111000000000000000000000000000001111111111111100010101100000000000000000000000000000000000000000000011111111111000000000000000000000000000000000000000000000000000000000000000000
00000000000000001111111101111111000000000000000000000000000001111111111111110010101100000000000000000000000000000000000000000000111111111111000000000000000000000000000000000000000000000000000000000000000000
00000000000000001111111110111111000000000000000000000000000001111111111111111010101100000000000000000000000000000000000000000001111111111111000000000000000000000000000000000000000000000000000000000000000000
00000000000000001111111111011111100100001010101100100101101111111111100000000010101100000000001010000111110000001001110111100011111111111111111100111010000011111110101111111111111110001111111111111011111011
00000000000000001111111111101111100100001010101100000100000001111111100000000010101100000000000000000000000000000000000000000000000000011111000000000000000000000000000000000000000000000000000000000000000000
00000000000000001111111111110111100100001010101100000100000001111111100000000010101100000000000000000000000000000000000000000000000000011111000000000000000000000000000000000000000000000000000000000000000000
00000000000000001111111111111011100100001010101100000100000001111111100000000010101100000000000000000000000000000000000000000000000000011111000000000000000000000000000000000000000000000000000000000000000000
00000000000000001111111111111101100100001010101100000100000001111111100000000010101100000000000000000000000000000000000000000000000000011111000000000000000000000000000000000000000000000000000000000000000000
00000000000000001111111111111110100100001010101100000100000001111111100000000010101100000000000000000000000000000000000000000000000000011111000000000000000000000000000000000000000000000000000000000000000000
11111111111111111000000000111111000100001010101100100100001110000000000000000000000000000000001010000111110000001001110111100000000000000000111100111010000011110000000000000000000000000000000000000000000011
00000000000000000000000000000000000000000000000000000000000000000000000000000000000000000000000000000000000000000000000000000000000000000000000000000000000000000000000000000000000000000000000000000000000000
00000000000000000000000000000000000000000000000000000000000000000000000000000000000000000000000000000000000000000000000000000000000000000000000000000000000000000000000000000000000000000000000000000000000000
11111111111111111000000000111111100000001010101100100101101110000000000000000000000000000000001010000111110000001001110111111111111111100000111100111010000011111110101111111111111110001111111111111011111011
00000000000000000000000000000000000000000000000000000000000000000000000000000000000000000000000000000000000000000000000000000000000000000000000000000000000000000000000000000000000000000000000000000000000000
00000000000000000000000000000000000000000000000000000000000000000000000000000000000000000000000000000000000000000000000000000000000000000000000000000000000000000000000000000000000000000000000000000000000000
00000000000000000000000000000000000000000000000000000000000000000000000000000000000000000000000000000000000000000000000000000000000000000000000000000000000000000000000000000000000000000000000000000000000000
00000000000000000000000000000000000000000000000000000000000000000000000000000000000000000000000000000000000000000000000000000000000000000000000000000000000000000000000000000000000000000000000000000000000000
11111111111111111000000000111111100100000010100100100101101110000000000000000000000000000000000000000111110000001001110111100000000000000000111100111010000011111110101111111111111110001111111111111011111011
00000000000000000000000000000000000000000000000000000000000000000000000000000000000000000000000000000000000000000000000000000000000000000000000000000000000000000000000000000000000000000000000000000000000000
11111111111111111000000000111111100100001000100100100101101110000000000000000000000000000000000000000111110000001001110111100000000000000000111100111010000011111110101111111111111110001111111111111011111011
00000000000000000000000000000000000000000000000000000000000000000000000000000000000000000000000000000000000000000000000000000000000000000000000000000000000000000000000000000000000000000000000000000000000000
11111111111111111000000000111111100100001010000100100101101110000000000000000000000000000000000000000111110000001001110111100000000000000000111100111010000011111110101111111111100000001111111111111011111011
00000000000000000000000000000000000000000000000000000000000000000000000000000000000000000000000000000000000000000000000000000000000000000000000000000000000000000000000000000000000000000000000000000000000000
11111111111111111000000000111111100100000000000100100000000000000000000000000000000000101110001000000000000000000000000000000000000000000000000000000000000000000000000000000000000000000000000000000000000000
11111111111111111000000000111111100100001010101000100100001110000000000000000000000000000000001010000111110000001001110111100000000000000000111100111010000011110000000000000000000000001110000000000000000011
00000000000000000000000000000000000000000000000000000000000000000000000000000000000000000000000000000000000000000000000000000000000000000000000000000000000000000000000000000000000000000000000000000000000000
00000000000000000000000000000000000000000000000000000000000000000000000000000000000000000000000000000000000000000000000000000000000000000000000000000000000000000000000000000000000000000000000000000000000000
11111111111111111000000000100000100100001010101100000101101110000000000000000000000000000000001010000111110000001001110111100000000000000000111100001010000011111110101111111111111110001111111111111011111011
00000000000000000000000000000000000000000000000000000000000000000000000000000000000000000000000000000000000000000000000000000000000000000000000000000000000000000000000000000000000000000000000000000000000000
00000000000000000000000000000000000000000000000000000000000000000000000000000000000000000000000000000000000000000000000000000000000000000000000000000000000000000000000000000000000000000000000000000000000000
11111111111111111000000000111111100100001010100100100001101110000000000000000000000000000000000000000111110000001001110111100000000000000000111100111010000011111110101111111111111110001111111111111011111011
00000000000000000000000000000000000000000000000000000000000000000000000000000000000000000000000000000000000000000000000000000000000000000000000000000000000000000000000000000000000000000000000000000000000000
11111111111111111000000000100000000100001010100000100100100010000000000000000000000000000000000000000000000000000000000010000000000000000000000000000000000000001000100000000000000000000101000000100011111000
11111111111111111000000000100000000100001010100000100101000010000000000000000000000000000000000000000000000000000000000010000000000000000000000000000000000000000000001111111111111110000000000000000000000000
00000000000000000000000000000000000000000000000000000000000000000000000000000000000000000000000000000000000000000000000000000000000000000000000000000000000000000000000000000000000000000000000000000000000000
11111111111111111000000000100000100100001010100100100100000100000000000000000000000000000000000000000000000000000001110000000000000000000000000000000000000000000000000000000000000000000000000000000000000000
11111111111111111000000000100000100100001010100100100100001010000000000000000000000000000000000000000000000000000001110100000000000000000000000000000000000000000000000000000000000000000000000000000000000000
11111111111111111000000000100000100100001010100100100101100100000000000000000000000000000000000000000000000000000000000111100000000000000000111100110000000011111110101111111111111110001111111111111011111000
11101111111111011111111111111111000000000000000000000000000000000000000000000000000000000000000000000000000000000000000000000000000000000000000000000000000000000000000000000000000000000000000000000000000000
11100111111111011111111111111111000000000000000000000000000000000000000000000000000000000000000000000000000000000000000000000000000000000000000000000000000000000000000000000000000000000000000000000000000000
11100011111111011111111111111111000000000000000000000000000000000000000000000000000000000000000000000000000000000000000000000000000000000000000000000000000000000000000000000000000000000000000000000000000000
11100001111111011111111111111111000000000000000000000000000000000000000000000000000000000000000000000000000000000000000000000000000000000000000000000000000000000000000000000000000000000000000000000000000000
11100000111111011111111111111111000000000000000000000000000000000000000000000000000000000000000000000000000000000000000000000000000000000000000000000000000000000000000000000000000000000000000000000000000000
11100000011111111111111111111111000000000000000000000000000000000001100000000010101100000000000000000000000000000000000000000000000000011111000000000000000000000000000000000000000000000000000000000000000000
11100000001111111111111111111111000000000000000000000000000000000010100000000010101100000000000000000000000000000000000000000000000000011111000000000000000000000000000000000000000000000000000000000000000000
11100000001111111111111111111111000000000000000000000000000000000011000000000010101100000000000000000000000000000000000000000000000000011111000000000000000000000000000000000000000000000000000000000000000000
11111111111111111011111111000000000000000000000000000000000000000000000000000000000000000000000000000000000000000000000000000000000000000000000000000000000000000000000000000000000000000000000000000000000000
11111111111111111001111111000000000000000000000000000000000000000000000000000000000000000000000000000000000000000000000000000000000000000000000000000000000000000000000000000000000000000000000000000000000000
11111111111111111000111111000000000000000000000000000000000000000000000000000000000000000000000000000000000000000000000000000000000000000000000000000000000000000000000000000000000000000000000000000000000000
11111111111111111000011111000000000000000000000000000000000000000000000000000000000000000000000000000000000000000000000000000000000000000000000000000000000000000000000000000000000000000000000000000000000000
11111111111111111000001111000000000000000000000000000000000000000000000000000000000000000000000000000000000000000000000000000000000000000000000000000000000000000000000000000000000000000000000000000000000000
11111111111111111000000111000000000000000000000000000000000000000000000000000000000000000000000000000000000000000000000000000000000000000000000000000000000000000000000000000000000000000000000000000000000000
11111111111111111000000011000000000000000000000000000000000000000000000000000000000000000000000000000000000000000000000000000000000000000000000000000000000000000000000000000000000000000000000000000000000000
11111111111111111000000001000000000000000000000000000000000000000000000000000000000000000000000000000000000000000000000000000000000000000000000000000000000000000000000000000000000000000000000000000000000000
11111111111111111000000000000000000000000000000000000000000000000000000000000000000000000000000000000000000000000000000000000000000000000000000000000000000000000000000000000000000000000000000000000000000000
11100000001111111111111111111111000000000000000000000000000000000011100000000000101100000000000000000000000000000000000000000000000000000000000000000000000000000000000000000000000000000000000000000000000000
11111111111111111000000000000000000000000000000000000000000000000000000000000000000000000000000000000000000000000000000000000000000000000000000000000000000000000000000000000000000000000000000000000000000000
11100000001111111111111111111111000000000000000000000000000000000011100000000010001100000000000000000000000000000000000000000000000000000000000000000000000000000000000000000000000000000000000000000000000000
11111111111111111000000000000000000000000000000000000000000000000000000000000000000000000000000000000000000000000000000000000000000000000000000000000000000000000000000000000000000000000000000000000000000000
11100000001111111111111111111111000000000000000000000000000000000011100000000010100100000000000000000000000000000000000000000000000000000000000000000000000000000000000000000000000000000000000000000000000000
11100000001111111111111111111111000000000000000000000000000000000011100000000010101000000000000000000000000000000000000000000000000000000000000000000000000000000000000000000000000000000000000000000000000000
11111111111111111000000000000000000000000000000000000000000000000000000000000000000000000000000000000000000000000000000000000000000000000000000000000000000000000000000000000000000000000000000000000000000000
00000000000000000000000000000000000000000000000000000000000000000000000000000000000000000000000000000000000000000000000000000000000000000000000000000000000000000000000000000000000000000000000000000000000000
11111111111111111000000000000000000000000000001000000000000000000000000000000000000000000000000000000000000000000000000000000000000000000000000000000000000000000000000000000000000000000000000000000000000000
00000000000000000000000000000000000000000000000000000000000000000000000000000000000000000000000000000000000000000000000000000000000000000000000000000000000000000000000000000000000000000000000000000000000000
11111111111111111000000000000000000000000000001000000000000000000000000000000000000000000100000000000000000000000000000000000000000000000000000000000000000000000000000000000000000000000000000000000000000000
11111111111111111000000000000000000000000000001000000000000000000000000000000000000000001000000000000000000000000000000000000000000000000000000000000000000000000000000000000000000000000000000000000000000000
11111111111111111000000000000000000000000000001000000000000000000000000000000000000000000000000000000000000000000000000000000000000000000000000000000000000000000000000000000000000000000000000000000000000000
00000000000000000000000000000000000000000000000000000000000000000000000000000000000000000000000000000000000000000000000000000000000000000000000000000000000000000000000000000000000000000000000000000000000000
00000000000000000000000000000000000000000000000000000000000000000000000000000000000000000000000000000000000000000000000000000000000000000000000000000000000000000000000000000000000000000000000000000000000000
00000000000000000000000000000000000000000000000000000000000000000000000000000000000000000000000000000000000000000000000000000000000000000000000000000000000000000000000000000000000000000000000000000000000000
11111111111111111000000000100000100100000000001100100000000000000000000000000000000000000000000000000000000000000000000000000000000000000000000000000000000000000000000000000000000000000000000000000000000000
00000000000000000000000000000000000000000000000000000000000000000000000000000000000000000000000000000000000000000000000000000000000000000000000000000000000000000000000000000000000000000000000000000000000000
11111111111111111000000000100000100100000000000100100000000000000000000000000000000000000000000000000000000000000000000000000000000000000000000000000000000000000000000000000000000000000000000000000000000000
00000000000000000000000000000000000000000000000000000000000000000000000000000000000000000000000000000000000000000000000000000000000000000000000000000000000000000000000000000000000000000000000000000000000000
00000000000000000000000000000000000000000000000000000000000000000000000000000000000000000000000000000000000000000000000000000000000000000000000000000000000000000000000000000000000000000000000000000000000000
00000000000000000000000000000000000000000000000000000000000000000000000000000000000000000000000000000000000000000000000000000000000000000000000000000000000000000000000000000000000000000000000000000000000000
00000000000000000000000000000000000000000000000000000000000000000000000000000000000000000000000000000000000000000000000000000000000000000000000000000000000000000000000000000000000000000000000000000000000000
11111111111111111000000000100000100100001010100100100100000000000000000000000000000000000000000000000000000000000000000000000000000000000000000000000000000000000000000000000000000000000000000000000000000000
11111111111111111000000000100000100100001010100100100100000000000000000000000000000000000000000000000001000000000000000000000000000000000000000000000000000000000000000000000000000000000000000000000000000000
11111111111111111000000000100000100100001010100100100100000000000000000000000000000000000000000000000010000000000000000000000000000000000000000000000000000000000000000000000000000000000000000000000000000000
11111111111111111000000000100000100100001010100100100100000000000000000000000000000000000000000000000000000000000000000000000000000000000000000000000000000000000000000000000000000000000000000000000000000000
11111111111111111000000000100000100100001010100100100100000000000000000000000000000000000000000000000000000000001000000000000000000000000000000000000000000000000000000000000000000000000000000000000000000000
00000000000000000000000000000000000000000000000000000000000000000000000000000000000000000000000000000000000000000000000000000000000000000000000000000000000000000000000000000000000000000000000000000000000000
00000000000000000000000000000000000000000000000000000000000000000000000000000000000000000000000000000000000000000000000000000000000000000000000000000000000000000000000000000000000000000000000000000000000000
00000000000000000000000000000000000000000000000000000000000000000000000000000000000000000000000000000000000000000000000000000000000000000000000000000000000000000000000000000000000000000000000000000000000000
00000000000000000000000000000000000000000000000000000000000000000000000000000000000000000000000000000000000000000000000000000000000000000000000000000000000000000000000000000000000000000000000000000000000000
00000000000000000000000000000000000000000000000000000000000000000000000000000000000000000000000000000000000000000000000000000000000000000000000000000000000000000000000000000000000000000000000000000000000000
00000000000000000000000000000000000000000000000000000000000000000000000000000000000000000000000000000000000000000000000000000000000000000000000000000000000000000000000000000000000000000000000000000000000000
11111111111111111000000000100000100100001010100100100100000000000000000000000000000000000000000000000000010000000000000000000000000000000000000000000000000000000000000000000000000000000000000000000000000000
00000000000000000000000000000000000000000000000000000000000000000000000000000000000000000000000000000000000000000000000000000000000000000000000000000000000000000000000000000000000000000000000000000000000000
00000000000000000000000000000000000000000000000000000000000000000000000000000000000000000000000000000000000000000000000000000000000000000000000000000000000000000000000000000000000000000000000000000000000000
11111111111111111000000000100000100100001010100100100100001100000000000000000000000000000000000000000000000000000000100000000000000000000000000000000000000000000000000000000000000000000000000000000000000000
11111111111111111000000000100000100100001010100100100100001100000000000000000000000000000000000000000000000000000001000000000000000000000000000000000000000000000000000000000000000000000000000000000000000000
11111111111111111000000000100000100100001010100100100100001100000000000000000000000000000000000000000000000000000000000000000000000000000000000000000000000000000000000000000000000000000000000000000000000000
00000000000000000000000000000000000000000000000000000000000000000000000000000000000000000000000000000000000000000000000000000000000000000000000000000000000000000000000000000000000000000000000000000000000000
11111111111111111000000000100000100100001010100100100100000110000000000000000000000000000000000000000000000000000000000000000000000000000000000000000000000000000000000000000000000000000000000000000000000000
11111111111111111000000000100000100100001010100100100101100010000000000000000000000000000000000000000000000000000000000001100000000000000000111100110000000011111110101111111111111110001111111111111011111000
11111111111111111000000000100000100100001010100100100100000010000000000000000000000000000000000000000000000000000000000010000000000000000000000000000000000000000000000000000000000000000000000000000000000000
11111111111111111000000000100000100100001010100100100100000010000000000000000000000000000000000000000000000000000000000010000000000000000000000000000000000000000000000000000000000000000000000000000000000000
11111111111111111000000000000000000100000000000000000000000000000000000000000000000000000000000000000000000000000000000000000000000000000000000000000000000000000000000000000000000000000000000000000000000000
11111111111111111000000000000000000100000000000000000000000000000000000000000000000000000000000000000000000000000000000000000000000000000000000000000000000000000000000000000000000000000000000000000000000000
11111111111111111000000000000000000100000000000000000000000000000000000000000000000000000000000000000000000000000000000000000000000000000000000000000000000000000000000000000000000000000000000000000000000000
11111111111111111000000000100000000100000000000000000000000000000000000000000000000000000000000000000000000000000000000000000001111111100000000000000000000000000000000000000000000000000000000000000000000000
11111111111111111000000001100000000100000000000000000000000000000000000000000000000000000000000000000000000000000000000000000010111111100000000000000000000000000000000000000000000000000000000000000000000000
11111111111111111000000011100000000100000000000000000000000000000000000000000000000000000000000000000000000000000000000000000011011111100000000000000000000000000000000000000000000000000000000000000000000000
11111111111111111000000111100000000100000000000000000000000000000000000000000000000000000000000000000000000000000000000000000011101111100000000000000000000000000000000000000000000000000000000000000000000000
11111111111111111000001111100000000100000000000000000000000000000000000000000000000000000000000000000000000000000000000000000011110111100000000000000000000000000000000000000000000000000000000000000000000000
11111111111111111000011111100000000100000000000000000000000000000000000000000000000000000000000000000000000000000000000000000011111011100000000000000000000000000000000000000000000000000000000000000000000000
11111111111111111000111111100000000100000000000000000000000000000000000000000000000000000000000000000000000000000000000000000011111101100000000000000000000000000000000000000000000000000000000000000000000000
11111111111111111001111111100000000100000000000000000000000000000000000000000000000000000000000000000000000000000000000000000011111110100000000000000000000000000000000000000000000000000000000000000000000000
11111111111111111011111111100000000100000000000000000000000000000000000000000000000000000000000000000000000000000000000000000011111111000000000000000000000000000000000000000000000000000000000000000000000000
11000000110000011111111111111111000000000000000000000000000000000011100000000000000000000000000000000000000000000000000000000000000000001111000000000000000000000000000000000000000000000000000000000000000000
11000001110000011111111111111111000000000000000000000000000000000011100000000000000000000000000000000000000000000000000000000000000000010111000000000000000000000000000000000000000000000000000000000000000000
11000011110000011111111111111111000000000000000000000000000000000011100000000000000000000000000000000000000000000000000000000000000000011011000000000000000000000000000000000000000000000000000000000000000000
11000111110000011111111111111111000000000000000000000000000000000011100000000000000000000000000000000000000000000000000000000000000000011101000000000000000000000000000000000000000000000000000000000000000000
11001111110000011111111111111111000000000000000000000000000000000011100000000000000000000000000000000000000000000000000000000000000000011110000000000000000000000000000000000000000000000000000000000000000000
11111111111111111000000000100000100100001010100100100100000010000000000000000000000000000000000000000000000000000000000010000000000000000000000000000000000000000000000000000000000000000000000000000000000000
11111111111111111000000000100000100100001010100100100100000010000000000000000000000000000000000000000000000000000000000010000000000000000000000000000000000000000000000000000000000000000000000000000000000000
11111111111111111000000000100000100100001010100100100100000010000000000000000000000000000000000000000000000000000000000010000000000000000000000000000000000000000000000000000000000000000000000000000000000000
11111111111111111000000000100000100100001010100100100100000010000000000000000000000000000000000000000000000000000000000010000000000000000000000000000000000000000000000000000000000000000000000000000000000000
00000000000000000000000000000000000000000000000000000000000000000000000000000000000000000000000000000000000000000000000000000000000000000000000000000000000000000000000000000000000000000000000000000000000000
00000000000000000000000000000000000000000000000000000000000000000000000000000000000000000000000000000000000000000000000000000000000000000000000000000000000000000000000000000000000000000000000000000000000000
11111111111111111000000000100000100100001010100100000100000010000000000000000000000000000000000000000000000000000000000010000000000000000000000000000000000000000000000000000000000000000000000000000000000000
11111111111111111000000000100000100100001010100100000100000010000000000000000000000000000000000000000000000000000000000010000000000000000000000000000000000000000000000000000000000000000000000000000000000000
11111111111111111000000000100000100100001010100100100100000000000000000000000000000000000000000000000000000000000000000000000000000000000000000000000000000000000000000000000000000000000000000000000000000000
00000000000000000000000000000000000000000000000000000000000000000000000000000000000000000000000000000000000000000000000000000000000000000000000000000000000000000000000000000000000000000000000000000000000000
11111111111111111000000000100000100100001010100100100100000000000000000000000000000000000000000000000000000000000000000000000000000000000000000000000000000000000000000000000000000000000000000000000000000000
00000000000000000000000000000000000000000000000000000000000000000000000000000000000000000000000000000000000000000000000000000000000000000000000000000000000000000000000000000000000000000000000000000000000000
00000000000000000000000000000000000000000000000000000000000000000000000000000000000000000000000000000000000000000000000000000000000000000000000000000000000000000000000000000000000000000000000000000000000000
00000000000000000000000000000000000000000000000000000000000000000000000000000000000000000000000000000000000000000000000000000000000000000000000000000000000000000000000000000000000000000000000000000000000000
00000000000000000000000000000000000000000000000000000000000000000000000000000000000000000000000000000000000000000000000000000000000000000000000000000000000000000000000000000000000000000000000000000000000000
00000000000000000000000000000000000000000000000000000000000000000000000000000000000000000000000000000000000000000000000000000000000000000000000000000000000000000000000000000000000000000000000000000000000000
11111111111111111000000000100000100100001010100100100100000010000000000000000000000000000000000000000000000000000000000010000000000000000000000000000000000001000000000000000000000000000000000000000000000000
11111111111111111000000000100000100100001010100100100100000010000000000000000000000000000000000000000000000000000000000010000000000000000000000000000000000010000000000000000000000000000000000000000000000000
11111111111111111000000000100000100100001010100100100100000010000000000000000000000000000000000000000000000000000000000010000000000000000000000000000000000000000000000000000000000000000000000000000000000000
11111111111111111000000000100000100100001010100100100100000010000000000000000000000000000000000000000000000000000000000010000000000000000000000000000000000000000000000000000000000000000000000000000000000000
11111111111111111000000000100000000100001010100000100101000010000000000000000000000000000000000000000000000000000000000010000000000000000000000000000000000000000110100000000000000000000000000000000000000000
11111111111111111000000000100000000100001010100000100100000010000000000000000000000000000000000000000000000000000000000010000000000000000000000000000000000000001000000000000000000000000000000000000000000000
11111111111111111000000000100000000100001010100000100100000010000000000000000000000000000000000000000000000000000000000010000000000000000000000000000000000000001000000000000000000000000000000000000000000000
00000000000000000000000000000000000000000000000000000000000000000000000000000000000000000000000000000000000000000000000000000000000000000000000000000000000000000000000000000000000000000000000000000000000000
11111111111111111000000000100000000100001010100000100101000010000000000000000000000000000000000000000000000000000000000010000000000000000000000000000000000000001000000000000000000000000000000000000000000000
00000000000000000000000000000000000000000000000000000000000000000000000000000000000000000000000000000000000000000000000000000000000000000000000000000000000000000000000000000000000000000000000000000000000000
11111111111111111000000000100000000100001010100000100100100010000000000000000000000000000000000000000000000000000000000010000000000000000000000000000000000000000000000111111111111110000000000000000000000000
11111111111111111000000000100000000100001010100000100100100010000000000000000000000000000000000000000000000000000000000010000000000000000000000000000000000000000000001000000000000000000000000000000000000000
11111111111111111000000000100000000100001010100000100100100010000000000000000000000000000000000000000000000000000000000010000000000000000000000000000000000000000000001001111110000000000000000000000000000000
11111111111111111000000000100000000100001010100000100100100010000000000000000000000000000000000000000000000000000000000010000000000000000000000000000000000000000000001010000000000000000000000000000000000000
11111111111111111000000000100000000100001010100000100100100010000000000000000000000000000000000000000000000000000000000010000000000000000000000000000000000000000000001010000000000000000000000000000000000000
11111111111111111000000000100000000100001010100000100100100010000000000000000000000000000000000000000000000000000000000010000000000000000000000000000000000000000000001010001100000000000000000000000000000000
11111111111111111000000000100000000100001010100000100100100010000000000000000000000000000000000000000000000000000000000010000000000000000000000000000000000000000000001010010000000000000000000000000000000000
11111111111111111000000000100000000100001010100000100100100010000000000000000000000000000000000000000000000000000000000010000000000000000000000000000000000000000000001010010000000000000000000000000000000000
11111111111111111000000000100000000100001010100000100100100010000000000000000000000000000000000000000000000000000000000010000000000000000000000000000000000000000000001010000000000000000000000000000000000000
11111111111111111000000000100000000100001010100000100100100010000000000000000000000000000000000000000000000000000000000010000000000000000000000000000000000000000000001000000000000000000000000000000000000000
11111111111111111000000000100000000100001010100000100100100010000000000000000000000000000000000000000000000000000000000010000000000000000000000000000000000000000000001000000000000000000000000000000000000000
11111111111111111000000000100000000100001010000000100100100010000000000000000000000000000000000000000000000000000000000010000000000000000000000000000000000000000000001000000000000000000000000000000000000000
11111111111111111000000000100000000100001010000000100100100010000000000000000000000000000000000000000000000000000000000010000000000000000000000000000000000000000000001000000000000000000000000000000000000000
11111111111111111000000000100000000100001010000000100100100010000000000000000000000000000000000000000000000000000000000010000000000000000000000000000000000000000000001000000000000000000000000000000000000000
11111111111111111000000000100000000100001010000000100100100010000000000000000000000000000000000000000000000000000000000010000000000000000000000000000000000000000000001000000000000000000000000000000000000000
00000000000000000000000000000000000000000000000000000000000000000000000000000000000000000000000000000000000000000000000000000000000000000000000000000000000000000000000000000000000000000000000000000000000000
00000000000000000000000000000000000000000000000000000000000000000000000000000000000000000000000000000000000000000000000000000000000000000000000000000000000000000000000000000000000000000000000000000000000000
00000000000000000000000000000000000000000000000000000000000000000000000000000000000000000000000000000000000000000000000000000000000000000000000000000000000000000000000000000000000000000000000000000000000000
11111111111111111000000000100000000100001010100100100100000010000000000000000000000000000000000000000000000000000000000010000000000000000000000000000000000000000000000000000000000000000111111111100000000000
11111111111111111000000000100000000100001010100100100101000010000000000000000000000000000000000000000000000000000000000010000000000000000000000000000000000000000000000000000000000000001011111111111010000000
11111111111111111000000000100000000100001010100100100100000010000000000000000000000000000000000000000000000000000000000010000000000000000000000000000000000000000000000000000000000000001101111111000000000000
11111111111111111000000000100000000100001010100000100101000010000000000000000000000000000000000000000000000000000000000010000000000000000000000000000000000000000000000000000000000000001110111111111011110000
11111111111111111000000000100000000100001010100000100100000010000000000000000000000000000000000000000000000000000000000010000000000000000000000000000000000000000000000000000000000000001111000000000000000000
11111111111111111000000000100000000100001010100000100100000010000000000000000000000000000000000000000000000000000000000010000000000000000000000000000000000000000000000000000000000000001111000000000000000000
11111111111111111000000000100000000100001010100000100100000010000000000000000000000000000000000000000000000000000000000010000000000000000000000000000000000000000000000000000000000000001111000100000000000000
11111111111111111000000000100000000100001010100000100100000010000000000000000000000000000000000000000000000000000000000010000000000000000000000000000000000000000000000000000000000000001111001000000000000000
11111111111111111000000000100000000100001010100000100100000010000000000000000000000000000000000000000000000000000000000010000000000000000000000000000000000000000000000000000000000000001111000001110000000000
11111111111111111000000000100000000100001010100000100100000010000000000000000000000000000000000000000000000000000000000010000000000000000000000000000000000000000000000000000000000000001111000010000000000000
11111111111111111000000000100000000100001010100000100101000010000000000000000000000000000000000000000000000000000000000010000000000000000000000000000000000000000000000000000000000000001101000010011011000000
11111111111111111000000000100000000100001010100000100100000010000000000000000000000000000000000000000000000000000000000010000000000000000000000000000000000000000000000000000000000000000101000010100000000000
11111111111111111000000000100000000100001010100000100100000010000000000000000000000000000000000000000000000000000000000010000000000000000000000000000000000000000000000000000000000000000101000000100000000000
00000000000000000000000000000000000000000000000000000000000000000000000000000000000000000000000000000000000000000000000000000000000000000000000000000000000000000000000000000000000000000000000000000000000000
11111111111111111000000000100000000100001010100000100101000010000000000000000000000000000000000000000000000000000000000010000000000000000000000000000000000000000000000000000000000000000101000000100000000000
11111111111111111000000000100000000100001010100000100101000010000000000000000000000000000000000000000000000000000000000010000000000000000000000000000000000000000000000000000000000000000001000000100000000000
11111111111111111000000000100000000100001010100000100101000010000000000000000000000000000000000000000000000000000000000010000000000000000000000000000000000000000000000000000000000000000001000000000000011000
11111111111111111000000000100000000100001010100000100101000010000000000000000000000000000000000000000000000000000000000010000000000000000000000000000000000000000000000000000000000000000001000000000000100000
11111111111111111000000000100000000100001010100000100101000010000000000000000000000000000000000000000000000000000000000010000000000000000000000000000000000000000000000000000000000000000000000000000000100000
00000000000000000000000000000000000000000000000000000000000000000000000000000000000000000000000000000000000000000000000000000000000000000000000000000000000000000000000000000000000000000000000000000000000000
11111111111111111000000000100000100100001010100100100100000000000000000000000000000000000000000000000000000000000000000000000000000000000000000000000000000000000000000000000000000000000000000000000000000001
11111111111111111000000000100000100100001010100100100100000000000000000000000000000000000000000000000000000000000000000000000000000000000000000000000000000000000000000000000000000000000000000000000000000010
