011111110000101000100100100010100001
101111111000010100010010010001010000
110111011100101010001001001000001000
111011001110010101100100000100000100
111101000111001010010010100010000010
111110000011000101001001010001100001
110000011111110000101000100100100010
111000101111111000010100010010010001
011100110111011100101010001001001000
001110111011001110010101100100000100
000111111101000111001010010010100010
000011111110000011000101001001010001
101000110000011111110000101000100100
010100111000101111111000010100010010
101010011100110111011100101010001001
010101001110111011001110010101100100
001010000111111101000111001010010010
000101000011111110000011000101001001
100100101000110000011111110000101000
010010010100111000101111111000010100
001001101010011100110111011100101010
100100010101001110111011001110010101
010010001010000111111101000111001010
001001000101000011111110000011000101
100010100100101000110000011111110000
010001010010010100111000101111111000
001000001001101010011100110111011100
000100100100010101001110111011001110
100010010010001010000111111101000111
010001001001000101000011111110000011
100001100010100100101000110000011111
010000010001010010010100111000101111
001000001000001001101010011100110111
000100000100100100010101001110111011
000010100010010010001010000111111101
100001010001001001000101000011111110
