00011011111000111111111111001101010111111101111111
00011110111110101110111110110111110101101011111111
00011101111111111110011111100110111111100111100010
11101101101111011111110101111111110111110110111111
11110111101000111111011111110110010111011000101111
01111001111110101111000101111111111111101101111111
11001001101011111111111111111111101111110111011110
10111110011011111101001111110101111101111110101111
11111110001111001011101111111111111111011001010101
11100101001111000111101000101110001111010111111110
11111111110011011110111110110101111111111111101111
01110100110011011001111111101111111111111111100110
01110111111100101110000110011001111010101111110110
00110011111100110111001101111111110101011101101110
11101111000011011110101111010110011111111111110110
10111011001101101101111101110111011111111101111111
11111111101110110101110101011101111110110111001100
11111111011011111011110101101111110100111110111101
11111110111011100101001010111111110111111111101011
10011111110101011110010111110010110010111101111111
11010010111100111100011111110011011110111111111010
11111010001100011101100011111101100110100101100110
11101011111101110010100101010111111010011000111111
11111111101111111101101011011111111111111101111001
11101011101110100011110101111110010111111111011111
10111111100101111101111110110110111101111001011111
01111111111101010111110011010101101010101110111001
01011111101011111011111111101111101110111110000110
10010110110111001110010110010111111111011111111111
11111111111101111110011111111010111111011110101111
01111110110101110111101111011101111101111101011101
11010111101111011110111100111010111111111011101111
01110111101111001111011101111111010111111101111111
11111101101111111111101111001111101011111111110011
00100111111110111000101101111111010101111111101100
11111111111101111110110111011111101010011111011101
10111110111110111011111110111101110101101000111111
11111111111101110010000111001111111010110110011101
11110111001110111111110111110011111011011101011111
10011011111101111111101111011111111101101101101101
11001101101111110111101111111111111110110011101001
10110111011111111111110110111110111101110000111111
01110011011110101110100010111101011101001001111010
11100110111111111011110111001011111100111010011111
11111101011111110111111100101101111010011110010110
11010110110010110101101111101010110111100111101111
11011111011001011111101111101111101111111111010111
11011111111111111101011011011111101111110101111010
11111111011111110011111011011101110010100111111101
11011101101000010111001111101111110111111101011010
