00001110110100001100101001000000000100010000001000
00011000010000100001000000000101010000100010000000
00000010101010000100011100100001011000001000100000
01000100101001000000100010010100000000010000110000
11000010001000010110000000000000001000001000100000
10010000101011110100100000000000001001000100010001
10101000001000000100000100000000000000001000000000
00000000010000000000001110010010101100001010000010
10110100000101000000000001101010000110000000110111
11000001000001000010100000001100000000110000100001
00111110000000000001010000111011110001101000011101
10000000100001001000001001000000000000000011000010
00100100000000100000010100000110000001001000001010
00010100110100000110010000000000000001010000000000
01000100000010000000010000011011000100000100110000
00001100000000000000000000000010110000100000010000
10000000000100000001100100101001000100000000100000
10101110000001000000011000000000011000001000110000
00001000010001000000010100001000100000011100001000
01000000001000001000000101100000100000001010000000
10010100010000001000010010000000000000000110000100
00100000001011100110100000100000000010000100010000
10100001000100000100000101100100001010000010000000
00100011000010001011001000011100001101011001010010
00010001000000000000100000101000111011101000000000
10000000100100000001001000010000000001010000000010
00100000101000001001011010000000000010000010000000
00010001001000100000000101001000000110000011110001
00000000111000101010000110010000100000011000001000
01010000010010000000001100000000001000001100010000
00000001101010110000000000000000000000110001001011
01100000001000101000000000000000000010101000001110
00000001001000010011000010001000010011000000000000
01100000001000010100000010000000101100000000000000
00101101000000000100001110000100010110000000011000
10000001100000101000000100010000011010000100000000
00000000100000000000011010110001101100011000000001
00000100001011000000000111000000100000011000000000
01000000011000010000000010000011000000010001010100
10010000010001000010000101001010000011100100101010
00101011001010000111000110001101000011000010000100
00000100000000100010110000000100000100010000000100
01000001000100000001101000110000000000001000000001
00000000000100000000000100010010000000100000000010
00111000110000101100000000010000000000010000000010
00010100101000110100010100010100001000100000000010
10000000001010000010000000001011001000010000000000
00000000101000000000100000000001000000101100000000
00000001100110000000000101000011000000010001110000
00000100111000000000000000010010000010000010000000
