01000100111100000011100101110011011100011111110011
10000110111010011000000100000011101101000010110111
00001001110110010101100011110000111110110100110011
00000001011101110111100110010110000100011011000100
00100111010010100010011101101011110111101011000111
11001011101111110010111010111110111001111001001000
01001101110010011100011101110011011101010010011001
00111110101101110000100010001110001010010110001110
11100111001011001010000110001000010011101111010010
11111010001101110011010011000000110111011010111101
11010101110000000101101100011011001101110110010100
10110101010001111100001001001010111000110100110010
01101110100000111111100010100011100001100001101001
00010101110100010101010011100011110001110011101111
00011101010110011001100000001011010111000001111111
01110111010111100101000111011000011000100010101101
01000010100110100100001100001000001101101011101100
00110010001111011001101010101000000000010010001001
10011100110010000001000111011110110000001110101010
10110000011011110110100000111101001010111110110000
10110101001010100101011000000010010010011100001010
00001110010001000000101011111111101000101010000110
00001110001100001100110111101100001100100000010011
11011010101000011010001011001000100011001111011111
00110101110011010110011101101011111100010101010001
10101010010101010010011110011011101101000100100000
10101110000011000101011010011010010011101110101100
10110110001000010011010001101001100111011010011001
00001101101100111111011111110001100011110111110010
00010101000000000011011000000001110100101011100110
11011111001111100010110011100000000111011011010111
11001010001011100001010011011100101101010100100110
01101100010111000010010111011101001101111111101010
10101110110101110010100010100100001111001011110000
11100111001100011001011011000001110001111000000001
11111010011000101000001011010111110000010110100110
00101001110000100001100100111010010000111101110001
01001110111011101000000101111011111000010011110000
00101100101111011001011000101100101010001101001011
10110111011101000101100010011011101111000111100011
10011100110000001011110100110110111010100101011100
10100001101100000011100111101001100110111000011101
11011011111001011111010100111110110101010000110100
10011100100011101000000110001110110011111000101111
11100000010111111011000001101101110111010011010010
11100010111100100001001110011010010011001110101010
00000111010011111110100100110000100000101101010010
01011001011001111000010100100111000100001111000011
11101001100101100010111100001111100100110001111100
11101010010011110100001110010010001010110101000100
