01100101010001000000110100111001111101000000100100
10001001110110100000110101010000100100010000000001
10010110100010010010000001110110000111000100100101
00100010111001000111010010010101001000110000101100
01000001110110000000001010101101011001001010001100
10100000101001001010110001001100111010100011101111
00110001101111001110000010011010011100001101000010
11001010000101101011110111001011010000011000100010
01111110000011011101111100010110011100000010111110
11011000001000011111011111001010101111001000110011
00010110010011000101001010010100101111111011001011
01001011000001000111101101101000100000100001011101
01101010101001010101011010101111000011110110101011
10010111101110101110100011001010100110000110111111
01000001000001011001100111100100000100001101010101
00100000110010100010110000100010101101011001000101
00000111110001100110110010000001101011010100011001
00010010111111001010110010001000101111110010100101
00110111010101011101110111111101110011101100001110
00010001111110100010010001111000100101101100101111
11000101100101111110010100111001000111011010110100
11010101110010011111101001001010111010011011101110
00001000111110000000010010011001011011001010011001
11000001110100100010100001101010100101111110010011
00011011011011101110001000101101101011010101101110
01100101010101100011010100001110001010111110101010
10101000000110110011100110011101100000010001100100
11110010101000000011101000101110101001101000111101
10001111010111000111111111110110000010101110100000
00111100101010100010000011111011101101010101111111
00100011110011010000010101011101101001100111101111
10011001000010001010101010100110101001111001010111
11000100011101011111010110110111010110000100101100
10001111100000000010011000000000100111000111100011
10011110111000011100011011010111000000010010011001
11100010111001110101100100000100110000010010010000
00100100011011001110111011001000110000011110101101
10101000011010011111101110010111010000111010111001
00010100001110000111000101011011000001001001101101
01010001001010011100110111100101001111001001100010
00001011011000110011111101011001000011110010001001
00100010000011101011000111001110110010000011000100
00001100101011000100111101001010011111001101101011
00000110001100110000010010100111010000110110100001
10110101110011000101110011111110110011110011010011
00000000110101101000101100010101001101000000101011
00011100101111001011011011010110101011101010010001
10111100100101110111110010110111100010100100000000
00000111111011000011010111000111010000010010110001
01100100011111111101001100010111011011101011111010
