01101111011111111101111111110010111110011110111111
10101111111110111111101111011110110111101111111110
11011101001111110011101111111110101111101000110001
00100001111110111110011111111111011101111011111111
11100111111100110110101111110111111111101110111111
11101011010011101011111001101110011101101001111111
11001101011011111111111111111101110110101111100101
11111110111111111111111111111111101101111001101101
01011001011011110101110010111010111101001101110111
11011111101111111111110111110111011111011010110011
11111011110111001110101010100001000001111101110111
11111001011001011110110000101110010101101110011101
11110111111001111010111011000110111110111101111101
10100111111110110010101101000111111111001111110111
11111111110011001111110000111111111111001111111111
11111011110111001110111111110001111001101011111101
11010111011110110110011111111111110110111111111111
11011011111100111011100111100001011100011110011101
01111111011111111101111101110111001110000101110011
11100111110000100110011111001101111101001010111111
11101111111111110110011111101111011011011111011111
10010111110110111011101111110111010011010101100011
11111111001011011011110110000111110000001111011101
11111011010001011111111001111111011011111111111011
11111011111010011101111001110111111010100111111011
11111111010011011111110110011101111101111111111111
10111111111100111110110110011110111111111010101011
11111011110000111010010111101111111011011111110001
01110111100100101001100101110111011000111111101101
01111111010111101011111111111011110111000101111010
11111101110111101010111110111101101100111011001111
00011011011001111111111111011110100111010111010100
11101011100011111001001011110111011010111110111111
11011110110111111101111111111100101101111111110111
10111101110011110111100111111010110101111011111110
11111111110111101111000001100111011010001111110111
11101010010011101010110110110101100100101111010111
01111101111101110001110101110101011000100101111010
01111111001110011000000111101010111011011101101101
10010001011010001100110101111011111000100111111111
11111111111111111101101101111010111110100010010111
11001010101111101110111111011101110111110011011110
11011010010101111101101111111011111110011101101111
01010111101011111010111111011111011111110110111111
11111111111011111011010111111100111101110011011011
11111100111111111111101111010101111111011101100101
11011101000110111101101111101110101001110111100111
11011111101111111101101001001011111110111111011010
11011100111001101011110111100110111111011111101101
10111111111111111111111111111010110110111011111010
