01011010101011111100111110101111101111101101110100
10110101111101011011111101000111110111111111111101
01011010110011111111011111011100111110111111011110
11100101111100111111101111011111011100010011011010
10100011101110110010110111101111111111111100101110
01010001111101011110111101111111110110101101110101
10101001111011110111111111111111101110110101001110
01011110111110111011101111011101011111101111110110
11111111000100111010111101111110010100101101110010
01110111001011101001111100111001011101110111111101
11011111010101111111100111110001110111011100111111
01011101101011101111101111001110100111011111101111
10101011010101100011111111101001001111011111111101
11100110011110011011001111011101111011101101111110
10111011111110011111101110111111011111101111111101
11111111101001101110111101100100111111101010110111
11110101111101110001111111111101111111111101101011
10110110001100110010011101011111110110110101111010
01111111101111110100101010111111001111111110011111
01110011011111101000111111111111000101101111011100
11011111111110111011010111100011110000010111010100
11101110110010011101101101111000011011111111100111
11110111110111111111010111101001111111111111100111
11111111111111111101111010101111111100110100111101
10111011001111101011101101111101111110111110111111
01111111101111011101111010111111111011001011011111
10001110111010111011111111001111111111111000111011
00110111111001101111010011001111111111110110110111
10111111110111101111011111110111111111101110111010
11111111100101111111000111111011101110111110011110
11011110100100100111100101111101110111111101110111
11011111011011101111101111111110111111011111010100
11101110001101011100101111111111011111111010011111
01111101111001111100111111111011100101110111111101
10111011010011111010011111111101100100011111111011
11111111111110111111001110111111111011111110010111
11101111001111111110011011111111100101111011111111
11001001011111111011011001111011110110111011111011
11101111110001111111011110111110110111011111111101
01111010011110001110111110110111111111101111111111
11101101101111111011011011101111101111110011110010
11101111111111101111111110011111011100110011110011
01110001010110110011111011011101111111111101010111
11110111110111101101111001000011011011111110110111
11001101111111111100011110111010011011111101011011
11110101111011110111100111111111111111111111100001
01111010011111101111000111101100111011110000100111
11101111011111110011111111010111110110110011001010
00111011101101011110011011111110101111011111101101
01000100011110111010011111110010111111110111111010
