00101100100110111011100000000001111100010101101100
00100010110110001110100101001001110101011100000010
11001001001001000000100100111000111011010001101100
00001110010000001100010001010000010001100000110110
10110101100101000010001000101010110110010011001000
10011000001001100110110000110110000100110101110010
01010000100011110011000010101000000110001100111110
00101000011001010111001111110001011110111101101110
11001010010110101001010000111111000010100100001111
01010001101100100111011111100000001001010101001111
00100101010010111000100110011101001001110010100000
11001000110011010000100001001000011101001111011111
11000010101101110001110111010111011101011000111000
00101111000110000101010111101100110100001001100110
10000110111010000111110111101101101100011000010111
10000011001110001110111101000000001111111011011010
11010000101000010011011011000111010000000110100110
01010101010001110001010100011110101101110000100001
11001111010000111000110100100111010100001001111001
10000011110011101100111111000100011110110100001000
11100100001110110011001101000000110011100011001011
00010100110011111111001010010101111001010101111110
00001001010000011001110011001100110011001101000001
01100001011011110111100010000001001101010101100101
00000011011011101001011101101101101011100000110000
01010001010111111001101010101100111000110100100001
00101111110001100010000011000110010111001010000001
00110101101010000100010000001010110101111000100111
01101010101101100100001011010101111011101100001100
00000100101011101111011011101010111001110000001010
00001100100010001110000000110100001011110111011101
11000001101010101010010110001000100101111110111111
11101000000001100100111011011101000010000000110100
11111001000111001011111001111100000010100101101011
10100001011110110101010111001110000010100111101011
11001111000111110111000100110001000000111111001100
00101011100000010001101010101010111000100010010111
01110000011110010100111110111111000000110011111000
00010101101000010101100011011111011111000110000101
11101101011010110101010101010111000101001001011101
01000011000111110010001000111001000100010111001000
11000111110100001001011101001011011100101010010111
00001000001100011000100000100011001111101101111110
10101101010101010010111100000010011101011010010000
10110111001011001110010111010001111001000010000001
00010110000110110010010010000011100011010111001000
10101011110110010011110000001111011101011010010101
10110011110101101000010100011011100110110110001000
01010111110101111000110000010101011010000110000000
00000000110100100110101101110011011010110100101000
