00010010001000001000000000100101000000010000100100
00001001000010000001000001001010000100000110001011
00000000000110101000000000000000100000001000000000
10000111000000000010010110001100000000000001001000
01000001000010100101000010100100000000100111010000
00010010001010101000010000101010100000100110000011
10010100001000011000000100101010000110000000100011
01011000000100010000010000011110001001010000011000
00000000000000101000000011000000000100000000100010
00000000000011000000001010100000010001000011001000
10000110000000001000110000001100100000100101000100
00100001000001011000010000000011010000100100001110
01101100010000000110001100100000010000100000000010
00000000010100000010000010000010101010010110100110
00101100100000010000000010001000001101000000000010
00000011000100100011100011101000100010000000000000
10100110101100000000000011010100110101000001000110
00001000000010000000000111100101000010110000001000
00010000000011010001000000100010011000000110100101
01001000000000010010000000010000010000000000001000
00000000001000010000010000110101100000000000010010
00010101001100000000100001000100010001100000110010
00000000010010000000000000100001000010000000100000
00010010000010000100000000001001010000001011000100
00011000110001111100000000000000000101000011100000
01000000100000011100010000001100000001100000000100
10001110010010010110101000000000010100010010000100
00000001000000001001100000001010010000001000110101
01010111001000110000000101010101000100000000001000
10011001001000001100110001001000000001100000000001
01000111000101000010000000010000000000000000001010
10000000000100000100101100001000100000010001100100
00100100001001011000100000000001000000001000000000
00000000010110001011010100110000000001000010111000
00000001000001100010000000000000000000010010001101
01000010100000101000000010101000000000100000000000
00000010000001010100001000000000000001010000001000
00000001010000101000010011000100010010010001010000
00001100001110000100010001000100000100000010110011
10000001000001000100000000100001001011001000010001
00100000000000000000000100010000100000010000000001
01001100001101000010000000000000000000000011010010
01001100010001000010000110100000011000100100100010
00011000011000001000000110000001000001000100100100
10000010100001000010011010010001010000100011000000
00001001000000000000110000010000010001110100000000
01010001010100000101000000001010011010000000000010
10000000001101001010000101110001001000000001000000
01000110100111101000110000000010000000100110001001
01000110000000000010000000010100001000111000000010
