01100001000001000000001010101000000000000000101100
10000000000000010000000001110000010100000000100010
10000000100001000101001010000001001001100001000000
00000000001001010000101100000000000000111001000000
00000000001001000100000000000000000010010001010011
00000000000000000000100000011000100000000110100000
00000000000001000010101001001000011010001001110000
10000000110011000101010001000100101000000100000000
00100001010011001011110010000001011000000000001001
00000001100001000110010001000011110000000000000000
00011000000100000011001010101000000011000000100100
00000000001000010100000010110000001000000100001000
00000001100000000100001101100000001110000001001010
10111011110000010000101000000000000001000100111010
00000000000000000011010001011001001100100111010010
01010000000101001101011010110011000100110100110000
00000000100000010000000100000010010000100000001010
00101001010110010000010101010000000000000000000000
00000010111000100001100000001010000101110000010000
00100001101000110010000100001000000011000010100000
00010110100001000010011000000000101000010000000100
00000001110000110100100010001100100011000000001000
10110010001011010000100000010100010000100001101000
00010000000010001101000001111100000000001100000000
10100000101100010000010000001010000000000110000000
01000011010010100100000100001001010100000001101001
11000000001110010000000100000000000000010001100001
01000100000100110100001100000000110001110000100000
10000110001000100011010111000100100000000000000001
00000001000000000000011100001010000001000011000000
00000000010000011010000010000100010100010000000000
00100000110000110000000001000000011000110001000010
00000101010000000000110000011000001000001000110001
01000010110000001000001001010011000101000100100110
00100011100110100000100000000001100010100000010001
01000000000010110010000001000010010010100100011100
00001010001010000001010000000000001100011000000000
00100000001001000011010000010100010000010000000010
00110000000000111010001000010001001100010001001000
00011000000000010010100000110011000011101000000000
00010010000000000000000100000000100010010010100000
00000101000101110000000110000000010100000000001000
00000100000000100001000010000100000000001000110000
00111010000010100000001001100101000000100000001001
11000110001001010001001001110000110000001010001000
00001010000001110010000000000000101100000010000010
10000000100111001000011001000000000100100101100010
10000000001000000000100000000000010100000000000010
01001000000011101000000000000001010001000000011100
00001000100000000000000001101000101000000001000000
