00100100110000000110111101101100101111101010101110
00001110101010011101001100000110100111111111011000
10001100001111101001000111010110000111110001101000
00000101001001101001010001001110101111111011011000
01100111110011110000100001011111111100111100110101
11111001100110010101001111010011011101111110001100
01001001001010101100000111001011100001011000101111
00011110111011111101010000101110100010110001101111
11001101000100001110110110111000101100010110110010
10001001000110100011010001100000111011100001101010
01110011000010101011001011110000111110110101011010
00100100110000111010101011011111011101000100111001
01101111011001101000011100100010110100011001001000
00111001000010000101001001110111110011100110111111
00111011011110011101000011101111101110000010101111
01001101000100101110011000010001011000100111001101
01110011101110110000000000100001110100111001111101
11000111100001110001011101001111010101100010000001
10000000111100010000001011110011010100110010101011
01110101011001100100001101111000001011001011111000
10001000100100000000000000000001101101011011001001
10010001110010010100000111110000001100011110001010
11000100001111010111000011001000000011110000111001
11100110100010000101010011101011001110110100000000
00100110101100100010011101010000001110100001110001
10111110011101100111011110000100110000100111110110
10000001111011101011010100001000100110010101000001
00101100101101010011010010001101000101010001001111
10011011100100100101001100110101101101110001011100
11111001000101100100000001011000010110101001110100
01111111000111100110000100000000110001110010010110
00001110000101111110100100011000001111101110101100
11011011111011101000100001101010000110011010111010
00001100011111011110000001000110000010001111000101
10011100111100110001110110001001000001000100011001
11111100101110101110110110111101100001101011111110
11110001011001100001001110100101110000111101101110
11110110010101000101101000011011001100110101100111
11111101011001011110001111001111000111000111101111
01111111101010001010111100111010100011001001111100
11011110000010001001110000000101110110010001000010
01001100101101010000010101100001011011100010100101
11010100100001110111110001000011110100100100111011
01110001011010011001100011111100010111111000111011
10101011110101101011001011000101100111110111000001
01011000101101001001001011001110101100010011001000
11110111011111111011111000011001101110110011010001
10001111000001111000000001011111010111110100000000
10000011111001100010010001010010100111101011000000
00001011000101111110101010110000011001100111101000
