01110111001111111111111111110111001111111101111011
10110111111100111011011110111101101111110111101010
11011010010111001110111011110011011011000011111111
11100111101111111111111110110110010101110111110011
00100111111111111111011000101101011111111110110110
11011011011011011110111111100011111001000101011011
11111101111111110111110111101110010011000110101000
11011110100110000111011110101001111111111111111111
01011011000101000001011110001011001111111011111110
01101110001010111111110111010111100011001011111111
11011110010000010111111011111001111111111111111111
11111011100010101111111010111110111111111000111011
10111111010100111111111111011111111111101111101111
10111110100000101011110001111111111101010001100111
11011010010111001111101000000101101011110011101111
11011110011010001011111111100111101111111111110101
11111100010111110011001110111101111101100110111110
10111111011110100011111111101101100110111111101101
11111111011111111100111111111101101110111110101010
11011011111111111100111111100111111101111111111111
10110110011111110111011101111110111110011101110011
11111111111111010111101010111010101111011110111101
11111101101110111111110011101111111101101111011111
11010111110010011111100011111101010110111101111100
11110111111110011111011101011110111111111101001111
10100110011011010111101110101111101001011100111111
11111111001101011111111101010101111111010111010011
11110000011111001010110110101011111111011101111111
01001011101111001110111111010110111111111101111001
11011010010111111111101111101010111110111010111101
10110110110111010001111011011101011101111011110111
11101101111011111111001101110010111011111000111011
01000101011111111111111011111101010111111100110100
00111111001111001001101110111111100110111011011011
11101101101111111011111011111111000010111110110011
11011001101111011111111110111110110000111111011111
11101011111110110110110110111101111001111110110111
11111111111111111001011011111011100010001111110011
11011001101110111111001110001111111110011011101011
11011001101101110111110111111111111110101100101111
10001001111110010111111111011111111111110101111110
11011111001010011111111111111000101111011001111111
01111011111010111111011000100110011111100001111111
11110101111011110101101110111010010101101110011000
11111011111111111111110101011111101011111110010110
10111101111100011001111101111111111111001111101101
11100111111110101111011111011101010100111111010110
00101001111011111101011111010110100110011110111011
11111101111111101011101011110011011111111110101101
10110101011111110101111011111111011111110110010110
