00011010011010000010000000100101010000000000000010
00000000010010010100010000010001110001010000010100
00000000000000100000101100001000010011000001010010
10000100000000010000000000100000100101000000000000
10000010010110001001000110001011000110010000001100
00010000001100010000000110000000000100000000000001
10001000010101100001001000000000000110000000000000
00000000000000100000000000100000100000001000000001
00000000010000000000000000000000100010100100101000
11001010100000000101000010011000010001000000101101
10000100000100100110000010000000001010010101001010
00001110001001000100100010000010000000000000000000
11001000000000001011100011001001101001100100100010
00000010000100001000010001000001100110000000101000
00100011001000010010100000000010011000000100000000
01010100000000100000000101000101010010000011010010
00001000000011000011000000000011000000001000000010
01000000011100000001000000001000000101000000000010
10000000001010101000100001010000101000000001001101
00001010010010001100010001100000000000010000010000
00100000000110100010000000000110000100000100000000
01000000000001000001001000000100001000000000001001
00100010000000000000010000000000000001010000000010
00101100000000010000000000000101000100000000000000
00001100011110000000000000100000011000000001000000
00000000000011010011000000100010011000000000101000
10010001000000000001000011000100100000000000100000
01000000010000000010000000000100100000000110001000
00101000010010000100000000000000010100011110001110
10000000000000010000110100110010111000000001000100
00001000000100101000100001000100000011000010100000
11001000000011011000000100000000000000100000001000
01010001100011000010000000110100010100000100001010
11100000010000110000000011001100101000000101010000
00000000001010100010010011000100010000100000001000
00011110000001000100100100001000100000000000100000
00101010101001010000000000000010000001100011101001
01110000010010000100001000000010000010100000000000
00000000100010000000000000000001001011010010000001
01001000001000000001001000001000000000101000010000
00000001000000001000000000001000000000010001000010
00000000101010100000100000011000110000000010000101
00000000000000010000000000011010000010100100100001
00100000001000010010000010000100010010001000000010
00000000110011000000000001100010000110000010000101
01100000000000010001000000000000010000010000000100
00001000111001000010010001011001101010000000000001
01001000010000000010000000001100000000000100110000
10100000001010011100001000001000100000001001000000
00000101010000000010010000000000000010100110101000
