00000000101000000000011010100001111010101100101011
00010000111000001011001100010011011000000100000101
00000010110100100010100000100101000001001000000011
01000100000000010001001100000000000000010011000001
00000000100001010000000000000000110010100000011101
00010010000010000100000000100110000000000100000000
00100100000000100001001000000101000001000111000110
00000000000011010000100000000000000000011001001100
11101000010000000000101011011000100000100000000000
01100000101101010100001000010000000100010000000110
11000000010011010011100010001110000000101100000011
00100000010000000100000001010110011111000001011000
00000101001000000101000100100100000000000000100010
00001001011000010000000001010101001101000000000100
00100010000000000100110001011000000000000110001000
00011001011001001000100000001000000001010000010100
01000000000000010000000101000100001010101010000110
00000100010110100000010100100000001000111000001010
01100000001000000001001100000011010000101010000000
01010010001010000010000100100001000110001100010001
00100001101000110000010000011000001010001100000000
10000000000000100100100000001000000010100100110000
11010010110000000010000010001000000000001010110011
01010000000010001111000000100000000000000010000100
10000000101000000000001000111000000000001010010111
00000000100101101000000000001000010010010000000000
10100100000010000101000110000100000110011000001001
01000000110101100000100010001000110100010100000010
00000000101000110000111011010000001110000111000001
00100110001111001000000000100000011000100000010101
01000100001100000010000000000000111001011000000000
11100010000001000011000000000000000001101100001000
10001000100000000000000000010010000100101011010000
11001000000100000010000001010110000000010000101100
11000000000101001100100000001110000100110101000000
00000000010101000001000000111000101000000000000000
10001000000100001001110001101000000000000000000000
00100010000101010000000000000011000000110000000000
10001000101000001110010000000101101001000010000000
00010001010000010100000001110010011001000000000110
10100001001000001111101010100011100000000010000010
11000110001000100001110000011001001000000010010000
00010010000000101010001110001000100000101101001000
00010011000100000000000000001000101000000010100000
10000000000010000000011000000000010000000001000000
00001000000100010001011010000100100000000100000101
10001001000100100100000000100001010000000010000000
01001011010001011000000110000100010000010000010001
10100010011010001100001010010000000000011000000000
11111000001000000001001010101100000000000000010100
