00001000001000110000000000011000000001001100101110
00001000000001001101000100000100000000001000010101
00000000000011000100011000001000111000001001000100
00000100110000100100011010000010000000000000000000
11000100101000000101000000001100101100001000100110
00011010010011000100110000000000110000100011100000
00000100100100000000100100100000010001010000000101
00000000000000001000101111000000000010001001001001
00011010001000010000010000011010110001100000000011
00010100000101001000011000000000010110010001100001
10001000100010100000001001000011011000011001000010
00000010010001100010000000000110100000000101000101
00100100001000000000110001011110000010000000001001
01100100010100000000000101011000000001000110010110
10010000001100000000000011000000000000100000000001
10000000100000000001010101000110100001110001000010
01000001010000000000000001000000110010001000010010
01111100000000000011000100001110100001000001101001
00000000000100000100000010000010010001011000000000
01001000000000010100110000010010000111000101000100
00000111000010000001000100100111101000010110000000
00110100110010010001000000000101100011111011000001
00110001011000000000000000100000001010100000101000
01000011000001010100100000000000000000011001000000
00010001000000100010000001011010010100000000001101
00000001001011111000000010000100000100000100010001
00000010000000000000101000000001001000100000000011
10000000100011000001000010000000000110001001000001
10101000100011000100000010000000000001000010000001
01001000000110010100110001000000110011000100010100
00010000101110010111100010000000000000000000000101
00000000001000000000110000100000100000000000000000
00101100100100011100110000000101000000100000010000
00100110111000001010000010000100000010000000010000
00101000001000000000101000100000000000000100000000
00001000010000000001000011010000000010100000001000
00000001010010001001011000010100010100000000110101
10000010100001010111010000001100000000010010000101
00000100100000110000011000100000100100000101100010
00000010011000010010110100000000000001000000001000
11101001001000001010010100010000000000000000000010
10000000000101000001100001000100001000100001101010
00000100000001000000110000001000000001000000110001
00100101011100010101010100010000000000100100100001
10001100010000000100001000000000000010100111000001
01000000000001001000000001000100110010000010001000
10000001000010000100001010000000000100010100010100
11101010000101000001000010000110000011000000001000
10001000101001011000000000100000000000101100000000
01000011110110100100010011111010000011000011100000
