01000000110000000010100000010010000000001110000000
10010000100000000000001101100011000000101100010000
00000100001000000100110110100000000000000000001000
01001001100010001010110100001000000000000100000000
00010100000000100000000101101010100010100000011000
00101000000010100000001000100001000100100100100010
00000001010000001000000000000001001001010000100000
00010010100000000010000010100000000101000110110101
11010001000000010000100000101000000000100100000010
10000010000001000100001010000000000000100001101000
00100000000001010001010100001001000010100000101000
00000000000000000000010000100000000000000011101010
00010100000000000100100010000010100001000000000000
00000000011000100111001001000000000000001110010000
00001100000001010100000101000000000011100010010000
00000000101000101000011000000001000010000000010000
00010010000000010010100101101001001010100110100000
00100000010011100000100101100011010100100000001010
10010001000001001001110110000000000000011110010000
00000000001001000010010100101001100000000001000000
10110000100010001110000000000010000000010100101101
00110000001100010011000010000001000001001000000010
01000100010001010000000000000000000000110100000111
01111000001000101111000000011000111000011001100000
00100001010010000010010000101001000101101101000000
01001000000001101100000000001000000001100010001100
01101101100100001101000010010100000100000000000011
10000000000000000000000100101000000000000000000001
00011000101000001001000111010010011110011000010000
00000000000000000000000000100010100010000000000000
11001000000010000100100000001100010100000000100000
01000110001000011101010010000000100000000000000100
00001000000010000001000100000101000001010001101100
00000000000000000100000100001010000000100010000010
00000010000000001000000100001000000101000001011000
00000101000000000100000010101010001000100000111100
00001000001000111000000000001100000000000001000011
00000011000010100000010011000000101000001010000000
01001100111000101100001011000000010100000000100010
00000010000000000010101100001000100000000000000000
11000000000001000010010110001000000001000000000000
11010101100001001010101010000000000000000010000010
10000001000101101010000001000000010001000100100001
00000000010100000001000110000000101010000000000111
00000111011100001000100100000010100100100010000010
01001001000001110010000000001000001100000000000000
00101000011100000100100001000000101100000000000001
00000001000000000000101001000001100100000001000010
00000100100100000100011000100000010010100101100100
00000001000000000000101000110000000010000011001000
