01011101010101010010100010010110100010001101000101
10001010101001110011101110100110010110111110011101
00010000011101111110000011101000001110010011111110
10101010101010010001001111101110001100010001111000
11010111111101010111001000000000000110001000000000
10001011001010011101100101000011101001011010111111
01011101010100101001101010101010101110011000100100
10001110110111011101111010101110010100100110000101
01011001010101010001101011000011001111000001001100
10101011100000110011001101000001001100100010001100
01111100000000011111010000100110110110011110111011
10101011100010000010000010010000100001111110011110
00010101000100010000011000101110110010110000111000
11101001100000000000100001111010101100001100000010
01100010010000000010100110111010001110001001000010
11111101111010000110111001011100001111000110000000
00100111001000000101001000100011011101101100000000
00101101001000011001010110101000000000100001001000
11101000011100110000011001010100100110101100101001
01011111111000001100100010101000000110010101110101
11000111100001110001000100100111110100110101101111
00000001001010010110000011110000111101000100100011
01011011110010011010000010010110000100010110100100
01010100010000100100100011011101110111100110000101
11110011100100100101011100111110111111000011111100
00110100110001010010010100100111111110100111011100
01110011001011101101110011001010000111011110101101
10000000000101110010011110000010111011111000001110
00110011000011110101000110100011100001000111101111
11010001001010010010101111000001010111001100011101
11010111101011101000101011111000100101001000111101
00000100110000001000100101001100001000011100101101
10000110001111000010110111011010001010010111100010
01000001001010001000110111010100000101100001110010
00110110110001111000010011010001100011100111000001
01111011111001111011111111100110010000001011001101
11101010101010110011000111110100101000111101010100
00000100100100011000010110111110011000010001111101
01000001010110001110100101010000011010001100010010
01110110001110000001101000110001100011001111010011
11001110001101101010000000110111000110110010100010
11000001001101011011111101101101101010110001110100
01100101011100010000001111101000101100011001010000
10110000100000100101100011001000111111010110101000
00110110001010000011111010101011110001001101010101
01110100001110000001000011000110010011110110101001
01110100111110000110100011111111000101000001010100
11100111110100000001101111111111000111000100101010
00100100001101100000110000011000110000111000000101
11000101001000000011110100101111001101010000110010
