01001010111000011001011111011100000011001101101001
10101100001111101101100000101001110010101101010111
01001011110100101001110001001001010001000100100011
00000001010010100110011011011110101010010000000001
11100110110100101001011100001110010101101000011101
01001011100000001111101010100010000110000000111000
10101101000111010001010110111111000011010110101111
00110110000110110110001100000100100011101100000111
10101100000101000010000110101011100010110000100001
10111000001110100111110001001011111011110111100010
11000000010111011001101011110011101110111100001001
01101011111011110010101110001110110101000000110100
01010011011101011101101010110100001100100101001101
01000010101110110110000001111000011011001111010010
01111001010101011000101001100111111111010000001011
10000011001111101010101101111010000011010111001101
11101100001010110110011010110001010010101000110010
01010101010011001010111100110001010001100010100100
00010101110101011100010000101111010101011110101000
11101110011010000000001000101001010110010000111100
01100100011110110100001100101001100100101111001000
10111010010000001110000111011001010011111001101101
10011101001110111101100010000011101100010111010000
10001011100100010100110011000101010011011000011001
10010110101110001000011101100011100011100100101111
10110000011001110000010110110100111101100110100001
01000110101011111111100011000111000000101001000100
10010010001011011100010001000100011011000110110111
11111010110101010011110000000001011000101110101010
10011011000110100010000101110011101111011110100000
00011110111100110010001010100101010101101110101110
01100010111000101111111110101110000100100101110011
01010001111100100000101011000100010000110000000001
01101000010101101111010101011010101101111011110001
00010000011011100000001001011100010101100101001100
00001100001110100011101001000111011000100010110000
11010111111001111001010110010100000000101011100101
10101011010101110110010111010110011000010101100101
01001001111010001100110011101011111110000000001010
00010010111000110011011100000100110001001100010101
11001001001001001010110100101110010010010100010000
11100011011011010010101011011111001001011010110000
00000010010001010110101001011110010110000100011100
11000000010011010000111000100001011011000000111101
10100110110100001111010011011111010111000101010100
01001100000101001001001100010001010100011111101101
10001110001010110011110110001010001000100011010001
01001011000110010101010010110010001011010011110001
01100011010001101000000010011011000000100000000000
11111011101010110000010111010001110011010001011100
