00000100110101001000000101000010000010011000011000
00000001011000000110100000110000000100000000001000
00000000100001010011000010000100100000000010000010
00000010000001000101000000000010000000001000000100
00000000100100100001000100000000001000000110000101
10000000001010010001000010000000100001010110000000
00010000001000101000100000000110000000000000100100
01000000110110000000000011000010000001000000011000
10101001000011000000001001010010001010000010000000
11000001001001000010000100001000011010000011011000
01000110010000001000111000100011000000000001011000
10001001000000011100000000000000010000010000000100
00000101100000010000000000010100111100000010001110
10110000110000000011001011100000100101100100000101
00001010000000010001110000000100000001101000001101
00100100000110101001010000100000100000100110101000
10000010001100010000000000000100010010010000000100
01010000000100000001010000000000000000110001010010
01100000010001000000011000000100100101010100010000
00111100000001110100010100110011001100000100000111
01000010001000100000000000011001110100001100100101
00000000001000110111000101010001000000000001000100
00000000101001000010000100100000010000000111000000
10001000010000000001011010000000001001001100000110
00100101000001000000000100000101010000001110100100
10000001100001000000010000000001000101100011110000
01000000001001010001001000000011010000000001000100
01000000100010000001110000000001100100000101001110
00000000010000000000100000000100100110000000010001
00100010000010101010000010001000010011001001100010
10010011101000000001000000100001000000100100100001
00000000001000000001110011110010010000010110000001
00100100000011010010100000011000010000110100000000
00000000010110001000101010100101101010000100100000
00001000110010000001000100000000010001110000010100
01000000000011000011100001011000000010100011000001
10000000110000001000000000001100010100010100010000
00000101000001100010000101000100001000000001000100
00000000000001110100000001000010101100000110000110
10000100000100001110000000000001101010000100010000
10010000000000100000100110000100000000000000011000
00001100000001010011101110010011110010110000001000
00101100110010010000001011000001000100100000101000
00000000011000000100011001110100000101000000001000
00000010000000010000100011000110010000000010000010
10000001011000000110000001001000001010011000000000
11000001011010110000000000010000000000001111000101
00011010000111101001110110110000001001100000001010
00100000000010000101000100010100000000100000100100
00001000000001100001100000001011000100000000001000
