01000000001000000100001100001000000110010001110100
10010010000000001010000001000000100011010000000001
00000101000000000000000010010010110010000000010000
01000010010001010001001000000011010000100010110100
00000000000000100100100010010000000000100010111001
00100000000001000110010001011100000110001001000111
01010000000010010100011000000010100000100101000000
00100000001100000000011010010000000000001010010100
00000000010000000100100010101001100001000000100100
00010000101000000010000010000000000000011000101100
10000001010000100010110000000000000000011000010011
00000001000001001100000110000000010001110001000110
00000010000000001010000010010010100011101001000011
00010100000100000100000001001001000000010101010000
00001000001000000001011000000010010001000000010000
00010010000000000100000010100010001001001010001100
01000000000110000100000001000001000000000010011010
10001110100101011001011011101000010000100000000101
01000100011010000001010101111000000000010001100001
00010000000000100110001000001100000000011000100001
00001000101000000000010000000000001000000000110010
00000111001000100110100010000000100010011000001000
10010011000000100101000000100110001111110010010011
10000000000100000010000000000000001100001010100000
00101001110110010100010000000100001010000000100100
01000100000001001110000000001000000001001100101011
00000000100000010110001000010100010000010001100000
00101101000010000010000000101010010010100000000001
10000100100001000111000001010000000000010000100000
00000100000000000001001010100000010000100010011100
00110010000010110000001000010000000000100000000100
00010000100001001000000000000000100000001100000000
01100010100010000000010000000001010100000000100011
00110000000100100100000000110100100011011110110111
00000000000000010000101110000000000001000000100010
10000100000000000000001100000000100001000110101111
11100100000010000000011010010000010000000001000000
01000000100110110000001001000000011100100110100000
00011010000110000100001000010110000001001000001000
11000000011101000011011000101000010000000011001000
00000101011010010001010101000001010000100101000101
00000010000001000000000001000001010101001000000000
00011001000000011000001100000100010101010000001010
10000110000111000010000000100000000010011000000000
10011000110000000011100111101000111101000000000000
10111001001001101000101000000100010000000000000011
00001000010000011000010001000100000100110010000010
10010101110100010100000010000110010100001000000000
00000100001110001000101001000000111100000010011000
01001100001010000111001001010000110100001000010000
