01000001000000100010100010101001001000110100001001
10000001010010101100101000100000011001000000000000
00010010000010001001010000001011000000000010010010
00100010000000000100000001000100000100000001010000
00000000100011001100001100100100101101000000000100
00000000010100010011100001010101110100000000000001
00110000000010000000010101100010011000110001100010
11000000000000101011000101000001011001011100100010
00001000000010000100100101000011000000000000000000
01000100000000010000001100010110001000000100000100
00000000000001010010000110100011101010011001000010
00000100000000000000101110111000100000000000000000
01101010100000001000010010001000001010010000011001
00001000001000000010100000110000010000000001010100
11000001000000000000110010010000000111000001000000
00000100011000000010101000010000110011000010100011
01101001000010000010010100000010010001110010101000
01011000100000000000100010000000011000000100100001
10000101001001011001010011000000000001001001000000
00100101000000000010101000001100000001000010010011
11000100100101110101001110100010010000001010110101
00100010000010101010001001000000000000010001001000
01001000010100010001110010000010000000001010100000
00001011111100001000100000100010000001000000100100
10000000001110100110101001000010100110100100101000
00010111100000000010010010010000101001100001101000
11001010001101000000100100000000001110100001000000
00000100010101110000000001000000010010001001011010
10100000000110000001000000000010010010101100001000
00011100010000000001000000000010010110001001000000
00100010111000001000101110001101001001001000010011
10100101101000000000000000000010001001000000000000
00001100001100010000000011000000000100011001000000
01000111000001011100100000011100000110011001101100
11001011011010000100000001100011000000010000001100
00011100000000100000000010100100110000000010100001
00000000001010110000000010111100010000001000000000
01001001000000111011000101000011000000011000000000
10000010000000001000000011101000000000010001001101
10000011001010001000010000000000111001100110011001
00000001001000000010101000011110110011000100000000
10000001010000000100000010001000000000011010000000
00100000000000011001101000000000000100010100000000
00010010001001100010010001110100110000100000001101
00000011000000011100101111000000010100000000000000
00110000000011000001100000010010000000010000000000
10000000000010001000010011011000011000110001000000
00001000010001000000100100000000011000100001000010
00100011001000010001000000010010000000000000000101
10000100000010010101100000000010000100110001000010
