01001010100110011110100110011001111111010110001100
10011111010101100001011100101000111111110010111101
00010101011100111010101000001001100011100010000111
01100000001011100101111100001000010110111101100001
11000101000001001000000110110110101111111000010111
01101000100100011111010010011000111001110010100101
11000000000110010001100100110110111111011111000001
01101000001111101100111101111000110011110101111000
10000100001110001101000001101111000110100101101100
01100000000111001110011111111001011011010101110011
00110001100001100111010011110000101011011000111111
11100111110001111111101000110011011110100100001001
10010011110001011111010000100010111111100011110100
01011001011110011110000001000011000100001111110110
01110001001100001010101011010101001110001001011111
10100110000111001010010010111011011110010100001000
10101101110111110001000101101101101010100100010110
10010101111111000001100110010110000000010011100100
10100100011111110000011110110001100101110110101001
01010110101110001100110011001000011010101100101010
10110011000100100101011101010110010010001100110110
01010101011010010011101101100010101011000001111101
01110001010100100010110010110001101000010010001100
11011011010000001110110010100110001001010100000000
10001100011000110111001100001000110100010000110110
00000001111001101001110000011100101101100010001000
01001011111110011010011100000101000100100111011000
10001111011100110110101001001011100100111011010000
11110101110000011001000011010111100110101101001110
00001010100000101100100101101011010011111111100011
00001010100111010100110100011101000110100110101111
10100000110101111010001000111110101100110011100010
11101111001010001010011011011001000011001101111111
11010111010110010001100010000100001001110100100100
11001110011110111001011101000001010100000010111010
11011010100111110010000011111011001001001001000000
11111011111110111001110000001110100000111001000011
11101111011010000010010101000100110100101000111100
01111101100110001011000001111111010011010011010110
11011111011000010110001110010101010010101011111101
00011010001001100001100000011100100111010100100000
10010011110101011011100100101110110000001010111011
11100110000011000110001001110111001000110100000111
00010011110011100100010000111101100110110000001110
01010101111011000111110010000111111001011100010100
01001001011011101000110010110000101001110100100000
11000001101100110011011001101010101001010101000111
11101100101011101100111010001010110001110011101000
00101000011001101001100010001111101010100111001001
01111110011100100010010000000110100010010110001010
