01110000101011110011111001010100000100111011100000
10110111100101010100111001000000111010011010110011
11010100001111100110000100001111010000100010101100
11101010000110011110000010100011001010110100011010
00010100100111001111000100011100000111011110111001
01101011110110101011101101111010111100010001011111
01010100101000101001100110111100001101110010110010
01000100101101111100111001110110100101011100100010
11001111001110100010011001011011100001001001101001
00000100001111111101000011111101001111010000101110
10100011110100110111110101100010110101101010100110
01111101111010110100100110011011001101111110111011
10111100110101000011110111110000101011110111000011
11101001010010011011010111001101011100110101010110
10100111111100010101111011110010111100101111000010
11010001011101100001101000000001101110011110111110
00011111010001000100101111100100010101111110001110
01111001011100101000111110101100000010101000011110
10111100101011000000011100001111011011101100001000
10001110011011110000100011110111111011101000001100
11000111001110111101010010101001010100101111011010
11000001101011100110100111111010100011001110110101
11000101100000111110000000100001011110011101011110
00101110001111001110010001010110101001011111100001
00010010010111101101110000111101010100111010111111
11000101111011101001010100011011100000110001110000
00010111011010101101111010011001001011110111100000
10001111110110100001010111101101111100111011101001
00101110110101000110110011110101000000111111111000
10101011010001001111000110011011110110110011111111
00110101101100100011010101000100001111100010100001
00110000110101010011101011111100000110000111110000
01000101101010110001010101010100010000000011101001
01100100001001101011101010010100101011000000001100
01010110010111110011001100110010010110100110001100
10001111011101111000101010010111001011000111010000
01011000010010010111011000100111011101110011011011
00001011111110001011010100100010010110101101000011
10110010001111101111100011111110001011001100110001
11011111010111011000001111111100000010000000101011
11001001101100111111111110011000000001100101100000
00011001000111111010111100101001001101101011100111
11101010001110111000110110111111101110000100000001
10000100100011100000101101111101100111001100001001
11101011111100010000010111111111100000111100010100
01011110000101010100111011001101000110100000100001
00111100110100011111101010011100111010010001000010
00100100011001011101011010000100011000000100100000
01010111011111111100101010000100000011010100001000
01001100100110000000010110010110100011110111010000
