00000111110101000111001110111000010111011001110001
00010010110001110101001000100100101100010100101000
00001111101101010100111000100111010110110011011101
01000100111100011100111111111001100000101011111001
00100001010000111111011100110100100000010110011100
10110000010111111000011010111111100011011101100110
11100000010000010000010010010001011100000001110011
10101000101010010001011001001111001111100111100000
11110001010111011101100100110000111011110001010100
11011110101110010000101001001100010011111001001010
00110001010011010010101101111010100011100001011100
10110100110001101001110110110001110101010110100000
00000101111001011000001101110000010011011010111111
11100100101110001100001000100111100010001001000101
01001100000100010011010011100110000001101111101001
01111111111010100101111101101111111010101001101101
00011100100111000010100100100000110101001111101111
11111000100001010001010101110101110100100100101110
10001000001000101001101111101100001111100000100011
11001001100100110110100001011110001001100101001100
00110000111100011011001010011001000110101100101001
00111111000100110100000111100001011101111001011100
11111101011011010010100001011101001000101110000111
10011000101110011110010010001100011110100110100111
10010110000100100010110100000011001010111011000111
00010001011010110111011000011111000111011001001001
11111100101111111110010000011010010101010001011111
10011110101110000101101001101111100001101111111001
10010101011000010011101101110110110100100001001000
01101101010001110111001101011001010000111100111111
00100101001001110001000011111000111000001001101101
00110111000101010100111011010100111000111101100111
01011100101101011100000000011011011101110110110000
10100010110110011100010100101111100001010100000100
01000011100000010011011110000011100010011001101110
11100011000100001110110101101000100010010100011101
10100101111011010010100111000000001101010100011101
10000101111110101011010001110000110010010111011110
00110001111000110111111110011101100000010010010000
11101100110110000000010011100101111111101000110011
10010100010011111000111011010111001000010000000111
01001101000100101101101100010101110111000010110010
00111001000110101000001110010000100001100101011011
10110111111001111001010011111011001001000010011110
11010111000110111110100100010111101000010100000010
10111010101010000000010000110100100111110111000011
01111000011010111101110001111110001111000011000000
00101100101011011101011110100111011111001001000000
00000110010010001110001110100101001001011111110000
10110010000011111010101111110111000110011010010000
