01001110001110000110000000000000100000000101000110
10001000000000001001000110000000000101100100100000
00010010100100000001000100000100000010000000000011
00100001001001000000010001100000000000001000110101
11000010111010100011000001100011110001010100000100
10000000011001100000000000000000001001000101001100
10101000100100010011100000101000100000100000100000
00010000101000011000010111010000000000000000000010
00101011000001000010101011100000100010000100010110
00001100000000000000110100010001000000100100000001
10011101000001000100000011110011010010000000100000
10100010000010100000010010000010010000110000000100
10001000000100101001010011010011001011100000011000
00010100101000011001011100011100000101001001000100
00001100000110000110001001010000000000100001000010
00000011000001001000101001001000101100000010000000
01000001000011010000000000010000010001100000001001
10000000001000100000010000001001000010100000000101
10001010100000100001000000000000000101000000010001
01101010000011000010010000010000010110001101000010
00000010110000010000010000000000000000010000000110
00010001010111000101100000000010001000101000110001
00000000100001110000000100101010111110010001000100
01100001010001000000001010010001011000000011000000
01000001101110000000000100001100010110010001001000
00011001101010110000000000000000000011110100100000
00011010101000000000001000001100011001000000100001
00000001011011101001000100001000000001001000101000
00000010000001010100001010110000011000100000110010
00100000000001000000000010100000100010000000000111
00001000001110000000011000000000010001000100110001
00001000011010000100000100000000000100110010010101
10001010100000010000001000000100000010000011000100
00001000001100001001001110101010000101001000001000
00000100000010010000011100101000000101000000000011
01000000000001010011001010000001011000010001101000
00100000101010000101001011000100100000100000010011
01001100000011001010000001110010011000010011000000
01000010010110101100010001001001000010010000100011
00001000000100000000101011000001000101100110000000
00010000000001000001010000010000010000000000001010
11001100110000000001000001000010000000010000000000
00000000000000010000000100000001100001010000001001
10000100000001100001001110000000100101000000000100
01010010001000000000010001111010000100100000001000
00010000100010000010010000001011000010000000000000
00000100000010001000000010010000010100001010100010
10011100100101000100101000000101100000000001000001
10100001100000100001100000001100001010101000001001
00110000010000001110010000100111001010100010000110
