00001000100000000000010001110001010000000000101001
00000110110000011110000100001101011010100000000100
00000000000010000000100011000000010001010100110001
00000001011000101000001100010000000100101000001110
10000000010000100000000000000001000000001000010100
01000000000010011000100000000001000000000000000001
01000000100100000101000000011000010000000000111000
00010000010010000010010000000010100000110000100010
11000010000010000000000011000010001000100000000000
01011001000000010001000010000010000000010100001010
00010000000101101010100001101100010000100100001000
00000010001000000000100000000100010000000000000111
00100101100001101110000011101001100010000000010011
00000000001010001100010001011010011000001000000011
00011000001010011000001110000100001100000010100001
01000100010000100101100000101110100000000100101000
01010100001011100000000111010011100001100001001000
01000010000011010000101000001100001010001001100100
01000001001010000000000000001001110100000000001000
00000010010000010000000000000100101100000101000000
00100100001100010100010100101000001100100011010000
10000001000001000000101100000000000000101000000010
00010000000000100100010100010000010100110100001000
01010000000000101000111010001000100000000000000100
00100000110010101000000100000110100100001100010100
10100000101011001000000000011000011000101000001101
10000000001010010000100000001000000000000000110100
10010010000001001000001001000010110000010000000000
01000010001011010110100101100000001010010001111010
01000000001100110101000010000010000000011000000000
00000001110001011000000010010100000000000000000100
11001100000010001010000000000000101001010101001000
00000001000010011011000110010001000101001010100001
11100010001101000010001001010000000000001001001000
01000000100001100101100001001001000100000100011011
00010000000000100011101010000000101001010001110000
01000000000010000100000000001000000001100001000100
00100000000000001000000000000001100110001010100101
01010001101000001000111001000000000010001111110000
00100001010000000000001000011101000100000010001100
00011000000001000100010011000100110001100000000010
00100000011000010001001010000001001000100000000000
00000000000000100000100000000000100001110001000001
00000000000000001101100000001001010110100010000000
10100011000000110100000000101000100101100000000010
00101010000010000000100010101000001100100000000111
10010010011000011010001001001001011000010000000000
01011000000100000100000111100010000011010000010000
00010001010111000000010000001000001000001000110000
10100100000111100000000001000000101001000010010000
