01110101111111111100011101101111110011111111011111
10111111111111001010111101110111011001111101111110
11011101111110111111110100011011110111111101111101
11100111111101111111011111011111111111110111111011
01100111101110111110011111101110001010111110011100
11111000111111001111110010101011111111111111101011
01011000110011111111101111111111110010010111011011
11111000011011011011000011101111111111011110111010
11111110010111111111111001111111110001111111110101
11110111101110110111111111111110101111111111110110
11111101010011111101101111110100101111110111011101
11111100110011010010111111011101101011111110111011
11101111111101111110111111110001111111111001111111
11010111101110011101010110111101111111111110011101
10111010111010011011110101110101111001111011011101
10111011111111100111111011111111100111111101111010
11111111101011100100110110111111110111101110111111
10111110111011011011111110110111010010001110111011
01111111110110110101101110111101101111100110111101
00110111111001110110101110110101111111110110010111
01100110111110111111001111111110101111110001110001
11111100110111111100001011011101111101110111010011
11011010111110010111110111010101010011111111111111
11111010011111101111101011111011110111111111011101
00011111011111011111111101011111101111111111110111
11011011111110110000111110111111011111011111111011
11001111111011111111100101011011000011101110011111
01110010111111111111111111101111001110001101110101
10111111110101011010110111110111100111111110011011
11011011111101111111111011011010101101010111110101
11111111110000011100100111111100100011111111101101
11110111100111111111011111111000110011110111011111
10110111111111111011110110001111000011100111001011
11110111100011101101011101000001001111101111111011
01011101011111100011110011010100010011000111111011
00110101011011011011110111011100010010101110011111
10111111011111011111101111111011111101110111011010
11110101111111111011111111101111111010011010111110
11111100111111111011111110101011110110010101010111
11111111111111110001111111001111000011101111110111
11101101110111111100001111111010010101010111011101
11111111111101011111011111111111111110111011010111
10011111111101101111011111101111111111011101011111
11110110111010110000111111010111111010111110111100
01110101110110011110101011010110011001010001010101
11111011111111111111111111111101011111111111101111
11111111001111111110001101101011111111001011010001
11101000111011101011001110110111000101111111110001
11010111010110011101011011101001111111110110010001
10110110101111101111111111111111111100111110111110
