00000101011110000110101001101000111011000001100000
00110000010011101001111101000010100001110001100110
01001010001111110101100110110001110011101010110010
01001000011010000110100011001010110001011000010001
00110001100010000110101011100001101111111011010100
10000001110101110000000000001011101000111011010000
00100000100011011100100001111011100111110010011010
10001100010100001010100110000101101011001001010000
00001110001011001111001101101110010001110111101010
11010101000111101000100011001110001101010010100110
10110000100011001110101001101010110100100010011111
10100101010010111111011111110001000000010010111010
11111010111100100101010110001011101011100100011101
01100110111000000111100001101010111001001000110101
01100100010110011101010011000100111000101111110110
00100110000100101001110010001100111010010100111011
01000011111100110011110111110011001101111010010101
10111010101111100010101010101101001010111101110011
10011001101101001101100011110100111100001001011011
01100000100111111010000001011010110110101000111000
11111011011001011110011001011011010101010001101011
01000000000110111000100100111010101110010110110000
11001000101100000100100011011100100001100100001010
01100001100110001000010000111000101101001010010001
00111001010110111110001000101000010010001010000101
11011010111101101011101000100010001101010101101101
10101010101101001110010111001110111110110011010000
00100010000100001011111100001111011001010000101001
10010110111011010101111110110111001000000100111111
00000001110000110110001000111010111110011001010110
01010110111011001001110001111100101000111111001110
00101111000110001100100000011000110011101011010010
11111111001011110011011100100111001010010010001110
10110000101001110011100010110101001111100101101011
10001101010011111110010101111110110001010100000010
00001010011000001011110101100100010000010101100010
10101011000010010101010010100101110001101001101010
11111011110011001000101101010001011010100011101011
01101110101010101101001000100011010011001001100001
01011110110100011100110001110110101100000110000000
00111101000001101111000110000111000010100101100111
00000000100010110100011001001010011100011000010011
00101110111100101000010110100011100001010001010110
11001101100000100110100001100111010111101010101110
11100000110101110101110001011000010111101001011100
00111111001111111111010100101101000000000110100011
00000010101110010011101001011010110011000001100100
01001000011011101000000011001110100000001011101010
01100010111100110110101000001111111111001111010100
00010000001011011110100111011000010001101100010000
