01001011101100111110001001001010001001111100001011
10000111100001000111001000010001101100001010000000
00010111111001000101110110011110010001100100101110
00100001011111000111011101000001001101110010101111
10000001010110000110000100010110111011110001000101
01100000111100010011111100000010000001001111111101
11100000010110011101100101011100010111100110101011
11111000010011110110010001111010110011100010111100
11100100010101100111000010010010110100110011010010
00111111101100100100110001110001111010001101110000
10110100010100101111111001001101000001001110010110
10011110111010100011110000111011101001000000010111
00011011000100110011000011011110110110110000100101
01110001100000111001110101011110110010111100111001
10000001111111001110111001101010011110011011101011
10000111000011000100011010000011010010111010001100
10000010001001100000110010000010000011101010100001
11111011111000110000011100010100111011011011011101
11011101101110100001110111111000001011101001101100
01110110101111000010101111011100000100011111000100
00100110011101101011011101000001011001111001110110
00110101011101111110101100000000111010001110110101
11010100001000110101110100100010101001000111101001
00111110000001000111111001010100011110111000110100
00100000100010011011000000110011101101110110110000
10010011011011100011100100110011000111110110110001
00000001010100100010001011000101000001011100000001
01101011110111000111000111001010100101000011100100
10100011001111100011000000010001111011000001100001
00101010001011000101000100100001110110110010001110
10101101100111111000001011010001011110101101100100
01010000011100010000100011101110110111010111100001
01001001110111000100011010011101011101000110010100
00101011110011110100110100001111101100001011010001
11011000010100100110111110001010110110110111001001
01010010100010100001000111010111111001100001010111
00001011010011111110010101001111001001000010001101
10111111001100001110101011111001100110010010000100
10111011100011011010100111000110001100001111111100
10011000100011110101100111100101001001001001010000
11000100011001111111110100100010010000110111100100
10100110011001000001011011100011101000101010110101
01010111101000111101011011010101111011101101010010
00001100110000100111101000011011011100111010110101
00110111010011101010111111011011000000101101010000
00000101111101000100110111000000110100110111100011
10110111000001110110001000000100001010100000000011
00111101001110010111110100010110100111101101000000
10110010101100100000100000000100000100000010011000
10011110000111101100011001101001011110000101011000
