00001111000110100110011000101110011101011010100101
00001010100010000010011011101011011111111001110100
00010110110110000010110100010101010010111101110000
00100111000001010010000011101101100101100110000001
11000010011011101101100011110110111110101111101011
10110001101110011101000111110110001011010000010001
11111001101100001101001100010011010110110001001100
10010110010001001000111001101100011101110110011011
01100110000000101011101101111000110110100100001010
00101001000100011010000010001010111000001011001011
00001110000110001101011000011000110010100000000001
10100110011001101111001110010000100000010010010101
11101100001000000110100010010111001101001011101011
00011001000100001101110100101001100010001111011110
10001000100100011101101111100010101010100000010011
00010100010000101010000000001100111101010111000110
00001111111101110110110011000111011111000011111101
10001110001111101001100000010011110100011101010010
11110000110110011001110011001000111011100010011001
00001110101101100110011111000110111101011100011011
00101001100011101110011000111001100111001111010010
11100001001001001011100010010101011010101101101000
11000011101100100001100100010111000101110110010100
00100110100101100001001011000011010000111000000001
01011100010110101011010100111111110101100000100011
01011101100000101011000100101111001101010000001101
11011101100001100000100011011000111110111110100010
00101110101110000100111010100001000101000101100011
11010001111001010010100011100000100000100110101001
10111101000010011001011011000000001010100001110000
11001110010010101101001111000000110101001101101001
01110010000011001100111111010000010111101000100111
00011000111101110111100010101010000001000101100111
11101011111000011111010110100011001110010001010100
11001101010010111011010001100100010010000100011011
11011011100010011101101011110011010010010111011001
01101110101001101010110000100101011101100010010010
11010101000010011011101011010011100010000100000001
01111011101000100010011110101101000010001100010011
11100111000100010101001101100000010100001010101001
11101000010011000101110100100011000000110101111100
00111001100001010101111000111010101101101000110011
10011001010111011010101000101000000110010001011101
01101010010011011100110000010110110100001010110100
11101000000010001000010010111111100000011101011111
01100101000101101111101000000100011110101111101011
00001011110011001011010001001010001100011010110100
11000010000101011000001001000001110000001011101000
00001001110011110101100010110001101010100100110001
10011101011110101011000111011011101101110110110010
