01110110011111101010011011101000111000110000010111
10111010110001000010011101101110101110000100100001
11011111000100001100100100010001001001101011011010
11101010101110100111010100110100111010000100010111
01110000110110011100110001011001110100011001110001
10100000111110101111111001100101000001101000011100
11110001111100100011001101100010000100110010000111
00100010001101010010011110010101111010110100010010
01011110001001101110110111001111111100101000100100
11001110000110000011011111100011010110101000100111
10010111100100011000111111000010110011111111011110
10111111011001010001111100010100010001111000101010
10011100010000010111001000001111011001111010011000
11000001100100011000101010111111101000101100100010
10010110100000001111010011001111000000011000001111
00001001001111000100111010011101011101000010101010
10101100101001100001100010010001001011010110101001
00111100100010110000000010101001010110001101100100
11010111110010100000000001011011111110001001000110
00010110010110101000000011001101001110010100001010
00101100101101011000011011110010011001000011011011
11011101111100110000101010100100010101000000110110
11000111011111010000110010001000110001110010011000
01110011111100000000000001110010110100111100100100
10000001111001111101111001100111001011110001001100
11001110111000100011100110100100010101100100110001
11010110010001000100110111000011110100010001010100
00111001000101011010100100001111001111011011110000
11001000100011110111001000010110010110100011001001
01010101100111110001010011011010010110010110011010
01000010111011100010100110111101101110111001100000
00101101110011111111000010110010010110011100110111
11011001101001000010001100100010010111101001111110
10011001111110010110111101101101100110011010000101
11110001100011011011100010010010000011100101110011
01001010110000010111010101111111110010011001010100
01010001011000001111000010011111111100000000110110
00100100001110011000111011010000101000101001010000
10100111111111000000001111001010101001010010001010
10001011001110101001001110110111010100101001010010
00101100111111100110000100010011110101010110001010
01010001001001001101000101000101001000001010010100
00100010001010011000101000011100010000101100110110
00101000001000000110100010111010101101010000101101
01001000110101011100010101010011101010000011001110
10111101001010000000111001110101101111010110000011
00100100001110111001101010001100100000101001100001
10010110111000100110010110100001110110000111100010
10110011011101110011110000000101101010111010110101
11011010010000101000100001001001011000000001011010
