00001000000011000100100000111001011010000010000110
00001000000000010000000001001000100100001001011001
00000010100000110000000011010001000000001100010000
00000010100000011011011000100001101000010011100100
11000001010000111000100100010000000000101001000000
00000010001001000000000011000111001100001101001100
00110100010001001100000100100000100001001110110100
00001000001001000100001001000000100000101000000000
00110000000000000000110001000000000001001000000000
00001010000000000001100001001000000000000000101000
00000101000101000001000010100000000000010000000000
00000000001000101000100100010001000000000000111000
10000000000000011000001000000000001001010000000000
10000111001000000010000100001000110000101000100000
00101000000100011100000010010001000001001001000000
01111000000010100001101110010000100000000000000011
00011010000110100000000001000000100000100100010001
10000011000000100000010100000101000100000000000001
00010000000001000000100000000010001100101101000000
00010000011000010000000010100000000000010000000001
10001000110100010010000010000000100110000000001011
00010000100000000100000001010010000000011000110100
00010001000010010000000000000111010000010100100000
00001010000101010100000000100000001100000000001000
00100100001000110001100001100010010001111000101000
01100101110000001000010010001100000000010111001000
10010010001000000001000110010010100000000000000000
10101000000100110000010000100000001000000000000110
11000000010001000000000001000100100100100100010000
00000100000000000100001001001000010001010000000100
00000100000000000010011010100000100010010010000001
10110100000100100100001000000000000000001001100000
01010011000001011000100000101010000000000011011100
10000000000001000000001010000100000100000100000001
10010100000010000010000100010000000110010010001011
01000100000000000110100100001000011001110100000110
10000000000000000000100000000010001001000000010011
00000010100010100000000010000100000110000011110000
00001001000001001010000010001000000100000000110100
00010000001010000001011011000110001100001100100000
01101111100001100010010010000001000000010000000000
00100110000000001010001001001000010100010000000000
10010010000000000000000001000010101001000001010000
01011100000000100010000001000001100001000010000100
00010010010101000000011010000001000001110000000100
01100010000100001000010000001000100011100010000011
01000100010100000000100111000000101000000000000001
10010110000000000000010000010100100100100001100011
10000000000000010000100000010000001110000000010100
01000000000000011101100000000010011010000000011100
