00001001100000000010001000100010011111010000001101
00001000110100100010011010000000000000010100001010
00001000100011010001001100000100101000000000000010
00000001000001010010000010011000000011011101000010
11100000000000100100010011000010000001010000010010
00000001100111000000010100101011010000010001111000
00000001010000000000001010100110001000111001001010
10010110000010001000000001000000100000000001000001
11100100000010100001000100010000101000011000000100
01000010000000000000101101000010101000110000001000
00000000000000000010010000100001100011111010010011
01000100000000000011010100000001000000001010001100
00100101100000100010000001010001110010001000001110
00110100000000010000011010011000000000000000110011
01001000100010000000000110000001010000100001010100
00110000000001001101111000000000000001010100001110
00000001000000010000100100000001000000010001001000
00001000000000010001000010001000001000000001010010
11010000001110000000010000101000010100000000000000
00100000100100010100000100000000100100100000110000
00000000010000011000001000000100110000001101011000
01001100001101010010000001001111001000000000011000
11100010010001010000100000000010000100000010000000
00100100110100101001000000100000000010001100010000
01011010000001100100000001111000000111000100000000
00001001010010000000010010010000001010011000101100
10000110001000000010000110010000000000000100010100
00010000100011000000000011100010010000100001000000
00010100000001000110010010000000000000000100000101
00100010000000000000110000000000100000000000011001
10001110010000000000011000010000110000010001100010
00000100001110101000010000000000000000000001000011
00100001111010000001100000000110001110110000010010
10000100000010100010100000010010000000110100100100
10100010110000000100010001000000100000100010100010
10000000000000000011001010000000100000001001110000
10010000001010000000000111000000100000000101101100
10011000001000010000000010000000000000001000000000
00000010011000100001000000010000111000001000100001
11011110111000011000000001000010110000000000000001
00010010101110000000100101000000000101100100100000
01010000000000010000100110101000010010001011000000
00000000001100000000001000000000001000000100000001
00010111000000101100100000010011000110000100100100
00000100000001000001000001000010011110101001001010
00001100001001100101110100100100100100000000000100
11000110010110011000110001000100000010000000100001
10000000100110110000000001101000010010000001010001
01111010001011010100000000000011101000000000100001
10000001001001000000000000001101000000110010001110
