00111011111110010111011111011011111101110011001001
00100011111111111111110111101111011110101111110001
11011111110011111101111100111111110111110101110110
10101111111111011011011101110001111101111101101001
10110011111101111110111010111111011111111011111110
00110011111111011011011111011011111111110011110011
11111101101100111110111101111110111101110110001010
11111110101011110101101011011110110010101101010101
11111111011011111011001111101011011110111111101110
11111100101101000111001011001010101111100011010111
11011111110101100111110111111011011111001111111111
11011110011001111011110100111101110111001000111101
11110101100000010100101011101111101111011111111111
01111101111100011001101111111011101111001111111101
01101011101100011111011011110011001111000110110100
11111111100111101100101111011110111111111011110110
01111110100101110101111011011111111011111011110111
11101011011010111001110111010111111111110110011010
11011110111100100001011111101111111111111111111001
11110101111101101110111110111101100111000011110101
01101011001111011101011111111110111111011110011010
11111110001100101111100101011111111101111110111111
10111111110011111011100111100100110011010111010000
11110110101101010111111010011111111011110110010000
11001101111011111111101100111111111111000101001100
11010111111011111110111000111111011011010011011111
01111010101111100011101011011111011111111111110111
10111111001101111101110111101111111101111011011011
11101111111111011011110111110111111101111110111011
01101011000110011111111111111011011111111010011111
11101111111011111110110111111100101111101010111011
11111100101111101111010111111100111100011111110010
10110111010111011111111110011011010111101110011111
11111111101100011110111111111101101110011110111111
11011110111011111110110111111111010110100111000011
11111110111111110111110010111111111001110111011111
01101101111111111111101111100110111001111111111111
10111110011111111111111111111110100110101110111011
11111111110000011110010100111110101111011111111011
10111110100010011110111101111101010110101111101111
01011001101111011010110000111111110011110011111011
01110011101011100110111110101001111111110011001111
11001110111011111111111101111111111111111101111111
11111101111011011011001011110001001110111110101011
01111100101111111011010000101011010011111011011011
01101101011111111111111101111111110111101010100111
10011010101111000110110011011110110111111111100011
00101001111111111001010011100100110110010110010000
00101110111010011100110001111111111111111111111000
11010101011111001011010001111110111111111111111000
