00111110011010111111110101111101001111111011100011
00101110101111101000011110110111101100110111111111
11001111111111111101100111011101110101011011101100
10001111110001111001101111111110111111111011110111
11110110101110111001111011111000011011111110001101
11111011110110111101111110111011110100101111100110
11111101100110011111111111011111101101110111011000
00110110000111111110110011011111001111111010100011
01111110011111010111111111111111111111110111111101
10110100101111001001110111111011110001111111110010
11101000110111011110101111110101110111111111111000
01101111111000101100110111011010101111111111111111
11101111111001011111111111000011110110111101001101
01110001111010011111100111111010111110111101111111
11111101000100011111111111101111010011110011101011
10111111101011100110011011011111111110001111110111
11111111011111100011111111111111001111001011011010
10100111101111110010111110111101111011111111001101
10000011101011111101010111001111111101111111110110
10111110110011101010111101111111111111110111101110
10111111111111101101011110100111111010111111111100
11001111110110111111101111111111011110111011100011
01011110101010111101110011111011011111111110011001
11110110111111101111110011110010111000110100111011
01111111111111111110111101101111111011110111111101
10111011111111111011011110000111111011011110110011
11011100111001101101111110011111011010011100100111
11111111111101011101011100100111011001111111110111
10111111110101111111011010100111111111101101010001
11110011101000111111110011111010111111110100111111
01010111110111111011111111111100101111111111111111
11100111111010111111111011111000011101001110101101
01110110111111010111100111001110010111011000100001
00111100111011110111111111111101100111001101010110
11011011100101011111111111111111000111110110110111
11110111101111011011011000001111111011111001111010
10011001101111111101111011101110111101111111101101
10111011111100101111001011011111111110100111101111
11011111111111100111111110011110001111001001010111
11111011111111100111111111110110101110001111110101
10111101011111011110111001111011110110110111111100
01001110111111010111101111111111011011011001011101
11111111111100111111111011010011001011011000111100
11110110111111111111110010011010010111111100111011
11110101111101110011110111110111101111011011001101
01010010111101011010101111011110011100111111000000
01101010101111101101101110000111000111001111100111
01111100100111010111100010110111011011111110101011
11010101010101111011010101110110011101100001001101
11011001100111110100011111111111101011110101101110
