01010010000000000000000010010001000101000101001000
10000000010010010001000010000011000000000111100000
00000010001111000110000000000000000000000100000001
10000000000100000100100000000010000000000100101000
00000000000000100000000010000100100101001000000001
00000000000000111001000100001000000000100000000000
10100001000110000100001010000001010001000001000000
00000010010101000000110000000000000001000000000011
00000000010000110110000101001000110001000111010000
01000001100000000010010100100000000101001000010000
00100000000000010101000101000000000101100011000000
00110011000001000100001001100101001010000000000101
01100010000000000101000010010100000000000011100010
00100001000100010000100010000100101001001001001100
00001100100000000001100010000000000100000110000001
01000100101001000000100100010000000100010100110001
00000100000000000100000000000001011110000100010000
00110010101110001001000100000000001001101001011000
00100000110000000001000001000101000000101010000000
01000100001010100110010000000000110100110001000000
00010001000001110000000101101001000000000000100000
00000001010000000001000000000000100010010000011010
00000010000100000000000000000001010010010000100001
00000100111000010100100000000001001000000000000000
11001010000011100000000000000000001000000000000000
00000000101100000010100000100010000000000010011000
00000000010100000000100001000000000100001100000000
10000000000010010000000000001101010000010000001110
00000100100000000000100000010000000000000010010010
00001000000111000010000000010010011000001000000000
01010000000000000000000001000100000000000011000100
11000010000100001010101100010000010000000000100000
00001000100001000001010000000000000010000100000100
00000010100000001001001000010101000010011000000000
00000000000101001100000110000100000111010101100000
10001000011000111001000000100000001000100000101100
00000000000100001000011000000000111000100001010000
10001011111001000100000000000000001000000010100000
00000100001000000111000000000000000110000000101000
00000000000000010001011000010000011000000000000111
00001000010001000110000000100100010000000100001010
11110000100000111000000000100000101000001001100001
01000000101010100010000001001010000001000000001000
11000010101011000101000000000010001010000100110000
01010000000010010000101000000001001101100101011100
00000000110000011100010001001000000010000001100100
10010000000001000100010001010000000100101010100000
00000000000101000000000000010010100100010000110001
00000001000010000000010000011000000000011000000001
00101001000100110000001000000000000000010100000110
