01101001011011111110101011110001111111111011011111
10110101000111101011111111111011010111100101111111
11011110111000111001111111011100001111101101110101
01101011111111111111001101100011101111011111101001
10110111111111111011100111111011111111010011111011
01101011011111101111111111101011101101100111111011
00111101111111100111011111111111101011101110111101
11011110101110111111111110010111011111111111010111
00111011001111110111110101101101101111011111011111
10111110001111110111101100111110110001111010010111
10111111110111101101110101011111001011001100111011
01011111111010110100011101001000101010001111001110
11011111111101111110000110011111110111111011101011
11011110111010111111001010000011011011101111111111
11111111111111011111101101111100111101111110101111
10111001110111101111111111010111111100111111111111
11111101001011110111111101111111111011101001110000
10010111111111111011110101110010111011110101101111
11011111110011111101101011010111100111111110111100
01111111111001111110101011010001001011111110111111
11101101111000111111001111111001101100101111011101
01100111101100011100001111101111110011000111111010
11110111010101111011110111111111111111011111111010
01111111111110111100111011111101101011110111111111
11101111000011010011111100111111110010111101001001
11111110101100111111111100111011010011110111011101
11011110110000101100111111011001010111111101101101
11101011011010111111101111100010111010011011111011
01101110111110101000111111100111111111111101001111
00100011111010111010011110001011100101101101111010
01011111011011011110011011011100111111011011011101
11011111101011011011111111101100111111111111111110
10011110110110111110111110011111000100111111110111
11001001010011111100011011111011001101001111101110
10111111101101111101101100011011010101011001011101
11111101100010110010101000101111111011101011111111
11111011101111001111011111111011000100011110111111
11111111111011101111011101101111011100111101111101
11100111010011111111100111101101100101011100111111
10011001110010110111001111111011101011101010010111
10110011111111111011101010111111111111110111111111
01110111101101110111111111101101110011101011111110
10011111110111110011111101010011110110011101111011
11111101100111011100111111111111111101001110101100
01111110001011111111011100110101110111101111010110
11101111111001011011111101010111101111111110100111
11011110101111110111111111111111011111101111000011
11100011110101110111100101101011111111111101110011
11001101111111110101011100011101110110111110111101
11111111111011110101100111111010101111111010011110
