01001111100001100001000010100110001110011111101001
10010101011111110101011101111011100100101011111001
00000011110011000100111010011010110100100110000000
01000110100001111001100001011001100111011010000110
10000001000110000011110100111010101101101100001111
11010001011101001110100010111110111101000110011111
10110001011111001011010110011111111001011110010000
11101110101100011100000011011000010100110011111000
10110001001011110111010010000001010101001111001110
01100110000010111011000000000000100011001011001111
01000111100001000100101001000110111101110010111011
01001111000001101010001101110001100100010000001100
01101010110000111001110110111111101001111011000110
11110110101100001000111010010111011101110000001010
11010000110110011001010111110100001100001001110001
01010001110010101010001010100001001010111100011010
00010111010111110111010010110010111000101111110000
01100101101000001011000111101101010100111001110010
00001110110100011101000100111000111100011001010010
11011010110010101110001010011100101001101010010000
00111100001011000000010001000110000011010110101001
01101010100011101000101111010110010101110011100111
01100000001101010001010110011111101000110010110111
01001010000110100110011010011111010010101011001011
10100111100011111101011100000011001110111101111100
01010001001100100100110000101001110111000010100100
11001100000110111110000001010101001110001000000100
01111111000111101011011100100011110011110110001001
01111111000010000111001101000001001001001011011110
10000110001011100101111100100001101110010001111101
11101110001011001000111110010001101110010010001101
01010010100111010100001111111110101111011101010110
01111110011110001011001001010111010101001000101111
00100111101001001110010101010000101000000010001010
10001110001011111011001010101111010110100101011111
11111101101101100110010011100111101001111101011110
10010000010000010000100111110111001001001010010110
00011110111011000001110001011001100110111110110110
01101001001011011101011110010000001101001001101000
10010011001111010110111010010111000101001101000011
11011010110010111111000110101001100111110011100101
10101110100000011000100010010001001101010000101001
11110111111010001001111101011010010011001001001101
11000001110010101110010110001101001100111010000011
11000001001000101100111011000100100001101100011011
01000111001000111111001010001101001111000000101101
11001101111101010000100110011110111100100110110000
00011100110110000000011011101111101111001010010000
00011100111011010110011100001001111111010001100001
11001100011000100000111100010110101000011111110010
