01100011000011100011100100111100010010001111110011
10111000100110110110111100100111010101000000010011
11000110111010000000001111101110110010101111001101
01001001000111000101010000000110110101110101000100
01010010101110010100110001011111100000000000110100
00100000001011000000001101010110010110000110001110
10101000010111010010110101111111101110110001111000
10010000111000000001100010110001000101001100100011
01101001001010101100110000100100101111100101101010
00100011001110001001101011110101000011110110110010
00101101110000100001110110101000100001100011001000
01011010010010010100101100111101010100100111000111
11111110110101000011011011111011000010001000110001
10010110000010001010000001111010011110100100100111
11000000101000010011010001000000011100000001001011
01001010000100100000011001010011111011001100100011
00000000110001000111010100100000010100001000110111
01011000100100001000100011001000001110001110001100
11000010000011101001110010110010100010001110111000
10010001011010101010100010100001010100111011101000
11001011111100000111000110000000100000011010111010
01011010101010111010000111110010000110000110000011
01100100010110010000000010010101111010011001011011
11100110001100001000110001010001001101011000100111
00100001011010000111111001001101011110000100110011
00101110010011110100010110101011111010011010110100
11100011111111001011010001010110101101101111111000
10001111010111010010011100100100000011001111110101
10101010001111000100000011000001110111011001101011
11111110110100000000001010110011100111100111101110
01111110000011010010010001100101101000111011000111
01001011010110010001001111001110111100000111000000
00111010101000010010101001101111011001111110111110
11110100000101111001001011001001101100111001010110
00000010100001110100001111100011110000111000010111
01010111100101101101010110101101010010100000010101
10100110110011010110011011011100000100101111001101
01010001111000010000000100111100100000100001111110
00110010111101000001000000100110111111010000010111
00010010010000000001101101001010111000101101000101
10100001000010011111101101111010111010010101010101
10110101110101010110010010110101100010011001100001
10100100011100000111110001110111100010000001101001
10110010101100100001001000111111010011011110101010
10001011110011011011100111111100100001000111010001
11001010010010001010101011110000111101101000101001
00100110101000100111101000101100100011000011010000
00111100000101001100000101010110111111111000000011
11000101110101111000111110001110111001100001000101
11100001000111111000011110011010001110111110110110
