00110000010100000000000000110000010000001000001000
00010010001101011000000000010001101000010110000000
10000100100011000000000000000111100000100001000000
11000001000000000000010000010000011101100001000000
00000000101010110001000000001001000000100010000001
00100000001000000010000001100000000010100010000100
01000000000000000010000011000011100000101100010110
00010000001001000100101101000001000101000010010000
00101000000000010000101100010001000000111001000001
10000000000000100101000000000100101000100000100001
01001101000101100000001100000010001001000001000001
11000000001000100100000001000000001110000000001000
00101000000000000001000110000100000101001100000100
01100001001000100000100010001000000000000000100110
00001000011101000000010001101000000000000000110000
01001000100000000001111000010000000000000010000000
01000000000000000100000010000000000010001010000000
00000001010100001000101000001101001000000001111010
00000110000000000001010001001000000000100011010100
00001000010010010010110100100000000001110010000101
00000001100001010101001000101000010000000011010011
00010000000000110011001011101000000010001000000000
00000001101000010100110000111010100001110001010100
00000001101010000001000000011100000001010101000000
00000010000011001000010000001100001010000110101011
00000111000100100010010000011000000001111011000000
10000100000000100001111000001000000000100000000101
11010000100000010000001101001111000010010100001000
00001000000001100110111111110000010110000100000000
00100000010010000100000110010001000001000100001010
00100010001000000000001000010000000000001001100000
01101011100000000100000000010100000000010010010000
01100010010000000000001000000000001000010001001010
10010000000000000000100000001000000000000000000000
01010000011100000100000010000000100100101100110000
00010001000110000000000000001000001001001000100100
00000100000100001000010010011000000000000000101100
00010001001010000001001101000100000100001011001000
00111110110000000011001001100000001000010000011001
01000000100000000001001101010001100000101010000100
10000010100010001000010001000010001101010100011110
01000010000010000000000110011100001000001000001010
01001101000000011011100011000001000001010000010100
00110000101000000110101101000010100001000000010000
00000000010001100100000010000010001110000000000111
00000011000000100110101000000001001000101011000100
10000000000100000100000010010100100011101100000011
00000110000011000011001000100000000110011010110000
00000010000001000100100010000100100000001100101001
00001000111000000001100010100000000000100000101010
