01000001000100010000100010001010000100010010110011
10010111101100000000000000001001101010011001001000
00011001010010000010000100010001000100001010111101
01100010100000011000001000000011000000010000000000
00100001100100011010000010111000001000010010101001
01000001000101010001000000000100000100010010100000
01010001000010001000111000000000001000000000000010
11101110000000000010000100110000110000110000000000
01011000010000010100001000001101000000110010110100
00100000100000000000011011000000001010001000010101
01000000000000000001101100000100000100000100000010
11001100000010010000000000001000000001000000000000
00100010000100000000011010000011100000000001000000
00000100000000100001100000000000001000000010110000
00000000000001000100010001001001010100010000001100
10011100100100000001010100000100100000110011000110
00011010000000000000010100000000010010100010010010
00000000100000100010010110001000001101001010100001
00101001000000000100100000100000000001000101000100
00000100001001010000000001010000000001000100010100
10000010001001000010001000101100100100010000000000
00000010010010111100000000000000010111000000000011
00010010111010000000100001100000010001101000011000
00100001001000011100000000000100000100111000100100
10001000010010000100000000000001000101110010110010
00000000010000100001001000000000001001000100100000
00001001000000000010101000000000000000000000000000
00101001000000000001000000000000000000010000010010
11001000100100100100100000000100101010001001010000
00000100101000010000100100001000100010001000000000
10010000000010000000000000000000110000000000100000
01110000100010100000000010000000010101000001010001
01000001000010010000100000001110011001000100001000
00000001000000101000011000000011100000101000000100
01001010010001000100000001001000100100000010100001
10100100001000100100110110000001001000010001010001
01000000010000001000010000001100000001110100001010
00000000000100000111011011000001100010110110100001
00000001100000011000001110000000010011000000000001
11011101100000110000100110010000000111000000000000
01100000010000000100001100001100010000000110100100
00000000001000000011000001000000100011001000000000
10101100100001011100000010000000001001001001000100
01000000000010010010000000001001000100000010100000
10101100100001000100000111000010001001001001010110
10100000110001001001001010011001000100000000100000
01101000000000100000001000000000100010000000000110
00100000110000110011000100000000010000001010101001
10000010001000011000010010010000000010000000101000
10101000010000000100010000000001001101100000000100
