00000110000100001000001000000011001000000010101001
00000011000000100001000110001000000000000010000000
00010100000101000001010010000011001000001101110101
00101110110000001011001000100101000000001001001000
00010010010001000000001000100000000000000010001110
10110010000100001000010000001110000100100111000100
11011100001110000001101000000110001100000101100000
01000000100010001000100000000000010110000100000000
00010001000100001110011001000000000000001001100101
00011000000000000000000010001000010000000010010000
00000010000110101000000010000000011010101100010100
10100110101010010100000000100010000001110100100010
00000011001100000101011000011000001001010001000100
00101000000000100000100001011010000101110011101000
01000000001001000101000001101000000010010100000000
00000000000100001101000101000010000100011001010011
10010101101000010000110101000100000010010101100100
00000000100110110001100010100100000000001010001000
00010000100000000001000001011001010000001010111000
01110010000010110110000001000000000001000100011010
00000011000001001100000000000000000110010100011101
00100100100010001000000010010000000000100000011001
10011010100010000000000000100001001100010000000000
01000000000000011000000001000000000000001000000011
01100000011000000100010000000000000100100000000000
00000000100001111011000100000000000101000001100000
00011000000100100100001000000100101010001000010000
00000000000011000010010000000100000100101010000000
01000100010011100010000000000000000000100000001000
00010110000000001100000000110001001100000000010010
10100110000101010000000000000000000110000000100000
10110000000000000010001000000100101100000010110001
00000000000000000000000000100001000001100010100000
00000001011000000010000000000000000100001001000000
10100010001010000000001000100101000000010000000110
00000111000001010000101011010111010000100010101000
00000001001000101000100000100010000001100100100001
00000000000111000001000001000000100010000100010010
00000100001101000000010010011000100110000000011010
00000000000111111000101000000000001000001000100000
00110000101000010110000100110000010000010001011110
00100111001100101001100000000000000011000000111110
11001100010001000110000000010001100100000001000110
00110110100011011000000001000000010000001010000000
10100010100101001010000001000011100110010100000000
00100000011000010011110000100101000001101100000000
10011000000001000111110000001000000100101100000100
00101100101010001000100000000000001000001110001010
00001000000100010001000100000100001001101110000100
10100000100000010000110100000001000010000000000000
