01110111001111101011111111111111111011011011001110
10101101101100111000011111111110111111110001111111
11010111111111110111101110111101111111011111111110
10100110111011111111000111110110111100110111010111
01000111111111111101110001111111111011100100111111
11111001110111111111110111110111011111011011101100
10111001011111010111111101101010111010111101000110
11101110111101111110110101111111101011101111110111
01111101001011111101111110001001111111111111111011
00111111001100110111111100111111100100111111101101
11111011110110111111110110110111011011111111111110
11101111011000010110001010001101111100111011011101
10111110101001011110111111111101100101111111111111
10111111100010010101111101111111101110101110010001
11111101111000000101001011111111111111111101011101
01111111111111001111110011110010111011110111111001
11011101101010010000111111111110111011011001101111
00111111111111110011111011111101111111110111111101
10110111011110010101111011101110101111011111110111
10111110111001110110101111101101010101010111011111
10101111111011011111011110101100111111101101111011
11001111111011011110101111111110111011111100101101
11100010110111101111110011010000101101111111000101
11110111111011001001110011111011111110111101111011
11110100101110111111111100111111100111111111111111
11011111000011111111011100101101101011101110000001
11111111011011111111110111011001111111101111100111
11111101011011111100011110101110101111110111001011
11101011110111101111110111110010111111111111011110
11111101011111101111110011010011011111111001010011
11011111011001111010010110011101101011111011110111
10101101111111100101000111100110000100111001111011
11111011110111111110111111111010001101111110011101
11111110101100111101110100101100001111111111110111
11111111101101111110111101111110110111010000111111
01110100110111100111101110111101111011111010001011
11101111101001111110110111111110011101101110110010
11101101101010111111111011111110111110111111111111
01011011111111110100111111111111110111011111101111
11110110111110111111011110011111111101100011001111
10100111111111101010111111101111110111100011111011
00111011111011110111111111111000110011100011111110
10110101111111010111001011111010110111111101011111
11110111111110111111101110111111010001111110101011
01101101111010011110110110100011011011101101010111
01111001101111110111100110001111111011001110101010
11101100111110111101110110011001101101111111010110
11111111011110101111011010101010111001110110101011
11111011101010001011100110111111011111111111111101
01011001110111111111111111110111111101111011100110
