01011101010110111100111111101111111111011011111111
10101010010111011111101111111110111111111010111111
01011101111011101101011001101110011011111111001101
10101011001101111011111111111101111111111001010100
11110110111000111110111111101111111111011111111100
10101011101111111111111001111011111010011011010110
01011101111111110110101101111110011101011110111111
10110110011111101011101011111111111100011110101100
00101110011111110101010111100111111111111010111111
11101011101111111011011110111010111111011111111111
00111111110101111011001000101110111111000110110010
11010111111011111110111111001101010101111111111111
11100111110101110111111110110101101101101111110011
01110111111110111011011100011110101101110111111011
10111111111111001111011111000111100011111111111100
11011110111111000101111111111110101111111111101111
11111101011101100001011101101111101101111111111111
11101110100110110011101101110011011101011001111001
01011111011111100101101011011111111111011011101101
01110101111011111110111111100111110111110111001100
11011111000110010111010101111011010011111011110010
10111100110111111001100111111011110111111001111110
11111111011111111111000111110011111101111110010011
11011010110111111101111011101100111111111011111111
11011001110110110011011101111111010010111111011111
11111111100100111111111110011011101101110111101101
11111111111010011101111110011110110110110101101111
01010111010011010110111011101110111111110011111011
11111111011101011010110111110011100110111111111111
11111011101111111011000110110011110011111111111110
11101111111001111111111011111101100111101111110111
10011101100110101111111011001110111101011010111111
11011101111011111011011101111111011111110111101001
11111111111100000111111110110101101000111111101111
11111111111011011110001101010001110111111111010110
11011011111111011111011101111011101010111101011111
11111100111000110011110110111110101101110101011110
11111010111111111111111101010111101010111111111111
01110000100111111001111111111110111111011101011100
11111111110101111111111111111101111111101111011100
11111111110110111110111110001111011101110010011111
00101011011111111001001011101110111111110011101111
11101111111111111011101111011111111001011100111111
10111100010111111111110111111110111111110100011010
11001011111111111110110101111111110001000110011111
11011110111111101100111110011111001111111011101111
11101011110101111111010111111101110111111111110111
11111111110100111011010111101111011111111110111001
11000110111111011000111110111111011111001111111001
11100010110111011110001111111011110101001110111110
