00001110111110011011011101111011111101111111011101
00111010101110110011111110100111011101100110010111
01000111010110110111000111111111111111101101111101
01000001011110111111000111111111011111101111110110
11000110111011101011011111101101110111011111111111
10101011110000110111010011101011111100111110011111
11101101111110011100011101010111011111111100011110
00110110110101001011110111101011111011100111111110
11001111010111011101001111111011000101100110010111
10111111100111111111111111111010110101001110011001
11011010000111010101111111101100001111111101111001
11110011111011010111011111101111101110110011111101
11111010111101000011011110100111110111100101111110
00001001111110111011111101111101111111111011110100
01111100010001001111101111111110110011101010100100
11110110111101001111110101111111111111110000111011
10011011110001110111111101011110111101111010101111
00110110111100111011110111111011111111101100111111
11111101010111111101011111101110111111111101111011
11111101111111111110111001111111111111111111110111
01000001011001111101001111111111111111001111110100
11001111011111011111000111101010111101111110101111
11001010111111101011100101111101101101111001101111
11111011111111111110111001111101111101111111011111
01111101111110100110110001111100010101111111101001
10111111111101111111111110110011010101101111111110
11111101111111110111111111000001100001110100111111
10110010110001111101101111001000001101010111010011
10111101111101111111111110010111110110110110011110
01111010001111111011101110001011111111111111111111
11110111110110111111110001001100011101101101010111
11111111100111010101101101101100111111111001111011
10101101010111111111111100101101001011011110110100
11111111010011111111110111001111001100010011111110
11110111001101011111111100010111110101011101000110
11111110111111011111111111011111011000111110111110
00111011001111110111100000001101100000111011100110
11111011111011111111111111110111101000111111101110
11110111101111111111011111101111000111011111111111
10001110001101011011011110111101111111101010011111
10111110011001101111111111000111101111110101110011
11111111111010000111110111111110101101101001010111
11011101110101101001110111011100110111110001110111
10111001001111000011101111010111011011101110111111
00111001001111111111111011100101110111101011011100
11111111111111010111100101111111110100111111101011
10101111011110011110011111101101010101110001110011
11111111100111101101111101101110111111110111100011
01011111100010011111011101111111011111111111011101
11101100111100011111011110110111000000111111011110
