01000100011000100011110011111100000000111011011000
10010111000110000010001000010011000101001000001101
00010101010100111001000101110101111100010100101111
01100100101011010101111110111110101010110100111111
00000101000011110001100101011001000101101000101111
11111001100101111000001100000001000011010010010000
01000001101010101101100111101001000110010011111111
01101110000001000000110001111100010110100101101110
00010110000100000101011010101100101011001110110011
10100000001100000000010010110101011010101100011101
10010010010001101100100011011111010100100000100001
01100100110011010110010010011011000101000101011110
01011010000101110000001000100001100010011000100110
00011101001110010100001001101100001111101110010110
10101110001010010111100001000000101011110001011001
00111100000111101101000011010000111101101100000010
00100110001000010010001000111001100101111000101010
00010010101101110000001110110111000101110000010101
11000000000100101001000010001100111101001011001000
10111010100000110010101110001010011010000011100001
10011011001000100001011001111011101100001110000001
10010001110100000000100011110010100100001011001000
01010100100011001101100010111100011010000000010110
00111110000000000101000000101001101111110110000111
10010010111100010111011000000101011110000001100110
10101011001001110000110000001100010010100101000101
10110011110011001100111100011001101111101110101111
11111001011100011100111000100100111110110100110010
10011011101101001011101101100110111111001000010000
10110001111001000110001011011000010001100110101011
01010000001100000101110000001000011011100101111010
01101110011110001100100110100000100100100011000010
00110000100010111010110100111001011110110101000001
00100001011000010011001011011110100010011101000011
00110000110001110011101110111010100100110001000111
01101011001101011110110110111001101010001001111110
00010111110011100001001111111010110101011001010001
01001100100101111110000100101110000010010000000100
10011001011001111100000101110111101000001100010001
10110110000010101100000100010000111011000001110000
11001000110011011010110000101000010110100000000101
00110001110101010000100101110110110000100000000001
10000110100001000011110100100101000000000000100011
10000011000100100011010011000011111110010000101000
00111011101010001001000010110110000100010011011001
10010110110101100100001000011010000110110000100001
11111011010100101010010000100110000100000001100111
01111011010111000100001111100000001101001000001001
00111011100111011000001110110111011100000010001001
01111010111000100101100101100100111010101110111110
