01010110010001011111111110010011111011100101110110
10101101001110110111111111110001111101101101111111
01011011101111110111001111111110001111111011100011
10101110011110110111111101101101110101111111101111
01110101111111111111111111111111111101010110111110
11011011110001110011110111101001000111111110010111
10110100111001011101111011110101011101111100101001
01101100111010101101101111011011111111111111111010
00101111011111111111111101111110110111101010110111
10011111101111111111110111110111010110000110111111
01111011110011100000011011111100110111101011111111
01111000110001111111111111011111101101010011101111
01111001111001101110011111010110011011110011111101
10101110111110101111111111010111111110111111100101
01111101111111011111111111111111111111011110111110
11111110110100100101111110111101110011111110111111
10001011110111100111011011111111011011110111011110
11111011110111111000101111011110101100011101101111
11111100110111101001011101100000111001001110001010
11111111110101111010110100111110111100001110111110
11011111110101110101000111111101111011110111111111
11011110111111111011001101001100011011101110110101
11111011101111111110010111111101111110001111111111
11111101110111110111111011111111111111110111101111
11101111011111111100101101110111010111011111111110
01111111111111101110111110111101101101111110110110
01111110111000111011101111011110110011011011001110
11101011111111111101101111100011011101011111110111
00111101101100111101111101100111011011011110100111
00111010111111111101111111101001111101101011111110
10101001110111101101000110111001110101111111111111
11011111010101111000101111011110111111111110101001
11011001101101110111101101100111011111101110111011
11011011111011111011111110111111100011111100110111
11101011000111101111111101011101100001111111011110
01111111111101100101001111010111100011111101111111
10100101111011111000111110101001110101101101101111
11111111101110111010110111111111111110111011111111
11110111101011011000110101000111111111011110111111
00111111000111111100100111111011011101101111110111
01110111101001110111011011111111111111110111100101
11011111010001111111111111011011111110111011101111
00111101111111111011111111111111101001111100110111
11110001001111001100101110110110001111011100111111
11111011111111110101111111011111110111111111011111
11001101111010111001111011010110111101110011101111
01011011011110111111101110100111101111100101110011
11011100111111111101111111111110011111111111110010
11111101111100111111101111111110111111110111111100
01110110111111010100111100011011110111111111111000
