00010100011011101101111111111110111110011101111110
00111011111011111111011101111111101111101111111111
01000111011111111011011101011101111010110101111101
11000111100101011100110011110111011111110111111111
01000001111101111111010101100111111110011111110100
10110011011101101000011111111011011110101111011111
01110101011101011110110100111111111111111101101111
01111110111110110111011011100011001100111010111101
01011001010100111111101110111011110111000110110101
11101111100101111101011111011010010100110111111111
11101111000111111001111111101000101111011111111101
00111111111011111011111111011111110011110100111011
11100001001101111111111110111011111000111111111111
11111110011110111111110011111111101111111011101110
11101101111111001011111111111111110011100111111110
01111011111111001111110001110110110111101110101100
11111110111111110111011111010101011111111111100111
11011011110011011011110011001011110101001111100111
01101011100111111101111110011101011111111101111110
11101001111111111110011101111011111111111011111111
10010010101111110110001011110100011111101100110101
11111111011111111111001010111111110111011110011110
11100101111110101011110110111101111111110110111111
11101110111110101011001001010011011011101110110101
10010101111111101110111000110011111110111111111010
11111101011101111101100100110101101111011111010101
11011111101011110001111011011111001110111110111011
11110110110111111011111111101101010111110101111110
11100110111111100111011000110111100111110111111110
11111010000101111010111001111001111011111111100101
11011111110111110101010110101001011111111101011110
01111111100111101111011111111110110101111111010101
11101010101111110101011011001101011110111011011101
10111110110110111111111110010111100011001111110110
11111111001011001011101111100110100111100101110111
11011111111001011111111011111011101011111110111011
11111110101101111011111111111110111100001010111111
01010010101101111111111101011111011100111101111111
01110111010111111011101110111111101101011110111111
10111011011111001011011011111111100101101001110001
11001111001011011111110111100111110111110111010000
11111110111110111110111111111111011101101010111111
01011101111011111101011111101101110110101100010111
11111110011011101111000011011111111001011000111111
11111011111111111111101110111100011111110101010011
11111101111110100011111111111011111111111111100111
11110111011111110011011010111010100111100101000111
11111111111011111111111101011111111011100111011001
11010110010111101111011010111010011111100111111001
01110111111110001101101101100101101111110111111110
