01110011101110001011011111100100111101101001001010
10110010101110100111000001101111100011001011111011
11011001000111010001010000101110111000001100111110
11101010010010011110010000010110110111010001010110
00110010011000101101010100101001010000100001111010
00000011110100110110101011110010110010000101100000
11011100100000010100000010000011000101011110111010
10100100000101101100011000001011010011000101001001
11000110011001100100011100001010011111111010010011
00011100100111011101101010010011011100001110100100
11001000100011101011001111110010110100111011000010
11100101010001011011000010110010101110110001001100
11110000011000010100101000100000110101001010111010
00100001111100000110010101100100110010111110111000
01001101101000000010001101010001101011000011001111
00110110010110000000101010011100110001000101100011
10011001011100000000101010111100000001101110111100
01011111110011000000001000111001011011010010101101
11010100001101100001011001111010100111011100111010
11101000011100000010011011100000010000100101111101
00000100010010011000011000001001111010000111011111
10111001100001000011101001001111101000110011110011
10000101111010111111110100111000000011101010110000
10001000101001100000001011001011011011101100111100
10000110011100011001000101101011111011101011100100
11000100001001100011010110001101110000011110001001
11101100001111001111001010000010011101001110001111
00010100011100111110001000001111101110100111000100
01101001100000011110111111010001001010001111101111
11110000000001011000010001010001010011111000101001
01110111111100000010010110110001110001001001010111
01001011010000100100110111011110010110010101110111
11110100001111110010110011010010000011111001111110
10111101111011010101100111100111001111011011001000
10100000110100100100110110111000010101111110100111
10010010111110000010000000110001011011110101001101
01010101100101100110101110011101110100011000100110
11010011100010111110001110100110111100101111001000
10001000101101001001011110010100101101000010111111
00010010101101000110010001000101111110000010011100
11100010111011001010001111101110111011000100000110
00100111010001011011100101111001001101001001000110
01000010111011101100111011111000011001110001001000
11011101001100110001110010011011110101000110011011
01101110010011011111011110001101101010100000011101
01111010100011001011111100000011100000110001101100
11101011000111101111100101101100110101110011110010
00110000010100101101100110111011101110111100110010
11111010101010110010110000101011101010101101001100
01000001100000110101110001101111001100100001100000
