01111011101110011111111111110100001101111111110101
10101011111111011111101010111111111111010001111110
11011101011110110111111111111111111011111110110101
10101010011111110111111110011111111111111101111111
11110101111111110000110111111111101011100110111101
00101011111111111110110011101111000111111110011001
11010101101101111110110010001011111111011110111100
11101110111101101011110101111111111111101110111111
11001111001110111011111011110011011111011101111111
01111101001101111111111001100011101101011111110110
11111111110110101111111111101111011011100011011101
11111111111010111111101101110111111101111011110101
11111100101101111110011111011011111111001111011101
01011111010010101110001101111011101011101110111111
00111111111111011110110001101111101111000111100101
11111110110110101010111101011011010111111101111110
11000111111111110111111110111111111000011101011111
11110110011111101011111001101011011111111111111100
11110111111111111101111011011001101111011111110111
11110001111100001110111101110100111010111010101111
11111111111100111111010111100111111101011011111101
10111111111010111111101111110111111110111111110111
11110000111111011111010110111111010111110010111101
10111001001111011001111011111010111011001101111111
11111110101010001010111101110101111011111111111101
10101101111111110111110110110111101101110101101111
11101101111101101101111111001011111110101111111111
11111001100111011011011111001110111101111010011111
01111111001011111110001100110111110101101101111111
11111101001100101001111011011010111001110111110011
01111111111111111100111101111101011110101100010001
01111111111111111110111011101010011110110110001101
01111011010111101011110111111100010011101111011011
01110011101110011101111110111111101111011010110111
11111011111111101111110111110111010111111111111111
11010111110110110110111001111011011010110111110100
01111111101011110111011110100011111100100111011110
11111111111111110110101111011100111000101101011111
10111101001101010101011011111111101111011110111100
11110110110100011111111011010101011100101011010011
10110111110111011111110110111010111001110111101110
10111111110011111110010111101111101111101011010001
10101111011111100111111010110101111110111100111110
11010000111110111110110111101100101111011100111111
11111011110101110111111111101100011100101011011111
11111111111111011110111110111110111111110111101100
01011111101011011101101111111001101011101011110011
11111011111111111111111111111001011111101011110001
01010001110001011011010101111100111011011011101001
10111101101111101011111111111111111001010101101110
