00010001000000000000001000000000000100000101000011
00001110000000001000001000010110000000001100011100
00000100100100110001000000010000100000100010100000
10000010010011001000000000000000010100100010010001
01000001000100011101100000000000100001000000001110
01100000010001000000000010101000000010000000000001
01010000000000000000100010000100000000000000000000
10001000001000010100000100000000000001101101100010
00100000001001000001000001010010000010000000000100
00010100000000010000000101001001010000000010000100
00000001100001110010110000010000110000011111100010
00101000000000000100000100000001000000011000000001
00010000000001100100011000000011010001000000000010
00010100101010000001001100000100000000000110100011
00100000001010010010110000110010001100000001001000
00101001011000101010000100000000000001010001000100
01011000000000010000010001110100000001100001010011
00001001000110000010000001000001110000101100100000
00000000001000110100011000000000000000100110110001
00101000100001000000000000000000000000000100000000
00001010001000100000000110010001110000000100000000
00000000001010101010001101000100010100001100000000
11000000000011000010010001001100000000000000101000
00000001010101010000110000100000001100001100110000
00000110000000000000100000001000001000110000000000
00000000110000001100011000000010011000000100001001
00000100000000101000000100000100001010000000000100
01100000101000101000100000000100000000010000110111
00000100010000000000001010000100101000010100000110
01000010000001001000011000111000010000100010001000
01000000100010100000000001000000100000100010000001
00000000010110000100100000000000000111000100100000
00101000001000000100100000001010000010010101000000
00010000011010000100110001000100000000000000000000
00000000000000100000000111101000000000100100000100
10010000000000100000010100000001000010000010010110
00000100100000000000000000100001100100111010001010
00001001000010011000000000000001000000000000010000
00110001000000001110000010000110001010000000100000
00000000001100010000000010011000100010000010000000
01000001001100000100010100000000000010000000100000
11000001001001000111110101001001101000000000001010
00110000011001000010000000000110000110010001000101
10000001001000111000000000000000100000000010000010
00100001001001000110001100010001000000101000000000
01010000000000001010000100010000000101000000001010
01001000000000100000001001000100000010000100010000
01001000110000010000000000111000001100000010000010
10001001001011001000000000011000000110000101010100
10010100000101001010000001010010000000000010000000
