00101010110000001000011100001101010000010011001101
00110001101111110000100001110101001101000101100001
11010010110101110101111001000110010011111101001011
01100101001101010101011100000010100000011111110110
10000000001011111001011110010100110000111100110010
00010011011011001110010111101010011000011101111010
10100101011000100100110001110110101100011001110011
01010110001111100100100100011100001000111110110100
11100000000011001000000110110010000110011010011111
10100110001000101010000011101001110001000110001001
01011111010101010011100011011101101001001001111001
01110001001010000111110110110110100001111000111110
01001101100100100011101111101110001100010000000000
01111101101000011001001010001010000101101000010001
01101011010010010110111110111010101011100101010011
01111000001001100100101000001101010010001010001000
10001100110001000001100111011100011100000010010001
00110111000100110011001111101011101111010011011110
00000100011110100100110000001011011101110000100010
00111000001111001100100110011101001011111101101011
01100011001110111011011101010000111011111100001111
10111110000100100010101110010001100000101001001001
10111000000011110100110101101110111000100111000111
10011101100110101101111010110010010000000101000001
00001100111111101101010100100100101010100011000100
01100110011010001100101000011001111110110010000011
01000110110110100100001110010101110101101111100110
01001011101100101001110101100101100001110100100001
10000101011011111111001001000011011101111100100110
11101011001110011001001010110010111000101010100111
00110110100111100110001100001101111011010000100010
11000000011000010111010001111010100000011001001001
00011010011100100100111011110111011111111101010100
10101100010000011010101101101110101100001011011101
01000111001010101111101011001110110010001010000111
01000010100011001110000001101000110001000001011111
00100000100000110101100011000010101001101001011100
01100000011101100111100000111010100110110011010100
00101001000101100011111011111100100011000111001011
10111111100110000111100001011011100001000011001001
00111111101101010001110000101101111010000011011001
01111101010000100001101100111000100000100000111111
10010001110000011100001011100100011001111000110101
11110110001000100101011110100001110111111000100010
01011111001100000011000000111110000000000111011011
00011111101101101100000000000000110111001110101010
10100100111100010101110000000001010110111100110100
10010001100100000100101010101100111111000110001011
00111110100100100111101001101110001100100101110101
11100010111001101001111101010101011100111110100110
