01111101100111111111111011001011110001011011110111
10110110110010111111111101111100111001111101101010
11001010111111111110011110111100011111101011101111
11001110001101111010111101011111111101111101100101
10110111111110111111111101110000011010111110111101
11011001111101101111010111000100111111100111011101
01111001101101110101100101011101111110111101111100
10001110111111010111011101101011101110011111111110
11101111000111110111111011011110111111001110111011
01101101000101111111010100111101111110111111011101
00111111000111011111111111110101111111100111101110
10111111111011101111111110101011011011110111110011
11101001101101011011110111110011110111110111110111
10110111111110011011111110110111111111011011011111
11111110110100011101100101111101111111100101110011
11111011111011100100111111111011111011010101011010
11111100011111100110110111111111101101111011000101
11101111111100111011100010111111111101110111111101
11111101111111001100110101001011111111101001111111
11001111111111100100110001001111111111001111111110
11011010101111111111011001111101011011011111111100
11111101111111011011101011111111011111111110110110
11111001101101010000110111110011011101110110100111
01111111011111111010001001011110111010000111100100
10100100101111011100011000011111111011111101111001
11011111101010111011111100110101111110011110001111
01101001011111111100111001010011011010111101101111
01111010111011111100111111101110110111011111101101
11110011110100111111110110010011011110011111110111
01110110111001101101110111010010111110111111101010
10010001100111011111011110111101111110101101111111
10010011011111111111111011101010010111111011111101
11010111111011111111000111010110011111101111111111
11111110111111110111111111111111101111111101011011
01111111111101111111111111101110110111011100111111
00110111111011101111011001011111111010011111000101
00101111111111110011110111111111111101111111011111
11110100101111111111111010010001111010110011011011
01111110011110101110011010100111110011011110111111
11011011010111011100111011111101011111101111101011
11111011110001001011110011111111111110110111111111
01011111111110110101111111111110111110111011111101
10101101111111001101111101011101100111111100111011
11110111011111111111100110111111110111011100001011
11111011101110100111111110111111101000111110011110
10001111110111110111110010001011111011101110101011
01101111111001010111100011110111111011111111110111
10111111011011001111111101111011101110101100101000
11100001101111110011011001101110111011111011111001
10111100110111101110001011111011111111111111011010
