01100000100101000111110101011010000110110001000110
10010110000100111100010110000101101100001011100010
10001010011111011100011011101101101001110110010011
01001100101111001110010111000111100111001011110100
00110010101001011010111010110010001111011000011000
01010001011011011000000000100010010100010011000000
01101000110101101001100010011111000100000101001101
00000100011000010010000000011010110010010100010010
10011010001100010000010100001011000101100100010010
00100111000011100111110011000111010110000101101011
00111101100011100101000111111010010001100100001110
11110010100011010110110110011100111110000101010111
00110100011101010100001001010101111001111101001010
10111110011110111001011111011101101101000011000100
01000010011001010110001001100110000001001111011100
01101101100111100000011100010101010101001111100010
01111110000001000001110001010001111011101010110101
11110000011110100010011101100110101100010111100100
10011001010100100101000111010010011011101110000100
10000010011001001010111010100100110001001110001100
10001010010100001001010101001011100101001101000000
11111000110101011101100110111001011101011001011101
00101000000011110101000111000011111011100111100100
11010000101101010110111000111101011100110100011001
01111010011101000011011001010000100110111011011111
10110000011011101110101010110110000011101010100110
00101100001000100101010101011001111100100001110010
10001011001111011010010111100001100111110010001101
10100011101101000000110100100010000110001001100010
01110010010111110101000101000000010001011010111010
10011111111000100110101001001001110000000111011110
01110010110011011000111100110010000011010110000001
01110001000111001101101010110010000111101110000101
00000101011110011011011100100110000000000110100101
01101000000111001110011100100000000000100010111010
11011110110101010100110110111000100010110101011001
10011001010100001010001011011001100101011001110001
00111000101011111011111001010101100010000011001011
10100000101010001010001111110000101100010111101001
10101101000010000100010110010101000110100101111100
01011000000010111011110011001100100010000111110010
00100011111110110111101100000011110100111010001100
01110100000001111111001011010111111001101100111100
11010110010111110100111010101010000111111000111001
01010000010000011100001001101100011010111011011110
00111001100100101000010110100110001110011011101111
00001010011010100001010110010110001101110111110001
10010010001101101111011011010010110000010110110011
11100001111110010000000011101110001001001000110101
00100010010100001000010110010001110111100001011110
