01000111110010011101100001000000111000100110110011
10011111100001100011101101111100100111000001101011
00011001111110110110100011111111010000100010100101
01101011001011111011011110000001110111010111110000
01110001101100001101011000010011111101101111000000
11000010010101110110110100101111110111101101111010
11010101001011010000000000101100110000000000100110
11111010110101001110111001011110000001100110100111
11101001011110001010000100100100111011000111001111
10100101100001010111100000101000001000001101011001
00111010100110000010000110000010001100001110110110
00101101101000011010011100100000010001110111001110
10110010101001000110101111011001001100111101110111
01010111010010010100111011100100001001111001010000
01110100000000011001111100111011100001101101101010
10110110010101101001110000011010100000000010101010
10011001100100110101110111100100100001100000010010
10101101010011001001111101110100110111000001100011
01110101111110000000101111101101001111000000100000
11011000010000111100101001111111011010110101101000
11100101010011111111010011110111011101011101100101
00011101000101111100100010001010001001101000000001
01011001000111100111000111110011010000000001001011
01010100101110101110001010110110000101100010101100
00110000001011001010111100101101101111001110011010
11100001000011001111101000111011011110100100000111
01100110110101101111101111001000000100110111011111
01101001000010110101101101000000000010010010101010
01100111010010110011010011100110111111101001110111
01100111100001001111100110001011011110010011110101
00101101001000110001111101001100101011111000101111
00111100000010100011101011000100100111010010111000
11011110100000111100000010001011000001011000000010
10111110100100000101101001001100000100100001000011
10001000111011000011110011001110000111110011111101
01011100001010000110100111101101011001001100100100
01010100100000000111000011011111001001001101000101
01011101100101101110110110001011101110011001110011
10101101000111101001010101101010011000010100000011
00010000000111000001100000110111101001101000011000
00001100011011100000110010001010100111010101010110
10011101111110100001100011100000000110101010111010
10111001101100010000000110110101001000000100100001
01011100110111100101101000101100011011001000111101
11110111001010110111100100011111001101000111011110
10010100011011001000000010101101001001011101101000
01000100110100110001001110110011001000010101110011
00100011101110000000100101101110001110001001100011
11000111101110111100001011111010110001101100101100
11100001110010000100111001101110011011100011001100
