01100110000000001001001111010111011110011000011100
10101011001010001010110001000010101101100011000100
11000100010110001010000001101101011001010110100110
00001100010111111001101001010111001010101101110001
01010011001011100000001100001011110010101100100000
10110011000001000100100101101110110011110111010110
11001100000011100001011110010100110110111111000000
01001100110010110010011111001000010110001010010110
00000001001001001010000000110111100110111011111000
00110001001011100010011000011001010100001001110101
01001000110010110011101101110101111001001010110101
00110000000001111011000000100000011000011011111001
01111011011000000101000100011001101110001000111010
00011110110100001010010000101100001110000111111011
00011011011100000001000011000011011001000001000101
00010001001100001000110110011111010000000000101100
11110000100101010111000010100010100011000101100011
00000100000010001000010010000001100011101010101111
01100001111101001000011100110100111001100110011001
10010010001110101000011011000110000100010000101001
01010100001000010000001010111100011101000101110000
01000011010001010111000110010110011001110100111010
10011011011000000011100111111101110111000000010110
10001111001010010010011000001000011001101101110010
10000011000000111101111001010010000101101101001110
11110101001000100001001010111100010011000101100010
00100100101101001010101001001110111111100000101110
10010010111010010010111011001000110010010101111110
00101101010011010000101101110111101011111001011000
10110110101001010011111001101001010101000001001000
11011100100000111001010010101001010101011101001000
10111000111010110100001000001110011110010011110000
01001110101010001110001000111000001000111001101000
10101111011100110010111101110111001100000100111001
11110000001111100010110100101001110011001100001101
11000011110011000001101010100111010000111001011100
10011111100011001100001001111001001000110100100101
01100100001000101110111111101110001000110010011101
01011110100000000110010110101000100111001000110111
10100110100100000001010000011011100111001111001000
10011011111110000100000110001010101100110110010000
00111110000001001010110111010010011010011000110010
01100111101101000110000000000001000001011000010000
01010110110101101000100111011111100100010000110110
00111000111111011101110101110001110010100101010100
10010101111111000010111100011001010101101111101000
10000000100111010111010010111110111101010000010000
11100101011000110100001010110000001111100001100011
00100101000011001100011111110000000000100101000100
00010000011101101111000000000000011011100000000100
