01010000011001000010000111000010100111101010100011
10110000001100010000001000000011100101000100010011
01000010010001011000011000000000000000000001010010
11000000000000100001000000100001001001010000000110
00000010101000101000100010101100111001001100000100
00000000000000010010001000010100101010000101111000
00101000011001101101000100000110110010100101010110
00000000010000001000010100000100100001100001000100
00001000000000001000110011000101010000100000011000
10100011001011000010100010010011000000000010000010
11001010010011000000010000100000000010100000000010
01000000000001000000000011010010000001010100001000
00000000011000000101100011000001100000000010101000
10100010011100010000001000000000000010011011010100
00011010000000001001110000000000010000010000101100
01100100000001000000100001000001000001000010100000
00101011100000100010100100000000110100000100100001
00000010000010000000000100010010010000000100000111
10000100010000001001000001011110000000010000000010
00010010000010100010000000101000000000001110000110
00001000110010111000000001000010000110000010101010
00100001101000100000000000000001000100000001000011
01100100000001000000000100001010000000001000000001
10000011000000001100001000101000000000000100101001
10001000110110000000000000100100000000001001000000
10000000100110010010100000000000000100000000000010
00011000001000000001000110000011010100011100000000
00000100010100000110000000000011000000010000101100
00001000000000000011001100000001000000000100000001
00001111100000000010000010000000001010000000010001
11000010010100000110101000110000000010100000000000
01010000110010010000010000111000100001000000000010
11001111000010001000000000000001000010000000000000
00001010100000101100000000100000000010000001001010
00011100000000000000000000000100000000010000000001
11000000000000001000110001100000000000010001001000
10000110001001000000100000000110110001011100011000
11011001000100010000000000000001000010001000000000
10000011101000000000000000000010000000000011110001
00010000000101100010000000110000001110000001010000
10001000000001000001001010100000000011000001000011
01001110000100001101000100101000000010000011000110
10000000010011010001100000000000000000100100100101
00100111000001000000010010000000010100111100000110
10000100000010111000100100010000000000100010001011
01100110100001000000000000000100000010110000001010
00000100100110100000100100010000010110000000110100
00011011000001100101000000010000000000000111001000
11110010011000000111110001000001010000001101110000
11000000000000001100011100001100001000101010100000
