00111111101001110001111101101111111111010111111111
00111111110001111111101011001111101111101111110101
11010011011011011111111111111101011011100001111001
11101111110011101111111011011111111011111111011101
11010011111101101110111111111111111110100011101110
11010011011011111011111111111001101111101111100101
11111101111111011111111111001111111011011111111101
11111110111110111110001111111111110011110110111111
11011011011111111010001011011111101111110111011101
01111111101100001101111111111111010100101011111000
10101111110111111011111111110011011111100101011111
00001011111001111111111110010111111011111111110111
00110111101001010011111111011111111100111011010110
11111110101110101110101111011110100111101111011011
11011101101101011101111111001111110110111100111110
11100111101110101111110111011010100111110111011110
01111111111101110101101110110111111111011110100101
01111011010101111010011111111111111111100101111111
01111111101111010101111010011111111111110011001110
11110110011110111010111101011111101111100100111111
11111110011111111011011111100110101111111111011010
10111110011110110111101101011111111101111111100011
11111111111111101111110111111111111111111101111111
10101111011111111101111011101011111110110111101010
01111111111111111110101100010111011101111111101101
11111111111011110101111100111111101111111110111101
10101101011000001100101101011110111001101111100100
00111101111111011111011011101111110111001111110111
11111111110011110111011101110011111111111111010111
11111011110111101111111011110010111000101101111001
11011011111111111111111111111101111111111101111110
11111111111110101111011111011010111110110111011011
11011111100111111111111101111111011111111111110101
10111011011110101110011110111111100011111111100011
11111110101110001111111111101111100110011111111111
11001100111011111111111111011011101001111011101011
11111111101101111111101101011011111001111110110010
11110111101101011111111011111010110110100111011110
01111101111111110111111111101111110111011111110110
10010011100110111010111111001011111110101011110111
01010110010111101000111011111110111110110111111111
11010111101101111101111111111111111011101000110011
11011111110111011010110111111001111111111000111111
11111110111111010110111110111111111101111000111111
11101111010100101101011111110110111110111111011110
11110011111111110101101001011111101011111111101110
10111011111001110111101111000111001101001011110101
11011111101110111111001011111010101001111011111011
10001001001111110111111100011011011111111111110101
11110111101101001101011011011101111100011111001110
