01110111110101011101001111111111110111101111011111
10110001010110110110110011110111111111111111001111
11011110110011110111101101110111111101100111111101
11101011111110111001110111011001011101011111111011
00110101111100111101010001100111111111110111111001
10101000111101111101111011011111010011111101111011
10110001101110011101011111110111111101011011010111
11011010111111111111110111111011011110111111111011
10111111001111111111001111111010000111111011111110
11111101001111011011010101011111111000101100111111
00011111110111111110011111100010011011111011101111
11011111111011111111110111111110011111111011111110
01110011111101111001111100111011110101110011111111
10100101111110101110001110111100111111111100101111
01111101101111011001011010011110110110110110010100
11111111111110101011111101111101111110110101111111
10011111111111110101111111111111110011011110011111
11101111101101001010111111111111111100101111111111
01100001111101010100101111111011100111111111101110
10111111110110111000001111101101011111111111111111
01110101000110011110011111001111111111110111111111
01011111011110111100100110111111101111111101111011
10100110101011111111100111110110111011111111111000
10110011111111011111111010110011001011111110111111
11010111101101101111111100001111101101111111011101
11111111111100011111101000000111001110111101011110
11101011101111011111011100011111011100100100111111
11110111110111111110011100101101101111001110101010
10010101110111111111110010110111001001101100111101
11101110010101111101111011111011111011101010111010
11101111111110101110111111101101111011101110111011
11111111010010011111110111111110111111111110111000
11101010010011111110111010010111010011011111001011
11111111011111111101101000100111101111010111001010
01111011011101010101111111111111010101010111110100
11111011100111110111110011110001011011111001110101
11001101101101111011111101010111110101101111111001
11111110101111001011111110011111111110111010101000
11101101111111110111111111101111000111011011111110
01011111101111111011111111000001111101100100011111
11010111111101001111011111011111100111100111101101
11111101010001111111111111111011111010011000011111
11111011101110101111101110010111111011101000111111
11111111101110010111111011000000111110101000110101
00111101111111010111111100111111001111101011011111
10111111110110111101111111101111001110110111101010
11111101111111011111111111111111110011111110110100
11100010111111111111100111101000001100111111101010
11010111111111011111110101110110110000110110110101
11111111011011011101110110101010100110011111100010
