01101101010011110101110000001011100001000010101100
10100110011111001111010111110100001011010010000101
11010011001110001000010100010100110110001111010111
00101110111001010111001000000010010010010111001100
10010010010001001010001110110111000010010101001011
11010011011101101001100100010111110100110011011110
01111101011001010100010010100000110100011001011100
10100110011000011101000111110101111100101111100010
00010000000110100010101001000001010010000000001000
11011111000110101010000101010110110110100111001010
01110111000110000010110111101000011010100111100010
01100100111011101110101100101000001101100000101001
11100000111100011100011011010000000001010111101000
11011110000100011011100100100110011111111011000001
10000100110100010111001111001111000011101011110010
10010011000011100101001101001000100101100011011110
01101101010111000001111101110100011100000000100101
11010011000110110010101100110001101110110011011101
01011000111101100100111000101101011101000101101111
11010101000001111000111100111001100000010111000100
10000100101101001111010000001111010100100100011011
11100010001010001011100101000101111111011111111001
00011000100110111111000001000000101111101001110100
01101101011101111101010001100000000110101111000011
01001011001010100000000001111110100010110010001110
01000001111010111000011110110110001111111011110011
01001011001101001111000111000000000111001001101100
01101101010010001101000011000001001111001110001000
10000000001100110011100010000011111001010011001011
01101101010001101010110011000001100110001001010101
10011100010001100000100011001000010011010101101111
10001101100000100111110000011100001111011111100101
10100111010000010101011010001100011100101100010110
00110111111001001010110000001010100000101010010000
01000001001101001110011001011001100110101100001110
00100111010101011110111101110101101000011110000110
01111000111001100100011111110111001000011011101101
11000000000111110010011001111011000000100001011110
00000101011101110100101111000000111001011111001010
01011110000011000101010011001011000110100110110111
00100011000001100000011101110101111110100011001101
00111001011010000011110100010011101100110000101101
11110101011011110101010111011001010110111001101011
00111111011011110111011101101111000011101010010001
10000001001110101010011001100011000010010110010101
00100110000000110100111001000100110001010001101110
10011110110110010110110010111010001011101110010100
11110110000000011111001010100111101111011100111000
00101101011000110010100111001010101101110010010000
01101000000101001110110101001111000010011111100000
