00110110000101101011010011110001000011000010001011
00101110011100111001010010110001110000111101111110
11000100111001101001111101101000000000110101110100
10000000010000110111001001010101101000000001101100
01000110110100000110111110100001111100110000001101
11101010000111001001000110000011110110101101111011
11001100110010100011111111000110010010111000110001
00000000111100100011101010001111001111101011100101
00101011000110001000100011100001101101100001001001
01111011001101011100111001101001111011000011100000
01100001010010110111001001000010011111101000101001
11001101110010001101101010011010110000101110000101
00000110101101011000000000101000100000000111100100
10100100010010010110001010011111111111011111111010
11110011001000010110011101111011011011010101101100
01010000011011100111010010110010001011010000011001
11100100110110000011000011001111101010101101010100
00011000011101110010101011001001011000110100001111
10011011001001111100111110001100100010010011010100
11110111001100011000010100111011000010111010011111
00101011110100000110011010010101010111001101001100
11101010010000110011101010000011110101000111000101
00111011011101100110110000110111110110010010010010
00101110000000100011000001101100011001111000010100
11001111100101011110110001011111111000110110111000
10110010111000101100000110101111010000111001001101
11101000110010110001001101000001111001100100010111
11010000000101110001101010000000001100110110111010
00100001010111101111000111000010101100110011000001
00010011000001001010101111000011100000011100010000
00000111001101111001011011001100110100000011001100
11011101110001101101111011100100011111010010101001
01011100110111001010011010101110001100111011010111
01001110011101100100111111100011001011101111001000
00011001111001111100000110111001110101000001001010
00001101101001000000111000011011101000011010001000
10000111011001111011101000000001010000001010011110
10000001111001110000110100100001011000101110011011
01101111101100001101000111111000110001010111110000
01101010000001110111001111011101100100100000001110
01000111001101001001100101000100110111000001111001
01100100000111101100110010110100010001100010001000
10000001010111000011011010011011110111100100111010
01110101110011101010110001001010111000101000111101
01110111011011100000000010010001000000101011011110
01100110000001011011001110110100100011101011100011
11011100101001110101100011010011011111011111100010
01111001000110101111110101100010100010010001100010
11000100000001000101001000110000101011010010111101
10001111101100010101010001101001100001001001010010
