00111001101011111111010111010001111011010111011111
00111111110001111101011101101111111011110111110010
11011111111111100110111111111111111111011111010111
11101111100100110111111111011100101111101110111111
11110111111101111111111110111110111011001011111111
01111011111111011101110010011100111011101111111111
01111101110011011101111110111011011111110101011101
11111110101101011111001111111001011110011000101011
11111111011111111111110011111110111011110011111111
01101110101111111111100011111111111111111110111111
10101101110111111111100111101011111001101111101111
00111101111011110111111101011111110111101111111111
10100110111101011111111111101110011111111101011100
11101111111110110011111110001111111011100111111111
11111000111101000101111101011110111111011111111101
11011111111111001111111011111010010101110111011111
11001111111010010111111110111111011111111111111011
11111111111110111011110110111110111011111100111111
10111001111111011101100011110101111111111011001110
11011111111111111110111011111110010011111111011111
00111110111111111111000010101101110110110101111000
11111110100111111101001111101110111111011011110011
01111011000111111001010111101011011101101111111111
11111011001111101100011011101111111111111011100110
10111111111011011111111101011110011110101011011100
11110001111110110011011110011110111101111011111111
01101011111010011111111100011111011111111110110110
10111111110100111111000011101111011111111011011110
01111111111111111101111111110101111110111101111110
01111100110111101111110111111001111110110111111111
01101010111111111101011111110000110001111100001110
11100011011101001010101100111100111111111101110111
11111100111101100110110101001111001011011110111101
11101111111111111111111111111111001111010111111011
11111111111011101110011111111101110111111011101101
00110011010110111010111111111101011010011000110011
11111111110111101111110110111101111101100010111110
11111110111111111111011101110011111010111110000001
01010110111111011111101111111111001011011011111110
11100011110010111111110101111111111101101101101101
00111101011110101111011111111011101101110111111101
11110110011111111101101000101111110001011001111110
11111100111101111011011111110100111011101001000111
11101110101111111011111111011101011000111110101111
01011101111101101100111101101101111110111101011011
11111110110111111101111011111101110110101100101011
10011111111111111111101011011110111010111101110101
10111110111111110111001111111111101010111111001011
11111101111101011111011101111111010110100111110101
10111111111101111101011001000101111101011011111110
