00001110111110010111110111110011101111110011111001
00011101111110111011111011101101100111111111111111
00011111111111011011100011111110101111011101010010
01101111010111111101111111011111111110111011110011
11110111111111111101111110010011111111101111110111
11111011110111011111111111011111111111111011110010
10111101010011111111011111111111111111101111100011
01111110101110111011101011111010010110110111111111
11101101011101111111100111010101111111111011101111
11111110101111111011011010110110100010111110101010
11101001110111001111111110111110011111111101001010
11111101111011111111100111111111111001111110101111
11111111011101111111111111011110011111000111010111
00111110111110101111110111011110111111100110111110
01011011110111001110111011101100001011101111100101
11111111110110000111111111111111011011111111111110
01111111111111100111111101011111101111110110110111
10011110101111111010011001111000111111011110111111
11100111111111111101111111111111111110111001001011
11111111111111011010111111011111111111001011101101
11111101101111111011011011101110111011101011100011
11011110011011111111100111110111111111100011111111
01011111011010111111100101111111111101101011110101
10011110101111011011011011110101111010111111011001
11111111111111110011110101111111111101111111110111
11110111100111111111111110111111110111001111101101
11100011011100110110111111001001111111011011101101
10111111111111011111011111001001100111110011011010
01110111001111111111101011110011111101111011011110
01110110111111111011111111000010110100011111111111
10111111011111011011111011001101110101111111111111
11011110100100011011011111111010111101111111100111
11111110110101001111111111111111011000101111100111
00011111101111010111111111101111101011101111101111
10111110101111111111111110101001110111111101111011
11111111101011001111011011111111001011101111111111
11111111111011111111110101110000011100111011110111
11101110101111111101111011111011011100111011111111
11011111111101111010111110011011111111001010011111
11110101111100011110000110111111001011001011101011
01111110111100110111101111101111111111110110101111
01101011011111111100000111000111111100001011111110
11011111110111111101111111111111110111111100111110
11111111101010110011111111111111111111010100110101
11011111110101111101111011100111111111011111011111
11111101000011011100011110011110001111100111100101
11000001111101010111010101111110011101111110100111
01001001100111111101011011101111110111101111111011
01111111111111011110110010011111111111111110101100
11011011100110101111111111100111111111111001111100
