01101010100000000000011110001110000111110111011000
10010110001011100110101100011110101110001100101100
10001100000101011110000101011011101110100001100011
01001110000000111111101010000000100110100010110110
10110011011101010101000001111110001010001101000000
01110000101011101010010110110001001101001010011110
11011001010100000111110110101110100100010100011011
00001010010111101100101011000010001001000011110110
10000100000111110101011001111001101001011011010010
00001011000000110010010111100000101110011000100001
01001100000001000101011111100010100100001110110000
00101011100010001110100101111010101001110000100000
01000101100100111001101011010000110001011111000111
01101101101000110010111101001011000101110111010101
01010101110011010011011010101001000010000010000110
00111000110011100000101101010000000111100000001100
00110101000110000111000101101010001011111111011111
01111011101100001000110001001001101001100110110011
01110110010101101000010111011000010100101010001100
00011010101010101000100111101111111111011011101100
01010011000111010101011011110000100011101010011011
10000110111001100110100111001101010100100111001001
11010001101011110000100110000001011000101001111110
11100110011101011011011010100100110101101010110000
10010111011010100011111101100001000001101110110101
00101001111111011111110010010101111100101111011000
00001110111100101001100110010111001111001110101001
01101100100110010010100001100001111010001101111011
11101010100101101111010000000111110110110101110111
11001010000000000001010101101010101111000010011110
11101011001101001001000000101101011000001101111110
00100100100001100101011011111010100111110011100101
01110010111110000101100101011101011101101001101000
00000000000010000011011101011010100001101100011111
01101101110100001101001001110110100011011110011101
11110110011001010011010101101101100000110011011010
11111000010000111001100000111101001001000000110001
10000101100111011101100110100101111010010101001010
10110000000101011110111111001001110100001001010001
10000010110111001001000000001001001101001101110000
01001100111010001011101111110010111000110011000011
11001010001011001100010011111010011001010001000011
10010101101011101111110111100101001100001001100010
10101001100011001001011001011011100101111110111101
01110001011100000101001110111011100010010011000110
10010111101001001100101111011110011110110001001010
11000110000000011011111001110110111101000001010001
01010101000011111011001010001111011000000001100000
00110111100010101100101000011110010101001110110001
00100010010011001100110010111001011010101101001010
