00100010110000110110010110011001111111011100000111
00001111100000101010111001000000000011001010000011
10001110011010010001100100111010011110011100100110
00001100001100111100110110110110001110010111111110
01110001101110111010001000110011101101101101100001
01110010100000100001110000110111100101010111111010
11100101011011101000010000000000100100110101101011
01001010010010000010011001001101000000101110101011
11001100011110101111011111111001110011100100011111
10100011101001011110100010111001001100000101100101
00111010110110101101011100111001010011110110011001
00011000101010001001110100110100101110010011011101
00101011101100100011011000110010011010011100101011
00000010010000100001000100001010110101000000111001
11011110101011000010011110100110110001001000010011
10111000010000000000011110101111000111111110100000
01011010111100000000110111010001100101111011100101
10010000111000000000011000101001010110110101101011
11001001110010100001010000110101110100011001001101
00100100101111000010001000000010001011110010011101
01110100010100001000000010001010011011111010110000
11010111101110111110000111100110100111111101101111
01001001101010110101000010110000101000011101101001
10110000101101111000010001110010101100111011000110
10010000110000111000111000111001001000011100000101
01000001100000001000010100010100110100111111010101
00111100111110110110011110011101100010111011011011
10111100111110001010001111100011000100001010101101
10100001111001010100100010100111110001000100010000
00010101000100110010010001101000110001000001010100
00111100000011110001110100011000011101101100110011
10001101111000011110000010111000011101001010111001
10001110100101101010011101101100011100110001110010
10100000101011100110100001001111101010010111010001
10111000010110000001101110000011110101100011110011
10111110010101011110010101010011101010111001000001
11110000101110010101110000100000010101100001000011
11001100101001111001110000001111001010110100001101
00001011101000011101110101100010101111001000000100
10110110001110011111111111100000110101000001101101
11101001000010111010111111110011000100100000010010
10111111111010010100011011001010010001000010111100
01010101001100011001100101110001011000000100010110
00011110010100001110011101100100111110010000001111
00111111010011011100111000010011101000010100011011
00010100101101100001100001101111111000001110101100
00010111101111000111011000110001000001010101110011
10110000110100001011010111010100000001110111010001
11110111100010100100010100100010101010001011101000
11001011111111101111011011110011011111010001101100
