01000001010000011111101101100000000110110100011110
10101010110101111101111000110001000101100010111000
01000101111010010111000110110011010101010100100000
00001011000110100001110001001000110101110010111001
01010011111100010110011010001001010001100110001000
00100001101001010101101000100000010110011010111001
01011000000101101001000000011010110011111100011100
10111100100100111111011010010111110100111010101111
01101101001101010100101111101101011101000111001100
11101000001010101100000011011011111000110000111011
00101100110101011001000010100100010000010010100101
01011011101001101010100000010110110001001000110110
00110000010001110001000000101011110110010110110110
01000110101110110010101101111010100110010100111000
01010011010111001101010000110111111101010101110110
11101101101011001101110010101011110101101011100110
11000011011100110000111010000100101101110111001000
11101101110000110011011110111001101111010110010010
10101001000101000100010001111111011000000011100010
11110111001010110100000011111011001101111110011100
11010100100101011000011010111110000001111100101011
01011001000000111110100101111110111111111001011100
11001101100001001100100100111011011100000011011001
10100000100001000100011001111100100000010011001001
00101001111000011101100000000001110010000111010111
10010000110001000011010100001010001000101000111000
11100100101011110111111100000001110111001101010011
01100011010101100111111100001111100010101000010110
00011010110011010111111101010110010110111010110110
00000001101100101010110100011010111001001000111111
00100011010111110011111001011101011101001101110100
01101001110010110111001010110010100000010011001101
00010011010111111100010110110101011011101101101000
00111111111110110010011010101110101111001111011010
00000000110000101111011001000110110001000111001111
11110101100011111101011000101010010010110000001101
10000110000011000100010010111000110100011111111100
01111010100100111101110000100110111000011110001111
11011011010000011001110001011000100100001100101011
10110111011011101101110100001001000111000001110111
00000111000100010001110001111110110011100010000000
10101010100011101101100010100010111011100001010111
01011101101010011111001110001001011011001001010000
00000000100000111010011110100011111010010110101110
01110101011111110010100001001110100010110001001101
11010110010111100101011011111110010010010110001110
11011111110001001001111101000101111111100001110000
10000011101110110001010010011111001111010101110010
10000001010110110110100010111100011001110101010101
00010101011000000000101110100101001101110100100010
