01101011001010000000111110001110000001000100100000
10010000010000001010000000101000000000010001101000
10000001000010100010010000000010000100010001000000
01001001000010000001010000001000001000011110110100
10010100010001000010000000010000010000001000000001
00001010000000000000000001111100010100000001100000
10000100000101100000110001011010101001000010000000
10110000000110000101001010000101100000001011000000
00000000000011100101010000000000000000010000000101
01001000000000000000100100000000010101000011000000
10000000000000100000011000101000001101000010001000
00000011000001000100000000011101000000000101001000
10110001100000000000111000000010000101001000101010
00001010100100000011111101010100010100000101000001
00100010101000010000010101000100010000000000011000
00000000000000100000100001100000010100000000101010
01000000000000000000001000100110000000110010011100
00000001100100000010110011001010000000000100110001
01101000000001000100000000001001000100110000010000
00010001100001000000000000100101001000000000001001
10000010010011010100010000000110001000000101000000
10110010101011100100100000100000000000000010000001
10000001001011001000000000010001010100000010100010
10000000010001100000000000001000010000000110010100
10000001000000000100000000100011100001111000000000
00000110000001110100000000001100000001000100100000
01000100001000011001010010011010101001101000000100
00001110000101000000001000100010100000000100000000
11010110001100000110000101100000000010000000101100
10000101000101101001100001000000000000001000101010
10100010000010001100100010110000110100010011010000
00000001000100000011001010000000110000001000001000
00000011000000000000000010110011001000011001000010
00001100010001110000001100000011000010010011010000
00010010001000000001100000100000100001001000000001
00100100011011010010001000000010000000010000001001
00000000000000000000000000001000010001001010001000
10000010011010000000000011100000001010001000000010
00000000000000001010000010100000000000000000101000
01110000100000001010000010000010110100000000111011
00011001000010000000000010100101101011000010000001
10010000000101000100100101010000000000000000010010
00010011011000001000011100000010010010001000000000
01100101010101000000100000000010110000000000000011
11010100000010010100001001001100000000110000000100
00010000000000101110000100000010010000010100000011
01000000001110111001000000001101000110110000000000
00010000100000001000000100101000000000000000100000
00000000000010010000001000000100100001010101010000
00001000100001000101010000000000001100011001010000
