00000010101101110111000010101100110001001111100010
00100110101011010111100101110001000101010000100111
01010001111101110011100000001001101110001001011111
00101010000000010111101010100001011011011111001010
00010001110011111010011100101011011001011110101111
01000010111000010010110110110001000011111010000000
11010101000000011111101111000100000100100111101111
00101010011001100010110101111100010111001100111100
11101100010100110000111000110000011000000010010111
00101101100001010101001100110110010010101000101001
11100101000111000001101111111000001110000000111010
10100000101010001010001001111010010011101111100010
01001000001101100100111100111011100110001110011010
11101001011010100111010000010111111000001000111001
10101001100011000001100110110111101101101010101110
11111110110000001010001111101100001100111000010001
00001010000100010111111011011000100101110110011111
11010010010011001011000000011000001000111101101000
11111111000101011100101010010000011011100100101010
11110010011001101100001000001101010110100010110111
01110111101010101010000000111101010111101111100110
00001101100011001000001000100100101000011100100010
00011010111110011011010000101111111100110011110000
01001111011010110000000001010000100111001011011011
10010110001000111010000001000100000001011111101100
01000011001100011000000110100010000111100111111000
11011101111110110000111001011100001011100000010101
01000101111111101110100100101110101110101111000001
10101001001110011101101000110101001011010001111111
10000011010001110001111010111010110110000100000100
00001000010111100000001001010101011111001000010110
01111100000011100001101000001010010101000001100100
10100000000011101000011100010100001001111001111001
10011001110101000011101000000111000111100010111001
00111000101001110110011000111010100001111110101101
01100011001010111001101101010111010001101100001111
00110101011110000011100101111110010000100011101100
11011101000100101010100111101011111100011101010000
00000110010100111111101001110000111110011010110000
01011100000000011100011010001000101001101000001101
10111101010111110100110110010010101101110110001010
10011011000110001110110011010100001101001001110101
10011110100110101001101111010000011010101000001011
10110010000100000100101111011001100011000100100100
11001011011101100111111011001001111010100101010000
00100001101011011001001101101010110001100100100100
00111011011011101110000111001000111110011010000100
01101011100000101001100010101111001110010101011001
11111010101110101011110100001010000100001010000001
01101010110001011001000100111000111100010110000110
