00100000110100000100101011011010000110101100000100
00100000110001000001010001000000100000100010000100
11000000000001100101000011000100100011001000000000
00000001110100001000011000001100010000000001001000
00000100101010011110000101000000000010100000010000
00001010001100111000001001100000101000000100010000
00000100101000000001000000000000100010001001100000
00010000000101000000100100100010000000000000101011
11011010010100000100010000100100100010110001011100
11010000100001010000010000001000110000010010001010
00001110000100000001001110100101001000011001000101
10010101101000001010001001110000000100000000000010
00001000000000000000100000100001000000000001010001
01100001010000010000011000000000001111010001000010
00100100000000000010110000011100000010001000100100
00001100010001001100000000001000000101000110110000
00011100000100010000000110101000000000110000111000
10101000100000010000000100000111010000001100001110
00001000000100100000100101100101000100011101000101
01100010001000000000000000000100100000001000010101
10000001000010100010000010011010010001011100010001
01010000110001100000001001011000100010010101010100
10010100001101000000010100001000001000000000011000
00001001001000001110001000000100000000100000010010
10100000001000001000100001010110000000010010000000
11101100000100000010010010100000000000011011001010
00000101101110001010000001000100100000010000100000
10000000000100100000110010001110001100000000000101
10010000010000111000111000010000000001100001000000
00110000101000100111000110110000100000001101000000
10000001000000000100100010010000010000100111000100
00000000001010000110000000000000000000001100011000
01100110110000000001010000100100010010001010000000
00010000010000000100100000000010100100100110010010
00000100001001000000001000010000000000101001000001
10000000000101010010000000010000010010010000011000
10101010100001100000010000000000100100000111100010
00100000000001010000100000001000000000000000110100
11001000100000001000000100001010011000000100010101
00000000111001001010110011100000000100001100101100
10100010001000100111100001000101101000010001000011
10000100000000010110110000000111010010110010000100
01000000010000010000000011000010110010000100000010
00010010101011000010010001001110001010001000001000
00000011000000111000000000100000000011010000010001
00001100100010011001111100000001010101100000100100
00010001110000001100001001000001000100010001000110
11000000101000100111010000010010000001110100011000
00000001010101000100000101000000010010001010001001
00000001001010000011100000010000001000101000100010
