00101001010011001010100100000100000001000100000010
00001010110101001000100000010111000000000000100000
10000000001000000000010111000011000001000001001100
00000001000010010000011000011100101000100101100110
11000000100001110000001010100011101000010000000000
00000000000100100101100001000000001000001101000001
01000000010011001000101000100100000000001011000000
10010000000000001000000110000010101100001000000010
01001000000000010000001011100000000111010100000101
11000010000000100000000000000010000000000001000001
00100000000010011110001000100101010100101110100001
01000100000000101011101000000001000110000000010000
10010010001000000000000010000000000011010000000000
11001010000000000000010000100010101101100001011011
00001100010100010000000000010110010100000100000110
00011000101000101010000000001000011001110001010010
11000011001100010000000010100000010001010000000110
00000100001000000000111001011010000000000100110000
10000000001100010000010001000100100000011110010000
00000100000100000000001010100100000001000010100011
11000110000100000100000000000011011010010110110000
00110000000001000110000100000000011001100000000000
00011010101100000101000000000111000000100100100000
10100001000000000000010010000000100000100000100010
00101001100010001001000101001000000011000110001000
00100100100000000110000010000000010000000010001000
00001010101001001001000000010000100000000001010000
01010000000000100100000000100000000010000000100000
00010000000000010100000010000001000111100000010000
11010010001000100011001000000010010001100101010000
01101001010001100100101000000100000010000010000110
01101000001100000000101000001000000000000100110001
00011001000001000010000100100000000000101010110011
00000000001000111000110001000100000001010010000000
00011101000001010000110000000000000100000100001000
00000001101101100000000000001000001010000100000000
00000000100110000000100010011010000101010111000110
10100000100011011001010010001100010010100000001000
00010000001001010000011100001100100001000000001000
00001000100010011010100000000000010010000000100000
00000111001000000010000000000000100000000010011000
10010100101000100110101010000101001110000000101010
00000010001000000011100011000010110010001001000011
00110110010001010000000000100100000010000010000110
01010000001000000101101100010001100000010100011001
00000000000101010110100000101101100000001000100010
00100000000001000000000011000000001001101100100101
00110000100000101000000000000010000010000001001000
10010001000001111001000100000010100010000111010000
00000100111001000001000000000001100000000010101000
