01011010000000100000101000000010001100011010010000
10000000000011000110100110001010000000010000011010
00001000100000000100000001010100001100111000010100
10000001110001011101010010100100001000000000000100
10100101001000000000010000000000000000000000100000
00001000001101111100100000100110000000100000010101
10000000000000001000000000011110010100000000000001
00011000000000101000001110010000001100011000010100
00110000000000001001000000000001100000100001100010
00010000000011100100110000101000000000111011000000
00001100000011000000100000110000110000010001001000
00000100000000100000010000000001101100000000001011
01000000011001100110100101000000001000000101000100
01010100011010100110101100011001000000001100100010
10000101010111000010000010011001001010000000010011
00010100000000000001000001100000100000000010110000
00010111100000000001000000101100001010000001010000
01110100010011000000100001100000001011000001110011
01000000000011100000000000000100001000001100000000
00010000100000011000100010110000000100010000010100
11000100011011000101000000001000000100000011011010
00011000010100000000000000110000000001011100000000
10000001000001000000000001110000100000000100010000
01000001000011000000000001001100000000001001000010
01010001000000100001000001100100100000000000010001
00100000000010010100001110000000001000011000000000
00010100011000011101011010010000101010000000000100
00100011001001100001011000101000000010100000011000
01000010010001101000100100010110011001001010101001
00110110000000001010000110001000000100111000010000
11000110000000000000000000001000000000000101100010
00000000100101100000000000000000000001001000000100
00000000101100010000001010100000001000110010001000
00000010001000000000000000001000000001000000001100
10110001000110101110000001101000100000101000000100
10100011000100000001100000000100000010000000000010
00000000000000101100000000110000000100011110110000
00000000000000000100010000001001010000000010011000
00100100110000000000000000010100101000001011010010
11100001011000000001010001000100100010000000000001
10100001010001000010010101001101001010100010001000
00000000000011000010011000000010000010000010010000
10000000010000010000100000001000100011101100000000
00000000111010001100100100000010000000100000000001
00001000100001010100000000001010000010000000010100
11100101000000111101101010010100000011100100100100
01000000001100000000100000011000110001001000000110
00110101000010000001000000100001011000000000111010
01000000100101100100100100000010000100100000001100
00000110000100100100000010001000000000010001000000
