00111110011110101011100110001111011100000111111101
00111111111011111101101111110111110010110111111111
11001111110111111101110111111100000011111101111011
11001111111111111110011111111111110011110110101111
11110110111011110011111111000100110111111011111111
11111011111101101110110111011111111010011100101111
11111101011111111101111111111101111010100111110111
01110110011110111111101111110101110101111101101111
01111100010110011011101101111010111111111110101001
11111111101011101010011111111111011001010110111111
11011111010111011111000111110101111100011111010010
10110111101011111101101100010111101111101111111110
11111011111101111101111111110111111001111110101111
01111110011110111110111101111111111101001011110011
11111111010111011111110101111011100111111010110111
01111011101111101111111111011111010111111011011111
11110111111111110100111101111111111111111111111111
01110111001111111001111111011101011110110000111100
10011101111001110001111111110111111101111111110110
11101011101110110110011110101111011111110111011110
11101111100111111110010111111001110100011011000111
00111110010011111111100011111110011111111111011011
01011011110111011111000111111111111111111111110111
11111111111111111111101011110011110101101111110111
11111111011010010111111101111111111111111011011100
01111111111011111110111110110011111111111101111111
01110011111011101011111111011111111101011011110111
01110111111111111110111111101111111100111111110111
10110110110001111101111010110101101100011111111011
11111111011111011111011010111011001111111101111111
11010100110111111011011111110101011111100111101111
11010111011111111111101111111110100011101011111101
01011111101111101010101111111001011101101100111101
11011111111011011111111111110010101111111110101101
10000110111111001111011011111110110011111110001100
10001001101101111111111111111110110011001101111111
01111110100100111101011011000111011101111111101111
00111001110111111011011111100111111110110011110010
01111011100110111111011111010111111011010111001011
01111101111010111111111011111100011011100101100111
00101101101111111010111111111101111110000110101100
11110111111110001011011101011110111110111010111110
11011010111111111011111110111011011011101100111111
11101011001101011011111111111111000111110000011111
11111111110111101110001101111111110111011110001001
11101010011101111111011111111101100101000111001101
11111101110110011101010011001111111110101111110101
11011111010110111111101111110111111110011111011001
01111111011111111011111101111110000111110111000001
11111111110011111000111101111111110110110011111110
