01111111110111111111111111010011111011111100001101
10101111110111110111101111011111011111111111100111
11001011110001110100010110111001101111101111110111
10001101111101001000111111011011011011111011111111
11110101111110110111110011111111111110110001111101
11011011111100111010101101110101110111011111111111
11100101001001011111011100100111111111111111101101
11111110111011111111011111011111111111101011111111
11111101011111111101110111111111111100011011001111
11111101101111110100011111111111101101111111100001
00011111110011110100111101010111111011101110011111
11011100110011000011111110101000101111000111100111
11001001111101011111010100010100101111111111110111
11110011111110110011111111111101111110011011111111
11101101111001001111000001111110110011111101111011
11101111111011001110101110111101011111010010111111
10010111100010110110111111011111111111111101110100
11101011111010111010110111011111011111101101101101
11001111000111111100001111101011111101111111101110
11001011100111100000110011101110001110011111111101
11011100101101011101001011110100011111101111111111
10111011111111001101000110011110011110110111111101
11010111011101011010100001110111110111010111001111
11110111111111011110010011111000011101111101101111
11111001110101011111110101100111111101101011111111
11011101111001101111101110110100110111111110111011
00101110110101110011101111000101011110101100111001
11111101111011111100111101000001111111101101001111
01111001110101111111010100000111110111100011110011
01001111111011111101111011101011010111111110111100
11011011111000101111011010001101111011111111001111
11111111111001011110001010111110111001111111011101
10101111111111101010001011011011001010111110111111
11011111101001111110111111111111001110110111111000
11111011111111011111110110110011110011101101110111
01101111110111011111111111111100010010111111011111
11111111001111111101111001111110111101011101011101
11110111011110111110101111011111001010001011011111
11111011011010101110110111111111111100011011111100
11011110110011111011011101000111110110101010111111
11110111111011101111100111110111101111110111101110
11100110011110101111111101110111111110001011011101
01110111111111010011111011001111110101111101111111
01111111110111101111111110011011011111101110110101
01111111010111111111110111101100111000111011001110
00111101001011111001110011101101111111110111000010
10011111101001110111111111110111110111111110100011
11111111101111011111111110010111101111111111100011
01110101101111110010101111011010101101011010111100
11111111111111110101111111111011101111010111001100
