01101110111011011010110110111111111100010010111111
10111111111101111110111110111000001111101111101100
11001011111100111111111111101111101101101110011110
01000101101011111111011011111011011111001111010011
11100110110111111000110011001101110001111111111110
11011011001111111001101111111110101111110101111111
11101101110010011111110111010111110101010011111111
01110110010111110110101101111111111111101011111011
11111010011111110111101110001110011111111101111101
11101011100101111111111111110111101101011101111101
11110100100101101001100111001111111111110111010110
01101101111011110111110111110101100010110101011010
10011111100101111111110001111011100110011111111100
11011101111110101111111111111111010101110001111101
01111101111111011101111101110111101101101111010110
11111111110110101100111111111011111100110111110110
11111110011011110110111110011110011110111001110011
01110011110111111011111101111111010011111101101001
11110011110111001101111010011101111111111011111011
00110110111111100110111110111111111001111111010101
11101111111111111111011001111011101001111011111101
11111010010111111111100011001001101110111011111101
01110101110001111111100011110110111110111111011111
11100111111101111101000001111101111101101011111011
11111110111101011011011001111110010100110011011011
00111111011111110100111110000111011110111011001011
11110101010111110101101110010101111110111111010111
11010111010111111111101110100011101100110110101011
11111101101011011111110110000111011111101101110101
10101111111101101111001111101011111111111111101111
10110111111011111101101011011101001111111111111111
10111011011111110111110101111110110110011101111111
10101111011110110011111100110101010011111110011111
10011011101001011111001111101101100110111011111111
11110101111000111011111101111110000111111111101011
11110111111011111010011111111111011011111111110111
01010101101110001110011001101111111101111101111111
01111111111001100111100100001110101110101100101111
01101101101101111111111111111110111111011111111100
10001110111111011111111011110111111110101101011111
01111001110010101111111101101111111111110111100010
01111100111110110101001000111111101111111010111100
11111011001010110011111111110110111100101101110111
01011111111111111111111111101111011110111010101110
11001111110011011110110100011111011111101111011010
10111111111111111011111110101011110110110110101010
11101111110111000110111111010111111011110101110101
11101110111011110001111000101111110111110111001001
10111111001100111010001111110111111111011011110001
10010111110001001111111111111111111111010010001110
