00001010100000000010000001000010000100001000100011
00010000100100110100000001001100000101011110000000
00000011000001000010000001000110110000000100000100
01001000000100110000010100101001111110001000111110
10010001000000010101101111001000000001011010001010
00000000100000000000001000001101000000001001000001
10100000010110101010000000011000100101100000000001
00101000100000011010001001110000110001100000100000
11000101000000101111111100000110010100000000000000
00000010000001101000001000000011011100011100100000
00000000000001001010000010000000100100000101000000
01010010000000000111000000000000010110000100001010
00000010000001000001001000000000000011000000000000
00100000011010000000000000001010000011101101000101
01010010110000001010100101110010000100010000100000
01011001000000000100000001011101000010001000000001
00000011111000100010000100001000010100011010000000
01001000100100010000110000000000001010011000100000
10100011101100101000100110000000000000000000000001
00001000100110000000110110000100001100000000010000
00001000100000100111000010000000100000000000100000
00010000100000000101000101010001000000000011000100
00001101110010000000000000001111010000100001100000
00011000100000101011010000000010000010000000000110
00001000001000000011100000000100001010000111000000
11101001000000110000010000010100000000100000000110
00010001000000100000000000000000011100000000000001
00000011000000110000010001001000100000000000001000
01011110000001011000001000010011100000100001110000
01100100100000010001001011000001000000101010000000
10100000110001100000001100001000110000001000010011
00010100010000010000011000001100000000000011000001
00110011001000000000100000011010000000001101000000
00110001110100001000001000100010000101000100100101
00010000010000000101000010100000000010000000000000
11010010111100101001000000100000010000000000100000
00010000000111010100000110000000001001000000010000
01001011000011000000000000000000010010000111100100
00000011000001000000001001001100000000000110001101
01001000010000101100000000000000000000001001011000
11011100010001011100000000000110100000010010001110
01100000011101000000000010000000110001100000010000
01001000000000001000010010000101000001101000000000
00000100001001000000011010001001100001010000000000
10010001010000100100101000001000010101000000000000
00010000000000000001000000001010000010010100001110
00011000000100000000000000010000000000111000010100
00110000000001000000010101000000010001101000011001
10011000000100000000000101000010000000001000010000
10000110000001010010000000100011010000100000000100
