00001101111000000000000011000100001010100010110001
00100101001111000000000000000110000100010101001000
01001010110001001101000001000101000000001000010100
00000000011000101000101001000001000101000000100100
10100011000000000000001100001000000000000000011110
11000010100100010010101000000100001000000100000000
00101101000010010010000010100101100000000111001000
11001010001001010001000001000010000001011000001000
10100100010100000000000000000001000001000000111000
10110000100000000000000001000000000000110001010000
11010001000100011100110000110001001100100000100010
01000100101001010000010000001100001000101000000010
01000010000001100001101000000000001000001000110000
01100001000110000000011001000100011111100000001100
00010000000010010000101000010110000000001000010001
00000111001100100001001011101000100011100101100000
00110000001000000000100100010110010110000010100001
00100000001000000000110000010000100101000000000001
00000110000000000001000011000000111010010100001100
00100001000010010010010000001001001000000001000000
00010100001010101100000000100010110110011000110010
00000000001101000101000001100000000100000000000000
00011100000011110000000001010100100000010010100000
00001000000000001000000001000000000100001010010000
10000010000000010010000000110001010000101001010011
10110001010001010010011100100000000001001000001100
00000010001000010000110011000000000110110000000000
00000000001000101100001010000000110000000110001000
00001000000100010001000000000101010001000100000101
11100110000101101000001000001000000000000010010001
01000001000000101000100000000000010000000000000000
00110010101000000001000010001000101000001000011000
00000010000000010110101000010001000000000000000110
00000000000001001010100010011010000100100100000100
10000100001111000011000000000001000000000000010010
01010000001001001100110100100000010011000001011000
10000000000001011010100000100000000100100000110000
00010001100001010100000001001000000100100001000100
10000000011101010000000010100000010011001010001000
01000001010000000010101000100000000000000100000111
00100001000110100000100111000001000000100000000000
01000110000000010010000000011000010000010010000000
10000010000000001000001100010100000000100100000001
01000010010000010001000010000000000101000000000101
10010000101010011000101000000000000010000000000010
10101000110010100000100110000101001110000000000000
01001011100001000010000001010001000100100000000000
00111000000001000010000001001000110001010001000010
00001000001100000000100010000000101000010000100101
10000000000000101100000010001100000000010011000010
