01111110111001110110010110111001010011000101110000
10010000000111111000010000010110001100110001001100
10000100111110011010000111111000010101001100011100
11001111000101011011011101010001001010011111111011
10010011011010001101001101100010101101100001110000
10110011101100011001100010011010100111001100001001
10011100010011011000110010110111001000111111001010
00011100011111010000010001000010001110101111000111
10100100000100000111001111111100111000101010100011
10101011000111100111001001110010110100001010001010
10101101000100011111101110001000001100000010101010
01110101111010110010101001000110101010000011111001
01101011010101101101011100100101000001010010000110
11010011010010000000100010001101111101000110011110
11000000010110011010010101100011011101101011101111
11110111001100100001100011100100101111110010101000
01111110001010100011001000010110000001011100011011
10001000111010000001001011111001100101010110100101
10110000111100101000000111100001001101101000111001
00011100111010011100111100100100000000100000110001
00000110001101010001010111110110011000101110000100
11010011000010100001101111000101011111010010000001
00011000111110001101010111000000110001010001100010
10111000101010100011111001101010101100100111111001
10100110101001010110111000010101100101011101100000
00111001110100110110111100101101011001001000100010
10101010110010110111100101001101101000111000000101
11110110110000001100100010001101000111111010111010
10100100101001000100000101110001101101110000001110
01000010100111011001110011110010010001010010101000
01001111010100101000100100000100001000000100000110
10010010000011100110010011111000111000011001111101
00001100110101010100001110101001011010010000001110
10100000110001100000111001000101100100000101000111
01011011101101110010110101101011100100110001101011
01101101011001110110010110011000011011100111011010
10010101000100010000010000010000100101011010111010
10101100000011111110011011011100000110111110001100
01001011100000110011100100111000001101000000011010
01010010000010011100011010111101101011000110000111
00110111110000101010100011110001000011000101100011
10110111000001001100100110000010010101011010011101
00010011111111110100110100010100000111010101101011
11011011000100100000001110000001011100001010101001
10011000101100110111001111010101001010001011000101
10111000000101001011000100010001000110100100000100
01110110011101111010000100011101101111100111000101
01100001000011100100100000101011110001010100111011
00010011111011101000001001011010111110111010000101
00010101100100101111010100100001011000011111101110
