00110101101001001101101111100111100011001110101111
00111111111111011111100111111011110010010101010110
11011110111111011010111011110101111111101101001111
11101110111011010110011111011111111111111110101011
01110101111110111100011111100100111111111110111101
11111011001011111111111001111110100001001110111111
01110101011111111111101101101110010001111111101010
11001110110010101110001111011101111010101110101101
11111001001011110111110101111111111111101111111111
01111011001111111011111110011100111101101111111110
11111110110011111010011111011111111111110011110111
01101010010011111100101111101011101100111111111101
01111111111101111111101111111111101111001110001111
11110110111110011011111010110110101011111111111101
00001111111110011101010100101011011110110101011111
01111110111111101111111011111001000111111110001001
11101111011111110011101101001111111111101001100111
11011111100110110011101111111111110101011111111111
01110111111011011101111110000101011111111111110111
11000110110011111110001110010111101111101111010111
11100110110111011110010111111111111111111101111111
00111100111001110010101111101111110011011110011101
10111111011111011111010110001110011110111111111101
11011011111110101111111011011101111001110111110101
11111001011111010111111101011111101111111111111011
11111111101110011100110110111111111101011011001111
11101110100111110100110001001111011101001000101101
01110101111011010101100111001011010111111011110111
01010111111110111100111111110111110011011101010111
10111111111011001111111111101001011011011111101111
11010110101111101101111011111001110001111011110101
11110001101110111111110111111110010111100111011101
11111101111111001101110111001010011111011111111011
01111011111000101110111101111111101111111001011111
00111001111111101011101111100100110111111111111011
00111000111110111111101011110001111011110111001000
11111001101011111011111010011101111101111111111111
10111110111011011111110111111111111110111010111010
00111011111101111011101110010011011111001111101101
01011010001101110110111111011110111111001011111101
10111111110111011111111011111110111011110111110011
11111111110111110111111110001101101110101011111110
10011111111111010111011111010111101111111101111100
01100010111101101111101111011111111110111110011011
10011111111101001110101110110110101011111110011111
01001100111101100111111110011011111011011111101011
10111111110111110100111011100101111111110111110010
11101101111111101111111101111111010010110110100010
11110110111010101111100011011100111011001101111101
10111101101111111111111111111111111010111001110010
