00111100000001001111111100001000011100010101111010
00000100110001111101000101000010101101101011011000
10011010000100000011101010010010010101110110011011
10101001000001010100100101011010000011101100101111
10110101110111101100111000111111100100110000110001
11001001101101000011001011000010010111011010110011
00100001010101001001110101010000110110010011100010
00011110100111101011000011000001100110000011110100
01001101010011000101010110011011101010111100101110
01001010101101111000001001001011100001010100101100
00000100010101111101010100010111110001001111110100
00101111011000100100000101001011011011100101010001
00001001100000110010011100101000000110000110010001
11011111111000110010110111101111001001100010000011
01001001011111011100100010101001011010110001011001
01010000011011100011110010011110010110001000110011
11001011011000100011110001110110010011101111011110
11011000101100100010100010010010011001001011110110
10100101000011011100101001111010001000001111101001
11100111101000011000101001110001100101110000010011
10111010000001111111000101011001000111100101101010
10001010101011011000001101100001100000111011111010
10101100010010000011010111011100100100001101000010
11010010101111000000111001001110101010101101011100
00100101100001110100001000001010111110101001111000
01010111010101001011111100100011100100000000110011
00001000000011101011010001010000011111111000111011
00111010101000011111101000100001100001010011010010
10011000110111110010101110000010001000001110001110
00001000001001011000001100000010111011001101011001
01111100111101011110000111001101001111010011000101
00001001111101100001110001010010110111101001100000
01001011111000000001011111010101001100110000000011
10100110001100111100000010100101000101011000100011
11000000100101100110000110101110100010101001001001
11101111000010010001101011100011110001111001110000
00010111100110111000100110100111001000111110001001
01110100011101001101100000110111010100000011001000
01111000100101101001110110100001101110000101101001
10101110110000100001010000110010110110000101001101
01010100101000011110011110101101011110000001001101
10110000111110001010101100001100000010110010011000
01100111001011001110010000011010000011000101000110
11000011001100101110111110010111001101111010100111
10011111111000010110110011100001010100100001011110
11101101001110111101010111110100000100000100101001
11110000110000101010110110101100001011111100110111
00010001111000001100000100001010000000011011101010
10110110100001011101111001111000110000000011101101
00111100000111110011000001100110111010111001011010
