00111111111111011110101111111101110011011111111111
00111111111100111011100110101011111011110111111011
11011100100111110110111101111111111111110011111111
11101011111011101100011110010101101110000111111111
11110001111111100111110011101111111011111101111101
11100010100011111110111111111011011111101100111111
11010101110001111110111010111111111001111100011111
11011010111011011011111001110111111011011101101100
11111111001100111111111111101111111000110111111111
11011011001010101101111110010101111111011111101011
11011001110101111111111101111111101111101011001110
11101000101011001111101011111110111001111101100101
10111101010100001111110100110101111111000111011100
10111111001100111111001101100110001101111100111111
01111110111001011101111001111111011101111111111110
11100111101001101111111111111101100101111111111001
11010111111111110101010101001111111111011111111101
10111110111111111011111111110101011110011101111111
11101111101111010101100011111110111111111111111110
01001001111111111110101011011010010101111110101110
11101111111110110111011010010111111110111111010011
00111111111010111100101111111101101010100101111111
10110111111101110101110111110111111011100110111100
11110100111011011100011000011101111111011111111110
11011110110100010111111001111101101110010000001011
10101101101101111111011010110101011010110010011110
11101111101111110110011011011110100111101111011111
10110111011110110111111111100111111011011101111111
11101110101100111011010110100001011110111010101010
10111011111111111110111111110000111110111011010111
01101111101101101011101000110001111001101110110000
11111111111010111100111111011010111111111101111111
11111011111110011010111110110111001010111101101110
11101111110110101111101101011111000111110000101111
01111111111111101110111111011111100111101111100111
00110100011011111111100110101101011001101101101111
11111101011010001110111111111101111001101101011111
11101111011111111011001100110011011110111011111110
01101110101101110011111001101111111111011110110111
11101011110101111111100111011101110001101011110010
10001111011101111111100100111111101111110101101010
11011111110111111111111100110011101110101000111011
11110000111010111011101101101110001001110001011111
11111001111110111110110100110101101111011010010011
11111101110101111111011100011011111101111100010111
11111110100011111110111101110111000011110111101111
11111111111011111111011111111001110111001110010110
10111111101111101111011101110101111111100010111011
11110110111001100111110111111101111111111111111101
11111110110101011100110010110101011110100111110110
