01100010101110100101001001100001100110000111101100
10011110000001101001010011001111011011001110100111
10011101010000000010000001011111010110001101000100
01101101110011011110010101000011100100110111000101
01110110101000011000011110010001101110001001000101
01111000111111101111111100111101111011000010101110
11001000111010011110100011000001111100111110010010
00110000011100011000001010000100110011101110100010
10011110010010111111011000100010010101000001100101
00110111101111100010110110001010001111011011111001
10001111010111001110110101011001010111110001100000
10000101011011101101101100110101111111011011111000
10010110111101001111110010000000100110111001010001
01010100011110011100101000101011100001110111011000
11000100110100011010010000111110111011010010011101
00011011100001100011111001000100101010100110100110
01011111101111100010110000010101100101111110001010
10010110101111000001101000101101110000011110010001
00110110111010111000111111110011100010011101101000
11000100100110010100000110001001101001001000001111
00000110011111011110011111110010011101010100101010
01011100111010111010101010000011001010010111011111
10001101100101010110110011110100011011101001001111
00011100011100000011100011000110110101111101001010
01001011010010000011111100100111011011011010001011
11110010001000010010101100001110011101111100000001
10000100100101100110101010011110110101101101011011
00101100001100101010101000101110010100110111100000
01100100011001100101000001110011010011100000001001
01100101000100111100001111110001010010000000011111
01110000110001100010110111111000011001001100100010
11111110001101001111010010001100010000001010110101
10011111000111111111000100100000000011010010001111
01100111101100100100101111111111001110111010111110
01001110010100110001111011000010010100011100100111
10111010111110001000100101110000011011100100100001
11101101011110110010011010001100110100011001001110
01000101111101101001101111101010100100100001110111
00010011001011011000001101111000010101011011100011
00010010011111101110110111010000111010100110111111
01101011010110001111001111100011011010100110010000
11110011000001011110110101110010001100011001111001
11010111010101111100010010010001110000111000111011
10111000111111000010011100110000000011100100011111
11000101111100010010100000010011011101110110011011
00000010010111100100010000100101010001011111100111
10000100010101101011111110101100110010010111100001
11111100100000110001011000000101111011010001010001
01000111000000011001111110100110111011110011110001
01011000110010100101011011101101101101110111111110
