00110001001001100001111110100001101111111101111010
00111001101110100101110010001111001000111100100101
11011100100011001011100101011110011101001011110010
11101100010000010011100101010101101111110010100001
01110011001010011011101110011111000100111010010000
00110001101101111110101010011111010101100101010101
00001001110101000101011101100110000001110010010000
11001110001101111010001000000100110101111010100111
01100110011111101001011000101111111100010001011010
00010010100111000001010010010110110000000111110111
11001101100111100101011111101000110001001111101000
01000111111000110010010111000111110001001100101000
01101000111001000011110010111101100101011011101010
10100111111010110001010111101001001001111001001101
11000101101101001111100110011111010100011001100111
00011101000101000101100100001010000101100011010001
00101101100000100110110100100010110111000000111001
01000110001000111000001101000110110100001010101000
00111101000110101000100111110011010110111011110100
11111010111011110000000001110000111010001100111011
11111100000010111010001100000110010001011001110111
11000010111111001000000111111111110101010010011100
10001111101000000100100111010010001111100110000010
10111010001101111110111011100010111111110101101001
11001100011111100010011100010011101111011100000101
00110010001101000111011100000010011111010100011110
10000010101011001011010100010011101001001100100000
00111100010010100011011010101111110011110110111001
01101100101011110000010000010100001001001100000011
01111111110110100100110000011000011111011001101001
01101110110100111110111111110001100110101011110000
11011100100111100010010010110010110001100111011001
10010001111110001101010110110011011001010001100011
00100101111100101111110101010101101010111011001010
11110000100001000001001111101100110110110110000100
10111101100010111110011111000110001000111100101011
10010000000000001011001111010110011000001010011001
10110111001111011000111111111101100000010011100001
11011111000001010010001100010011011100000000010011
11011011100011100010110111010100111101001010000011
11101001001111100111100010101110010110010101001010
11000100011100000001001111111001001100001000001101
00111011011010010110011000010011011011010001100100
10100100111011110010100100000111110001001010110001
11110001011110101111100100110110100101000011011100
10101110110000011011110001010011000010100001100111
10000000101111001101010101010101010110001100100010
01000101010001100010110011000000001000000110110011
10100001110010100001101001001000110100111000011101
01010101010001111001100110011101100111110101010110
