00011001101010110010111000011001011100110010000000
00001010100111100111011000010011101101000010001110
00000000010000111001101001010010011000011101111101
10000000001000100110100110000110010010101001001001
11000111111100001000111101111101000111010110001110
00001010011101011001100110101101111110101000010001
01001100011011110110010010010100011111110000011101
10001000110011000100110011001000101000001010101011
11001001000110010000110001101101111110110000111001
00101111000100110001100101011001111000010110110111
10011110000101000011011001110110110110000111110100
01001100111000010011011000010101010010010011011011
11000011100001101010100000011100001101101110001101
01000111001010111101101010011010100010100001111111
11110010010011001101001000001010101000101011000001
10100110110101000100001010000110100100010110000001
00101100000011100001010100001000000101011000101001
01010011000001110001100011001110110101101001110000
11010010001110000001010100111000110011001011111100
01100100011101101110010001101010001110000100110010
10111101110011000100001000110110100101000001100001
11001011101100001011000010010000101101111101110011
11101000001101110000100000110101000101101000011001
00011100010000001010000000110110101000011011101000
00010111000001010100010000000001011011100111001111
00101001111000000101000000010101000010000111101000
00001100101000000011101100011100000001010001110111
11101010011111000010111101101100000010010000111111
10001101110011101111000000110110011101101110110010
00011110101110010100101101111000011010100011111110
01110000001001110101100100001000101010111000011100
11001100110100000000001011000000111011111010100111
01000101111001110110110100000011011001011001011011
10110110111100000110000010001101101100011110010111
11100111110010100001010110001111110011001101001000
11001110101010011101111000001000010011111001101111
00011110101101000011000011010111001100011001001110
01001010000010001110111010101001101100101111011011
10010110100011100100011010001111000101010111100110
10101010110100011000010100110011110110101011110111
00110101000010101110011100001011111111010011100111
00101000011010010001010011001000011001100000111001
11001001011110110010000111001101010001111001101001
00110000001101100110110111100100101111111010011001
00100001111001001111110101111101000100111110010001
00100110111101000111011000111110110001010101100101
01111011100111001010001111010110101111000111000110
01101010011011000010000010110111010110111000011011
01001001010101000001010010111101110111111000001100
00110111110111111000111010110001110101011111110100
