00100000000000100000000001100010000100000010000000
00001000000001001100000100000100000000100000100010
10010010010110010000101000010000000100010000100011
00101110000100011000000000000100001000000100110001
01010000000100010010110000000000000000000000000000
00010000111100100000101100100000000000000000010010
00110000001001010000001011100000010000110000000010
00000000010010000000100110100000010000000100100000
00000100000011010110100110000000101000010000000010
00100101000001011011000001100010000000101000000110
00000110000101000010010010000100001001110000100000
00111100001010000000100010100100000000100000000000
00100001100100001101001000100001100001000100010001
01000010111000100001100000001000000010100001010110
10000100000001000000000100100001000010000001000010
00111010110000000110001100000001000001000000100000
01010000010010000000110000000001000010001000010000
01000000100010010001000000111001001000000000111001
00001000111000010001101011100110000100000010100001
00000000010011000110000000010101111100000000010010
00101101100101001010010010010010010011000011011000
00001000001000001000100000000000010110110000000000
00100110000010010010000000000110110010101010010000
01000101100000110000000011010010010011100100100000
00000011101100000010100100001011000000100000110000
10000010010000000010000100001100100000000000100001
10000111010110100110000000000110000010011010100100
00100000000000000101100100000110100001001011000000
00000000000001000100000011000100000000100001101001
01010000001100000011001001111001001000000010100011
10000000010000000010101110110001000010000000010001
00000000000010111101000010000110100100000001001000
00000000100010000001001001010001000100000001010000
00000011000000000001111100000000000011110000010011
00010000101000000101000000000100000011001010000101
10100000000000000011010000000001100001100000000110
00000000000001101000111100100010011000100000001000
00000000001010010000100100010000011100001000000000
01000010011101000000011110001000010110000000001100
00100010101000000000010000100000010000000010010001
00000000010000001000001000110000001001000001010010
00010001000010000000000100000000000000000000100010
10000000000000000010101000110100001000010000001001
00000000000001100000100000011001100000001000001000
01110001001000010110000111101100000000000100001010
00010100000011001101101010000010110000011000000000
00000000000000000100100000001001000010100011100000
00000000010001000000000000100000001100100000000000
01100110110001100001000000000100010100001100100001
00110000000010000110000001001110011000010010000010
