00011000101111001011111111101111101100111111110111
00111111011110111111111001111111111010111010101011
01011111110110110101101101111111111011111101111111
11101111010110101110110111001001101111111010011011
11110101111110111111111010001111001101111111111100
01111011111110101100010110011110100101101111111101
01110101111010011011101111001110111101100101100110
01111110111011011110111010111111110111101111110110
10101111001111111010111011011111001111111101111110
01111111001111111110001111110010111111111101001111
11001111110111001111010101101001111101111011111101
11111100111011111101110111110111101111000011111111
11111111111101011111101110011110110111010111111111
10000001111110111100110111111111111111011011101111
01111100110101011101011111110101111110101111011111
01101011110111101111110101111001111111001111011011
11011111111111110101001011111011111101100011011110
01111101011111111011011110001001110101111011110111
11011011111010010101111110011010111101001101011111
11101010001110111110101111101111101110111111101000
11111011100111010011010111010111010111010001110111
11011101101101110110101110111111101111111111111101
11101011110010101111010011110001101111011011111111
10110110011111110111110011101100101111011101111001
10011111110111101111111100101100011111011111111111
11110010111101111001101100101110110111110111111110
11100001011101111001011111011001010100111111111111
01100101110111111010111000100111100111110110111110
11111111101011011111010111100111101101100110010110
11101111100111100001110111011011110111111110101111
11101111110111001011110001011101110111110111011111
11111001101101111101111000111110010100110011101111
11110111011111111111011101011110011110111010111001
01100011011011111110100011100111101111011111110111
11111010111101111011011110001000110011111111101101
10011111111111111111111111111111110010001100110011
01110001110111110001111111010110111101101111011111
00111111111111011110111111011110011010111011111101
11111111111000101101010001111111101011011111101111
11111000111011000101111111110111111001100010110101
11111101111001110111011110100100111111100111111111
10101111110010110011010111111110011110101011111111
11011101001111111101011011111111111011111101101011
10101111111111111111111111100011011011101110110111
11101111101111000101111111110101111101111111011110
10111101101110111110111111111010110111011101101111
01111100111111111011011111110111101011101110110011
10101111111111101110111011111111011011111101110011
11110011110111111110101011111111010110101111111100
11110100011111110110111110100111111111111111011100
