00010000001111010011011110010000010011111110101101
00000111111010011011000110010001110001110011010110
00011110001101110110000011111010101101001000100111
10101111111001010101011011101001010110000000101110
00110010100000101011100000010111011111011001100111
01110011111000111000010111001011110101000000010101
01111101101000101011101100000010110011100111011111
01010110111100111100011111001110000011010110100010
01011111000011101110011010110101011111110101100100
01010101000001111111100111000111000011101011100111
11110111000001011010111111100100001011000001000011
10100001000000010101111001100111110101100110001110
11000000100000001001111000000010110101010100111000
10110000111000011011101011100001010101111110010010
00101111110000011010100100001010010011111100001101
11110101011101100100111100010100100010011110101001
01001111111011100100111101110001100010101111101011
00110001110100011010011100010100100000001001111000
11101010111001100100110011111100100010101101111011
11011010010111000000111010000111101010000111100110
00001010011111111011010111011010100100101010101011
10010101101110011111100101101010101111111110110101
10010011101111011101000010110100100010101111101101
11000111011000111100110000110010000001111111100011
11110101111001000011101000010010100010001101001000
00110101011101001010110000010111110101100010110011
00110000101101001010011100011110000101010000001100
11101000100000011110101111100011110101000111100010
00110101000000100010110000100100101010111001111001
00001001111100010111001001101001101101111011111000
00101111010110100001110111110001010110101001001101
01011100110101001001000001010110110110100111010001
01100110000110011111111011011101000010110001100000
11011110100111100000000001010011001011000101111010
00101000101000000001010000001100010010010001000011
00111100100111000000110001110111000001010010000100
10011011111000111011011010001011111000001110011111
11101111111111100000010101110100010100011101110011
11000010110101101010111101001111100000001011000011
11001001100011110000010100101100101101000000010111
10101000010001111110111110001110000011100110101000
10000011100111111011011110010001010011001001110110
11000011010101011001111101010101000110101000101010
01001010111000001111001110011111111001100100110101
10111001110010011111111101011100110001001111010011
01000110000011000110010001001101010011010101100100
10010010000110111110101010101110010010001010000010
11111110110100100001011000100010000110010101010000
01111011011101001011100101010000011011110110101000
10101110011000111010111101001011001011110001100000
