00110000000000000010000000010001101000101011000000
00000000000010000000000011000101101010100100100001
10010001101010000001000000001010000010000000001000
10101100001000000001010100100100000000000000000000
00010000000000000000010000001001111000010001111000
00010000101010001100000101000100000000101100100000
00000000000101000010000110000000101110000101000000
00100000110001010111010000110110000101101000010100
00100101000000001110000110000100000001001001001010
00000001000110100101001000100010001001100000000100
00110100000111010000010000000000100000000010000110
00000010011010101101001011100001000000000110111000
01100100011100000011101001000010001010000100000000
00000011001000000010100000110011100000010000000001
00000000010100000000011001001000000000000100000000
00000001001000000000011100000000010000110100100100
00000100100100000010000100001110001001100001000010
00000101110100000000000010000000100000100000000011
10000011100011001000000011110000000010000011000100
00110001010110000000001010000001000000110110110010
00000000000011000000000000010000110011111000000000
00011001001000110000001000010000000000001010000000
00000000010110110001010100010110000000000000000001
00010110100000011000001001110101100000001000110100
01000010100100000111000000010011100000100001000000
01000100000110100010000100100000100110001100010001
00010001010101000010000101010000000010100001000000
10000001000001000010111110100000000001000100000010
00101000000000101000000000000100100000011010011100
01010101100000001000001100001000010010001010101000
00100001010011001000001010000001000000010110000010
11001000000101000001000110000010010000010011000000
11001010001001000100100111001000010000101000000001
00001000000000010000100000000101100001001011010000
11001010010010001000000000000000000000001001100100
00000011000000000000000001000000000011010011100000
01100010000010000010100001100100000101010001000000
00000001110000001000100000010000010110000001000100
11000101010000011101100010100000100000000001100100
00001000000001010001100000001011000110000000000010
10000101100000000000110101001100111000000110010010
01000110000110110001000001010010000000001000000010
10000000001100000011010000001111010100001001000010
10001010100000001010000010100001011111100010101011
01001100000100010001000100000100001100100001000000
00001001000100000001000101001000010000001000000000
00101000100100000000000000001100000000000001000010
00000001011000010010000100001000001001100000000001
00000000101000001101000000010010000000011111001001
01000000000001000100001001000000100000000001000110
