01101011011111111101111110111110101100000110111001
10111100011010110101101110111111011111011111111011
11011111011110100001111111011011110010010111110111
01101111111110010111110010100111100101011111111011
11110110111101111111011100011111111101101111100110
01111011111111111101101100110101110111111110111111
10111100110101111101111100111111011101111101101101
10110100100011110111110111110111111101011001000110
00011111011100111111110001110111100100011011101111
11111110101110111111011111101111110111111111010111
11111100110100110111111111111111110111010011110010
10111110111011111101110000011011101111110110111110
11110101010101101111111111111111111110001101110111
10001111000110101111110111111011101111101101111100
11101111111111011111111110111111101010011011111011
11011111111100100011011100110111111100111111111111
10001110110111100111111111111111110111100111011110
11011111111111101011100000111011111101111101101111
00011001111011111100110111111111011111111111011001
11111111111111111100011011111101110101111111111111
11110111101111101110001111111111110011111010011101
10111011111111111011001111101110101111111100101101
11101110011010111001110111110011111011101111101101
11101111011011111010111000110111110101101100001101
11110001011011101011111001011001111111011111100110
00100001111011001011111010001001111101111111111111
11010111111011111111111100011111111110100101111111
11101111101111111111101110101110110111111111000001
11101010011111101111110011110111111110011111011110
11011111111010111011110100111011000100110111011100
11111011111111111110111100111101011101111111111101
01111111111111111111101111101110110111010111111110
10111101111111111101111111111001011111100111111000
01101111011010011111101111111011101110010111010100
11001011000111110110011011101010110101101111101111
11011111111111011111010111111111111001111111001111
01100100011111101010111010111001110000010111101111
01011111011101001111111111010011101100000110111111
00001110010101011111111101110110101100010111111110
01110111111100110111110011011111010110100111101111
01011111110011110111111111011010001100000101111111
11111110010111011111011111111111111111111010111101
11111100111100111011101011011111111111110100110110
01111011111011111111001011111111111110111000111111
11111110101111110101011011100011101011111111010111
11110100011111111011100001101111110001101111100111
11010110100101111111111101101111101111111101000000
00101111110111011101111111101111011111111111110011
01111101111110111101000011101001001111111011110100
11110110110010110111111101110010001111011101110100
