00000010100000100110000010100100010010101111001101
00010000101110010101100100000011010001101100000000
00010101010101000001010100010110111000110000001100
01101000110010110101110010011101101011111100000010
00010111011011110101111001111100111101001101000001
00101000110111011001011010011111000101000101010111
10001000111101001001011011000000110111001001011111
00101000010011001111001011000011101110100001000101
11010110010111011101000001110101111010111101000001
00111111100111010110100110001101110001010100100100
01001010000101000101111010111010110101010100101110
01100110111001111110011111111011010100011001100101
01011101110001101100110011011110011111001101000100
00101111111110010010000111011110101011101111111001
10011000000110011010100111100010011110011100011010
01011100110101100000011100111110010001010001000001
00000111100110100001100101101001000100010100101010
11011001111110000000010001110100011101101101110101
10000001010101100001001110010001000011011011100100
01111111101000001010011001011011100100110111110100
01011000011010101000000100010001010101010000111101
00111110001110010101001100101000100001011101010011
00001111001100010011010000111100010010100100001011
01100000010101111010110010000100111010001100001011
10010111011111100010000100011101101100000010010100
00001011100111101101000000001001100000110100001111
10001000101100111100011000011000101000000011011111
00111100101111010111101010101010000101100110100001
00011100011111011001011011110001011010000100110011
10111100110011010100001110000011111100100011001101
01100101001111110001000000010100101011001010100001
01010101110100001011100011001100100100100001001100
00111011111001000001010111100111010001000110001010
11101010111110110100101100001100100001000100110000
00111001100011100100000110101110000111111110111001
00001111001110101101100010010101001011010101111111
10010011100011100010001100001010001100100000001101
01011110011011010110110000010010111100111101000100
11110001100001000101001001010101001011000010101100
00110000111100111011110001000000001101001100001101
11011010100111100110010100000010001001010001000001
11011100111011101101011101011000111101010011110100
10000000000001000011000010110110101000100100110101
10001111100111010111010000100101000101001100000010
00000000011101001111100000011010011100100110000101
00000110000001100101110010101000011100000110001000
10100010001001101000101101100101101110110000010100
10100111011110000111100011100101000111110110101010
00010110001000101000011101101000100100000001000100
10001111100101010100111101111110001110011010100000
