01000000000010001000101100001000100000000000111100
10001001011000110000010010000001100010000000000000
00000001000000010000001000100001000011000010000000
00000000000100100001000000001000000010010110000000
01000000000001001101000000110010101000000111000110
00000000010010001000010000000000000001000010100100
00000000000100000000000110100100000000000000010101
01100000000011110001100101000001100000000101001100
00000000000010000000100000010000000011001011000000
01000100000000000000000000000010000001100001010010
01000000000010000000000000010110011000000000001110
00010010000000110000000000000010010110100110101000
10000101101001000000010000000001000000100000000000
00001001000010101010000000010001100010001000100001
01010001000101010000010010001010001000010000000000
01100001000100100000000000000111101001000000001010
10001100000001000000001010000100000010001000010011
00001000000000000000100100001110000000100000000011
00000000000001000001001110000001101100001110000011
00011001000000000010010000100000000010001001000100
10000001100000000100000000100000000110000010000101
01000100000010100001001001101111100000000000010001
10100000000000001010010101111000000000000000010000
10000011000000000110001000110000111011001000000001
01000010000000101010000000101010001101001000100100
00000001000000000000011000011000000011000010110000
00101010000000000001111110001010000100001001001101
00001000101001000000001101000110000000000000010101
10010000000000100100011011100000100110000000000000
00000010001000011100010000010000110110000100000000
00001000011100110100010010110000000000000010001000
01100001000011010010010000000000011000000000010100
11001001000001010010010100001100001001000100011000
00000000001100000000000100000101001011000000000010
00001000001000110010000110000001110100000011100001
00000000000100000010100010101100001000000100000000
01110000100101001001100101001100010000101101000010
00100100110000010000000111000000110000001000100000
00000000010110000100000000000000000010000001110100
00010000000000100000000000000000000000000000001101
00000000100001001011000110100000000011000001000011
00011001000100000010000000000100100110000010001000
00111100100100000010100001000010001000000100000001
00001001110000000001000000100000001010101000000000
10000100000101000000000011000000001001100000000100
10000010010000001000011001010001100000100000000000
10000001001100010000000000100010100000010100000011
10001111001000000001100010110001000000110000100000
00001000011000011110000000000000010010001000001000
00000010000001001110110100110000001000011010001000
