01111111110101111111011111110001110111111111111111
10101111011111111110011101110011011110110111111111
11001111111001111101111110111111111111011011101111
10000101111011110010011111000111110111111011111111
11100110101111111110111111101000111011111110101110
11111001111110011011111111100011011001111100110010
11101001111111110111000001110111101101111110100011
11110110111011111111100110100111011101101100111111
10111111010011011111111111001011101111011010110111
11110111100011101011100111101101111110101011111111
01111111000110110101111111011011010111111011101001
11001110001011101101111110111101111010110111111111
01011111111101110011111110111001110010101111011101
11111011110110111110101110011101110011111001111111
11111011011111010111101101111101111010111011110101
11111111101011101000011111010111111011110011101111
11101101110101010111101111011110011111011110111111
11101011101101101011101110100111000011110111111111
11011111110011101101111111111111011001110111011111
10100111111110101110101101111111011101111011111111
00101101111111101111011111101100110111000011101101
11111100101110010010101101111011101111111100011110
11111100101111111111110101011111101010111111110111
11111101111111111111111000011111111101111110111011
10111101111111011110100001010101101111011100111111
11011110111000111011111010001101111010111111110110
11101111010110100111110000011111110110011101011011
11100010001111111011011110101101111101110011010101
00101000111111101011111101110101101100000101111111
00110011010101111111101111111001100101110110011111
01110111101000011111011100100000111000010101110000
11110111111111110111011111111100111111100101111111
10111010110111110000111111111111001111000111011111
11111101011111111011100101110011001010111000111110
01101111110100111011011111011011110110110101101101
11110011111000001001110110111101101010010111110101
11111000111111111100111011100001111100110101111110
10111111101001011111110110010101100000110111111111
11011111011111110111011101010101011011001111101110
11111110101101111111011111110110011111001101111111
10111111111011101001011111100000010000110110101001
11001111000110001110011111101111101111111011101111
11111010111110111111101101010100100101101101100111
11110000011111110111101001111011101111110110111010
11111111111101111101101111001011011111111111011101
11010101110111101111011111111111110111010001101100
11111001011111011111110110101101111011111101110000
11111001110111111111111011011101111111110110110011
11111111110101011111011111101101110011110111000101
11110011111111111111101110111101101101011110100110
