01110100110111010011111101110101111111111110011000
10111111101111110111111011100111111101111111111110
11010111111101101110111001011111111101011010111111
11100111111010011111100101111101011111111111111111
01000011110111001101111110111100110101011111111101
11110011011010101010101110111101101100011111111110
01111101101101110010111111111110111111111111111011
01111110010111111111101110111011111111110101111110
11111010011111001101101101111111011111111111110111
10111101100111111011111000111111111111101111101001
01110110100111111111101111100001001011011111101111
11101011111011011111011111111111101111110111111100
11011101111101000111101111001000010111001101101111
11101011111110110011111110000111001111110010111101
01100111011001001111101100111111100011111001011111
11010011011101001111110101101110011110100011011110
00111101111100110111110111010111111101100100010111
01111001101110111001001011011111101011111110110111
11110111011111111001111011110111100110101111111111
11011001111111111110100110111111111111110110101101
11111111111011111011001101111111110111111111111011
11101010010101011010001111101011011000101110111111
11101111111111100110110111101111101111010101110110
10011111101111111001111011111110011111111111100110
01001111001111001111011101110111100111111111110111
11110010101110011110111110101100011011111110110101
11011111111100110011111111001110111011100011111010
10111111110100101111100110001101111111100111111110
00111111110110110101111101110111101011111111111011
11111110110101111111101111111011111111011111011101
01100011110101111111111110101101111110111101111111
11110101111101101111111010011110111110111011110001
11101111010100101111101010111111000111111111101001
11111011110010011001110101110111001111111011101111
11110111111101011101011101111111010100011101111110
11111111110111011011101110010111111001001110111101
10010011111111110111101111111111110001111100101000
11111011111111101101101111111100110110111011111011
11010011110101111111110111111011110011001110111011
11111111101101100101101111001111111011001101101111
11111110111010100110110111001111111111110101101010
11011111111110001111111111011110101110111010111010
11111110111101010111110111111101110101100101010111
01011111111110110010101110111111111001011010111010
01111111111111000111111111111011111111111101011101
11111111100101111110111011111111001101100111100110
11111111011111110011110000111110111111111101100010
01111101101111111111011111010110011100010010110010
01110111101010111110111110111010011001111111011101
00111010111011101111110011001111110101110010100010
