01110000100001101011101101111111010110011111110001
10010010101011001000100011100101100101000010100011
10011000110001100011110111111011000100111101000011
11100011011111010111100101001100101011000110000011
00100110000111111011010010111110100101011110011011
00001010110100111011111010010000100000101100011111
01011101100001011111110011111000100100000110000111
00010010110000000100111011011101101110010101011101
11100111000000000110111000001110111111010100010110
00110101001001001111101100110001101011011010110001
01010000010011000010110010010100001001110101011110
00011100000001110001100001100100010110111010011100
01011000001000011000000000000110100111001011000011
11111010011100000010100101011011101011000000111011
10101100000100010110101110110101001010001011111010
00011110000110100101101101110101010010111111000111
11001110010010000011101110111110001110100111101100
00010011110000110000010010011011001010100111101010
10111110111001101000010111011011010100000001011101
10111110010100011000011111100110101000100111000110
11110111111101111000010111100000000111110010100000
00101111101000000111100100101011000101000011000111
10000101110000111001000101111001100101011010000101
10110000010001111011111010000011010001001101011100
01101111001000101111100100101100111101010100010001
11110011000101010011101000110000011011100110001100
11101010010100111001111011000010111110101101000011
10101111011001111110001001000110000000001010001001
10111011100001001110011010000000110101101011111100
11011001101110111001000010010011010101111010110011
10101000100011001111010100110101100000011001001111
11100001010001110110011100000110000100010100000110
01011111110011000001001010101010010001100010011001
10000000100100010010000111101100101101101000111000
00010001111001101101000011100000010100111101010010
11101011100110001010111010101101011000010111010001
10010001110111111100100001100000000001111010101101
01011000111011000000111111001100110010110110110011
00100100001100011101100001101100111011010011111001
10101001111100010000101010000111001111101110010100
10101100010110110000001100111110011010010101010100
10111111101000011101000111100001001101011010010001
11011010010110111101111001011100100111110101100100
10100001001010111111010100101010001100101010011000
11000000010001101100100000001100010011100010011111
10001101111101100010000110001100111101111101101111
00001101001101101110000101011010110010100001110111
00000111101100011011011101001011000010011010111011
01111110101011110101010000100111001001000000111101
11111111010011010010011010110110100111100100111110
