00000011000100000001000000110101010000011100000101
00010000100000000100001000010001100000010000001010
00000110000010000010010000000000000000010101000001
01000000000100110010001001000000000110011100100001
00000001100011001110000001000010101000000110000000
00100011011100101000000101001100001010101010100000
10100100001000000000000000101000000011000110011010
10001100010010100000000010000000100010100001000010
01001000010100010000100000000101100010100000000001
00000101100100100011010100001010000111100000101100
00000110000010011000000000000001010000001000000100
10010100110000000000000001000001000000001101000000
00101001001001000000000001100000000001100000100011
00001000000010001000011000010101101001010110100110
00010101010000000100001000100101010100000000110010
00010000101000000001011011001101001010000010010100
00001100001001000001011011100000010000010011100100
01001000000000100000100001111011001001110000000011
00111000010000000001110000000010001111011010000000
10000000010000011010100000000100100000000000000010
00000000100000000111000001000010000011000010000000
00100000010001011010000101011000000100001010000110
01010000000001111000000000000100111000011000010010
00000100010000000000010000010000001000010000010001
00000001000000011000000001000001001100000000000001
00011100000110011100110010111000110010000010100011
10000010000010101100000001010010110001000000010011
11000000000001000100010101100000010010000110000010
00000110010000010100010001000100101010011011110000
10000100100001110001001000001000111100000101000010
00001000010000000110100000100000100110001011001100
11000000101101110100000010000000000101000010001011
01001001100001000001001001101110000000111001000000
10000000001000101000001001110100000000000001000100
00001100000001010110001110001100000000001000000001
00010000010000100010010010000111000010000010011000
00010111110000010010100001011010000101100100101010
00000010010011000110100000100001000010000010000100
00000101110010000100000000000000100010000000001100
11110000000001001110001100001000100000001000010000
10010100001100000010011000001010101000010100000000
10111010000101000000000000010100000010001001100010
00001110000001011010110001011011000101000000001000
00100001000100001000000000001110110000000100001000
00010100010011101000000001001000000010000100000001
00000010000000110000001100101000000100010000000000
01000010010000000000000000000011000110100011000001
10000000011001011000010000000010010001100000000000
01000011000011100101011001110101000010000100000000
10110000100010000100000111100001001000000000101000
