00110110110011011011011110100001100101010100111101
00101101010001111111011011111010110110110010000010
11011001011000010101001001010000101101111000001010
10100011110000000110010101101101010000001001010110
01100101010010000010001010010000101000000111001000
11001011000111010111100111110001011110110000001100
10010100001111010001101001101011110000100100001101
01111100011000100100111111000110101000111110001100
10010000001101100011000111011110011101001100110010
11111001000000000011000100111101010011011101101010
00100011100110011111111000000001001011011000010110
00000110101000100110011110000010010111000110110101
10001110001001011000001100101110100110100111110110
11000110100010101010000011000110000001001110000111
01000001100101000000100000110101111100001100101001
11100110001010001010001000010001101111001001011011
11000000001011010000101110010110111111000101110101
01110101001100000000101000110000010101001111111100
11011100111101010001101101001101000000011010011000
11100110111000000010000111000001110011101101101010
00000111001000101110010001100010110100110110101101
11010001001100000000101100101011000110000010100000
11101011001110011110010101000101110000001010100001
10010101110110001011011010101010101110100001110010
11001101100101001001000101000111110011111110001000
01110111100001000011101010010110110100111100100010
11010110010010100100110100001101000000000001011000
01101100110000111100000001000001010111100111011101
01010010110010000010010100100100101110010010101111
00010001110011101010001011101010101000110101010100
01000011100111001000110111000100100010101111111111
10010110011000110011011010110000100010110000110111
11101011000010111001101111001111000111011110001110
01010110110100101101101011010000001011101110000001
00101101101000111000000100001100010110011100100101
11100100100110111100110101011000101000100101001001
01000100011110011001010110011011111001000010001100
10100000111101011101000010010000110010110111001000
01100111000010000001100111010111010101001001100110
11100101011000000010100011001101101001001010000111
00110001111001110111001011000010111000110100100001
10001011110111101101100011010110111101001010000111
01001001000111000110111010011010110011010100100011
00011000010010011101000100110110000101100000110001
10000000110110101101111101001011001000101011000011
10010000101110011110000100110111000000000001001000
10101111010000110111100010111010100111000000010100
10010111001111001100100000011111101010110100001011
01110000111011010001000101001011100000110110100101
10000010000101111000101000011011011100011111100110
