00000011000010000001101010000101000000100100010000
00011000000010000001000000011000100000100011011010
00000010100000100110000110011001001010100010001000
01000100000110001100101000001000100001000000010000
01000100100001001000000000011000001111000000100010
00011010001001101000101100100000000000010000000111
10100100010000000100000000000000000001000000001000
10000000000001000000000100100001000101011000000101
00101000000100000010000011000000001100000001000000
00000010000010101000010110001101000000100011011000
00000100000001000010100010001000000011100010001010
00010000100000011000100000000001010001000100000001
11010000010000100001000001100100000010000000101000
00001101001000101000000100000001010000000010100100
00100100010011011100001000101100000000011101100100
00000000000100100000000001000110000000001100011100
00011100010101100001000000000100000010101000000100
00110010000000100000000000010000000100101000000000
00100000101000000000000010000000000000000110000000
11000000000010001000100100010000101000100000010110
10010100001100000001000100110000000100100010100110
00000000010000000000000000011011100001001000110011
10010100000000100000000000000011010000100010001100
00100101010001000001100000100101000100000101010001
10100000111000000010000001000000011101100000100000
00000000100010010000000010100001000000110100000000
00000101000010100000100101000100000100000010111000
01101000000000000101110000000000011011000000000000
01111000011000100000010000000000000000001000110000
10000000010010111000000100100010110010110011001001
00000000000000010000011000000100000000110101100000
10100001010101000000011101000000000000100001000100
01010000000000000001010000000100010000000100000010
00000000000101000000001010010100100001000011111000
00101000100000000001000010010000000101010100100000
00001001100000000100100110100000001000000000001000
00101000001010001000000000010100000001000000000001
00011011001100000000010010010000011010000100100100
11100000011000001101101011000111000000000000000110
00000101000000100000000001000110001000000000000000
00000001000000111100010000001000000000000000001001
10000000000100110010000101000010101001000000000000
01100000011001000010101000100100010000000000000000
01000000110000100000000100000111010000000000000000
00001000000011100000110010101010011001000000000100
11010000010000010001010100101000010000000000000001
01100010011010010000001000100100010100001000000100
00000101000001111001101000000001000001100000101001
01001100001000000001110000000000100000100000000000
00000101000100000000010100000100000010001000010100
