01001110101000101010111100101001100110101101101111
10001011110110101010110011101100010111111000000110
00011101110011000111101110001011000010111001000011
00100101110001101000000110011111100101101111011001
11100101010001011001010101010011111101101101010110
10111011010110011111000000100011001010011101000001
11000100010010011110111100010000001000110100100000
01111100011010101000011110101001111001001101010010
11110000010001101010110001011001001011101001000110
01111111100001111011110101101001001110100001010000
10000001000101110111001110010100111111011010101000
01000100001011001011101101001011011100111001101001
01100111000101101100011100101011000011001011010111
00111000111110110000111011000010000110101000010101
11010001111011011011110110010010000101000110100111
00001110011001100011001011100010110011110100110011
11011111110110100101001000100010000011100111110010
00100110001010001011001100001100000001001000101010
11100110111100110100001000010001001101011111111010
00101100011100111100111110001100100100011010011111
11100010110101100001001111100011101001111110000000
11001011110011100001001001100010101011000111011101
10100011001111011111110001000101100001011110010100
10111011011110100101100011000010010000111011101010
01110001001001110001100101011100111110000101001100
01001000110101010000111110100110110111101111000010
11000101010010011000110001011010010111100000011111
00011010101000100010000010100100000001001100100000
11110001110110000101000010100111001110101101001101
01010000001000000101001011011010101110000010000000
00111100000111111000110101101100100111101111011100
10111101110110000010101000001000010110001100010110
10011001001000010001111011000110001110000100101110
01001001001100010000000111100001000100000110011000
00001111111100000010110010001100100101001100011101
11011000011101100011000011101111111010001101010110
11100100111011011000010011101111100101111101010100
01011001101010111110111001110010001010001110101100
11111010110101011000100101101010000010011100111001
01100110001100010011101100000000000010100011100111
11111101101111000111101101011011001111100100011000
10011111000000111010111011011011111111101000011010
00010000001010101011111101000110010001010001010001
10111101110110001010010111001010000110010010111010
10000010001100111110000100010000100001110001010111
00011001010011011011011000100011011110101111100101
10010000001100000111010110101010111001101101000000
11001000100011100001011010101011101111010000110011
11101001100010111111000101100001100100010101100101
10110100000111110001010000101000001000110010110110
