01110111101111111110111011111000110111101111111011
10111011011011010010010011010011011111111101110111
11011011111011111101011110111111111010110001110110
11100111011100111101011110001111011101111011111011
01100111110110010011101001001110111011111101001110
10011011110011110111110100010111101101011111011011
11111101101111111100001110011111111110110110110101
11111110111110110111111111100111111111111010101111
10101111011111111001111010111111110111101111111111
01111101101101111111011111111111100000001101111111
11110011110111111100111011011111101101011101011100
10011011111011001111011111111111000110111110101110
11101111101101111110011111111011111111101011001111
11100110111110111110111001111010111001101111111111
10110111111011011101011111001011101101001111011111
11111111111011101101111111111011111111110101111111
10110010111111110101100011111111111110000111000111
10110111011111111001111100110111001111111111010011
11001101010111000001110001111001011011110101101111
00111101110100111110110001110110101111010100111111
10001101101001011111011101111111100110011111111101
11110101111111110111101111001111111100111110111010
10111011111111110100110110111101111111111111111111
00110111010110110100111010101111101111110001101111
11110011111110111000011101101111110111111101111011
11001001011111111011110010111011111100001111110111
10100001110111011111101111001000100100111101101111
11100110111111011111101001001111111001011110011111
10111010111111111010111111110101110111101111001111
00111111111100001101111110011001101101001011111110
01111111111111111101110111010000111110111110110111
01110111111110111110111111011100011111011101011111
10101111111011111001111111111110001011111100100111
11111011100011011010011011011011001111111111101101
01111111001011111111011101010111110101100100001011
11010111101110111101111111101111011010110111110111
11101011100110011111101110001011110101101011111001
11011101101011110111001110011101111010011111111010
11111011100111010110011110101010111110011000111100
01111111001100010111111110110011110101100000111111
11011101111111100100111011111111110011100111101000
11001110111101111111111011111011111101001011110111
10010111100111101100111001011110010111001101111111
11111100111011111110101111101101010111001110111110
11110011110101010011111111100110110111111111011111
11110110111001110101111011010111000111110111101101
10011101111111110011111110111101011011111011110001
01101011111111111011101101111111110100110111110010
11111101110111111111011111111111101101010111100100
11010111110011111111101111111011111110010110111000
