00000000000010010010000000100001010000000010001001
00000111100000000000000100000000010010001110000000
00000100110011010000010010001000000110001000010000
00000010011100000000000010000100000011000000001000
00000010000001011000100001000100000000000110001010
01100010010000001000010010000000000000011101000000
01011100000001010000000001000010000000000010001000
01000000000000000010000010100000101000010010111011
01100000001100001000000000000000101000000000001010
00110100000010001000100010000011000001001110000000
00010000100000000000010000001000010001000000001001
00010000100011000000001100000001000011000110001000
10100000010101110000100100000000010000000001000000
00101010000110000000010000000010111000000000001001
00000000000010001000010000101000000001000000001001
10101010000010000000000000010001001000000000010000
00001100110000100001001110100100100000000001000000
00000000000000000010000000011011000001000100000001
10000001000000000100100010000000100000000001000100
00000000000000001000010110001010100000010000001100
00001000010010000010010000100000000001011001001000
00100100001001100001101000001000010001000001010000
00000000000100001000010110100110100000000100111000
01000000000110001001001001001100000000100000001001
00110101010000001011001000010100000100100100000000
00001010000000000000000100000000010000010011100000
10000001000000101000101000001000010001101000000000
00000000000000010100000010000000000001001110000100
00100000001000100101010100100100000011001001010010
00011000000000001000001110001010010110010000100010
00000010010001000101001000000100000011001000100000
10000000010100010100000000000000000100110010000000
00000001100001001011001000000000000000100000000000
11000000001011000000010001100100000000000001000110
00000001100001010000000000000000000000000000000101
00100000000000000000000010000101000010000001000010
01110000000100000000000000001110000100100000000001
00010000011100100100110000111010000000010000010001
00000000000000000000000110100001100010000100001010
00000101000000000001100001000101000001000010010100
01100100010000000000100000111010000000000011010010
01001100010100000100001010010000000000100011010000
11001011010100000000000001010001000000011100000100
00000100000010001010110001001000010100001100010110
00000001000000000000001001000110000000000000000000
00100001000000010000011000001000000001011101000000
10011011101101100001101100000000000000100000000001
00000000000000000011000000010000011000010011000010
00001001100000000000000000001100010100101001000100
10000001001001100100000100000000001011000000001000
