00111011110111011111110101101010110110001100111111
00111111101100101010001111011111111011011110010111
11011111101111010111110101111101111011111010111111
11100110111111101111011111110110101111100110010001
11100111111101101011111100011010111100010101111110
01111011111111001011101110110111011111111111000111
11111101111011110111001111010111101001011101111111
11101110000001111110011111110011011111111110011101
11111110000111111110111010110001111101101010110001
10011110001101110111111111110001011001101111011110
01111110010111011110010111011101110111111100110111
11111100111010111011011111111101111111001110011100
10110110101100101111110100111011110111011111110111
10111111111000011011111111110111111011111111111110
01011011110110001111001110111011101111110110110001
10100011111101001110110101011110111111111011101111
11011101101111110111001011111111011101111111101110
10110011111010111011111111111111001111110101010111
11111111111111111101010110110101011110111111111111
10111110010111101110111111101111110001111101111010
10101100110011010101011011111101101110101100001011
10111001111111010111101111111011011101111000011111
01011111110101101101110111010011101111111001111001
11111111011111110111011011111101101111010111111111
01010111111101101111111100111111101111111111110110
11110011011101011101111100110111111110011111111110
10110101110111101111110111010010111101110101101111
01111111111111111110111111101011110111111111001101
11101000001110111101110110010111011011101101111111
01110110001101011111100111001011010110000101110111
11011111000011111101011011111101010101101111111111
01100111111111101111111111011110111101011010100111
11111010101111110001101111110001010111011101101111
11101101111111011011010001111111101111111111101111
01111111110101111110111111101001010000111111011111
10011101101110111110111111110111110011011010111101
11110101001111110110101111011100110100111111110101
01110111111111111101011110111011110100110111100111
00110101111001111111111010111010011011001010011111
01101111001011111111011111110001111111001000111111
11100111111111011011111011011011111110110111111110
11011111011111101111100111111110111011001011011011
01110101110111111010000111010011011111101101011010
00001110010011011111001111111110111011001110101111
10101010101011111011001111101111110111011001010111
11111011111111100111011111001110001110111110100100
10101011010101011011111101111010111100111111000011
11101111011111011110010111111111111111111001110011
11101110011011011111110111101111111001111111101100
11110111101010110110111100111111111111110101101100
