00000001000001001000000110100011010000001101111010
00010001001100110100001011000011100000100010001001
00010001001000000000010010011000001000100110000010
01101000000101000100000010000010000000001100100000
00010101000100010011000000000001010001000000000000
00001000100001100100100000010010000011000001100000
00000001000001100000101100100001010000000100010100
11101010000000101000100001011000011010100001000011
00000100000000000010000001110000000000010000000000
00000000001111100000000000001100010010010001000000
01100000010000000010010010100001111101010000011100
01011000010000101010001010001000001000100011001000
00000000010001010000010100100111111000101000000000
10010110010010011000001000000000000101001000010000
01000111010100011100000001100100000010010000000000
01001000000011100100000000100001110000011010001100
10000001000101100100000000000001000000101110011010
01010100000000111000000001110000000000000001000001
00001000101100000001000000010100100110001000000000
00001000000000000010000110000010010000000000111000
00000111000000000000010001000000010101000001000100
00100000001010000000101101000100110000001000000010
01000010000101000000010000001010000011000011011100
10000010000010000001010001000000010011100110010110
11110000001100000001000000100000000001001011000010
01000001100000100100110100000100101010100000000000
10000010101010110100000010000001001001000100100010
00100101100000000110000000000001000100000000000010
00100001010100000000001000000000000010000000000100
00000000010010100010010001000000000001000010100100
11010100000010000001001000000000100001000100001100
11001010001010011000000000110000000100010000000001
01000000001010010010010001000010001001101010000010
10001011011010010001110100000000000100110000010000
00100001001110000000000001100000100000000000011001
00000000001001000010100000010001010000100001001010
00000101010000100010001101001000000000010000100000
00001100001001000000101110100110100000000001000010
01100001000110001000000101000000110100000000000110
00000000111000110000000000000001010010000000011101
10010000000011011010010010000000100000000000000100
10110010000000001000000100100010000000000000000100
01100000000100011000001110000100100000000001000010
10000101010100000100101010000000000101000010001100
10010100000000000001000000100100000010000000000000
10000010001001001001001100000000011000010000001000
11000000001100011001001000000010001100010001010001
00000010001000010000101100001110000000111101000001
10100001000000001000010110110000100101100010000000
01000001000000000100000000000001001000010000001100
