01101110111110101101011011001010011111111101110010
10001111111111101111011101101101001101101111111001
10001111011110011110100110111100101111011111111111
00000010111111001111111111101111111001110111111011
11100101101111010110111011110111011011111111010101
11101001111111111010110111111111101101011111101111
11110001111011110111111011111111101111011111111101
01101110111111101111101111101111101100111111111101
11011111001100010111011000100100011011111111001110
11110111001111111110010111110111100011001111110111
11111111110111011110111111111011111011011111111111
11111101111010011111011011011111010100111111111111
11111111011101111111111110100111101100110111101111
01011111011010110111101111111111011101111111110111
11000111010011011111011111001111110110110101100101
00101110111111100101011111011111011001111110110010
11110101011110100111011111100011001111011001110000
11111011111111111011001011101110111001011011000111
01111111111111101101111101111111111101111110010101
11010011100111111110101011101110110111110111111011
00111111001011000011010111111111111100011111111110
11011110111110111010101111000111111110101111111111
11011011101111111111010111101011011111001111000011
01110101011011111010111011001101111010101001111101
10111111011111111101111101111011111011010001010111
11011111011101111111111110011011111111110111110001
01111111111011001111101010010011011111111111111011
00101110011101010010100011101111111011111011110111
11110111001101110111101111010101101101010010000111
01111111110111110111110100011001011001101111101001
10011111011111111111111011110001101110101000110111
01011111011111111010111111111110110101011111100111
00110111011010100111110111011011001110010111101101
10011000101101110111111111110101001011100101111001
11111111101011011110111111111110110100011011110111
11100111000111101011111001101011101011111101110101
10101010111000101001011111110010110101110011101111
11111110111001011111001011111101010110111111011011
11011001100111110011010101110110010111011111111011
10111111101111111111100011111001101111100111101101
11101111111101011110111100110111001101100011111111
11111111111111110011111001100101110101110001110101
01111111111111010111111001111101101011111001111111
11111111111111101101111111110101111111111110111101
11110111011111111001110101110111111110111111011111
11111011011101011011110111110010011101101111101111
01110111101110000001110100100100110011111011110011
00101111111111100110110110011011101110011111110011
10110100111111010101111010111011001011101010111101
01111111011111100111011111111111111111111111111110
