00001000000011110100000000000110100000100010001000
00000100000100001001000000100010101100100001000000
00000000001000000100000100000000000001000101010000
00000011000110010010011000000010000001000100100001
10000101010010100000000100000000001000001000100001
01001000000000000010010000010110100001001001000101
00010000101001110000000000110000111000000000000000
00011000011000011001110001001000000100000000010011
00000010000100111110100110011010000000011100000001
00001001000000000001000000000011101100100000111000
00100011000000100000100000100000000001110000010001
01010000100000111100101010000010000000000010000000
10011000000000000100010101100000101000010010110010
10000010000000001001101001000000100010000000111001
10001010101100000100000000000000011000100000010000
10010011100100001010101000100001111000000000000001
01000001100101010000000000011100011011011011000100
10100000100110100001101110001011000000000000100000
00010100100000010000000101000100001100011100100000
01000001010001000100000010001100000001000000000010
00000001101101010100010000101000101000000000101110
00010101000010000000100010001000101100100000010110
00010000000101010100000100101010101110000000000100
00101000100010000110001000000000100000000000110010
00000000100100000101010000011010001000000100000100
00000001000011000010000000000001010011000100101000
01000010001010010000101000000000000010011111000101
00000110100000001000000010000100101000011001010100
00000001100000001101111010000000001011110110100000
10000100000000001011000000010000000001001010000010
11010100110100000100001010000000010110100000011000
00000000010000010100000001000000100101010100001001
11000110010011010000111100010001001011001000000000
00000010000000111000000001000010001000100000001011
01001010010010111010111010011000110100000000100000
01000001010000000010011000000011001000000011001110
00000000000001001000001001101010100001110111010101
00110100001000001001000001001101100010000000000001
11000000011000100000010000001010010010000100100000
00000000101010001010000000111001000010000100000110
00001100100000001010000000110100100000000100001000
00110000100000000010000011101001000010111001100000
10000000000110001000000000101100000110000000111100
01100100000000001000000000110000000110000100000000
00011000010011000110100101001000001000100110011000
00100001011011100000010100010010000010000010100110
10000000010001000000100001000011010100001010100000
00000100000000001000111010110000000110010010010000
00000001000010000001110100000100010100010000010000
00011101101001010000000000100001010011000000000000
