00101101011100101100001011001110110011111010001011
00110001100101110110100010100110111100000000101010
11000100001000010001101011010001110010001101111010
01000010111011111010000011010100100001111000011111
10000111111111001011101101011110101000011111011010
10101000000001101101100110011001010010011111000001
00011001110101010000110000001000101000110000111101
11001010011010110100111010010011100100001111000000
01011010010110000110100010100011001011000001111101
10011011101110001100011100010000101011011110111001
10111001010110111010001101010110010111011111010000
11001010111000101000000011001110010010010010101001
00011001111000010011110001100100100100111000001100
01011110000000101100001111110010111101101111101010
11010101001101000110010100110000010101101100110101
01110011001010001111000100010100111000011101000011
10011100011101010000011100010110000101000100011001
11000101110001110001111000111010110101001001101010
01011000101010110001010111111110001110011101000101
00101100000010010110110100100111011101101001100001
01101111100010000101010111100000111111101111010110
00000011010010101111100100110001100110000000110000
10101001011001001100000011010110011100100010111001
00001100011001111011110000101000010100010110110011
11110101100101000010101000010010101011110000100100
10111000001111000010101000010100000111010001100110
01000000100011100111110100010110000110010111111011
00111101011001111110011011100101010110001001011111
10001110000100000110000100000010111101111001000010
11011000001110011011001001110000111011111000110001
11001001101101001111001010101001010011000010000110
00100101100000000001010000010010100011100000010000
11111011010011010100110010001101000001011101000010
11100100001101110101101100011110000101100111001010
01001010110001010011101010001100000010010001110001
01000001001011101111111101111000010010000000000110
10100100111100000010110011110111001101101011110110
10010000111001101101100011001111110010011110100000
10010010000011100001101010001101010010000111101001
10011110011110010010000111101100101001000001010100
10111101011011110111100000011100100011000100101001
00101101011001111010100100100000110001101000100001
10001101011101000000101100100010010011100000000111
00101101101001010111100001111000111010110000010110
01100010110101100101011111100100001011101100010110
00111010111000101000111100110101001010010001101011
11111010110111001100001000110000010000101000010101
00010010100010100010100011010010000110010011101000
11111000000001010100100101111010110110000011110001
10010110110100111011001100110100001000101110011010
