00111111101111101011001010111110110111110111111111
00101011111110011011110111011111011111101100101110
11011101110111111110100111111000011101111100111111
10101111111011111111111110111111111111111011101101
11110101110101101111111110111101111111111111101110
10111001001011101101110100010110110111001110110111
11010001101110101111111010111111011001001111001111
11111110111100011101111001011111110111110110000101
11111011000000111111111111111111001111101110111101
01111001001110100100011111100111101011010101011000
11010111010100111101111101111110010101111111011111
11101011011011101111101010110011101111010111111101
11110110010101111011111101011110011111001011010101
10111100000110110110011100000111111100111110110110
10111110111111001111101111111111011010101111111101
01110001101011001111101111011110100101001101101000
11111111101110110100010111011000111011111001101101
00111111111101111001111111101110011110111111111100
11111010100111110001110111100111101111001101111101
11011111101110110110101011111000000111011111111111
01111111101110110111001111001111111111111101101101
01011111111011001110001100110001101001111111111110
10011011111111110101110010111111101111110111111111
01111100111011111110110010111011100111001101001011
11111010110100111111101101011101011011011000101101
01100001111010111111100010100110111111010100111111
10111010111100100111011101011111011111111111011111
11111111101110111001011110101101111110100111111111
11111011101010111101101110110111111111111111011111
11011111111011110110101011111001100110101111111110
11010111111111110110101101101001111111011111001111
01011011110101100010111110111110111111111010001010
10011101010101011010111101011111011010101111111111
11111111001011101100100011111011101111110011011101
01111010110111101110111011111011110011011110110111
11111101101111010111101101111111010011011001001111
11011101110110101111101111111111111101101111111011
11111111111110011011111111101011011110111111100011
11111001101001101100111000111101110011001011011010
10111001011101001101111011101011011101001110100101
01111110101011111111110110101111101111110110110111
11101111111101110111111101111110101011011001110011
10011111101111100101011000111111111011111001110110
10011010011110111111111100111110110111100110011110
11111100100101111111111011010100101011011110010101
10100100111111100111011001111100111010101111101111
11111010111100111111111111111111110110100001010111
11111111101111101111111011111110111100011011111011
11101110001001000001011101111111101111101111011101
10110111101110101011101111111010111111011100111110
