00110111111111000011101111110111101010111110111011
00101111100111011111110111111110110111100001001101
11010011111010111110101111101111100111111111100010
10101001010011111111101111111101111110111111011111
01010011110100111111111111111111111100100011001011
11000011111101111111111101111111100111111111111111
11101101110110111110101111011111111011111111011110
11111110110011011111011111111100101111011101111001
11101111001010001011111011111010111111101100101111
10111111001011111110011011110111011111111111111111
10100100110101110110111111111011111111011100101011
11001110001001101111111101111110011001111010001111
11110011110001111111010001011111100111111111111010
11010101011110001111111111101111101101001111010011
00111110011110011111111110100101101111111111111011
01111111011010101111011110000010100110001101111111
01111111110111110010111111101111101110110111101101
01111111011111110011110101110111111111111111001111
11111111111111111101001111001111111011101111101011
11011101100111110110111101000001111111111011111011
11111110101101101101011111011110110101110111110011
01001101111111111101101111111111111111011111001111
10111111111101111011110101111101011001111111111110
11111111001101111111111011110111111111111110111010
11111011111001111010110100011110111111111111111111
11111111111111001111111100111111111100100101001111
11111101111101101100011101011111010111110000101111
11011111111110000100111111100111111110111110010111
01111111101111001010111011100011111011111011010111
11111111010111101110111111110011111110011000110110
11101110111111011110110111111101111111111111011111
10111110011011101111011101111110110111111111011111
11111111101011111111110111011111001111001011100010
01011010111100000111111111111111001001111011011111
10011011111101101111011111011110110110111110111111
01111101111011111101110111110111101010101110111100
11110111111010111111010110111111101101111101100111
01100111111111100111111110101011110010111111111011
11111110110110101111101111111011011111011011111011
10110111011110101101111110111111011011100111110111
10110111111111110111011110011111111111100001010111
10110111111011111110111111010011001111010011111010
10111110010111101111111110011011111101110101110111
01111111010011111111111011001011110011111110110011
10100101111010111011101110100100101111110111011011
10010111010011110001101110011111011101111111101111
11011111111110111111011111100011011101100100110110
01010110110100011100011011111111011110011010011001
10111110111111110111111111111111111011111111111000
11011101111101111111110011111011011011111011110100
