00111111111111110111011000111001110011111111111010
00100111001011111111100100110111111111011110110101
11001010111010011111111111011111011001001101101011
10001111010111111110011011111111011010011101011111
10110111111111011011011101110101101111111111011111
11011010001111100111111011100101111110100011100111
11111101110100111101010101111111111111111111111100
11011010110111101101101111111111111111111101101110
10101011001111110111101110111101110001001110100111
10111011001100111101111010110110011011110000100011
11101100110110001111111111111101100110111111011110
10011111111010011011111111111011101111111111111110
11111101101100111011111111110011100101101101111111
11011101100000011001111101100111101011111111001111
11010111110010011110011111111111111111111110111111
11111010110111101011110110011000010101111110100010
01111011011111110101111101101111111011111101111101
11110111111000101011101111111101100111111001011110
11111100101110110100101111101110110110111111111111
11101111111111011100111101111111000111111111101111
01100101111111011111011111111101011101111111011111
10111110011111111001101100000111111110011111010100
10111101111111101111110110111110010011111111111101
01101011101111111111111010111110011011011111111110
00110101111110110110101100111011001110110010111111
00111111001111101111100000110111111111111011100110
11011111111111101111101111010110001110101011111110
11111011111110110101101111101110011100111111101111
10110011101100111111101110010011110101111101011101
01111111111001101111111101110001111011110111111001
01110011010111101011011111111000111101000111111111
11111111101111101101110011001100011010010001111111
11001111101111101110010001001110010110111110011111
11110111110000111010111101011111101111111001110001
01111111010101101000110111110111010111111101110111
01001111001110110111110011111010111011111110111111
11011111011101101111011111100101111101111010101111
11101011110111111101101101001110011110101100110111
10001111011111111111101011111100111111011101011100
11011011011101111111111111011101111110101011011011
11111011101111111111111101111000111111110111111101
11111011101111111011111100011110101101101001111111
11001110101101110011111111110110100110011001010010
10111111001111001111111101111111011000111110110111
11100111110110111011001111110111011111001101001111
11011010001110101110111110101111111101111111001101
10111011001111101111101110111111100110111100110111
01011111101111101111111111111011101111101101111011
10111101111111110111100111110011101111010111101101
01111100110011101011101010011111111111011101111110
