01001010100001000001001001100000000011100001001010
10001001100001000000000001100000000001000001000000
00000000101000101000110000000000010001100000001000
00000001001000100000000000000000100000000011100110
11000000100100000000101000010000010000000000001001
00000000010001000000000000100110001001000100100010
10000000001000001100100011000011100000100001001000
01010000000011101001000000110010000100100100001000
11101000010000010100001011100011011010001000100000
00000100101011010001000011000000000100000010000101
00110010010100000000000000000000000100010000000100
00001000001010000000100000001010100001001101000000
00000001010100001111001110000100000000010111110000
11000101010000001000010000000110100001100010000000
00110001000000010001000100001000100000001000001001
00000000110000100110000100010000000000100001100010
00100011000011000000100100000100000000001001100000
00000010100010010000000000000101010000000101000000
00000000000010010000001001000001000000011000010001
10000001010010100000100100000010111010010101110000
00101010000100001001000001000000001000000000100000
00100000000001000000000000011000000000000100100000
10001000100010000010000010000001000000000010100000
00000000000010111001000000000000010100000001101000
00000010110010000000001000000110111000000001000000
11000010110000000010100000000000000011000000010001
11000101100000000000000000000001001010000010010000
00001001000000010000010000000010110000010011000001
00000000000100100000010000000010000000001111100000
00000100000011001100000010000010111010110000110110
00000111100101000001000010011101110100010000100000
00000010100000000110001000100010001001001100001000
00010010000101100001000010010110000000000000111010
00101000100000000101000110010110001000000110001001
00000100100000000001100010100101010000100000000000
00000001011000000000000100000010000000100000000010
10000000100000000001000001100100000000000000110010
11100100000101000000000001000001000000000101000000
10100011000001010000000000000100001100000000010100
00000000001010000011000000010110000000000100001110
00000000100100101010000000001001000000000000001011
00000101000110000101010000001001010001010010000001
00010000010011000000001000111000010000000100000001
11010010000110011101000110011000000001000000000001
00010100100010011001111100001110100010000000000000
00000000000010000011000001100100100010100000001001
10101011000000100000000100000001110000011000010000
00010000011000000000000000000100000000110000000000
10010100000000010000000000000100100110011000000000
00001000010000100010000001010000010000001111010000
