00001100001110111001110100111110011111000101100011
00101100010011111011010111111111001110101000000001
01010000010011110010100001001010010101010011010001
00100110010101010000111001110010001001111110110001
11000011011011111001010010110101101010100110000111
11010011111011110000110110101000011010010010110011
00011100110011011001000011010111011100100101001011
00001100001011100011001000100011110110000100110010
00000110011000011100110110010001001011111010001101
01111110100010010001110010000001100000101101110110
10001101100111110001110001100111011101010010000101
10010000001010010000110010101000010111001111100110
11101111011101111111101000011111111000110100100111
01111111001010000111110001011011100100100011010110
11101101001010010100101011011011001010000001000101
11111110111110100001001011101001001001010110000001
11001010100010000101001010000001110001110101110000
00000000100011101001000100000010011000000101101111
01100001000011000000001100010111101001110100000011
11001011011011011100011010101010001100010111000001
10110100111111100000001110011011001000100111111110
11011100111101000001000011010011011000100111010011
00010001000010111011100100011011100101001010100001
11000100100000000110101001011011111110000000000111
01001110110100111001110001111000011101101111110001
01110010001001110000010110101111010010100101010011
11011101001100010001000011001101001100110011100010
11011010100011100010111110001110110001011101011110
11100100000111110001101111110000100011011010010001
11001010001010000010000001110001010000101110011111
11110011001011100111111101010001110111111011111000
01001011111011111010111101100110011001111011111010
00001001010011001010001100011010010010001111111110
10100111001110001100010111010111101010000110010010
11011110101010110111110110100001010011110011101111
11100011001101000001001110100010000010001100011011
11001101100100100000000101001010111100111000010111
10110000101100011010001010011011001000000010101111
01011010110011001010110011100111001010010010110001
00110100101010011011000000111011001010101011010100
01010000110100000000001010011111100110010110101101
10011011010110011111110011010100110100001001010101
00111100101101010001111010101111111001111000110101
10100010010101101101110011110011101000010100000010
10010101010110001100101010100011101001101010010111
00110101010001001000110011011111110110110110101100
00000010100000000100100000010111101101001000010001
00001000111111100100100100010100101011011110110011
10001111010111000110110101110101111111000001100101
11111110101010110111011111001100001111101110101110
