00011001010110001000111100100110100111001100101011
00111100110101001100010100100101110001011000101011
01000101100011000101110110111011111101111001000110
11000101000010010111001100011101111100000101110000
11000010111010100111011100110001001011111000101011
01110011111101111110110010101011010100010111101111
00001101011100010010101111110100110011100011101111
10110110110000111111010101110000000100101111010111
01101101010110111110011111100100111110010011111011
11001111101001001100000101100101110111000010101010
00001110010101011101110111001100110110001111111000
11000110101011111111001110000010000001011111010111
10111000100100000111101110010001001110000000101010
01100100011100010110001111010001100100100100001111
00001101100100001110000001010111011001100111001001
00010111101101001010011100010001011101101000110010
11000101111100110001101110011010101110001000001000
01111101111111100010111001101010100110111110100011
00011111100111110101000011010001000100100110010110
00111001001110001010100101010011110101011000001010
10100110001010001101000111010001110101100110001011
11101101101000010100000000100000110000010101001101
10011010100111011100000011110110101010000010111100
11111011111111011001100000010110011111010100111000
00100110101111001010101001111110001101111010111010
00000011111001100111101010111010100010101111110001
11101111110000000100011011011000101011000000001010
00111011000011111011101111101101001000101101100011
00110100001000001100000011110101011000001101010000
11010010111000100000001110011010010111100001001101
10100100000100101101001111000100000101001111000011
01111100010011110011100000011000000110000001101111
11110010111001001101111001100000000111011001001000
01110110111000110001110100001100001011011001110000
00111000100010111000001110111000010101001110010101
10110101111011011111100110000111101010101111110101
10001010111010001100001101100101110100101001000000
11101010010100110001100110100110111000000110000111
00101011000001110110100011010100000110001001101101
01101100100100000101010110000000110000000111100101
11101001001100011101000011011010111110100101011010
10010101001101100110110101011010001101011001110001
00000111111100100110101011000010001101010001011100
00110111101100100000010001011111110110111110001100
11011110111010010100001111010001010100110100000110
00010001101100010010001111001000011100001110001011
11001110111011101001111110100101100000101011010011
00100111000101000010011000000101001101110011100010
11101111110111010111100010110011000001001000111100
11001111100101100100110001010111001101110100011000
