00000000000011100010010000100100000000000010100000
00000000000001000111101000001000000010000000000101
00000101000010000001000100000000000000011000100100
00000000101010000110001000000000000010100000000110
00000001001001001100000000100101001000010001010000
00100001100100100011000100000000010000000010110001
00000000001000010100000001000000001000000101101001
00101100001101010111001001000010001000010100010000
00010100010000000000100101000101000000000000000000
00000000100000001111000000001100010000011000100000
00011011000000001001010001010101000100000100000100
00000101000000010000010010001111100000100000000010
10110000000001010000010000001010010000011000100000
11001001000010101000100000100000010000000111010000
10000100000001000000001100010000000000010001100000
00000011000110001000000100010000000000000000000100
00001000011001010000010001010000001100000100001001
01011011010000000000000010001000000010000010000101
11010101010000000000000001001000010010000011000001
01100101011000000000000010010110000000110100100000
01000000100001000000010010011001001000110000000000
10000000001110001000100000000001111001100010010101
01010001000000100000000101101000001100001000001001
00100100100000110000001010000001100100010010001010
00000000000100000101100100001100110000001001001010
00000011101000001010001000000101000000110010001000
10001000000001000000001000000001000001101000001101
00000000001000111001100000000001010001000000000100
01000000010110000110101010000100000000000010101100
10001000111100000001000011001011000000000010010110
00000001000110000001000000000101000100001100000001
00001000101100000000110101110110110001001010010001
00000000000100000000010110000001010110000000100010
00000100010011000010010010010001100000100100010000
00001011000000001000111000000000000000101001100000
00000000001000001000001100000010100000000011110110
01010000000000000110000000000000100000000100000000
00000000000000000000010000110001000000011000000010
00010000000100000001110001100000011000010001000111
00101001010010100001100101000000000001100010110000
00100000010010000000001010100011001001000010000110
00000011001001001001000000000010010010000000000010
10000100000001000110010101001101000100011000010001
00001010000001100010000010000000001100100000101001
10100110010010100001000000001000101100010001000000
00001101000001000000010000000101010100010010000000
00000010000000001000001111101000000000000001000000
01110000001000010100010000111100000100101000000000
00010000000100000000000110000100100101101100000000
01000110000000001110011000100011000000100011000000
