00010001100110000000000100010000000000100000001000
00100001001000001000000100010001001000100000001000
01000000000100110010000001000001001000000000010100
10000000001011001000110100000000000000000000001010
00000110001000010000111100000100000100000001000000
00001010000000000001100101010110110011000100010110
00001100100100010010000000000001000000001001001101
11000000000110000011101001001000000001000001000000
10000010001010000000000100001000111101001101100000
00000000000000010001101001000000001000000011000000
01011000100001010011000110011000001000000000101000
10100011000001000000010100010000100010011000000000
10010001100000010010100011100001101100000010010010
00010000001100010001010011010000000100000010100101
00100000000000000001000100000101000000001001000000
00101010011011000001000000100010001010000000011101
01010000000000000011000000000000100000000000000010
00000000000000000001100000010000010110100000000010
00100011001010001001111110000000010000000010110000
00000101011001111110000100001010000000110010001010
00011101010010000110001100100000010001010100001101
00011000000101000010000000011100011110000001010110
00001001010000000010100000010001011000100001010000
11011100101100100011100000100010000001000010000000
00000000001011000010000000111010100011000000000001
00100101010011000000000000000110000100000010010100
00000000000010010000100110000000000001001100010010
11000100001101000100011010001000101010011000011000
00000001101000000001010010010110100000000000000010
00001100000000100000010001001001110000010001010000
00000100000000010001000111001001001010000000000110
01100010000010100000001000000110000001001100000000
00000100100110001000000010011100000100110110000000
00000100100000000110111000000100000101110000000000
01100000111010010000011000010010000000100001000000
00001000100011000100010001000000110000100000010000
00000100000100010100010010010010000000010001000100
00000101100000000000100110100001010000001110000110
11000000000000000101001000000000111100010000100100
00000000000100000001100000010100110010100000000000
00000010100100100000000000110001000001000101100000
00000100100000000000100000100001100001001000000000
00000000010011000011000101000000100001000001000000
00001011110000100000011000000100001010001010000010
00000000101001000010000000000000000000101000010010
00100100000010010010011001110100000100000000101000
11010010001000010001100000010000000000000000010100
00100110000001010000110001000010000011100000001000
00010100000010001101010000101010000001000001100000
00000010000001010000100010000000000000000000000000
