01101111111101111111001111111111001011011111011101
10111001111111011101111101110111101001101111101001
11001001101100001100111110110111111010100111011110
01001111110101111110111111101111111111010111110111
11110111111001011101110111111101101111111000111111
10011010010001111010110101011111001101111111011011
10011101111111100111011000110111001111111101011111
11111010111101111101000111010110100111011010011111
11111011001001110011111011001100111111011101100111
11011111001100111100111100111111111111101111111111
11101011110100011101111111011100011101010011111111
11110011011001001111101110111110111101111111110111
01000010000000011111111111111111011110110011010010
11011111100100101111111111111111110000000111011110
10010111110001010111111111001011111101111111111101
11011101111010101111011111011111011011111100100101
11111101011111010111111111111111001011111101111111
11111011011111111011100010111111001110111111111000
10010110100111111100111111111111011110011111011101
11001011101111111100111011100011110111111111110111
01111100111111101111001110111111100111110110111111
01111110111011111011001101110111101101111111101111
11110010111111111011110110101111011001111100111001
11111101011111111010111011101011110101111111111111
10111001101111111111101101110101011000110111110111
11011101101011111011010110001111011110110111111010
11111010010111001111111110011001111101101111110101
11101111011111011110110010101111101110101111110111
10011100111111111110101101110010111110111101110011
11111111111111011110111011010010111111101111101111
11110111010111111111111101011101011111011110010111
11111110010011111111111111110010011111111110110001
01111001110101100001110100111100011111111001110111
00110000111111110011001111101111101010111101110110
11111110111110111110011011111111110000110111011101
00011111111110100111110101111111100011101101010101
10111011110010011111100001011111110100111011110110
11011111111100111001111100100111100100011101100101
01101110010110111101111111111101111110010111111101
10011111101110111111111111001011111011100111000010
11001111110100111111011100111111110111000001111110
11110110110101111111111111111111011101110011111110
11110101011111100111110111110111001010110101101100
11110110111111101111010111111100111111111110011111
01011000111100111101111111111101110011101110000111
10111111011111101111101111111011111110101101001111
11101111011001101110111101000100001000101111010111
10111011111101111011110110110110111111101111111001
00111111111111001001110111011110110010011101111001
11011111111100111011111110111111101101100001111110
