00000000100110010100001110100010000111001010101001
00100001000000100100000010000000010001100000010000
01011000110101001100001000000011001000000010100010
00100001100000111000100000000100000100010001000000
00100001110000001100000101010000011010000001000100
00000000000000101000001110000010000100010000001100
00000000100000001100000000000100100000010001001010
01011000000011000100011100000000000000010100010000
10111010000110110000000000000010001010101000100000
00101000001101100000000000000000110010000000101000
00000000010000000000100001100000101000010010011000
10100000110011001100001000101100000100001000000100
10000001100100100110100000010000001000100000010010
00100001010100001000100111000000001001001010010001
01010100110010001000101000010100000000000010111000
10010000100000000000101100100110000100010010011001
00111110000101100001010001010000000101010000001010
11101011000110000000111110000010010110100001100000
00000000000010000000000000100100010010001100100010
00000000000000001000010001100010100010011100110000
00010000001011110100000100000000000101000101011010
00000001000000001101001000111000000010100000100010
10100101000100110100010010100001010000011001001100
10001101000001010100100000000011110010000101010000
11000100000001000100001000011001000100000100011010
00001000001001001001000000000000110010010000000001
10000000001100010011011000000000000000001110010100
00001000000010101000010010000000010101110111000000
00000000000100000000010010000110100110010010000000
00010010000100110010000000001000000010010001000000
10100100100000010101000100001000001001001010001110
00100000000000000000001110000000101000101000100000
00000010011000000001000101001001010011000001000101
01001000010000000110001101010000100101110001001010
00101000101011000000000000000011000000000000000000
10010100000100011100100010011000010000000010011000
10001000110000000111010101001100100000111001000010
11000000000001001000100000010010110000011001101000
01000000100010000100010000010001010010010100101011
00010111001000011001001001011100010011100010000010
10000000100101000011001000100011000011000011011110
00000001000000000011100110110000000000100000001001
10100000001001110000000000111010000100011000000001
00011010000000000100101100010100110011001000001001
10100000110000100111010000000001000001100000000011
01000001001011110001100110100000000100001000000010
10000110011000111000101010000010010101101101000000
00001100000100000000001000100010100000001000000000
00100010000010001010110010000010010010111000110000
10000000000001010000000001000000100000100111100000
