01010110110000101110110101111101010110000010100000
10010011011010000100011110101101100000100000111000
00001010010110111001101101000010000010011001100100
11000101100010100100111100010111111000111011101000
00100110101001101101001000100010100110110011110010
10011010001000011010111100010110110010011100110000
11101101111000101111000110110000101000101010010101
01010010100001101001010111100000010001000101011010
10011011000111101110000001100000011011001010110101
11100010000110011100000101101100110001101100010000
01001110000110111100011111110000101001000100011110
00100000111011010011001000101000100110100111101000
01110000111100101000100110110001010001011001011001
00001001100100110111011100010001000001000101110101
10111011101011001111111011110010101000011011011001
00100100011101001011111001010001000011001001001111
10101111111010110000101011110000000110001100100000
11011010111001100001100110110101000010111010100101
10000110100101110001101000111111011101100111101001
00101011000101110110011011111101011000100110110100
10110100000010111110011101111110110111001001100011
11010101001001110001101001001011101000011101100001
01111100001101111011110000011100110001001010011111
11110111011011000100100000111000011111011111000100
01000011001010101101000000110000011010110010111110
10100001111000111001110000010000111000101110111000
11001011111110101111100110000111000100011000000110
10010110001011111111101111001111001010110011110011
11000000010100000011111100010111110001100100001100
11010100010000000111101000111001111001000010010111
00111100000000100010110000111000011101010001101111
11010000000011010111010000111100101110110010100000
01011110011100100000111001001101010100100001001011
10010101110010000011101111001110101111000101011100
00010010101000100011010111010111010101100110101001
10001000000100001010100100100011111001001000000101
10101100100100011100100110010001010000101110001101
00000001111011010010101100001110011100110100100110
01011010010100000111000011011001101011010001100111
00111100000010100100010110110011000001100010101110
00110110110010111100111101100000000110000100011010
00000101011101001011010101001000011011001000001011
10011010100100100111001111010101001010010000011101
00111001000111110010110100010010110000100000100100
11111100100101001111110011010011001001110001011001
01001111111011100001001011010100010000001010101000
01010001001110110010001011001010111010011110110010
00100010101001010101001110101110010111110011000001
00001001001000010000101010110110100001111100001000
00000010100011110110111000010110101110100110100100
