00010100000000000000000000100000000001000100100010
00000000000000000000101001100001000000000010000010
00010000111000000001100000000000011110101110010000
10100010001010010110100010011010000000011101000000
00000010100001000110011000100110110000010001000101
10000000011000000110100000100010100000000000010100
00011000100011000010101000000001000000000110000001
00000000010001000001000001101101001000100100000000
00101010001101011110000101000000000000100100000000
00100101000001101010000000010000001010010000001010
00110100100000100010000000000000100001001000001000
00000000100010110000100000000101000011000000100000
00010010000101000110100000011000000010110011001000
00001011110010000000000000010000000001000000000001
00000000011100000000100010000100000001000001000000
00010000100100000111110000101000011110001010001011
00000000110000000110100010001000000001001000010001
00011100100010011000100110000100110001011001100000
00011110111010011001010000110000010001111100001011
00100001000000010010001000000100100001000011000000
01110110000110111100001000000000010010000010001010
00001000000000010010000010010010000101000010000010
01001010000000000001100010000001011000000001110100
00000000100000000100000000001011000000000001011000
00010000000000101100011000001000100100001010010010
01000001100000000000000000000110000010000010110000
11001101000000010010000000000100000010000010101010
00010000010011000010010000000000000010000000001010
00010001000010011000000110000000101110100100001000
00001001000100100101000001100001001000000000101100
00011100000000000000010101000001010010001000011110
01000011000100000000001100000110001010011000000000
00001100001000000101000010001000000101001010001000
00101000000000010110101000000010000001000000000110
00100001010000010000001000001101000110000000000100
00100000000000010000010010001000101011000010100000
00100000010110010000100001111011001100000100110001
10000000001101101111010000000000110100010101011001
00100001100010000010000000001000000000000101001001
00011000010010000110000000000001000001000000000010
00110000001000011110000010000011100000000001010011
10110011100000000010000000001000000011100000011111
01100010000010010001110011100000100100000000100000
00011000000010100101001100000000000001101000011001
10000000000100000100001001100100000110000010010000
00100100000000001000001111000010000011001101100010
00000000011010010010100100111110100001100101000000
00001100000000000000001000000110011000000100000000
11000000010000010010110010110010010000011100010001
00001010000001011010000000000000000011101101000010
