00000011100110101011101100000100010110010101010101
00100110000011001110001101100000101111110110010110
01010111010001111010110111010011100111100100010001
00100100001011011110010101010111101101110101011000
00000111010110111000010111011100010010100010011111
01111001010001101010011011101000000100100101111111
11101001101011000010101011110000101100001011000011
10101110001000111010011100100111000101101110001000
10000010011000101110100100001011010000010100010011
00101100101101101011001101111011100011111011100100
00010011110001111100001011011111101101111010011011
10001000010011111100010100011010111101101000011011
11011010000100011000001101100001111110001101001100
01110110011100001110000100111001110101001000010001
10101101111100011000001011000001010100110010000011
00111001001110100010000000101001111000000111101111
11111101111111100110110010010001110110001110111010
01010000101101001001000010011111111010010111110000
11110111110001011000100111111111011101000101010100
10000000010000000100000101100011101111110001011011
10100010100000001010010111110111100010011111111100
00111101000100001000101010110110100100101100100111
11000111011010100000010000001000000000101111111000
11111001110111000011100001111000001010100011101001
00101110001000101110110000000010111010100111001100
01111110011010100011100100010110010011001101110011
01000111010011010011110100011000111011000011000011
00111010011101001110110101101111111001000011010100
00001100111101010110001100110011011111000101011011
10011001001000000110110001010011010110010000011100
00110001111100000111110011011100011101010011011000
00110001111011111111100000011100000111000111010001
01110010011111011101110010110000011110001011001100
10001000100111111110000011111110100100010000100101
01010010001110010111000110111010100110111001110011
11110111001111101011010000001111111010000100000110
11101000010010001101100111101101101100110000000101
01110001011101000011000001111011000000110100111010
01111101011100100001011110000000001011001100111000
11010000111000100101100000000110011011001111010110
00000011011111001000111001000000101000110101010000
11110101100010011110111011001001000101111011001010
01001011011000111100101110110011100000010100110111
10010110010010010111101111111011101000011100110001
00000100010000011100111101000000011001100011001000
11111100101101001111101001011111001001111011000011
00011101001110011001101110001110100001100100100000
11001100010010010010110010010100110110010010000000
01001110101100111001010001101000001101010110010001
10101110101101110001010101101001011010000011010010
