01001000101010010100110111110110101001101001001111
10011000100001010100010010010001101010100101111001
00001000010010100000111110011101111011100111101111
01001101001011001011100000111110100110101100010000
11110100000001010100110111110010011010100011110011
00011011011110000000011101001111001000111011100100
00000101001001010111111011111110110010110010001110
00010110000101010010011111010000000001110000110001
11000000000100011101011001011100111101010010011101
00100100000000100110001001010110110000100001100010
10010110000000000000001011111101100111111000110001
00000101100001010111100100101010110100111111011100
10110100000001101001101011011100010000000111001010
01011011000110110010001001110010110110111101111000
00100000010011010010001000001010101010010010001101
11001011100101101111101011011011111101011101011111
00010000100010010100111111011000001111010101010000
11001010110100011011100010100010010011111111111010
00010011010101110101011010000111111101111111101100
00010010100110010110010011111110011101011111111000
10111010000110011100001000100100111100111000010110
11101111100000001011001110110010010111110100101101
00100111111011111010110000000101001001110111100011
10101101000100001000010000001000111111111101111001
11101011001010011111010001011101111111010100101110
10001111111011011001000010100110100010010110100110
10011010001101000101110001000101011111011011000100
11111011111011011001010010001001100100101001111011
00110110101110111001000110010110011110110011110100
10110110111010000011101011101010111001001000001100
10011110010101110111010001001100000000101110110010
01100100001000010010001010110000110110100001111110
11110010111101110010100111010101011101001001100000
00101010110111010111110110101101101010010110000010
11101100100000111011101110101100110011111010001110
00010000101101011011110110111001100000011110100011
01111010001001101100010111101001011000010110101111
10100001101000011111011110100100101000010001101111
11111111011101000110111100011011001000001010111010
00000111101101111111111111101000011111000101000000
10010100001101010111100100110110101100100101101000
01110000000111011111011111000010010110011001111011
00101110100110100111001001101010011110100001001000
11101100010111011111001100111001100001011110011010
01101101011001000111011111011011100111101100000011
01011001101101011101100100011011000000100101001000
11100010100111110111010110010101001011101111010100
10100110100100110010110011101101001011000000001010
10101010010010010100101011010011011111100101100101
11101001101000110000011100010000000111000100100010
