01110111010101011111110011111110010111101011111101
10101100111101110110111011110100110111111101011110
11011101111111101001101101110101111110010101111111
10101101111111111110101101011101010111101011111111
01110010111110111111011011111011011111110011101111
11110011110011111011111110010100101111101111010101
10001101111111111011011011110111011111011111101110
10110110110101111011111111010110011111110111101110
01111111011111101111111111101101111110110110111111
11111111100011111011111110111111011100011100011011
01111010100011111100101110011010111000111111111111
11111011100011111111011110011110011101101111010111
00111110111101111101100010111111111111110111111111
11110111111110011111111111111111101010011110101110
01111111111110011110111111111111111011111111101000
11011111011111101111110111111001111111100100111010
10111111111111110011100111111111011110110111010111
11011000101111110010110110000111110011011101111110
11011111110101111101110111011101101010111111101111
10101111110111011010110011111001110111110111110101
11110101111011111111011011111011100110111101111111
11001111110101110111101110111111111010111011100101
01111111111101100000110111110111111111101111111111
00110101111101111110011011110111011110101100110101
11001111111111111111111101111111111111111110011111
11111011100001111011101110111011101011011010110001
11101010110011111001111111011110000111111010101101
11111111011111111011111111100011011111101110001111
10011000111111111011110011100111110101110111111010
11110111110111101110011110101010111101101111111011
10001011011111101100111111111101111010111101111111
00111010110011111111111111011010001111111010011100
01100100101011110111111011001110011111011101110011
11111011111110111101011110011110100010111110101011
00101111111111111010011111010111100011111110011111
11111111110110011001101110111101100011110111101001
11111111100011111111111111110011111100101001011011
11011111000110110101001011111101101100011111111101
11011101101110111011111110111111011110011110110111
01101011111011101111110011101011111101101010111111
11010110011101100110111111110111111011110011011011
01100111111111111111101110011110111101100011100011
10011111101111101011011011111101011101111100111011
11111111001110101111111000001110100111001100001101
10111011101011110111111101101110110101110110011101
11110100111110011101101111001111101011111010101000
11111011111011110110101010111111011111011011110011
11111111101111001111111110110011001001110001100011
01111011111111011110101010011110111010111110001101
10111100111110001011111111110110111111111111101110
