01100111010101101101011101011111000111111111011101
10101010001111101111011111011101111011111101011111
11000101110010111100011010111011111110110011111110
00001100111111111010011110101001111001111110111111
01010011111111101100100101101111100111111101111111
10110001111111111111011111011010110011010101011100
11001000110111010111111111101011111011111101110010
10101100011111011111111011101110111110010001110010
00111110010111101011001111111000111111101110111010
10111111101000101110101111011011011111111101111011
01011101010011101101111111111011110111011111101111
11011111100001001111011111111111111011111110111110
01111111101001111111111111011111111111111110110111
11011111101110110111111011111010110111011101011111
11111100111011001100111111110101111110101110111101
00110111000011001110111011111001011010110101111101
11111101111110110001111011111101011111111111010011
11101111011111110011111111001110101011010011110101
01010111110111010101011011010101011010111000111100
11000111101111001110111101110111101110011111111111
00001011011011111101001111111011111111011111100111
11110111001111111111001010111011111101100111011011
11110111111111111111110110110110110011111011111111
11011110111110100101101001111101101110111111101110
01110111111111111110111001111011110111110111110110
11001111111111111111100110101101111111011111111111
00111011101101111001111111011111111111111101111111
11100100111111111011111110101100100110111011111110
11111111111111011100110111110111111011011101111111
11001001000110101111001101111011111111100101111111
10101111011111000101111010101101000111111111001111
11111010011110111011110111101110111011110110111110
01111111101111100101111111111101010111110101100111
01110111111111111010111011101101101001011001111110
01110011110110111111110101101101010110111111111101
10101001111011101001110111110110101001010111111101
11101111111111111111101111111111101000001011110111
11011110111111001100111011101111110100010001111111
11111010110110111010011110110111101000001010011101
11111111011111011111101111111011111101001111010111
11011010111111101011101101111010011010110111111111
11011110111111111001110111101111101100011011101111
10110000101110101101111111010011001110111101110101
11101111011001011101111111111110111111011110111101
00111011111110110111101111111101111111001111011101
11111111110111111111011011111101011111111011101111
11111100111101110011011101111111011101101101110111
11111100001111110111101111111111111111111111111010
01111011111111001001111111111111110011011100011101
11011000011011111101111001101110101111111111111010
