00000000100100000110111000000100001010001010010000
00100011000100000001000001000100000001000100000100
01000100000001010100001000010011010100000011000000
00000000000000100000100000000010010000000001000001
00000000001010010001000001010000000100000101000111
00100011000010000001001000001000010000100000010010
01000100110000000000000000110001001001100010001000
01000100000110100000100010000010100000011100001110
10000010010000000110000011001010000100000101001000
00000010100000010100001001000100000000001000001111
00001000000001000000000000000011101010000001100101
11000001000000010100000101000010000001011001001010
00001101000001110111111100000101000010000111000011
00100000001010101010000000010000000100101010000100
00010001000011000001000011010001100000000011000000
00101000010110000000011000100010010000001011000000
00000000000001000010100001110000100000100001010000
10100000110110000000001100110000000011101000000011
10000000100011001000000000000000100100010011110000
01001100000010100000100000010010000000000000000000
10010001000010001001000000000011011001001100000100
10000000000010010000000001010011001010000010001010
10100100010010010100000000000001001000000000100001
00000000000110000100000000000110010100011000000011
00000001100000100000000000100001000000000010010000
01001000110100101000010000001000000000100010010100
00000010000000011100000010010011100010000001101001
00101010000001101101010000101100001010100110000001
00000100100000000000000001010000000000001100010000
11000000010010000000000100010000000001111001000000
00110001101100010001110100100000100000000110100001
00100010001010100000111010100000001010010010011000
00000001001000101010000000100010000001110100000000
00110100000000010000100100000000000100000001000010
10000010001000000000111000010001000000100001000000
00101000100001000010000100000000010000000010001000
10000000001010000100010000110001000000000011000000
01000010000100000100100000000100100000110000101000
00000110000001001100000001010100101001000000100000
00000001000100000010000100000101100001000000001100
10000001010101010100100100001100000000000001000001
01001001100010000000100000011010100000000010000000
10100010000011110010010011010011000110000100000001
00111000101110111010000000100100011010001000000000
00000000001000000010001000100010000001100000000000
10000100000000001010000011001001000000000000001010
00000011110100000000010000100001000101010000010000
01001001011001000000100001000000000000010000000000
00001101010110000100010100000000010000000000010000
00011000011010000100001100110010000000001010000000
