01011001011010000010100101111111100001011110010111
10101011011001110100100000011011111100100000000011
01011110100100110100111101111001001111111101100000
10100011001111110001011101111110111010110100010101
11100001000000011110011011110001101010110001100101
00100010111100100101010001101111000110011001101010
01110101011110000000110111011100000011001111111111
11011010101011001000110001110111010110110111010110
00100101001001100110011000011010101100011000001100
11000110001101111011101111010110101110100010101000
11010111110111010110010101001001111110110010000101
00110110011000010011011000110100000011011110101000
10010011001001110011011110111011100110000010100001
01010001111010111000000111101001000001001001011010
01110100110011001111101000001010010111001111000011
01111000011111000111110111010000110010011001001111
00001001010001100111010010110100001011011111101101
01101100101000111001010101100110000111000110101100
10001000111110111001001000001110101000111111010011
00010100010110111110000111110000011011010101100111
11100011010000110000000100111000101001000001001101
00111111101110011100000100000111100001001010001001
00111000110110100010000100100000110011000110000110
10110010011011010101111010010011100110011100100011
00001010010011011001000101110111100110010001111011
10111111011001010101000010111100001000110101011101
10111101000111001101101011010101010110111001011100
11111011110110011001100111100001001100111000111101
11110110101011100010100001000101001101111000011100
10010111010100001110010011101011111101011010010001
11010101110010100110010110000101001011111000101101
11101101001011000000010110111110011000110100011101
11011000111010010010111110000100011101010011001011
01010001001000110001001000100101101111000010100100
01111000111000001011100001011111110010110110010100
01100101111010100100000110111100110010010000001000
00111111011110111101001110100010011101000001010110
10100010000101101101111000001110110010001011011111
01111001011000000010000001111011001000001110110011
10111101101100011011000111111111101100000110101001
10100110100101111010010100111110000001100011100011
10110011000100101111001101000001001000110010000100
10000011011110101110011000000100111001111101110111
00101111000001111011100011100000100011001010100010
00101110010110001101000110010010010000111011011001
10010011000001000010000011111101001011100010101010
00000110110101011100110011111011100101010000110001
10011011101000011101101001111011011011000110000001
11000111000001110011001110000000100011101011010001
11011010001010111011110111010111100001111010101110
