01111111011111101110111110101111111011101111111101
10111010011011011100001111110010011100111110111110
11001101110111011111110111111110101001111111011101
11001110101111101111011110111111111110111000100101
11110111100101111111111111111011011011110111010100
10111011101001011111011010111110101111111101111110
11011101111010111001100101111001011111111010111111
10101110111011111111101101111111111101011110111111
00111111001111111011100101100011110110110111101111
11100011001111111111101111101111011111111111111111
11010111110111111100111111101111111101111110101111
10111000111001111100011011110110111101001101101111
11110011111001111111111111101010111110111111011001
11111101111110001110101010011111111011101111111111
10011011111110010111111111110011010011111110111011
01101111111110101100111111001111011111110111111011
11111111111111010010111110001011110111111101101010
11111101011111110011111101110111111100111111111111
10111101110011101101110111111100110101000011111010
00111111110010100110001111101011110011111111111110
10101011111011111110010111111010111110110111101011
10111100001110111110101111111011111101101111101011
11011101011111111101010001000111110111000101101100
11111011111010111111110011111111111111101111101110
11111100011111111011110101110011111111110110111111
01101011111110110111111110111011011111010011111111
11111111111110100111110111011110110111101101110110
01111111000101100110110111101111111101110111111111
10111111011011011011110101110100111100110111010001
10110101011101010110001100111011111111101100111110
11111101111111111101111111110101100010011101001011
10011011111001111101011111010110101110010011101101
10110101101111001111111110111111001111111100111010
11011011111111111111111111111100000100111001101011
11111111011111010100110111011101100010110110100010
01010111111110011110111111111101110011111100110111
10011110110011111001101111100111101101111111111111
10101111011101111011011111110100100110101110100001
11111110111011111101110110111100111111001111110111
01111111111010111101100011011011111110001011011110
11110111011111101101010100100110110111110110011110
11101101111111111101111110111110101111101011101110
11101011111011110111110111011001001011111100100001
10101100110111011111111101111011010010110100011111
11010111111101111111111111110101111111100110011111
11101111010011110111000011111100100110111001101011
11100111111111111111111111010111110010011101110110
11111111111101000101001111110101000110111101101011
01000111111101111111110111110110111110111101111101
10110011111111110100110011011011010111100011110110
