00000011100011010010101001000110110010111000000100
00000110011100010111110010001001111010101101101101
00010011001010011001100111111010001100011000101101
00101110010100010001000100011001000101100000100011
00010110010001001111110010011011011011101101101101
01011010011011111111000101110001011011001011011101
11111100000111011101001100001111010011100011000100
10100000100001011000001010110111011001111011110011
10000001010100110110101100001100110100011010111110
01011100101101111010110011010001101001010011101111
01100100010011010100001100001110110110100000110111
01010010110011111101110011111111010100001011111111
10100110001101000100101010111110110011110001111000
10001111011110101010110011111010101001010000111111
00000100110101001000001011101010101000111010010010
11110111111100000101101010001000001111010010011000
00101111010101100100101101100000100100100010100000
01001110101110011001111011100111000101000000111111
11001100110001000000101010100000100001110000011101
01111110000100010100101110111110001111011111110110
11101000110111011111010101001111101010011010101101
01001000010101000100100011001100001000000110110010
10000011101010111111000101101100011101010100101011
00110110101000001001101001101001000110111000000011
01101001010111110111010001000101000000000110100111
10100100010101101100111110111011001011100101111011
00100101000111101111001101011100110111110100101110
00111101010111000001000001101010110111111110101011
01111010101111110001111101110001001100010001000000
10000011101110000101111010100000011111001001000110
10101011001111100101100001010001000011111111000101
01011111010100000100100111001010101101100010110010
11000000111011101010100000110001010101100010111111
11001111101110000000001000110100101010111101110110
01101101010001110001111001001101010000011101101000
00110000101100011101001100111101100011010100000111
11001110001010010001100101110110010101010110100101
00011111010011010111001001110111100110011111101101
11011011001010101010000101110011110000000010101111
10100001110011110011101100111010011111001010110010
11101101100100100001100100010110011001010001101101
01001000000000000001011011110010011111000010101111
00000111110100111001110010010011100011110100110000
01001111010110000001000001001110011001001000110010
01111001111111001101111011110001111011111111011010
00000101101111110111010001000001110000010011100111
01101100110111010110101001110000101001101100100100
11101110111101000111100010100110110111101100011010
00010001111101100101011111110101110100110101110100
01111101011101000110101111010010100111101100010000
