01100110011101000110000001110001001000010111000011
10110100110111101110100000000001101010100111110110
11011101111111101111101111111101111111111111111110
01100111111111101111111101111011111111110101110111
00100100011111001111101011111001100100010101010110
11111010111111101111101011111101111111111111111110
10010101111110111110110101110101111111110111111111
00110010111001101110100001110001001100010010110100
01110111011111011111111101110111101110110111111110
11111111101111111011101111101111101111101111110100
10111111110111111111111011111111101011111111110111
11111110111011111101111111111011111111111111110111
01111110111101110111111011110011111111011111111111
11111101111110111111111101111101111111111111111110
01110111011111001111101101111111111110111111111111
00000010111111001110100100100001100100110110110100
01111111111101110111111001111001111111110110111111
11111111101111111011111011100001111011100111111100
11111111111011111100111101110101101111111111110110
00111100111111101100001011111001101100111011110010
01111111111111111110011011111100101100111011111010
00010010101111001110100001110001101000110000111110
00111100111111101111100111110011001100111111111110
00110010110101110010001001100001101100100110000000
00101100011110000101101001100001101100010001000100
10111111111111101111111110110111101111111111111110
10111111111111111111111111011011111110110111111111
10111111101111101011111001101011111011111111111100
00111100011101101001100000110001101100010010110110
00100110111001100010100001000000101100000111100100
00010000111110100000001001110000101100011111110100
11111111111111111111011111111000111111111011111111
01111110111111111111110111111111001101110111111111
00110110000111101100000000110001001011110001110100
11110111111111101111111111111111110111111111110111
00111111110111111011101111101111101011111111110100
01110110111111101110000001110001011101010010111011
00110110011111001110000001010001111110110011011010
01110110111101111111111101110001111101010110111111
10111111101111111011111011111011111111101111111100
00100100011111100011101001010011001100010100110110
11111110111111111110001101110110101100111011111111
11100111111111111111101101111111101111110101110111
11111110111111100111101011110111111101010110111111
01110111111111111111111001111111111110111111001111
01111111111111111111111001111011111111111111001110
00100110100011101100111001110001100011110101110110
01111111111111111110011011111111111100111111111011
11111110101111101011111001101001101011101111111101
10010010001110101000000000100001101010100111100110
