00111111101001110101111111111111111111110111111101
00111111111001111101101011001111101111101111110101
11010011011000011101101011011001001111100001110000
11101111110011111111111111111111111111111111011111
11010011111101111110111111111111111111100011111110
11010011001000011001111111111001101111100101100010
11111101111111011111111111011111111111011111111111
11111110111110111111101111111111111011110111111111
11011011011111111010111111111111111111110011111111
01111011101000001101101011011010000100100011110000
11101111110111111111111111110011111111100111011111
00001011101001111101101010010011101111100111010111
00010011101001010010101011011011101100110011010110
11011010101110101111101111011110101011110111011010
11011001101101011100111111011011110110100000010110
11111111101110101111111111011010101111110111011010
01111111111101110101101110111111111111111111110101
11111011011101111010111111111111111111100101111111
00011011101011010101101010011111101111110011001100
11110111011101011010111111111111101111100100111111
11111111111111111111011111111110101111111111011010
10011110101000110101101111011011101101100111100010
11111111111111111111110111111111111111111101111111
10011111101001111101111011101011111111100111100010
11111111111111111111111101011111011111111111111101
11111111111011110101111110111111111111111111111101
10011101101000001101101101011010101001100111100000
10111111111111111111111011101111111111101111110111
11111111110011111111111111110011111111111111010111
11011011100001001111101011010010101000100001011000
11011011111111111111111111111101111111111101111110
11111111101110101111011111011010111111110111011011
11011111101111111111111101111111011111111111110101
10011011101000101100001111011011100011100011000010
11111111101111011111111111111111100110111111111111
11111110111110111111111111011011101011111111111011
11111111101101111111101111011011111101111111110010
11111111101101011111111111111011110110100111011110
11111101111111111111111111111111111111011111110110
10010011100011011010101011001011101110100011010110
01010010000000001000101011011010101110100011010010
11010111001101011101111111111011101111100000110010
11011011111111011010110111111001111111111000111110
11111111111111011110111111111111111111111000111111
11101111110000001101011111110010101110100111010010
11111011111111111101101011011111101111111111101110
10011011101001010111101011000111001101000011010100
11011011101110101111001011011010101001110011011011
00011111101111110101111100011011011111111111110101
11010011101100001101001011011001101100000001000110
