00110101000001000000100010001100000100001011001000
00000100000000110000000000000101000000000000000000
10011101101111111010000110000011101101110100011111
10101101110001110101000011101110011101100001011100
00110111100011110100101011001100000111100101101110
11111001110000011000111111001101011101100001001100
00001000100000110000000010000000001000000000000001
10111100101110111010010010110011010101110100011100
00111111010001100100011111001110001101100001001010
00010100100000110000000110000010000001110000000100
00100001000000011000000000100101000000100000001000
00100001000000100000000011000100000001100001001000
00101001000000000000000011011100010101100001001000
10111000100000000000000000001100100100000011001110
01111011110100010000011011000101001101110101001101
01111111011000100000111011001111011111100001011000
00100101001000000000000000100001000100100000000000
00011000100000000000000000000000100000000000001100
00100001000000000000000000000000000001010000000100
00010000000000000000000010000100000101000000000100
10001100000000010000000010000000000000001001001000
00000101100000110000000000000000000010100100001000
00001100100000110000000010000000000100000101000000
00100100110000000000000010000000000001000000000000
10111111110110110001101101000110001011110001001100
00011100100110110000000010000010000100000100010100
00010001001000001000000000000001000000000000001000
00000001000010000000000000000000000101100000000000
10011100100011010000000000000000100100000010000100
11011100101111110001000010000001000101110110000100
00110001110000010000000011000000000001100000000000
01100101001000111000000000100100000000000000001000
00100000000001000100000000001000000000000000001100
00010101000010010000000000000000000000000000000100
00110110100000110000000010000000000100100100000001
10111101100011111001001001011100001011100001001110
00001000000000010000010010000000000100100100100000
00111101110110110011000110010110000100000100011100
00111101111110111000010010010110001110000100001100
00100001010000100010000010000100000000000000001100
10000000000000000000100000000000000000000000000000
00101001000000100000011001000100001011100001101000
10000000000001000000000000001100000000000001000000
10011100100111110000101010000000000100000110000100
00001000000000000000000000000000000010000100000000
00110001000000010000000001000000000001000000000000
10111101101111110100110010100001100101110100000110
00111101010001100111000011001100110101110001001000
00101000100001000000000000000000000100000000001000
00100010000000100000000000000000001000000000000000
