00010100000100010000000000000000000010000000101000
00010110000010111011100110011110100011001111101001
00001000000000001001000010010100000011010000000000
11000100000010011111100110011101001011011100101010
00100100000000000001000000000000100001000100000000
11011001100111011001001110010101100011110111001100
01000000000000010000000000000100000000000000000000
00000100100000010000000000000000100000001000000000
00000101000010011010000000000000000010001000000000
00000000000000001000000100000000000010000110000100
00000000000011001000000000000010100001000100000000
10000100000000011010000000000000000010000000100000
01010100101000111011000000000010100011000100000100
00000100001000010000000000000010100000000000000000
01000000000010000000000000000000000000000000001000
11010111100111001011000110011100101011010110011000
01110100111110010111000110110100111010010101111000
00010000000000001011000000000100000000000000000000
01010000100110011101000111011100100010000101001001
01111100000010011110110100000010101011000100011000
01010000000000000001010000001000000010000000000000
00000000000000000001100000001000000010000000000000
00000100000000000000000000010001000000000001000000
01010100010000011011000000000000000001000000000100
01110100000000011010000000000011110011010100000000
00000000000000000010000000001000000000000100010000
00000000000000001000000000000001110000100000000000
01110100000000011010001000000111110011000101010011
01010000000000010010110001000000100010000100011000
01110110000000011110000000010010101111000100011001
01000000001011000001000010010100000000000000001000
00010100000000000000001010110000110000000001000000
01001101001011011011000010111101010011011100101000
00000000000000001000000010110001100001100000000000
00010000000000011001000000000100000001000000000000
00000000000000000000000000000100000001000000000010
11110100110110011011110010011100100001001101001010
01111100001010010001000110010100111110000101001010
00000100000000000000000000100000010000000000000000
00110100000000011000000010000000100000000100000000
01010001100000000000000000000000100010000000000000
01011100011010011011000011011100100011010000001111
01000100010000010000000000000000000000000000000100
01000100000000001010001000010001000011000000000000
11010000000100001000000000000000100000000000000000
00000000000000011001000001011100000000000000001001
11010100000000111011000000001110100011000100010000
00000100010010000000000100000000000000000110000000
00010000000000000000000000010000000111000100000000
01000000000000000010000000010100000000000100010000
