00010000000010000000000000000000000000000000001000
00000010001000000000000000000001011000000010101000
00000000000000000000100000000000000110000000001001
10000110101111010010001000000000001000000001111000
00000000000000000000000010000001000000000001100001
00010010101010010111101001001011111110001011101101
01010101111101010001001000000010101010001011110001
00000010001000000010000000000000000000100000000000
00010110001100110000101001001011111011001010111001
00000010001000010010000000000000001000100001001000
01010111110110010101001010001111001110111011111011
00010010101011100000011100100010101010001111101001
10010100001100000001000000010010001010001110010001
00010010000100100000000000000000000000001010101000
00000000100101000000000000000000000000001000100000
00010110111000000000000000000011101010001011101011
00000000000000000000000000001001010001000000000100
00000100001000000001000000000010000000000000101000
00010101010000000000000000000010001010100010000001
00000110001010000100000000010100001000000001101000
00100100100000000000000000000000000100000001000001
00000000000100000000000100000010100000000010000000
00010110101100000000000000000000001000000010000000
00000000000100000000010000100010100000001010100000
00001000001000000000000000000001000000000001100011
00000100100000000000000000001000000000000000000000
00000000000100000000000100000010000000000000000000
00000000000010000001000000000000001000001000000000
00000100101000001000000001000001010010010011000101
00000000001000000001000000000010000000001011100000
00000110101110010110010100100100101000000101101000
01001100101000011000000010001000010010000011001011
00000110100100010000010100000010001000000001100000
01000100100000001000000000001001000010010011001001
01010110111110010011001000010010100110001011011001
00100100001000000000100000000000001000000001000001
00100110101110010010000000001001011001000101111000
00000000100000001000000000000000000010000001000101
00000001011000000010000000000000000000000010000001
00000000001000000000000000001000010000000001001001
00000110101111110000000100010100001000000001101000
00000000000110000000000000000010000010000000000001
01000110101111010010011100001101011000100001101000
00011110011100010001100010001111111111011010101001
01011110101101110101000110000110100010001011011001
00010010101010000000000000000000001010000000101001
11110100111101010101000000000011011010011011110001
00000100000000001000000000001000000001000000000000
00000000001000010000000010000001000000000000000000
00101110101110010010100010001001011101110101111000
