01010000000010001000000010001000100001100001010001
10111111101111101111111110100111111111110010111111
01011111111011110011111111110001111001111111001011
11101111111010101011111111100000111001110111000111
01110101111111111011111110111000110111111111010011
01111000111000101011100000100000001000111000100000
01110000110000101100000001000000100100000001000010
01111000111000101001001111000000110011110011010110
01111111011011110111111111100011110001111111110010
00111111101110111111101110100110111111110010101011
01111101110110111110111110100111111101100110000011
01001000011010101011101100100000110000000011000000
11111000111101101111111101111100110001110011011110
01101000100010000010111100110000100001100000000010
01111111111110001111101111110001111101111011101111
00101000111000001001100000000000001001110000000010
11011111011110110011101110100000110011111111010011
01000010111010100010000101100000100100110001000010
01111100111111101101011101110000111001110111111010
01111101110110111010111110110010110101100010000010
01111100111111111001011111100001111001110111111011
01111000101011000011100110110000100001000010000000
01111001111111101011100110100101110011010011011111
01111001111111101111111010110010101111111111100011
11111001111000101001111101001000110011110011011110
00110011100010100110100010100000100100100010000010
01111100111111101111111101000000111101111101000010
00101000000011100011010100000000110001000000000010
10001000000010000000000010000000000001100010010011
01000000011010000000001000000000100000010011001001
01000000111000000001000100000000110000100011000010
01100000101000100000101000000000000000110000000010
11111011111111101111111111110110001010111011100011
01111001111110101011101010110010001010111011100010
01110100011000110010100100100000110001000110100000
01001010011000100101000101100000000000010011000010
01001001010000001000001110000000110001000001000010
11111001111011111011111110111000001010111011010111
11111101111011111111100111101011110001010111010011
01111101110010111110101110100101110101100010001011
00101100100000101000000100100000110001000000000000
00111000101000001010100100100000001000100000100000
01111001111110101011111111001110111101110001011111
10111011100110101110101110100110110111100010001111
01000100110000100010100100000000111000000100000000
11001001100010001010101010001000000001100010000011
01100000010010100010101010000100000000010011000011
01010001000010100000001010000000000001000011000000
01111011111011111111101111111011110111110011011000
11111000011000101000101100001100100001110011011000
