01111101111111111111111011111111111111001111010011
10111100011001111111001111111101101000100001010010
11011111111111111100100011111001111111101111111111
11101001111111001111111110111111111010111111101111
11110100111010111111111111111101111111101111011011
11101000110111101100100001110000111010001111000001
00100000110001101010101010110001011010010011110011
10110000111010101110101010101001110110100111010010
10111111011111111110111011111001111111110101011011
11111111101011111111001111111111111111101111111011
11111001110111111111101111111011111111111111011111
10110100101010100110000011101001010000000111000011
10111101111101111110101111111001111111111010110111
11110110111010101111111111111111111011101111111111
11101111111111001111101110111101111110111111101111
11101000111010000100101000011001111010101111010011
11111111111011100111101111111101111111111111011111
11111101111111111010101110111101111111111111010011
11011011111111101101110111111111111111101111111111
11011000011001101010001110110100101000000101010011
10111111101011111110011011111011111111101111111111
10011000100001000010100010111011111010001011000010
11011011111011111101100011111101111111101111111111
01011000011011101111000010110101111010001111000011
11111011111111101111111101111000111111111111111011
11101100111111001010101010010001111010101111000001
11111111111111101111111110011111111111111111110001
11111110111011111111111111101011110011111111111111
11111001111111111110111010110111111111111111111111
11011000010001101111001100101000111000101001010011
10010000011001000010110000111001110010101110010011
11111011111111111110111101111010111011101111011011
11111101111011111111111111111111011111101111110011
10111111111111111110111111111111101111111111011110
11111110111011111111111111101101110111111111111011
10101001111010101110101010101000111010100001010001
10111111111011111110111111111011111101110111111111
10101000111011001110101010111001111010111001000110
01111001111011111110101011111111111111011111111111
00010010101010101100000010111000011011101111111111
10111100011011111110111111111111111001110101010111
10111101111101111111101111111011111010111011111011
10111111011111111110111111111011111010110101111011
11111111111101111111111111111101111111111110110111
00110010010011100010101010111000101010110111011011
11101011111011011111101010111111111110111111100111
00111000111001101010101010011001011010110110100001
00110000001011101010101000011000010011111001010010
11111011111111111111111110011111111011111111110101
10111110111111111111101111111111101110111111111010
