01101101111010111111111010110011111111111111010111
10101111011111111101111100111111111111111111110010
11001111011111111111110110110111111111111111011111
00001111011110110001110110000100101101111010000000
11110111011110111111110100101111111101110111110101
11111011001110111110110111010111111011111011011101
01111100001110111000010110010110011101111011010100
11111100011110111001010111110111111111111111011100
10000000011110111100110100010010101111001111000100
11111001101111111101110101110010111111111011111111
11111111110110111111110111111111111111111111011110
01111111111010111111110010111111111111111111110110
11111111111101111111111100101111111101110111111101
01100000010010010101100100010010111001110100011101
11111111111110010111111111111011111111111111111101
11111111111111101111110110011111110101111111111101
11101111111110010101110111110011111111111111110101
11101100111111111011110111110110111111111111111111
10101100001110110101100100000010111010101010010100
11111001011111111110111111111110111011111111011111
11111100111111111111011111110110111111111111111111
11111111111110111101101111111011111111111111001111
11000000000010100001110100000000101011111111000100
01111111111011111111111011111111111111111111110111
10110111001100111101110100000110110100110010010100
00000101011000101101110100001010110101111011110100
11101001011110101101110100010010001101011001010010
11100111111101111101110100101011111101110111111111
01001000001110110001010101010010011011111011110100
01111111001110010101100110000000111100111010000100
11101111111111111111110111111000111111111110110111
11101101001110111000010100010000101011001000010000
11111101111111111111111111010111011111111101111101
11101111011111111111110111011110101111101111111110
11111111111111101111111100111111110101111111111101
11111011111110111100110111110110111011111111011111
11100101111100101111111100001011110101111111011101
11111111111111111101111101111011111110111110110111
11111111011111111111111111011110111111001111111110
11111111011111111101111111111110101111001111111111
11110111111100111111111101101111111111110111111111
11101001101111111101111100010010111111111011011111
11111111111110111111111111011110011111111101111100
11101111111110111101111101111000111110111110100101
01001000010110111100100101011010111001111011000100
11101111011111111111100111111011111111111110001101
00100101011011110101110000010000111110111110010001
10101111111111111111111111011110111111111111110011
11100000011100000101110100110010010101111100000100
10101100010011111101110100010010101111011101011100
