00110101011101110011011000001100101101000110000001
00011111111011111111110111101111110111111111111101
10011111011101110111101110101101101101110110011101
11101111011111111110111110101111111111111111111111
01110111011111110110111110111111111111111111101110
11111011011111111111111011111111001111100111101111
01111101011011111100111111111111101111110111101101
11111110111110111111111111011111101100101111111011
01000001011001010110010110101110111101101110101010
11111111101101110111111111111110101111101111110011
11111111110111111110111110110111111101111110111111
10111101011000100011100110001100100101100110011001
01011111001001101110011000000111100100000110101000
11111110111010110111111111011111101110101110111111
11111111011111011111011011111111111101110111101111
11111111111001100111111111101101111101111110111101
01010111001010100100110000000011100100100100101000
01111111111011111011111101011111101101111111111111
11111101111111110100111111111111101111111110101101
11100101010101110100111010100110101101100100100001
01111111011101011111011111111110111101101111101111
11011111111011111111101110101111111111111110111111
10111111011011110111110111111111100111110111011101
01111011111101010110111010111110111101001001100010
01111111111101110011111101011111111111111111111111
01000111010001110110101010111101001101000110101000
01111110111000110011111101011110101100101110111111
00001111011001100110101111101101100101100110111101
11111111110101110110111111110111111111111111111011
11111111111111110111111111111010111111110111100011
01011111111011101111111110101101111111111110101111
01111111001011111110011011011010101000100000100010
11111011111111111111111110111111011101111111101111
01011000101000110000110110001110100101100110100010
10111111111001110111110111101111100101111111011101
11111111111111111111111111111110111011111001110010
01011110010001000010011010001110000101100110100001
11111110111100110111111111011110111110110110111011
01111111111101111111111010111111111111001111111110
01111010001000110110011010001110101101000110101010
01011001111001010110110110101010101100100010100010
11111111111111111111111011111110111011110001110111
11111111111111110110111011111110111011111001110110
01011111010000100100101110001100101100100110101001
01011111111011111111110111111111110111111111011101
01110001011101010100011010111000001101100110100001
01111111101111111110111011111010101001110001100010
01111110001001110110111010110010101000100110100000
00011101111001100100110110101111110101111110001000
11110111011101110111111010111110101011000101110000
