01111111111001011111111110111100011010111110001101
10111110111001001111111110011001110111101111110111
11011000011000000010001000100000010000000100000100
11101111110001011111111111101100010010110110110111
11110100111110111111101101111101011111100110110111
11011010011100101111011110101101010110000010111101
11010100111111001111111100101100110111110110011101
10010000111000001000101110001000000000000110000100
11011011011101101111011111111100111011011010111101
11111111101111011011111111101110010111100110111101
11101111110000011111111110111110110011111110101101
00001110110000000101001110000100000000100110000000
00001010010000000111000110001000000010100000000100
11010010110000000100011100101000000010000110000100
00001100100000000100001100000100000010100100000101
10011000011000000101101000000001000010100011100011
11011111111000000101101111110101010110100111110101
11011110101111111011101111101110110011100110000101
11111110111010000101101010100101110011111111111101
11011110111110011110101111001101011111100111100111
11011011011000011111011111101101111111010010100111
11010110111001000000100000100000000010100100000100
11111111111101111111100111101101011001101111111000
11011111111111101101101011110111010110110111111111
11010101111110001111101101111101110111100110001101
00011000110000001101101110000000010010000010000100
10111110111001001110111110011010110111100110001111
11001000101000001000000110101100010000100010000000
11011111111011000101101010110110110011100110011100
10011110111100101111101110011010111111111111100111
00000000011000000100000100101100010000000110001000
01001100000000011011101110000000000010100001100111
01000010101000000110100010101100000001001010000000
11111110111000001111101111111110001000100110000100
10001000100000000001101000000100010000000100000101
01001110010000001001100110100100000010000000000000
11011110111011111111110111101101000100101111110000
01001010111000000111101010101100100000001100000100
11011010011110111111011110111101010010010011100111
10010010101000000010100100000100000000100010000101
11000000101000000010001000000100100011000000000100
11111011011101101111011110101110011011000010111101
11011111111101011111101111111110110010110100110111
01000000000000011011001100000101000010100000000011
01011100111000011011101100000101000010100110000011
01011110110000001010001100001000000010000110000100
10000110111000000010001110101010000000000100000000
11111111111011101111110111101101011001111110010000
01011000000000010001100100100101000000100011100000
11011110111000111111100110100101001000110111100000
