00000100000000000000000000000010100000000000100000
00000000010001000010000000001000100000000000000000
00000100010010000000001001000000000000000000100001
00000101010111000010101001001110110010101110100001
00000000000000100000001000000000000000100100001000
10110001110011100010011011001010110010111100101110
00000000010000000000100000000000100010000000000000
00010100000001100010001000001101000010000101001100
00000100000001000010001000000000100000000000001000
01110110000111110010011101011101011010100111011001
00000000000010100000010000000000011010000000001000
00010000010010100000000001000000000010100000000001
00110100011101111000100001000110111010100101111101
01010101110010101111001011001100110100100101101010
00001101011111000011011111001111111111100100100111
00000000010010000010001000001000010000000000000010
00000000000011000000000000000000000010100100100000
00000000000001000000000000100100000100100100100000
01010101110001110000000011010100110011000101101101
00000000000001100000000000000100010001000100001000
00010010000010000000000000000100000010000011000000
00000100011000100000000100000100001010110100000000
00111101110001110000000011000110110110101101111101
00000000010000100000010000000000000010110000000000
00000100000001100010001001001000100000000000000000
00110100010111100010001010101101110011100101111001
00000000000000000100000001000100000100000101000000
00000000010000000010000000001100100000000000000000
01010101010001110000000011010100110011000101111101
00010001010011100111111001111010111110110110111000
10010100000010100000001000000100000000000001001000
00000001010000100000000001000000000000000000000100
11010110100011100010001011011100000010100101011001
00010100011011110011001001001100001011101101011001
00000000011010100000010000000100010010100000100000
00000000000001100100001000100100000000000101111000
00010111011110101010111101001100111000101101101011
00000000000000100011000001001000010000000000001000
00011100010111101100011101000100111010000101111101
00000100000000000000010100000100000000000000000000
00010100000000000000001000000000010010000000000000
00011101010011101111011001101100110110100001111001
00010000010000000000100000000100000000000001100000
00000001010011000010101001101010110110100110100000
10110100000011101110001001001100001110100111011001
00000000010010000000001001001100110100100100100000
00001101111011000011001001001110110111100100100101
00000101000010100010001000001001000000100000001000
00000100000001110000000000000000000010000000000001
00110000010110100010001001001000110010100100101010
