01011111110111111111111111010011111011111110001101
10101111110111111111111111011111011111111111100111
01001001110001010100010110010001001110101011100101
10001101111001011100111111010001011011111011001101
11110101111111111111110111111111111110111101111101
11011001111001111110101101110101110110111011111111
11000001101001011110010100000111011110111111001101
11111110111011111111011111011111111111101011111111
11111111011111111101110111111111111100111011001111
11111101101111111110111111111111101111111111101001
00011111110001110110111111010011011011111110001101
11001000110011000011010110000100001110000011100111
11001001110101011111010100010100001110111011100111
11111111111110111111111111111101111110011011111111
11001101111001001110000001110100010110111001111001
11111111111011001110111111111101011111111011111111
11011111110011110110111111011111111111111111111101
11111111111011111010110111011111011111111111101101
11001111011111111101110111111111111100111011001110
11001001100111000010010011000100001110011011101101
11011100111001011110000011010100011111101011101101
11111011111111011111000110011111011110111111111111
11010101011001011000000001010101010110010011001101
11111111111111011110010011111100011111111111101111
11111001111101011111110101110111111111111011111111
11011101111001111111101110110101110111111111111111
00001100110001110010000111000101011110101000011001
11111101111011111110111111000101111111111111101111
01001001110001011110010100000101010110100011100001
01001111110111111111111111111011011111111110011101
11001011111000001110010010000101011010111111001101
11111111111001011110011011111110111111111111111101
10001101110001001010000011010001001010111010001101
11011111101001111110111111111111001110111111111001
11111011111111011111110110110111110111111111111111
01101111110111111111111111111101011010111111011111
11111111011111111101111111111111111101111111011101
11010001011000011100100111010101001010001011001101
11111111111010111110110111111111111110011011111101
11011110111011111111011111010111111110101011111111
11111111111011111111110111110111111111110111101111
11001010011000001100010101010111011110001011001101
11110111111111011111111111011111111111111101111111
01111111110111111111111111011011011111111110111101
01101101010111111101110111011001011000111011001110
00001101000001111000010011100101011110110011000000
10011111111001111111111111110111111111111111100111
11111111101111011111111111010111101111111111101011
01000101100111010010010111010000001100011010101100
11111111111111111101111111111111111111111111001100
