01110001001011000101101001110111000000010001110010
10111111011111111111001111111110000110111100111111
11010111111111110111111111111111101111101101111011
11101101111111111110101011111111011111010101111111
01010000001110110110101101111011000010000001110000
01110011111111111111111101111101111111111011111111
01100101001011110101101000101110000010110101011100
11110110011111111111101111011011101111011111111111
00110100001011111111110011010011111010010101111100
01110101001111111111111111111111111111011101111101
11111111110111111011101101111111111010110111011111
01111101011011110111101111110111000101110111111110
11111111111101111111111111111111111010111101111110
11110111111110011111111111111111011010111011111110
01111111111110010111111101111111010110111011111111
01111111111111101111111111111111111010111111111110
01010101111011010001101001110101111010000001011010
11111111110111110011111101111111001111111101001111
01111101111111110101111011111111001111101101110110
11100111111111111110101011111111111011110111111110
10111111111111111111011111111110111111011110111111
00100100110011110110100011110011000000010101111110
11111111011111111111100011111111111111011111111111
01101101011111110100100001111111000111000101110011
01110001110111010011111001111101000010010001101110
11111101111111111111111110111111001110011111111110
11111110011111111111111111011011111110111101111111
11111101111111111111111111100111110111110111111110
01111111011011110111101111100111010101111101111111
11110110011111111111101111011010000111011111111111
11111011111111110111111101111101110010011001111110
10111101111111111111011111111010110010010101111111
00100101111010011001101000110011011000010001010110
00010100111011111001101000111011101010010101111110
00110101111011011111101001100000110010010000111110
01110101010100100110101101111100000011000100101101
01111111111011111111101111110111011101110111111111
00110101010100000111101100011100000110010100101111
01100110001111110111000000111000000010010100111110
11010111111111110101111011111111111011100111111010
01100101010011110110101001101110000000000100110110
01110011111110010111111101111101010111111011111111
00000101001101110001101001010100000010010101111110
10111111111111111111011111111111110010010110111111
11111101110111110011111111111111011111111111001111
11111111111111111011111101111111111010111111001111
01110111111111111101111011111111011111110111110111
01010111111111110111111011111111111111101111111010
11110101001111111111111111111111111011111111111101
01110101011000100100101100101101000111000101111010
