00111111101111011111111111111101101111011111111111
00101001101010011000111100110000101001011110010100
11011111111110111111111101010111111101011111111111
10101001101110001011010000010000001000011111001100
11110011111110110111111011111101111100111111111111
10100001100010010110110100110010110010011111010101
10101001101111011110111101011101101100110111011111
11111110011110101111011101111111111011101111111111
11111110011111001111011111011111111001101111111111
00101001101100011110111000011001101000110001011101
11111011110111111111111111111011101111111110111110
10111011111010111111111111111001101111011110111100
11111111101101111111111110111111111100011111111101
10000010101010011111111100000101100000001100011100
00101001001110001111010100001100101001011111110101
11101110011111001111111110111111111111001111111111
11110011111111110111111000111111111010111111111101
10101111111111111011111110111111101110011111111111
10111111111111111101111110111101111111011111011111
10111001101111111110111111111111101111111111011101
11101110011111011111011111111111111011001111111111
11111111111111111111101101101111111111111111101101
11101011111111011111110111111111101111111111110011
11100111101111110111111010111111111010011111111111
10001000101110010111101100011100000000011101011100
10101011101100000001111000000101001000011011010010
11001101001110011111111100010111111011000001011101
11111111111110011111101110101111101011011111101101
10001011111110111111111110010111101101111111111111
10101011100011111111111111111001101100011110011110
00100101101010011101111100111001111010011111010101
10101011111111011111111101111110111110111111011101
11101111111111111111111100111111011110111111111100
00101101100010011010110100100011101010011100010001
11111011111110111111111101111111110001111111011111
10101010001110010111011000001101100000001010011001
10000101001100011111111100110011110000001001010101
11100001101100110011111000111000001000011110111100
00001011111000001001011000001001101000011011011001
11111110011110101111011111011111111001101111111111
11111101101111111111111111011111111111110111011111
11111111101111111111111110011111111001011011011101
11111111101110111111111101011111101101111101111111
10111111110010111111111111111011101010111110011110
10101001101110111100111100011000100001010010010101
11101111111111111111101111101111111111111111101111
10111011111111011111110110111101101101111111010011
11111111111111111111110110111111101011011111110001
10101011101000010110101101001100001000011011011000
10101111110010111111111100111011011110111110111100
