00000101000000000100000000000000001100000000010000
00010101010000010101000011000111100100000000110110
00010010000000001000000000000001100100000010000000
01101001100001010111110110000111110010101110010011
00010000100010010000000000000010100000000000000001
11000000000000000101000000000001101100000000010000
00100001000000011001000000000011000000000010000000
11010010101010010101100100001111110110101100010111
00011001000010010000100000000010000000100000000011
01000000000000000000100000000000100000100000000100
00000001000000000001001000111010010000000000010010
00000000000000000110100000000000000000101000000000
00001001100000010001100010000000000000101000010010
00010000000000000100000000000000000010001000010010
00000000000000000001110010000000000000100000000000
01011011100010000101101111000000100101101100110010
00100010000000000001000000000011100000001010010000
11010101000101010011110110000011110100101000011100
00010000000100000100100100000000000110101001000000
01010111001010111100101110010111110111111011010111
00010001110110110111010011101111100111000000010010
00010000000000100100100010000000000110000000000000
00000000001000010001000100111011010000000000000000
00010001000000010111001010101111110111000101011010
01010000000010110101110101001111100110101100010010
01000000000000010000100010000010000100000000100000
00000000001000000000101100000000110000100000010000
00000000001000000001001000000000000000000000000000
00000001001000000000101110000000110000101000010010
01010001000000000001100110000000000101001000000010
01011011101000001101101111000000110110101010110110
01110111000000001101101110000000100110101011111110
01111101010000011101100110101011000110111100010010
00010001001000000101001100101010000000000000000010
10000100000000000000000000000000000000000000000000
11100101000000010111110111000111100011111110011010
00010001000001000011110110000011100100111001000000
00000000000000010001100100000100000100000000000010
00010001110110110111000010101011100110010000010110
00000000000000000001000000000000100110101000000000
00010001000111011111000010001111100110010000010010
00010001000000010000000110000000100100000000000000
00110010000000001001000000000011000100000000010000
00000000000000000011000100000001000010000000000000
01000000000000010000000001000011000000000000000010
11010101001011011101100110101011100100101010001010
00000000000000000100000100000001000100000000010000
01000001010000000101000000000011000000100000000000
01010001101011010001100110001111110101101000110001
00011001100000000001000000000000000000000000000010
