00000001100000100001001010011100001010010110000100
00111111110100111111011011111111101110010110000100
01010100000000001101000010010001001010000100000000
01101101100000111101111001111110101010011111011111
01010101000000100101000010100111000001010010010100
01111011100010111101101011111111101010011100001111
01000100000000001001001010100101001000010100001000
11011100110110011101011010111111111110010111101101
11010101000000111111011110111111111111011110101110
01000001000000001001001010011010000010000010000100
00000000000000000101001010000111101110000110000110
01000001000000111101000010010111100000000010000100
00000101000000000001000000011010100000011000001110
00000000000000100100001110010000101010000000000000
11011100100101011111011011111111111110110110101100
01010101100100100100000010101101001001010111011111
01110111110100100111101010111101101111010111011111
01111101101101111011101010111011101111001110001111
01000000100000101101000010010100000010000100001000
11111111111110101110000011101111011011010111011110
00010100000000001100001000100010001000000100001110
01010001100000100000000010000001010010010010001000
11010111111001101100100110101111011011010111001110
00000000100001000000001010110000101110000110001100
11101111111101111111011100111111101010011110101110
01010100000000100001000000000001000000010110000100
01011111100000111101101110011111101101110111111110
11110101110111101110000110101111001011011111011110
11010101110010111101001010110111111110110111001111
11011111101100111011001010111011101111001110001111
01011101111110100101101010111101111111011111111111
01101111101100111101011011111110111110011111101110
01010101101111101100000110101111011011111111011110
00000001100000100001011000001011101000010000000100
11110111101001111101101110111111110011011010011111
01000001101000101100000100101111000010100010101110
11110101111001101111011110011111101100010111001110
00001000100000011101001000110110101000010010010000
00000000000000100000000000101000100100000100101010
11011111100010111001011011111011111011001110011111
00010100100010000100000010010111101000010001001110
11110111101000111111101111111111100010110010011110
11011001111100111101011111111111101111010100011110
00010001000000011001001000111011100010001000001011
00000001100000100000000010100011000100100000001010
00011000000000011001000000110010101001010110000000
00010111100010111111111110111111101110111111100101
11011101111110111101101111111111111110011110001010
00010100101010011101101010111111101110111111100100
00010101000000011100000000001110001000010001001000
