01001011101100001000010001100000100110000000011000
10111001111111001111010001111111011111101110111101
01010000101000000010000000001100001100000000101000
01101100101011011110011111111101011111010110111110
11010011001110101101010011101101111101101111111111
00010001011100000000000000000000010100000000101000
10001000100000000000010000101100101110000100000100
11001100111010101111011001101111111111000111111100
11110011001110111110010011111111111101110100111101
01000101000000000110010000101101010110000000101100
11111101100101011110110011101111111111011100111100
11001100101000011110111111111111111111011101111111
01011001100001001000010001001001011111000000100100
01010000001010000100000000100001001111000000101100
00001001100000001101000001001001010110000000110100
00010000101100001000010001010100010000100100110000
11011001101110110110111100111101111111111101001111
01011001111101101000010101001111111110010111111101
01110001111100001000000000001100011110000100110000
01001001000000100000000001001101000010000000001100
00000000001100001000010101000000001001000000011000
11011011111110011100101101111111011111010101111100
00010001000100001000010001100100010110000110110000
00010000000100001100110001100101000111000100000100
00011000101100000000000001001001001010001000010100
11011001101110110101111110111101001111101101001101
11011011111101001000011101011101111110011111111110
01010000100100011000010001100001011100100000111100
01111011111110101111010011100101110111011101111101
01111011111100011111011101101001011110101011111110
01000001101100000100010000000001011001000100001101
01011001111111101101010111111110011011010110111001
10001011101100001100000000101000001010000000000000
01011101111110111110011000111111001111111100001111
01111011101111001110110011110111110111110110111111
11111111111111101110011101111100011011000110111010
11010011011111101111011111101101111101011110111110
01011001101111001000110101001011011110010111111101
01001000100000011000000001010100011000000000011000
00010000101100001100010000101001011011000000100000
01001000001100001000000011101100010010000100111100
01011011101100011110011101101011011111001011111111
01011001000000000100001000100101001111000100000000
00001001000100001100010001101100000001000100000000
01111101111111110110011000111101001111011100001100
11011001101100110110111010111101001111101100001110
11111101111101001101110001111111011111101100110111
01011011111111101101010111111110011011001100111000
00011000000100001000000000100100011110000100011000
01001000100100001100000001001011011001000100001000
