00010000000000000000000000010000000000001000001000
00000011001101011101101010011001101000111111101100
00000000100000000000000000000001000000100001000000
10000001000000000000000000010000000001000001000000
00000000001000010001000000001000000000100010000000
00000000001000000010000001000000000000100010000100
01000000001000000011001011010010000000101000000100
01010000001001000101101111010000000101101011101000
00100000000000000000101000010001000000101001000000
00000000000000000101000000000000000000100000100001
01001111000101100101111111011010001001101011101101
01000000001000000100000000000000001100000000001000
00000000000000000001000110000100000001001100000000
01000001001000000000100010001000000000000000100110
00000000001000000000010001101000000000000000000000
01001000000000000001101000010000000000000010000000
01000000000000000100000010000000000000001010000000
01000001011100001001101010011101001000101001111110
00000110000000000001110001001000000000100011000100
01001011011010010110110110111000001001111011101101
01000001101001010111001011111000010000101011110111
00000000001000100011001001101000000000001000000000
01000011101000010100110000111010100000111011010100
00000001001010000001000000011100000001000101000000
01000011001011001101100000011100001011001111101111
00000111001000100010110000111000000000111011000100
00000000000000100001111001001000000000100000000100
11010011101000010101101111001111000010111111001100
01001000001001100111111111110000010111101111101000
00000000000010000100000110010000000001000100001000
00000010001000000000001000010000000000001001000000
01100000100000000100000000010000000000000010010000
01000000000000000000001000000000000000010001000000
00000000000000000000100000001000000000000000000000
01000000001100000101000010000000000100101000100000
00000001000100000000000000001000001000001000100100
00000000000000000000000010011000000000000000101100
00010001001010000001000110001100000000001101001000
01101111111000000111101001111000001000011011111101
01000000000000000001001001010000100000101010000100
11000011101010001101111011011010001101110111111110
01000000000010000000000110011100000001001000001000
01001101001000011011101011011001000000111001110100
01110001101000000111101111011010100001101010111100
01000001011001000101100010001000001110101011001111
00000000000000000100101000000001000000101011000100
11000001001100000101000010011100000011101101100111
01000110001001000111101011110000000110111011111000
00000000000001000100100010000000000000001000101000
00000000011000000001100010000000000000100000101000
