01110101111111111100011111101111110111111111011111
10111111111111011010111111110111011011111111111111
11011111111111111111111101011011110111111111111111
11100111111111111111011111111111111111110111111011
01100100101110011000011111101010000010110110010000
11111000111111011111111111111011111111111111111011
01110000110011011011101111111011000010010110010001
11110000011011011000000011101001100011011110010000
11111110011111111111111111111111110111111111110101
11110111101110111111111111111111101111111111110111
11111101110111111101111111111110111111110111011101
11111100111011011010111111111111101011111110111011
11111111111101111110111111110011111111111111111111
11110111101110011111011111111111111111111111010101
10110000111010011000010101110001000001111011010101
11111111111111101111111011111111100111111111111011
11111111111111110100111111111111110111101111111111
10110100111011011000111110110111000010101110111011
01110110110111010001101110111000000011100110010001
00110110111001010010101110110001000011110110010001
01100110111110011111011111111111001111010001110001
11111100111111111100101111111111111101110111010011
11111110111111011111110111011111010011111111111111
11111110111111101111111011111011110111111111011101
11011111111111011111111101011111101111111111111111
11111111111111111000111110111111011111111111111011
11011111111111111111110101011011000011111111011111
01110110111111111111111111101111001111011101110101
10111111111101011010111111110011100111111110011011
11010000111101011100111011010010001001110111110001
11111110111111011100111111111101000011111111100101
11110111110111111101111111111010110111110111011111
10110101111111011000010110001001000011101110001011
11110100101011001000011101000001000011101111011001
01010100011111000000110011010100000011000111110001
10110100111011011000110111011001000010101110011011
11111111111111011111101111111011111101110111011011
11110101111111111011111111111111111010111110111110
11111100111111111111011111101111110111011101010111
11111111111111110001111111111111000011101111111111
11100101110111111100001111111010110101110111011101
11111111111111011111011111111111111111111011010111
11111111111111111111011111101111111111011101011111
11110100111011111000111111110111011010111110111100
01110100110110011100101011010110001001010001010001
11111111111111111111111111111101011111111111101111
11110100001110011100001111101001110111011011010001
11100000111011101000001110110011000001111111010001
11110100010110011100011011101001100111110110010001
11110110111111111111111111111111111110111110111110
