00110000000110100100000010000000001000010110010000
00010000100000000100010010000010100110101011000000
10011001111110101111111111001111111111111111110011
11101000100110111101011111101111111110111111111101
00110000000100001000000011000010100100111110000101
00000000100100000110000101000111001001110001000100
00000001100010000100000001000001100100111111011011
00100010100010000000000001000001000000110100011111
01110111010111011011111011010111111110111111110111
00100000100110000000001011000000101110011000000001
00100000000110010000110000000001011010111111000100
10111100111011111110111011111110101110111111010101
10110011111100000100111010111111101110011111111111
00000000100100000000011000100100101010101110000000
10110000000100000100001010000000000110010111010001
00010000101100000000100000000000110010100011010001
00111000100100000000011001000111101100111100010001
11110110000110100000011011000111101110110111010111
00100100100100000000010110000100000011010100010100
00110000100000000000001010000111100000100100100001
00100000101110010000010000000101111110100011000101
01110000101111001110101111111111101110111111111111
00110000110111101101010111001111101110111111011111
00110100000000000010011001000110101001110010010100
11111000110110100111011001000111111011111111010101
00111111110100001100011110011111101111011111111111
00010000000111000000010000000010100000100101000101
00000000100110000000010001000001101000100110000001
00110000000110000000011001000011000010001011010100
00110100100111001111111111000011110111111111111101
01111100100110001101011111101101001111111111110100
00110111101010001101111011011110101110111111011111
01111010110111011101111111110101011111111111010100
00110000101000010000100010000100101110010111010100
10110100111111001100111111010011110111111111111101
01111010110110101100111001000111111011111111011101
01110000111111110110111011001111111100111111000101
00100100000000000010000111000110101100000000010101
01111111101101011101111110110111101110011111110101
10111111111110101110011111000111111110101111011101
01111010111111001000011011001111101110110101010101
10111011101111101111011011110111111110111011111101
11111010101111110100111111011111111110110101010101
01110110101110110100111011101111111110111110110101
00110000100010000001010001000110001000100101000101
10110011100110111110011111001111111101111111000111
00010011000010000000011001000101001100010100000010
00011101101110000110111111101111111111111111110001
00100011100010000100011001000001000000000000011001
00111011110110111101111011110101001111111111110110
