01010111111001001111111101100111101110011011111111
10110111101001011111011101101011100101011111101110
01011111100001101011111111100111111100011011101111
11100110101001001111111111101011100111011100111101
00100101000001001000000101100000000100011000100000
11111011111101001111111101111111100111111000101100
11110101110111001011111101101010111111011011101110
11101110110011101011111111101011101101011100111100
11110111000101011101111111111011101100111101101110
10000111000000000011100000101000100100010000101100
11010100000000000001100001000001000100011000001000
00000110100000100010111000000011100000010000000000
00000011000000000000011100101010000000001000000100
11111111100000001010111111101111011111001111100110
00100001000100001000111100001001000100011000100000
01000000100000000011100000100000000000001000101101
11111111100001100111111100001111100100011111111111
11010100100000001010010101000110000001000000001000
11110111010101011101111111111011101101011100101101
11110111111000011010111111111011000101001101100111
10110111111101111011011101101011110101111101101101
11110111100111101111101001101011110110111100111100
11110111100111101011110101101101100111011010111100
11111111100011101111101001111111101110011100101101
00110001100001000011000000100011000000011000001000
11111111101001000111111100001011111100111111111110
11111111110011010011111110011011110100111011111111
00000100100000000011000100101011000000011000000100
01010111110011101011111101110111110110111010111100
10100100000001001100001100001010000101011000001000
11110111100111001111110111111101101111011010101101
11110101101101101011111111111010101111111000111111
11110111110100001010111101101011001110101100100111
00100010000001000000110001101000000000000000100000
10100011100001000010000101000011100000011010001100
11111111111001101011111101101111100001110001001011
10010110000001000000011100001011100000010000111000
01010111000001000111101000000111000100011000001100
00000100100000000000110001101001100100001000000100
11111111111100101010111111111111001111001000110111
11111111101011111011111111111111101001110100011011
01010001100001001011110101000000100000001000000010
11100010000001001000001001101010001000000000000100
11100010100001001001100001100000000100000000100010
11111111110001111011111101101011110010010001011011
10010001000000001000011001101001000010011000100100
11110111111000011110111111101111001111001000100111
11110111110011011011111101111011101001110010011001
11100010100001001001000001100001100100011101101000
10110000000000011011100100100011100100011000101100
