00000110001000000001001010010111011110011000011100
00001011001010000010010000000000001001000001000100
00000100000000000010000000111101011001000000100100
00001111011111111010111001111111001111101101110101
01010011001010000000001100001001010010001000100000
10110011001001000110110111111111111111110111110110
11011100001011101011011110111101111111111111110100
01011100000010000010011110011000011110001000110100
00000000001001000010000000110001000010001011110000
00010000001000000010011000011001010100001001110100
11011110110010110011111111111101111111001011110101
00010000000001001010000000100000011000001001110001
01011011001000000000000100011001011110001000110000
00010110100100001010010000101000011111001011110101
00010010001000000000000011000001011001000001000100
00010000001000000000110010011101010000000000100100
00010010000101000010000000100000001011001001100001
00000100000000000000010010000001000011101000100110
01110111111101001000011100111101111111101111110101
10000010001000000000011010000100000100000000001000
00010100001000010000001010111100011101000001110000
01010111011001010111001110111111011111111101111110
10011011011000000011110111111101111111000001110100
00001111001010000010011000001000011001001001110100
10000111001000110101111001111111001111101101111110
00010100001000100000001010111000010011000001100000
00110110101101001010111011011111111111101000111110
10110111111010010010111011101001111111011101111110
00111111011011010010111111110111111011111001011100
10110110001000010011111010101001010101000001101100
10010100000000000000010010101001010101011001000000
10111110111010110110011010111110111111011011110100
00000110001000000010001000111001000000101001100000
10101111011111110010111101111111001111101101111101
11110111001111101010111110111001010111001101101101
10010111011011000011111010110111011011111001011100
10011111101011001110011011111001011101111101110101
01110110001001101110111111111111011110111011111101
00010110000000000110010010101000110111001000110110
10000110000000000000010000011011000111001001000000
10011011111111001110010110111011111111110111110100
00010110000000000010010010010000011010001000110000
00000110101001000010000000000001000001001000010000
01010110111101101010111111011111111111011000110110
00111111111111011110111111110101111011101101010100
10010111111111000010111110111001010111101111101100
10000000000000000001010010111100011101000000010000
11110111011001110110011110111101011111101001110011
00000100000000000100010010110000000000100001000100
00010000001101001010000000000000011011000000000100
