00110100000000000000100000101000000100100001000000
00000000001000010000000001000000000010000000000000
10010100000101000011100000101000000001100000010011
10100100011101011011111111110001101111110001000011
00000000000001000000001110010000010000000000000000
10110000001101111011101100010001010111101001111010
00000000000101000000000100110000000000000010010000
00000000001100010010000000000000000100100101001010
00000000000000010000001000010000000100010000000000
00010000000000000000000000010101000000000000000001
01010101000011111011001101010101100010100001000001
00110111000001011011001101110101111100100001100001
00000000001001010001000100000000000000000000000000
00111110001110011011001100110001000100100011111010
00000100001000000000010000000000000000100001000000
01010101101111000111001111110001100110100000010111
00010100001101000111101100110001101110100000110011
00000000000000011010000000000000000000000001000100
00110101001101011101101111110011000100100101010010
00110100001111011010111100110001011111010011000010
10110100000000001011000100101000000100100001000000
00010000000000100001000000000000000010100001000000
00011100101101011011000000110000010100110000010011
00011110001111011011100001110010001110101011011011
00011000000000010010000000000000010100000000000000
01010000001100010010000100000001000110000000000000
10110010000101011011101100011001001100100001010000
00011110111101011011001100100101001100101011010011
10100000000000000000100000100000000100100000000000
00000000011100000000000000010000000000100000000001
00000000000000000010000100000000000000000000010000
00010100011101011011000001110000001100110001011111
00010000001100011000000000000000000100000001000010
00001100000100000001001010000000000100000000000010
00010000000100001001000100110001000000000010010000
10010101100101011011101111111001110000100111010011
01010100001000011001010101000000000000100001000000
00110100000000000001000000000000000000100000000010
10110101001101111010111100111101000111000001001011
00010000100000000001001000000001000000000000000010
00000100000000000000000100010000000000000001000011
00000001000000000010000000000000000100000000001010
00000010000001000001000100010000001100000000010000
10010101001101100111110100110001100110101000011111
00000100000101001000000000000000000000000000000011
00100110000001011010001100110011001100000011000100
00000101000001000000000100000001000000100101000000
00000000000000010100000000000001000000000001010000
00110101000001011011001100010001110101111101100001
00110000011100011000001100010101000100101001100010
