01000001000000011101000100100000000100010100011100
10101011110001111101111000111011110101110110111000
01000001100000010101000000110011010001010100000000
00000001000010100001110001001000110101010000111000
01000001100000010100010000001001010001000110001000
00000001100001010101101000100000010100010000011000
01000000000001101001000000011010110111010100011100
11111100100101111111111010111111110101111110111111
01101101001101010101111000111101011101010111011100
01000000000000101100000000011010110000010000011000
00000000100001011001000000100000010000010000000100
00000001100001101000100000010110110001001000010100
00010000000001110001010000101010110100010100110100
01000111101110111101111101111110110111010100111100
01010011010111011101110000111111111101010101111110
11101101101011101101110010111011110101101011111110
11000011011101110101111010111101111101110111011100
11101101110001111011011110111011100111010110011110
00000001000000000100010000111010010000000001000010
11110111101011111100110011111111111101111110011100
01010101100101111001011010111110101101111100001111
01011001100011111111100101111110111111111101011100
01000101100001001100100000111010010100000000011000
10000000000001000100010000111000100000010000001000
00000001000000011101100000000000110000000100010100
00010000000001000001010000001010000000000000111000
11100101101011111111111100011111110111011101011111
01100011110101111111111100101111110111111100011110
01011011110011111111111101110110110110111110111110
00000001100101101001110000111010111001001000011111
01100011010111110111111001111101111101011101111100
01101001100000111101000000110010100000010110001100
01010011010111111101110110111111011111111101111100
01111111111111111011011010111110101111011111011110
00000000100000101001110000000110110001000100001111
11010111100011111101111000111010110010110100011100
00000010000001000100010000111000110100010100011100
01111011100101111101110000110110111000011110011111
01000001000000011001110000011000100100000100001000
11110111111011101101110100111011110111000001111111
00000001000100010001110000111110110001000000000000
11101011100011101101110010111011111111100001011111
01001001100000011101000000001001010001000000010000
00000000100000111010010000100010110000010100001110
01010001000011110000000001001010100000010000001100
11010111110111111101011011111110110111010110001110
11011111110001111101111101111111111111110101110100
10000011101111111101110010111111111111010101111010
00000001000000110110100000111100011001010101010101
00000001000000000000100000100100001001010100000010
