01100000000000000000000100010010110001000001000000
10110101010001010110100000001011110101010101111011
11011100110001010010100100001010100111110111011110
01101100010011110011101001011000010001010101010110
00110010000000000010100000001000000001010100000110
01110000100000011010110100111110110111011101110110
00001000000000010010000000001000000000010100010110
01000000000000000000000000001010100000000001000000
00100100000000000001000000000010010001001101001000
01110000000001000000000001000000110000000000000000
00000000000000011000000000001000000000000110010000
00000000000000010100000000000000000100010000000000
00010000000000000010000000000000000000000000000010
01110000010000011000100010001011110100010110110010
00010000000000000000000000001010100100010000000001
01110110001101000001100001111010110101010101010110
00000100001001000000000000001000000100000011000000
01000000000100000000100000000000010001010000000000
01111110000010000000000000000010110100010000000100
00010000100000010000100000000010100100001001001000
01111100000001010101000111101011110101010101011001
00000100000000000000000000000000011100010000010000
00010000000000000000000000000000000001000000000010
10100100000000000000100000010000100001000000000000
00000000000001000000100000000000000000000001000010
00010000010000010000100000000000000000010000010010
00000100000000010000100000000000000001000101000000
10010100000000010000000100000010100111010000010000
01111111001001111000100000000011111101010111010010
00000100000000000000000000000010100001000100000000
11100101100001110011100000011100010001111101010011
01000000000001000000100000001000100100000100010000
11100101010001110011100100011101010001110101010010
11010100110001010110110000001010100101111101111010
00000000000000000000010000001000000000010001000000
01100100000101111011110000011001010011110101010110
00100100000000000000000000010000000100000000010000
11111100100000010100101100111110110100000101011010
00100000000000000000000000000010110100010001110010
01111110000101110110110001011010111100100101010010
00000100100000000001000000000010010000000101001000
01111110101001010000100000101111110101011001001110
00100000001001001000000000001000000000000000010000
11110101100000011001100010101010111101111100110011
01000100000001000000000000000000010000100001000000
01110110001001010000110001011011110111110011001010
01100000100000000001100000000000010001001100010010
00111110000000010010000000000000000100000100000010
01111110000011010000001011001010110101110101011101
01000000000000100000100000000010000000000001000010
