00100010011000000100001110110010000000000100100001
00100011111111110111011111111111111101001111111101
11011111111101110101100111111111111001111101111111
00100000010100000101010100101010011001000001000011
00100000110000000101010100001110011001010011100001
00100000010100110100000110100000010001001000000100
11100001011111110000101011101110011101111101101111
01100010010010110000000100010100001000101001100000
01101000000100000001010100001000000000011111000000
11111111001100111111111110111111001000101111110101
11100010010100110100111101111111111101001101111011
01110110111011111111010110011111111101111111111011
01000011000100110000000000100110000000100100100000
01100010000100000000000010100000000001001101001001
01100111011110001110111110111111011011100101101001
01100111011110001111111110111111111011100111111101
00000000010100110110100010010010001000001100000001
11111100011100111011101011101111011001011111101111
01000000010100111100100010110000010000000100000001
01111000110100010100010100101110011001011101001011
00100010011000111110000110011000010000000001000000
01011000111100110001000110101110011001011111000011
11000010011000110100000000010100010000000100100001
11111101111100110001110011101110011001111111101111
11100110010101111110110101111100011111001101101101
01100010001000000100000110001110011111000100100000
11110110011011110111010110011110011111011101100011
11100001011100111010101010100110011000101101100001
01111010111100110101110111100110011111011111110001
01101011011110110101011111111010011001101111011111
11111010011110111101010101111100111101001101101011
01100000011100110100000000000000001000001001000001
01100000001100010000000000000010011000001101000001
01111110001100110111111111111110101110111111100001
01111011011100111101010111111111110011001111100111
01000010001100000000000011101010010010001100100000
00000000000000110000000011101000011101001100000000
01111110001101110101010111101110001010011111111101
00100011010110110000000100010100010000000101100001
00101010100100000101010100101000010001000111000001
01100111111101001101010110111111111111000111111011
11100010111111111111011111111110111111111001100001
01001000110100010100010100001100011001011000000000
01111011111101110101110110111111111001111100111001
11101011011110110100001111111010011101101101011111
01100000011100010000000000001100000001001001100000
01100010001101110101000110000110000001001001100001
01100110010000010100000110000100001001000000100001
00110010001100000101010100100110001000001000100000
11111010011101111111011110111111111001111101101100
