00000100100100000000010000001001000000100001110000
00111101111111110111111010011011110011111011111011
01001001000100100110100000000110010000101001110001
01000011000000000100001010011100010000000001000001
01100001011111100011111011111100110101011111111111
11000000110111000010010000011001010000000001110000
00010000010110100110101000011000110000000011100001
01111000011111101011111111011100111001001111111111
11000100011111000010010011011101010001000111110111
01001111101011100110110111010110010000111001110111
01001001110111111110110001111100010101111011111101
11101111101011110110110010111110011011111111110001
01001111111100100100101010101101001111101111111000
01001101111100100110110111101101001111111011111110
01101011011111010110011110011110010001101011011101
01000000001100100100000000001100000000000010001000
00000001001000000110000010000000000000001010010001
01110010011111111011111011011100111001001011111001
01101111111101101101101110101101101111111010111110
01001001000000000110100000011100000000100010100000
01101011011111000111010011011110111101111011111101
11001101111101100100100000001001000000101000100000
01011011000010100110000010010100010000101001010001
00000001010001100010000010010100010000000001100000
01011001110111101110101101011100111101101111101111
00001001111001000100100010001000000000101000010110
00001000001111000010000000011100010000001001101001
01011111111100100101101110101101000100101010111000
11011111101111110111110011110111110000111101111111
00111001111111110111101110111010110001111011111011
01100000010100100000100000001100010000100010110001
11000100100011000010010000011000010000100001100000
01001011000000000110100010001100000000100010100000
01111111111100100100101110101111000001101110111000
00000001000111000110100010000000000001001001001001
00001000001011000010100010010000000000000001011001
01000000000111000010000000000000000000001001110001
01001001101111100110100010000100011000101111111001
11100000011111100011111011011111110001011111110111
01001000011101000010100000001100000000101000010000
01101001011111101110111011111100011011110011110011
00001001100110000000000010001000010001100011010000
01001011101111111111100010010110110001101101111001
11111111111111100100101110101101001111101110111100
11101111111111000111110110111111110011101011011101
11101101111111101110101001011110010111111111101101
01001001001011110110100010111100011101000011110001
00001001111001100010100011001000000000100001110011
01001001110001000010000011001100000000101000000100
01111011111100101100101010101110001111101010111100
