00001011110100110110010100000000110010001110100111
00001011110000111110100011110110110010010100000000
00011011010100110110110001001011000011001110110011
00101111110100111110110111111111100111010100110101
11110101100111111111111101111100111111111111111111
00011001110100101010100111001100110110010110010010
11110001101111111111111101111010111011111111111111
11111110110100111110110111111111101111110101111101
11011111011111111111111111111111111100111111111111
11110101100111111111111101111011111111111110111111
00000010100111011101101101011000110010000110100001
10111111111011111111101111111110111011111111111111
00001010111101011011111101111110110011010110111111
00001010111110111111111101111100110010010110010001
11111111110101011110111111111111110111110111111111
11111011111111101111111111011111110011101110111111
01011111111111110101111111111100111011111111111111
11111011111101111010011101111111111011111111111111
11111111110111110101111101111110111011111110111111
00001010111111011010011101101100110010000110010101
01111111111111111010011101111111111011011111111111
10111011110011111111101101111110111011101111110111
00001010111111111111110100111110100000000010010101
10011111111111111111111011111111111111011110100111
01010101100100111000000101111100010110010110110110
01111111111111111111110110111110111110111111111111
01011011110111101111111111011111111011101110111111
01011011111111111110111111101111110111011110111111
00111111111111111111111111110111111110011110111111
01011101100111111111111111111000011110011110110111
01110011110110110110111101111001111011111110111111
00110001110000110100100100111010000011001110110110
11011111111111111111111101111010011010011111110111
11001110111111111111110111111110101111110101111101
00001011110100001110110101101110110000100110011101
00011101110000100000000111011100010010010010100110
11111111011111111111110111111111110100111110110111
00111011010110111110110100110011010000001110110111
00001011110100111110010001100010011010010011111111
01011111110111101110100111011110110110101110110110
10101010110100011110110101111111100011010010010111
11111111111111111111110111111111111011010010111111
10101110111111111111111111111111101111111101111101
00001011100100101100110001000000110000100010111011
10111011111110111110110111111111110111110111011111
00111111110111111111111011111111111011111111100111
00001011110110111110100001111010011000100111100011
10011011110110111111111111111111111111111110110011
10101110110110111110110111111111100111111101111101
10111011111111111111111101111110111011101111111110
