00010001100010000000000100010000000000000000000000
00100001001000000000000100010001001000000000010000
01000000000000010010000000000000001000000000010000
10000000001011000000110100000000000000000000000000
00000100000000110000110100000100000000000001000000
00001011100011010011100101010111110011000101010110
00000100100000010010000000000001000000000001000001
11000100101111010011111001001000100001000001000000
10000111001011010011110100011001111101001101110000
00000000000000010001101000000000000000000001000000
01010001100001010011100110011001101000000000111010
00000001000001000000010100010000100010010000000000
10010101100000010011110111110001101000000010010010
00010101101100010011110111010001101100000011110111
00001000000000000001000100000101000000000001000000
00101111111011000011011100110011101010000001011101
00000000000000000011000000000000100000000000000010
00000000000000000001100000010000010100100000000000
00100111101011011001111110010001110000000010110010
00000101111011111110111100011011100010110011011010
00011101111011000111011100110001110011010101011101
00011001100111010011100100011101111110000001010110
00000001010000010011100000010001010100100001010000
11011100101111110011110000110100100001000011000000
00000000001011000010000000011000100000000000000000
00000101000011000000000000010000000000000000010000
00000000000010010000100100000000000000000000010000
11000100101111010111111111001001101011011001011000
00000001101000000001010010010000100000000000000010
00001100000000100000010100000001100000000001010000
00000100000000010001000000000000000010000000000100
01000110101011110011111000010100100001001101000000
00000101101111011011110110011101000100110111010110
00000100100000000110111000000000000100100000000000
01100000101011010000010000010000000000000000000000
00000000100001000100011000000000110000100000010000
00000100000100010001110000010010000000010001000100
00000101100000000000100100010001000000001110000010
00000000000000000101001000000000110100000000000000
00000000000100000001100000010000100010000000000000
00000000100000000000000000010001000001000101000000
00000100100000000000100000000001100001001000000000
00000000000011000011000100000000100001000001000000
00001111110001110001111100010101100010001010010110
00000000101001000010000000000000000000000000000010
01100100101011010011111001110100100100000001001000
00000000001000010001100000010000000000000000010000
00000100000001010000110000000010100010000001000000
00000100001011001011010000001000100001000001100000
00000010000001010000100000000000000000000000000000
