00100101110110111010101010111101111010111101010101
00101010011111101111111111111111010101010111011111
11011111011110111111111111111111111110111111000110
00100010011110101001100101000111110110010101000101
01100111011110111111101111111101111110011110110111
10101011111110111111111111111101010111110101011101
01111100011101001011000111100110101010011111101111
10101100011000010011001011111101101000111001000100
10000100010110100011001001101101111000111101010101
11111111101111111101111011111111111111001111111111
01111111010111101011101111011111111011111111111111
11111110111011101111111111111111111110111101111111
11111100111101101111110111101111101111111001111111
01000010011110101001101111000101011110010100100110
11111100111111011011111111111111111011111011111111
10101101010000100011101001111101111010111101000011
11111110011111100011101101111111111111011111110111
01101100010110000011100011101000111010011000001110
11101111101110111101111011111101111011101111111111
01111111111111111110101111111111111110011111011111
11111100011111111111001111111111111111111101111111
01100100010110100010000111101100111011011001000111
11101101111101111011100111111101101011111001111111
01111110001111101001111011100011111111010101111011
11101111011111100111111101111111111111011111111111
01111111111111111111111110011101111111111111011111
11101111110110111111111110011101111011111111011111
11101101011100111011101011101101111010111001000011
11101101111110111111111011110101111010111101011101
11111111111111111011111011111001111011111111111111
01110010011110101001100110000001111110010101000110
11111101111111111011101111111110111110111111111111
10111011111110111111111111111111011111010111011101
11111100111101111111110111111111101111111011101111
10101011111111111111111111111111110111111111111111
01111100010111001001100111000011111010010001101111
10111110011111111111111111111111111101111111111111
01000100011010101010111111100100111010011101000111
10100101101110110010101001111101011010010100010101
11111111101111111101111111111111111111100111111111
10101011111110111111111011111101011011000111011101
11111110111101011011100111101111101011111011101111
01101010011000101011000011100101111010011101001010
11110111111110111011111111111111111111011110110111
00001010011111101010101110000101011110010101000111
11001100111110101011101111101101101010111001000111
01000110011110100111101111101101111110011110000110
11111111111111101111111011101111111111111101111011
01101010011111111111111111110111011111010111111101
11011110111110111011111111111101111111111101110110
