01101111111000001000010101110001101101011011011111
10000010101000000010010101100001001110010011011100
10010111111101100110111111110111001111011111111111
00100001001001011000100000001100000001110000010001
10000000001000001000010101000000001000011001010100
10100000110001000010010001000001001001001001000101
11100000001001011010000101110001100101000000001100
10110000111011011111111101001101101001110001111101
11100101001001011111001111110001101111011011011101
10100101001011011111111101010011101101111001111111
11111011110101111010111111111111100101111100111101
00100000001000000010011101010100001001010001000100
00000001010000000000001001010011001001000001010001
00110111111000111000111101010011101001111011111111
00100000001001001000000001000011100001000001011100
00010011111001000010110101010111011000011101011111
10011011111001100111111111011111001101111101111111
00100001110000001001011000010010000000011000010000
01100111111100011001111101110011101101111011011111
00000001110000001110011110010010000000011000000100
00110001011001011010001101011110100001011000001001
11101101011101011111001101110101111001011001011101
00100001111111001111110111010111001000011101111111
11101011111101011011111011011111111111001101011101
00100000101000001001001101000000001000011001010100
11101111111111111010111110110111101111111110111101
11100010101000000010010001000001101111001011001101
10100010111111011111111101000101101001111011111111
00010001001000001000100100000100001000110000000001
00110001001100011000111101011011111001111001011111
00100000011011111111101101000101101001010001011101
11100111111011111010011101110110111111001001001101
10000011111001100010110101110111011110011111011111
00000000000000010000010100000101100000001001011110
11101101110111011010011111111111100111001110111101
11100010111000001010000101100001101011000011011000
01100000100000000000000101100001101100000011000000
10110111111111101010110101110111001100111111011111
00010001011001001010000001011100000001001000000001
11111001111101011111111011011110100001001000011101
10101100111001011111111111110101111001110001011111
00100000001000011000001101000000101001000000110101
11100000100001000010000001110000101111000001000100
11101101110111111010011110110111110111001010011111
00100001011001001000001001010000001000000100001001
11111001111011111110011111010110111101011101001101
11100011111001111010111101110111111101011001110111
11101111111101111011011111110111111001011111011010
10100000010001011010001000010100110001001001001101
10110101111011011010111101111111101001111101111010
