01001011011011111110101001010011101011011011011001
10110111100111111011101111111011110111100101111011
01011110100000111001101101001000000011001100010001
01101011111111111111101101101011101111011111111011
10110111110111111011100111111011111111010111111011
01101011111111111111111111101011101111101111111011
11111101111111111111011111111111101011101111111101
11011110101111111111111110011111011111111111011111
01111111001111111111111101101001101111011111011111
10011110001011110111001100010010100001011010010001
10010111110111101111110101011111101011011101111011
01011111101010110100001101001000101011001111001110
11011111111101111111101111011111110111111011111011
11011111111010111111101111001011111011101111111111
11111111111111011111101101111101111111111110101111
11111111110111101111111111011111111111111111111111
11111111101011110111111101111111111111101111110011
10010111111111111011101101111011111111110101111111
11011111111011111101101111011111101111111110111110
01111111111011111110101011011001101011111111111111
11111101101011111111001111001001101000001110011101
00000111101000011000001101001101100011000101111010
11110111110111111111110111111111111111011111111011
01111111111111111110111011111101101011111111111111
01001111000011010011101100001001100010001100001001
11111110101111111111111100111011010011111111011101
01011110100000101100001101001001010011001101001000
11001011011010111111001101000010101010011010011001
01111111101111111111111111100111111111111111011111
00000011001010111010011100001001100001001101111010
11011111011011011110001001011000101011011010011001
11011111101011111111111111101100111111111111111110
11011110111111111111111110011111000111111111111111
01001001000011111100001001101001000001001111001000
10011111101101111111101100011011000011011001011001
01011101100010111110001000001001100011101011111011
11111111101111111111011111111011101101011111111111
11111111111111111111011101101111111110111111111101
01000111000011111111000101001001100101001100111011
10011001111010110111001101011011101011001010010001
10110111111111111011101111111111111111110111111111
01111111101101111111111111101101110011101011111111
10011111110111111011101101011011110111011101111011
11011111101111011101011101101101111111001110101110
01011110001011111111011100000101100111101111010011
11111111111011011111111101011111101111111110101111
11011111101111110111111111111111111111101111010011
00000011100101110111100101001001100011001101010011
01011101101111111111011100001101100110101111111101
11111111111011111101101111011010101111111110111110
