00001000011001100100100001000100000001101101001111
00001000000001000100000000000100000000001000000101
00000000000011000100110000001000000000001001000000
00000100100000000100010010000000000000000000000000
11000100111001000111110010001100100100001001100111
00011010011011010100110000001100100001101011100001
00000100100000000000100100000000000001010000000001
00000000000000000000100011000000000010001000000001
00011010011001010100110001011110110011101001000111
10001100100001001100101011000100010111111001100001
10001100100011100100001011000111111011111001000011
00000000000001000100000000000100000000000101000101
00100100001000000000110000001100000000000000000001
11101100111100000100110111011100000011100110010111
10000000001000000000000011000000000000100000000001
00000100100000000000000100000100000001110001000001
00000000010000000000000001000000010010001000000000
11111100111101000011110111001110100001101001101101
00001000000000000100000010000010000001001000000000
00001000000000000100100000000010000001000001000100
10101111110011000101001111100111111011111111000001
00111100100011000100000011000101100011111011000001
00000000011000000000100000100000001000100000100000
00000010000001010100100000000000000000011001000000
00011001011001100110110001011110110111101101001101
10000001111001101100110010000100000110001101010101
00000000000000000000101000000000001000100000000001
00000000100001000000000010000000000110001001000001
00101100100011000100000010000000000001000010000001
11001100111111010100110011000000110011101101010100
00000000101000000111100010000000000000000000000101
00000000001000000000110000000000100000000000000000
00001100101000000100110010000101000000100000000001
00000000111000001000100010000100000010000000010000
00000000001000000000101000100000000000000000000000
00001000010000000000000011010000000010100000000000
00000001111001001000110011010100010100001000010101
10000110111001010111110010001100000000011011000101
10000100111001110100111010100100100100001101100111
00000010011000010000110100000000000001000000000000
11101101111000001110110111010100000011100100000111
10000000000101000000100011000100000000101001001100
00000100000001000000110000001000000001000000000001
10101100111100010101110111010100000001100100100101
00001100010000000100001000000000000000100001000001
00000000000001000000000001000100010010000000000000
10000000000000000100000010000000000000000100000100
11001000100101000101000011000110000011101101001001
10001000101001000000000000000000000000101000000000
11001111111111110100110011111010100011101011100100
