01111111111101110110010110111001010011010100111010
10010000000101111000000000010010001100010000001100
10010111111111111010000111111000011101011110111100
11101111000101111011011101010001001110011111111111
10010011111000000001001101100000001101000000100000
10110011100101011000100110111011101111011110101111
10111100100111111000110010110111001101111111101110
10111100100111110000010001110011001111111111101111
10101111000111110111001111111101111100111010101111
10101000000101110011001001110001011100010010001110
10101000000100110011001101000001001100000010101010
11110111111011110010101101110111101111010011111111
00100011100100100100000100100001000001010010000110
11110111110100100000100100101101011101000110111110
11110011111111011010010101110011011101111011101111
11110111111100100001100111101101101111110010101110
01110110000000100000000000010011000001010000001010
10000000100010000000000100110001000101010010100100
10110000111100100000000100100001001101000000101000
00011000111000010000001100100000000000000000100000
00000110000101010000000100010000001000010010000100
10010011000000100000000100000001001101010010000000
00011000111100000001000101100000000001010000100010
10111100101111110111111001111011101101110111111111
10100110100000010000000000010001000101011000100000
00111001111100110000001100100001001001000000100010
10101111110111110111001101011101101100111010101111
11110111110100101100100110101101001111111010111110
10100100100001010000000100110001101101010000001110
00000010100101010000000000110000000001010010101000
01000111000100101000000100000000001000000000000110
10010111111111111110010111111000111101011011111101
00000100100100010000000100101001001000010000001110
10100000110001100000000000000001000100000000000110
01111111111101110010110101111011100101110001101011
01111111111101110110010110111001011011110111111110
10010101000100010000000000010000000101011010101010
10101111000111111110011111011101001110111110101110
00000011100000110000000100110000001101000000001010
11110111110110111100111110111101101111000110101111
00110111100000100000000010110001000011000000100010
10110111000001000000000100000000000101010010011100
00110111111111110100110100110101000111010101101011
00010011000100100000000100000001001100000010101001
10111111101101110111001111110101001111011011001111
10110000000101000000000100010001000100000100000100
11110111111101111010000100111101101111110111100111
01110111110111110100100100111011110101010100111011
10010111111111111000001101111010111111111010101101
00010101100100100000000100100001001000010011101110
