00000000000011100010000000000010000000010000000000
00001000010110101000100001111011000011010101000010
00000000000000001000000000000101000000100000001000
00000000000100000000000000000001000000000000000010
01000001010110001101100101010011101101010100000100
00000000100000010000000000010001000000010000000100
00000000000010001000001000011000000000010100000000
00001000010000100000100001000000000000010000000000
00000100000000011000100000000000000000000000000000
01001001000000000001000000000010000001001100000000
00000000000100001000000000000000100100000000000010
01011000001010101000101001000101000101010101001010
11001010000100101110110110110011011001010100110000
10000000000000100010000000110011010001010000000000
11000001000111001100100001110011010001010101000001
00000100100000001000000001000000000001010000000100
01101010101110110100100111011011100001010111010101
00001000000010101000000001000000001011000000000000
10000000000011000000100000000010000000000000000000
00001000010000000000000001000010000000010100000000
01001001100110101010010001111111010001110100001110
00000000000010000000100001000010000001000000000000
00000010000100000000000000011000000000000100000000
00001000000010001000000000000000001011000000000000
00000000000010001000000000000001000001000110010000
01001001000100111101110000010111101101010100101001
01000000000011100000100000010001010001000000000000
01001110000011101000101001101101001101010100100101
01000010000000001000101000010000000000000000000000
00100000000100000000100001010001000001100100000000
11001000010011101011110001000000000101011100000010
01111100000111101000100011110100011101010101101010
00001000001000001000000001000000000100000000000010
00000000000011100000100000100001000000000000000000
00001000000010000100000101010001000011010100000000
00001000001100000000000001010011100000000100000010
01000000000000000100000100000000001000010100000000
01001000010111111100110111110111001000010100111100
00100000000000000000100000000100000000000000001000
11001111000111111001100001010011001011001111100100
00000000010000000000000000000010000000010100000000
01001010010110101001101011010111001111011000111001
00000000000000001000000010000000000000010000010000
01000000000100101000000000000001000000010000000000
00000000000010000000000001010001000001010100000000
00000000000010001000000010000000000001000110000000
00100000000100000000100001000001000001100100000000
00001100000000011000100000010000000001010000000000
01010000001100000000100000000011100100000000000000
00000000000000101000000001010000000000000100000000
