01111111111101111011111100101011100111101101111111
10111001111110111011110111101110010111111101010110
11011101111110111111101100001011000010111101100011
11101101111111111001100110011111100101101111011000
11110101011011111011110111011011111111101101010100
10111001010110011011000000000011000010001101000000
10000000010010011110101100000000000000100100000000
11111100010010101000000100001001000001001101010000
11110000010000101010100000011000000011101001000000
11111111101101111011111101101011001111101101010000
11111000010111111111101111011110111111111111111000
11110100011011111011101101001011000111111101111001
01111111001101111111111100101011000111101111010110
10011000011110110000110011100010000110101000010100
11111001111111011011111110011010000111101111110111
11111110011111101011101111101010100011111101110011
11111111111110110111101100001010000011100111110010
00100010001010001011001100001000000001001000000000
11101110111110111101101100011011000101111111111010
11111100011110111110111111001110100111111110011111
11111010111111111011000111101011101011111111010000
11001000010011100001000000100010000011000101010100
10100010011110111111000100001000000001101110010000
11111011011110111111101011001010010111111011111010
01011000001001110001100101001100111111000101010000
01001000011101010001100110001110110111101101010000
11000000010011010000110000001010000111100000010100
00011000101000100010000000000000000001001100000000
11111001111110111111101111100111001110101101101101
01010000001000000001000011001010101110000000000000
11111100011111111011110101101100100111101111011100
10111101010110000010100000001000000010001100010000
10011000001000010001100011000110001110000100000000
01001000001000000000000111000000000100000100010000
00001000011000000000100010001100100101001100010000
11011000011111100011000111101110111011001101010100
11101100111111111001110111101111100101111101010100
11011001111110111111111111110010001110101111101100
11111010111111111011101101101010000011011101111001
01100000001100010011100100000000000010100001100011
11111101111111110111101101011011001111100101011000
11111111011110111011111011011011111111101001011010
00010000001010101011101100000010000001000001010000
11111101111110111010110111001010000111111110111010
10100000001100111010000100001000000001110001010010
11011001011111111011111111100011011110101111100101
10010000001100000011000100001010000001101101000000
11001000000011100001010000101010000111000000010000
11100000000010111011000100000000000000010101100001
10100000000100110001000000001000000000110000010010
