01101100100100000011010001101100000000100100110100
10101010100110000111001000111100100000100000111100
11001110101110000111111011110100100000010100111100
00001110000110000000001001000100100000100000001100
11110111110111110111111101111100110111111111101100
10111010110110111111111001111101101001101011101101
01111100101101010011011011110111001111101101110111
00001000010110000110011000010000001000100100100100
11101110000011110011010001101100001111101111110111
00001101000010000011011000010100001010101100010100
00100010000010000010010001110100100000111000110000
11111111000011011011110001100101111010101101110111
01111101111101011111111011111111011010101101111110
00001010100110010110001000110001010000000001000000
00001100100000000110011001100000000000001101100000
00001110100111001111011000110111011000000101000000
00000100000110010010001000110010000000101101100000
01101101000011110011011001100100001010101111110100
11101111111111111101011001110110101001111111110100
11101110110110010110001000111110101110101101111111
00101100000110000000001000110000100000001000110000
10101111111110110110001010110101101010111101110111
01111111010011111111110101100111101110101111110101
00001000000000000000001001010100000000101000110100
00100010000010000000010000010000000000011100100000
10111110101110100110001100110100101011111101111111
11101110101111111111111001010101111010101100110111
01101111011011011011110111100110101010111111110110
11001100100010000001000000000100000000100100010100
11111110111110010111011101111000000001101111111100
00000010000010011011001000010000000000101101100100
00000110000111010000011000100000010000100101000000
01111100001100000011111001110000000000101100111100
00001000000111010000000000100001001000000100100000
00000111110110010111011001110000010001101111100100
00001010100000000001001000000000000000001101100100
00001010110110000101011001110000000001101001100111
00001110100000000010000001000100001010100100100110
11011111111110001111011101111111101011000111111100
00101000001000000010010011010000000000000100110000
00001110111110101111111111110110101110000111110100
10101011110110111111011011111111111101111001101111
00001100100000000110001000010100001000101000100100
00001110100111111111011001010111001110101100100101
11101111101110101111111111110110111111111111011010
11100010111110000111111101111100100000111000101100
01111100000010000001000001000100100000100100110100
11111111110110000111011101111110101111101111011011
00000010100110000001010001110000000011000100100100
00000110100100000001011001100000000010000101000100
