01110101101011100011111110110111111111111101111010
10111101101011100111010110001111011001111100100101
11011101100011101011110111011110111101011011110011
11100101111001110011110111010101101111111010100001
01100001001011000011001110010111000100010010000000
11110001101111111111111010011111010101110101110101
00000001100001000001010100000110000001010000000000
11111110001111111011011100010111110101111010100111
11110110011111101011011100111111111101011001111011
00010000100011000001010010010010110000000001100001
11011101100111100111011111111110110101011111101001
00000101101000100010010110000111010001001000101000
11101101111001100011110110111111110101011011101011
11111111111010110011010111111111011101111001101101
11110101101111001111110110011111010100011001100111
00010101000001000001000100000010000101100000000001
00100101100000100010010100000010010101000000100001
01000100001000100000000100000110010100001000100000
11111101101111101001110111110111010111111011110101
11111111111011110010010111110111111111001100111011
10110100000010100010000100000110010001011000100011
11110111111111101011000111111111110101011010011101
10001101101000000000000110010010000101000010000000
11111011101111111111111011110111111111110101101001
11111100011111100011011100010111111111011100100101
00110000001001000011010100000010011111010000000000
10000000101011000011010100010011100001001000100000
10111101111011100011011110101111110001111110111001
01100100101011100000010000010100000001001000000001
11111111101111100111110110011011011111011001101001
11101111111111111111111111110101100111111011110001
11011101100111100011010110110110110101101101111001
10110001111010000001010110110011010001010001100001
11100101111111101111110111010101101111111011101011
11110000100001000001000111000100010110010000000000
10111101101011111111011111000111011001111100101011
10010000000000000011000111000110011000001000000001
11110111101111011011111111111111110100111011100001
11010101000001010010000100010011010101000000000001
11111111101011100010110111010110111101001010100011
11110001101111100111110010111111010111010101101011
11000100001000000001000110010001000100001000000001
00111001001010000010011000010010010001010000000000
10100100111011100010000100000111110001001000110001
11110101111111101111100110110111110101011001011101
10100100100000000011010000010011000000000001100001
10000000101111000001010100010101010100001000100000
01000101000001100010010010000000000000000000100001
10100001100010100001100000000000010100011000000001
01110101111011111011110110011111110111111101110110
