00101011111101111001111001011100111011001100111110
00001000010000101000000100001000001011001000011000
10001010000001011111100100000100101111101001000110
00001000000001010000000000000100001010000000010110
11110111011001111110110101001101110111111101011011
00001000010000011001101000000100001010001100011010
10101000000001011001100100001100101100101001000110
10001000000000110000110000001000000010000100010000
10000000010001011100100101001000001011101010000010
11001100101101111101110101111110111011111111111110
10001000010000010001100100001100101001001100100100
10000000010001000100000000001000001001001110011010
00000000000001110000000001001101001001100000000000
10111010110110110101110101111111111011010101011111
11001001010011011111101101111110111111111111111111
10111111111011101010110111101111101111001101111010
11101110110000110111111111011101101011000100011110
00101000110101101000110001011100101011001110011000
00101000000000111001100100001000100100001000000100
10100110011001101010111111001100100111001100111010
10101111111001111111001101001100101101101100111111
10001001010001011101000111001110111000011100011110
10000100000000101001100000000100000001001100011000
01101010111001111011110001111101111011111100011111
00000000000000011001010001001000101010001100011000
10001000110011111101110110100111011011111010100110
00000000010001110000000101001100100010101100010000
10000000010001101100000100001100100001001000001010
11001011111111111111110110110101111111111011100110
10111110011011111101111101111000101110111101011110
00000000010001110000010001000000010010010000000100
00001000000011011000000101001000101010100000010010
10101010011001111111110110111101001111111011100111
10001000010001100000010101001010000010011100001100
11110110111111111100110111001101100011101110011011
00101010000000110011100000001100100001000100011010
11111101110001111101000111101111111001111110111110
11101000111111111101101101011000101110101101011110
00101010110010100000100101101101101011000101011010
00001000010001100000010101001110110010000100011110
11101110111100110111111111111100111011000101011110
10001101011101111101111110100100011111111011100110
00000000110100100100000001001000101010000100011000
00101010010001110000000000001100100001101100011000
10000000011000110001100001001000100010000100000000
11011101010101111101111110100101001111111011000110
11001100010101111101111110010100011111111011000110
10110010011001101010110101001110110011011100011010
10111110110101111001110101011101101111111100011100
00001000000001100000100100000000101000000000000000
