00100000000000000000000000100000000000000010000000
00000000000001000100000100000100000000100000100010
10010010010111010011101100110101011100110000110011
00101000000100010010000000000101001000000000110000
00010000000100010010100000000000000000000000000000
00000000110000000000101100100000000000000000010010
00100000000001000000001000100000010000110000000010
00000000000010000000100100100000000000000100100000
00000100000010000110100100000000001000000000000010
00100100000011011110000000100111001000101000000110
00000000000100000010000010000100001000100000100000
00111000001010010000100010100100001000100000000000
00100001110100000111101100100101100001000100110011
01100010010000100101101100101101000010100001110110
00000000000001000000000100100001010010000001000010
00111000010100000110101100000101000001000000110000
00000000010000000000100000000001000000001000010000
01000000110011010011101100111001001000100000111011
00111000111010010101101111100111001100100010110001
00100000000011000110000000000101101100100000010010
00101101100111011110011110110111011011100011111011
00000000000000000000100000000000010010100000000000
00100110000011010110100000100111111010101010010010
01100101100011110110100011110111011011100100110010
00000000001100000010100100000001000000100000110000
00000000000000000010000100000100000000000000100000
10100111010111100110101100000111001010111010110110
00100000000000000100100100000100000001000000000000
00000000000001000100000000000100000000100000101000
01110000011111010011101101111001001000100010110011
00000000010000000010101100100001000000000000010001
00110000010011111111101110100110101100100001011010
00000000000010000001001000000001000000000000010000
00100010000000100000111100000000000010110000010010
00110000111100000111101100100101000011001010110111
00100000000000000011000000000001000000100000000010
00000000000001100000111100100000011000100000000000
00000000000010010000100100010000001000000000000000
01100010011101000111111110101101010110000000111110
00100010000000000000000000100000010000000000010000
00000000010000001000001000100000001000000000010010
00000001000010000000000100000000000000000000100010
10000000000000000010101000100100001000000000000001
00000000000001100000100000000001000000000000000000
01110001001011010110100111101100001000100100001010
00110100000011011111101110100111111000111000000010
00000000000000000100100000001001000000100000100000
00000000010001000000000000100000001000100000000000
01100110110011100101101100100101011100101100110001
00100000000010000110100000000110001000000010000010
