00111111111111111111101111011111110011111111011111
00011101001011001000110100101111010011011000010011
10010111001010101010101010001111001100100001010100
11101111101111101011111110101111111111111111011111
11010111101110111111111111111111011111111011111111
11111001011111111111111111111111101011111111111111
10111001011111111111111111011111101011111111111011
11111110111001111100111101101111011111111111111010
10011001001011101100110111101111001011110001111011
10000111001010100010111010000111001011101110010010
11111111110111111110011111001110011111111011111111
10011110001011101011101000001111000011100001010011
11111110111101101001111100111111111111111111111111
11010111101110101110111111011111011011111011111111
10111111111111011111101111111111111111011111111111
10001111001000101000010110000011001001110011010010
11111111101111110111111011001111111111111011011011
10001111101001101000011111000101001001111011111010
10111110011101101001111100011101111111111111011010
10011110000110101010101000000101001000101011011001
11111111110111101011011110111111111111111111111011
01011111111011011110101111101111010011011111111011
10111111011111101111110111011111101111111011111011
11011111101011110110111011011111111111111111111011
10111110111001111100111101001111101111111111111110
10001111101001101100011110001000001000011011011010
01011101100010100000110000000111010010001010011011
10001110000011100010101100001110011001111011011001
11111111101111101010111111010111011101111111111011
11111111111111101111111110111011011100111110111111
11111111111111111000111110111101111111111111111010
11111111110111111111111110101110111111111011111111
10010110000010101010101110000011001001100001011010
11011001001011101010110100111111001011110001010011
00111111111011111111101111011111110011111111111011
00111001001010101010101110001111000000101010000111
11011111111111101010111110100011011000111110011001
11011111111111111110111110011011111000111110111111
10111111111111011111101110011111111111011111011111
11011111101011111110111111011111011011101111011011
11011111011011101111111111111111001111110011111111
10010111010010100010110110001110001011110010011011
10011111011011111111111111111111001111111101111111
10111111101111111111111111011011111000111010001111
00001111101011100100111110001111001001001010001010
11111111111111111111111111111111111011111110001111
10011111101011101111111111111111101011111111110111
10111100001011100000000010000101000101101011011000
11011111111111111110111111101111111101111111111001
11011110101111101001111100111101011111111111011010
