00001110100110010011010011010011001111110011100001
00011111111111111011111011101101110111111111111111
00011110100111011011100011011110101101001001000010
01101111110111111101111111011111111111111011110011
11110111111111111111111111010011111111101111110111
11111011110111011111111111011111111111111011110011
11111101111111111111011111111111111111101011100011
01011110101111111011111011110111011110111011110111
11111111011111111111111111010111111111111011101111
01011110100111011011011010010110100010101010100010
01001011100111001011111010010010011111101000000010
11111111111011111011100111111111111111111111101111
11111111111101111111111111011111111111001111010111
01111111111110110111111111011110111111100110111111
01011011100111001011111011100100001011101011100001
11111111110111001111111111111111011111111111111110
01111111111110110111111111011111111111110110110111
00011110100011011010011001000000111101001010100011
11101111111111111101111111111111111111111011101011
11111111111111111010111111011111111111001011101111
01111101101111111011011011111111101011101011100011
11011111111011111111100111110111111111101011111111
01011111111011111111100101110111111101101011110111
00011110100111011011011011000001011010101011000001
11111111111111111011110101111111111101111111110111
11111111100111111111111110111111111111101111101111
01000011000100110010111011000000111111001011100001
10111111111111011011111011001101100111111011110011
01110110000111011011100011010011111101101011000110
01110111110111111011111011010011111111101111111111
10111111111111011011111011001101110111111111111111
11011111100110011011111111011110111111111111100111
01111110110111001111111011111111011110101111100110
01011111101111011111011111101111101011101111101111
10111111101111111111111111101101110111111111111011
11111111101111011111011011111111101011101111111111
11011111111111111011110101110111111101111011110111
11111110101111111111111011111111011110111011111111
11011111111101111010111111011111111111001011001111
11010101100100011010000010010011001011001011100011
01111111111110110111111111111111111111110110101111
01001000000111011000000011000111111100001011100110
11011111110111111111111111111111111111111101111110
11111111100110110011111111111111111111110110110111
11011111110101111111111011110111111111011111011111
01011101000011011000011010010110001111000011100001
01000000100101010011010001000110011101101010100111
01001001100111011001011011001111110111101111101011
01111111111111011111111011011111111111111111101101
11011111100111101111111111110111011111111001111110
