01101010101010010111111111111110111111111101001111
10001000000000010100010010010001100010100101101000
10001010010011110111011110011101111011110111101111
00001000000101000111000000011000100110101100000000
11110100000001010111111111111010111110110011111011
00001010000000000000011000001000000000110001100000
10100101001001010111111111111110111010110011101110
00000010000000010010011010010000000001110000100000
10000000000000010101011000011100111001010000001100
00100000000000000110001000010010110000100001100010
10000010000000000000001010011000100011110000100000
00010000000001010111000000001000110100111101011000
10100000000000000001001011011000010000000101001010
00111010000100010010001000010010110110111101111000
00100000000000010010001000001000101010000000001100
11101011100101101111101011111011111111111101111111
00000000000000010100011010011000000011010101000000
11111010110100011011101010111010110111111111111010
10111011010101110101011010011111111111111111101100
10111010100110010110011011111110111111111111111010
10001010000000010100001000000000111000110000000010
11101111100000001011001110111010110111110101101111
10101111111011111111110110011101001011110111100011
10101010000000000000011000001000110111110101101001
11101011001010011111011001011101111111110101101110
10001010000010010001000010000000000010010100100010
10001010000000010101010000000000011011010011000000
11111011111011011111011010001001110111111101111011
10111110101110111111011110010110111111110111111110
10100010100000000011001010001000111001000000001100
10001010010001010111010000001000000000100100100010
01100000000000010010001010010000110110100001101010
11111010111101110111110110011101001111111101100010
10101010110111010111110110111101001011110111100010
10101010100000110011101010101100110011110011001110
10011000000101010111010110011001100000011100100010
11111010001001111111011111111001111001110111101111
10100001101000011111011110111100111010110001101111
11111111011101010111111110011011111011011111111010
10101111101101011111111111111000111111100101101010
10010000000101010111000000010000100100100101111000
11110000000111011111011111011010110110111001111011
00101010000000000111001000101000011010100001001000
11101110010111011111011110111001111011111110111010
01101111011001010111011111011011110111111101001011
00001000000101010101000000011000000000101101001000
11101010100111110111010110011101001011111111110110
10100010100000110010010010001100001011000000001010
10101010010010010101111011011011111111110101101101
10101000000000010000011100010000000011000100100010
