00000100000010100110110100000000000100010010000011
00000000000000000100011000000000001000010010010000
00000000000010010000000000000000000100000000000001
00000101010010000110010000000001000100001000010001
00000000000000100010000001000000000100000001100001
10010000010010100110111101011101111101011000100001
00000000110111100010111100010000001100001000101101
00010000000010000110000000001000001000000000000000
00000010010000000000100000000000000000001010010000
00010110100011100111111100000111001000111110010001
00000000000000001000000110100000000010010000100000
00000010000000000010100000010000000100000000000000
10110111010000100110111100110100111100011010110001
00000010010000000010100000000000000000000000000000
10001110010010000100101110100010011101011010010011
00100000000000000000001000000000000100000000110000
00000000001000000000000010100000000010011010010001
11010101010010100011111100001001001100010110010010
10011111010111000100101110110100011110011010010011
00000000010000000100000000000000000000010110000001
10000110110111100110010001010010000100011011111011
11010110010010000100101110010100011100111110010001
01000110010010110110010010110110100110011010111001
10000110011010100110010010100010110110011111111101
00000000001000101010011100100000001100010000100000
00001100000000000000100000000000000000000001000000
00000000001010101010001110000000000110010010100000
00000110000110000010111000000000000100001000100000
00000101000000000100000000000000001000000000010001
00000100010010000010011000000000001000000010000000
00000000010000100000101100000000001001000000000000
00010100010000000100000000000000001000111000000000
00000100000010000000001100000000000100000000010001
00000100000010100010010100000000001100001000100000
01000111010010100110010010001111010111111011110001
10111110000110110110111110110000111010011110010001
00000000001000001010001100100000001100000000100000
00000100000000100000000000000010001000000010010001
00000000010000000000010000000001001000000000000000
11000100011010101111111110100001001100001011110001
00010110110010101010111100010001011100010010111000
00000000010000000101010100000000000100000000000001
11000000110010101111111100100100001101011000100101
00001000000000000000100101000000001000010000100000
00001110001010010000101110110000011010011011011001
01010000110010111110111100001000101101011000100101
00000010000000000000101100000000000000001000100001
00000010000000000000000100000000000000000010010001
10000000000000100110100000000000000000000000000001
10111110010010101011111100001000101101010110111110
