00111001101101111111010011010000011010000011011110
00111111111101111111011111101111111011111111111110
11011111111111101110111111111111111111111111011111
11101111111110110111110110011100111111101111111111
11110111111101111111111110111110111011101011111111
01111011111111111111110010011100111011101111111111
01111101110011011101110010111000011010100001011100
11111110101101111111001111111101011010111010101011
11111111011111111111110011111110111011111011111111
01111110101111111111110011111111111111111110101111
11111101110111111111110111111111111001101111111111
11111101111011111111111101111111111111101111111111
00110110111101011111110010101100011010101001011100
11101111111110110011111110011111111011101111111111
11111101111101011111111101111110111111101111111101
11011111111111101111111011111110010011111111011111
11101111111110110111111110111111111111111111111111
11111111111110111011110110111110111011111111111111
11111101111111111101110011110101011111111011111110
11011111111111111110111011111110010011111111011111
00111110111111111111000010101100011010100001111000
11111110111111111111001111111101111110111011111011
01101001000101111001010111001001011000101011111110
01111001001101101100011011101101011010101011100110
11111111111011011111111101111110011110101011111100
11100001111100110011011110011110111011101011111111
01101011111110111111110110011110011111111111111110
10111111111101111111010011101111011111111011111110
01111111111111111101111111110101111110111111111110
01111101111111111111110111111001111110110111111111
01101000111101111101000011110000010000111000001110
01100001011101001010011100011100011010101001110110
01111100111101101100010001001100001010001010111101
11111111111111111111111111111111001111011111111111
11111111111111101110111111111101110111111011111111
00110000010100101010010010111100011010001000110010
11111111110111111111110111111101111101101011111110
01111100111101111111000001110000011010101010000000
01111111111111111111111111111111001011011011111110
01100001110000011111010000111110011000101001101100
01111101111111111111011111111011111111110111111111
01110100011101111101000000101100010000001001011110
11111101111101111111011111111100111011101001110110
11111110101111111111111111111101011010111110101111
01011101111101101110111111111101111110111011011111
11111110101111111111111011111101111110101110101111
11111111111111111111111011111110111010111101110111
11111110111111111111001111111111111010111111111011
11111101111101011111011101111111011110101111111101
00111101111101111101010001000100111000001001111110
