01001010000001000000010111111100000000010000000111
10111110001011111101000111111101110111011100101110
01001110011111111111000011111101111100101111101110
01001110011011111111001011111101110110101101100110
11110110101111011101101111111111110011011110001111
01111011001001001110011111101111110101111101100110
11111101101111111111000110001011101111111100110111
00000110000000000100000100001000000001011000000010
00001010000001000000000010001001000000011000100010
00110000000000000000000010000100100100100100000100
01111110000100011100100001001011100111011100010000
00101010001001010000000011000000110000001000000110
01111010000000001100000001101100000000001001000010
11111110100100111100110111101111100111111101100001
01110010000001010100000110001100000000010000000000
01111010001101101110111111101111110111111000010110
01111110001011010111101111101111110101011001111111
01111111001011111001011111111111110111111111001110
00110110000000011000000001100001000000000100000100
01111010000000001100000011000111101101011000000100
00001000001001011000001000000000110100000000010110
10000100000001010100000101011101000000010000000111
00011100000000011100100000000001010000011000010100
11001111000001111100010011111101000000011101100111
11111110110101111101000101111111100111111101100110
11111100001111011111010110011011100111111110111111
11111100000011011110000110001011100101111101000111
11111000000000000100010111001011100001011000000001
11111111101011111100010111110101100101010110101111
11111100010011111101010110001011101101111110001111
00001110001001011101000011110101010110010100000110
01111110101001011111011111111110110101111000110111
01111110011101011101100011111101010110111111010110
01111100000100011100101000000011100111011000010000
00100010000000000001000000000100000001011000000010
01110110011001011101100011101111110011011110000110
01011010001001010100000011000010110100011000000110
01001111001001011101000011111101011100011101101111
00110110010001010100000011100101100000011110000110
11001111101001111101011111111111111111101101101110
01111111101111011101001111110101111111110111010110
01111110011001000110000111101110100101111010000110
00101000000000000100000001001100100100101100000010
00110100000011001100000110100000100001011000000010
01110110100001001000000111001001000001010000000000
00000010001000011000101001000001110000001000000110
01101000000000001100000001001100000001010000000110
11111110010100011111111111101111100111111100011010
11111111100110011100110111101111101111111111011101
10001010000001001000010101111101000001000000000010
