01111111101111111011110101011111111101111111110111
10111111101011111011011111111011111111010110110110
11010101111111111110001111011110101111011111101111
11101111111011111010011011010100111101000110111011
11010111100011111110111001111111101111010111111110
11111011111011111110111011111110111111011111110111
11011101100001100110001001111111101010010111100110
11111110100111110011001000111110111111111111111101
11111111011010110000011101101111111111111111111111
00110100100001110010001011001110110001000011110001
11110100100101101010001001011110110011110011110000
10100001001011101010000001011110110001110111100000
11111101100101001111111111111111111110111111111111
11111111011110110000101111101111111111110101111111
11111111111101001111011011111111111010110111111111
11111101110001001111001011111111111010110111111111
11111100001110110010001000001110110011110101111000
00101110000010110010000001011000111101000100110010
11111111011110111101111001001110111111110101111011
11000001000010110010001000011010111111010110110010
10001100000011000010000001011100110110010010110010
11011100100010100010001000001110011001010111110000
01111111111011111011010011111111111101111111111111
11100000100011000000000001000110111101000010010110
01110100010011110000001000001110111101110111010001
11111110111111110110101100111111111111111111111101
01001111100011110000001001011011001100010010110010
11111111001110110101101001101111111111110101111111
11101111111111111111111011110100111111111110111110
10111111111111111010111111011010111111110111111111
11101111111111111011011111110101111101111110111111
11001010100011110000001001110010111100010010100110
11111111111111111111101111011111011101111111110010
11010101111111111111111111011111101111111111111111
11111111100011110111011111111111110011111111111111
11111101100011000111101111111111110010111111110111
01101111101011111011100001011100011101010110010010
11111101111101001111011111011110111010111111110111
10000001101111111010001011011110111101000110100000
11101111101111111011111011111111111111001110111110
10100101100010000000001001001010111101010110110100
11111111100111111111011011011110111111111011111011
11111111111110110001111111101111111111111101111111
10101111111111111010011011010100111101000110111000
11111111111111111111111001111111111101111111011110
11011101111011111111111111111110111111011111101110
00111001100011111010001001011110011000010111110000
11101111100011110000001101011111011101011010110010
11111110100011110111101100111111111111010110110100
10110101110011110010001011010110011101000110000000
