01100111010111011111110111111011011011111101010010
10111111010111011101000011010001111010111001111111
11000110010111011111011011111011011101111011111001
01000100010010110101000011110001011000110001110000
01000010000000000000010010100001011000000001010001
11110011010101111101010111110101111001010101110011
11101101010011010111010111100001011111100101110111
11000110000000000100000001110001011000010000000000
00000000010110000000110011000000010000000000010010
11110110101110111101011001110111111000110000110011
00000000010101111001000011010001001000000001000000
11100100111011110111110111101001111000100001110110
11110010110101011101111111111111111001011111010110
11100110001110111111011111111111011010110110011111
00010100011101011101000011110001011000010001110000
11110110011111101111011110111111010011111011010010
11100100011011110111110011101001111110101001111010
11110111010111111001010111110100011101010101010011
10100010000101011000010000000000001000010000000010
11110110011111111100111111110111101001110111001110
10000000100110001001000010000001010000010000010010
10101110110111011111000011011011011111110001010011
00100000010011010001000010000011011000010001000000
10000110000111010101000010000000001000110100000100
11111110101111111101111101110111011010111011010111
11110111111111101101010010110101110010111011010010
10111111010111111101000011011111111010111001111011
11110101011011110101010011101101011001101011111010
10100000000111011000010000110011011000010000000000
00000100010011010101000011110001000000010000000010
10100000010011010001011010101000011000010001010010
11111111011111111001111011111100011101010001010011
01000100010110001001000001100000000000010000010010
11111111110111111100111011111011001110010001000010
11111111011111101111011110111011010010110101110011
00100010000000001100010000000001010010000000000000
11000010000001011000010011100000011100010001010001
10100110000010010101010000010001000000100000010000
11110010010101011001010111110000001001011111000110
11110101010011110111111111101111111010100111111111
11100000000010011000000011110000000000100001000000
10000110000011000101000100000000001000110000000110
00100000000011010001000011010000000000110000001000
11111110001110111101011011110011011010111000010111
01110110010100101000000000110000001000010000010010
11111110110111111100110011110011101011010001100110
01100000000001001001000000110000000000010010000010
01000010000111000001000110000000000000110101010000
11000110110111011111110011110111111000110101111001
01101110010001000100010010100001001010010001000010
