01111011111111111111011111111011011111111010011111
10111111001011101111011011010100111111010111001111
11011011101111111111011111010111110110110111111111
11101011111111111111101101111110101101111111111111
11110111111111011011010101011111111110111111111101
01001010001010000010000101010010010010110010001111
11111101111110111110101101011111011111110011111111
11111010101111111111111111111111111111111110111011
10111011001011001111011010010010111111010011001111
10011010001111001100001000010010011110110010001001
11111111110111111010111111111111111111111111111110
10111011011011111111111011111101111111110111001111
11111111111101111111101111111110111101111111011111
11111001111110010100001101010010001100100011011111
11110011001110011000001100000110011010100100001101
10111011001111101110001011111111111110010111001111
11111011111110110111111111111011111111110111111111
11110011110111011010100111111111111110111111111100
11111111101110011101101111111110111011110111111111
11111001100110001010000001010010101100110000000110
00010011001110001110000100010011011100110000101100
11101001101100001000001001010010111110110011011001
11110011111111111010010101011111111111111111011101
10111111001011101110101011111111111110111011101111
11100001101110011110000101111010111000111011011000
11111111001111011111011110111011111110110111011111
10010001001110011110000111001010110010110000000000
11111111111111011111111111000011111111110101101111
10011011001110011110001111100011111110111011100111
01111011001110110110001100000010011100100100000101
10111111111011111111111111111101111111110111101111
10101011001100011100101101011010001100100010111100
01111001101110011111011111111010011110111010011011
11101111111110111110111111111110101111111011111111
11011011111111111111111111011111110110111011101111
11111011111111011101111101011111111011110111111111
11101111111100111110011101111010111100111011011111
11010011101110001010001000010010010100110011001100
10111111011111101111111111111111111111011111111111
11111111111110011111111111111010111111100111111111
10011001001010000100001110001000111010100011001011
01111001001110111110001001010110000100110000001001
11111111111111011110011111001011111111111001110111
01111010101111011110011111011010011111111010011011
00111011001000001110100100011011011100110010001101
10111011001011001110011011000001110110110011000111
11111111111111111110111111010011111111111101100111
11111110101111111111101101011111011111110010111011
11110111101111011011000101011010111110111011011101
11111111110111111010011101011110111110111111111110
