00000000000010000001000000101000000101000100000000
00000100000000100010100100000000000000000001000000
00000000010000000000000000000000000000000100000100
00001100000111100111000100101010000101010101010110
00010101000000000100000000001000001000010000000100
01011001110000110111100100101011001001010100001100
00000000000000000000000000010010000000100000000000
00001100001110100111100111101110000011010101110111
00000100000000000001000101100000100001011000000000
00100100000000100111000000001001000001000100001000
00000001000000100010101010101000000001010100100001
00010001000010001111100100111010001011110100001110
10010001000100100100000000000000000001000000000100
00010000000000100101000000001000000000000000000000
01010101011011000111100101101011001001010100001100
00000100000000000000000000101000000001000000000000
00000000000100000001000000110000000001000000001000
00011101010111100011100100111011100001100100000100
01010101011100100101111101101100101011011100000100
10010101110101101110100000011000001101110100111110
01000101001100100111001100100100000001010111000100
00000000000000000010000000000000000001000000000000
00000000001000000010100000000000000001010000000000
01010101100100100110100010101100000001010111100100
00000001001000000000000100000100000000000000100101
00000001100000100010000000101000100001000000000000
10010101101100111110100101011100001001010101101100
00000010000100001101000000101010000001100100001100
10011101011101110111000101110101000001111111010100
00000001000000000010100110101000000001000100100100
00010111000100100100000000010000000001110000000000
00000100010000100100000000001000000000000100000000
00000000100000000110000001000000000001011000000000
00000000000000000000000000000000000001000000000010
00001100000100100011000000100000000000010000010000
10010000000000000001000000000000000000000000000100
00000001000100000010000000000000000000000000000010
10010101111110111111111101111110110000010000000110
00000010000100000101000000011010000000000000000100
00011101101100100011101100101010101001001100000100
00000000100000000010000000001000100000010000000000
10110101011100100111100100111101000000010011000110
00000000000000000000100100001000000000000101000000
01010001000000000000100100101000000000000110000000
00000001001000000001000110100100000000000000000101
00010001000000000001000000001000001000000000000100
00000100010100101001000000110000000000000000000100
00111101000110100111100110111100000101110100111000
00010001000100000001000000000000010011000100000000
00000001001000000000000010000000000000000000100000
