00000100011011101001011000111000010110000100111110
00111011111111111111011101111111111111101111111111
01000110011111111011011101011101110011100101111111
01000110000101001000000000110001010111100100111111
01000001011101111011010000100001010110001110110100
10110011011111111011011101111111011110101110111111
01110101011101111110111100111111011111111111111111
01001110011110110011011010100001000100101010110100
01000000010100111111001000111011010111000110110100
11101111100111111101011111111011011111110111111111
11101111000111111001111111111001111111111111111111
01111111111011111011111111011111110011110100111011
11100101011101111111111110111011111111111111111111
11111110011110111111111111111111111111111111111110
11101111111111001011111111111111110111100111111111
01101111111111001011011010110010110111101110100110
11111110111111110111011111111101011111111111110111
01000010110011001011010000001011010101000110100110
01101111100111111101111110111101011111111111111111
11101101111111111110011101111011111111111111111111
00000010001111100010001000110100011111100100110101
11101111011111111111001010111111110111011110111110
11100111111111111011110110111101111111110110111111
01100110011111101011001001010001010011100100110101
00000001011111111010011000110011010110101110110110
01100100011101101001000100110001000111010100010101
11011111111011111011111011011111011111111110111011
11110110111111111011111111101101010111110101111111
11100110111111101111011000110111100111110111111110
01100110000101101010111000111001011111110111100101
01000110110111110101010010101001010111100110010110
01111111111111101111011111111110110111111111110111
01100000001111110001011000001001010110100000010101
11111110111111111111111110110111100111111111111110
01000110011011001011101000100100000111100100110111
11011111111011111111111011111111111011111110111011
11111110111111111011111111111111111100101010111111
01110010111111111111111101111111011100111111111111
01110111011111111011101110111111111111011110111111
00000010011111001011011001111101010101100000110001
01001111001011011011010010100001010111100110010000
11111110111111111111111111111111011101101010111111
01001111111011111111011010101111010111101100010111
01100010011011101011000000011101010001000000111111
11111111111111111111111110111101011111110101010111
11111111111111101011111111111011111111111111100111
11110110011111100011011000111000010111100101000111
11111111111011111111111111011111111011100111111011
11110110011111111111011010111011011111100111111101
01110110011110101011101101110101101111110111111110
