01101000011011101011001101100010000111011100100001
10001000010010001011111101001011010110111001110010
10000000011000000001000000000000100010011000000001
00001000000000000011000010000010000000010000110100
11010000010110011111011001100010100110111001101100
00000000010000000011000001000000000010101000000000
00000000000000000011000000000000000111010000000000
00000000110000001001001001000010000110011010000010
00000001010000001000000000000010000000000000000010
11101101100010100011011011100111001110110001110000
10100000000010000000001001000000100100110001000001
00001000000000000010000000000000000010001001000000
11001000011001001111011111001010010110111101100000
10000000000010001010000000000000000000010001001000
10000000010000000011001001000000000000000000100000
00001000000000000001000100100000000010011000100000
11001001100011000011100001000011000110110001001010
00001000000010000010001000000100001000100000000000
11011110010111101100101001000110001110101001101100
11111111010010111000101111000110011110101011100100
01000000000000001011000000000011000100100001000000
01001000010010000000001000000000000000110000000000
11001001011010100111010001010011010110111111000110
11000000000010010001000000100000000000000000100000
00010000010010000001000000000000000000000001110100
11001101011010101011001000100110101010111001101010
10001000010000010000000101000010000110001000100000
00000000000000000000001000000010000000110000100000
01000000000010000000000000000000010110001001000000
00000000010000000111000001000000001110010001000000
11011001110010001011101001110001001100110001110000
01000000010000001000101000000010000110001000100000
00101000001000000000000001000000000110000000000000
01000000000010000001001000001000000000000001100000
00000000010000000111000001000110000010001000000000
11001011011010001011101000101111100011111011100000
11101111010110011011001001101101101101110001111000
10000010000000000000000000000000000110101001000000
01001100011010001111111001010010000111011001100010
11111011011011011000011001010110000110101101100001
11101101000110010011001001101001001101110001100000
10000000000010000000001000000000000000010000000000
00000001000000000001001000000000000100000001000000
01001000011111001011101011001110010111111010100110
11011000010010110011000111110011010110111001000100
01010000010000000000000010000010000010000000000100
00001000000001001010000001000000000010000000000000
00011000000000000011001010000000000000000001110000
01000001100000001000001001000000000000100001000000
10100000001000000000000000000000000000010000000000
