01111111111101000010101011000101001110100010110101
10100111001111011010101011000111010100110101011100
11001011110101011011101011000101000000101000010100
10000000001000001000101001000001000000000000100000
10100011000100000000000000000000000000000000011100
11000010000100010010101000000000001000000100000000
11101101001101011010101010100101100001100111011101
11101010001101011001101011000011010001011000011100
10100000010100000000000000000001000000000000011000
10100000100000000000000001000000000000100000010000
11010011000101011110111001110001001100100000110000
11101111101001011010101011011101001100100000000110
01000000000001100000101000000000000000001000010000
11100011001110011010111011000101011111100000011101
00000000000010010000101000000000000000001000010000
01100111001101100011001011101001100111100101110100
01110011001101000010101111010111010110100010110001
00000000001000000000100000010000000000000000000000
11100110001101011001101011000001111011010100011101
00100001000000010010000000000001000000000001000000
11110111001111101110001011100011110110111000110110
00000000001001000000000001100000000100000000000000
11110111001111111010100011010101100000110011110000
00000000000000001000000001000000000100000000010000
11100011000101011010101001110001010000101001010011
11110001011101011010111110100001000101101000011101
00000010001000010000110011000000000110100000000000
00000000001100001100001010000000010000000000000000
00000000000100010000000000000001000001000000000100
11100010000101001000001000000000000000000010010001
01000001000000001000100000000000010000000000000000
11110011101101011011101011001000101001111000011100
00000010000000010010101000000001000000010000000110
01000001000001001010100010010010000000100000000000
10000100001101000010000000000001000000000000010000
11000000001101011000110101100000000010000000010000
10000000000001011010100000100000000100100000010000
00000011000001010010000001001001000000100000000100
11100010011101011000101011100001010011001010011101
01000001000000000010101000000001100000000000000110
00100001000010100000100011000001000000100000000000
01000110000000010010000000000000000000000000000000
10000010000000001000001000000100000000100000000001
01000010000000010001001010000000000000000000000100
10010000001000011000101000000000000000000000000000
11101011111011111010101111000101001110100000000100
01001011100001000010000001000001000000100000000000
11101011000101010010100001001001100001110001010010
00000000000100000000100010000000100000010000000100
10000010000001001010000011000100000000100010000000
