00011110000011010100100011111001111111011010110111
00001000000000010000000001000000100100001000010001
00000010000000010000000011000000000000001000010000
10001110100000011011011011100001101101011011110101
11010110010000111000100111000000101101101001110001
10011010001001010001100011000110101100001101111101
10111100010001011100001010100100100101011110110101
00000000000001000000000001000000100000101000000000
00010000000000000000000001000000000001001000000000
00001010000000000000000001000000000000000000101000
00000100000000000001000010100000000000010000000000
00000000000000101000000000000001000000000000110000
10000000000000010000000000000000001001010000000000
10000111000000000000000001001000100001101000100000
00001000000100011000000010000001000001001000100000
11111110000010100011101111010000101101010000010111
00011010000100100000000001000001100000000000010001
10000010000000000000000000000000000100000000000001
00010000000000010000100000000000001100000000010000
00010100001000010000000010100000000000010000000001
10001100000000010010001010000000100111010000000111
00010000000000000000000001000000000000011000110100
00010010000000010000100001000100011100010100110000
00001000000000010000000000000000001100000000000000
10111110001000110001100001100010111001111000111101
11111101110001011000011010001100100101011111111101
10010010001000000001000010000010000000000000000000
10000000000000010000000000000000001000000000000110
10000000000001000000000001000000100100100000010000
00000110000000000000001001000000010001010000000100
00000100000000000000000010100000000000010000000001
10010000000100101000000000000000000000001000100000
11011111000001011000100011001000001101001011111100
10000000000000000000001010000100000100000100000001
10011100000010010010001110010000100111010010000111
11011110000000010110101101001000111001111100110111
10000000000000000000100000000000001001000000010011
10011010100011110000100011000100101110001011110101
00001001000001000000000010001000000100001000110100
10010010001010010001111011000110001100001100110101
11111111100001100000010011000001100101110000010101
00000110000000000000001001000000010100010000000000
10010010000000000000000001000000101001000001010000
00011100000000000000000001000000100001000010000100
10011110010101100000011011000001100101110000010101
11111110000100011010011011001000100111111010100111
00000100010000000000000011000000100000000000000001
10010110000000010000110011010100101101111001110011
10000000000000010000100000010000001110000000010100
11011110000000011101100011000010011111011000111100
