00111100100001101111111100001000001110011001111010
00000100110001101101010101000010100110101001111000
10001000001000000011100010010010000101100010010011
10001000000001000100100100000010000010101000101111
10110101111111101101111101111111100110111001111001
11001011101101101011111011000010010111111010111011
00000100000001001001110101000000000110000001100010
00001100100101101011000001000001000110000001110000
11001101011011101111110111011011101110111101111111
01001000101001101000000001000010000000000000100000
00101100110101111111110101010111110111101111111010
00001101001000100000000101000011000010100001010001
00001000100000100010010100100000000110000000010001
11011111111000111011110111101111001111101011110011
11001101111111011110100111101011001010111001111011
00000000001001100011110010000010010110001000110011
11001111111001100111110111110110010111101111111111
11011000101000101010100110000010001000101001110111
10100101101011111101111101111010001110101111111001
11101111101001011010100111110011100101110011110011
10111110101001111111010101011011000111101101101011
11001110101011011010101111100011100000111011111011
10001100000000000010010100000000000100001001000010
11011010101111101111111011001110101110101101111111
00100100100001111101010100000010010110101001111000
01001111111101101011110100100011100110100001110011
00001000000011101011010001000000000110101000111011
00101000101000001011100000000000000001000011010010
10001000100001100010100100000010001000001000001010
00001000001001001000000100000010000010001001011001
01111100111101111111110111001101001111011011111111
00001001101101100001110001000010000110101001110000
01001000101000000001010101000000000100100000000011
00000100001000011000000010000000000100001000100011
10000000100001100110000100001010000010101001001001
11101111101011011011101111100011110001111011110011
11011111101111111010100111100111001000111111111011
00100100001001001001100000010010000100000011000000
01111100101101101111110111100001101110001101111011
10001100100000100001010000000010000110000001000001
11011100101001111110111110101111011110100001011111
00000000101000001010100100000000000010100000011000
00100100001001001011010000010010000111000001000010
11001011101101101111111111010111001111111010111111
11011111111001111111110111100011010110100001011111
11101101101111111111010111110111000110101101101011
11011100101000101010110110101110001010101101110111
00010000100000001100000100000010000000001001101010
10110110101001111101111101111010110110101011111101
00111100100111111111110101100110111110111001111010
