00110100101001000100101111100100100011001110101001
00110100111011011111101111011000110010000101000010
11011110111011011111111111110101111111101101101111
11101110111011011110011111011111111111111110101011
00110101111111011101111111100100101111111111111101
11111001001011011111111101111110101101001111111111
00110001011011011111101101000100000001001111000010
00001110110010001110001111010101101010100110000101
11111001011011111111111101111111111111101111111111
01111011101111111111111111011100111101101111111111
11111110110011111110111111011111111111111111110111
00001000010011011100101111000000101100001111100001
01111111111101111111101111111111101111011111001111
11111110111110011111111011110111101011111111111101
00000000111010011101000100000001001110100101000001
01111110111111101111111111111101101111111111001001
01111111111111110111101111001111111111101011100111
11111111111111111011101111111111111111011111111111
01110111111011011101111111000101111111111111110111
01101110110011111110001111010101101111101111000111
11101110111111011110011111111111111111111111111111
00111100111001010010101111100100100011011110001001
11111111111111011111110111001110011111111111111111
11111111111110111111111011011101111011111111110101
11111001011111011111111101011111101111111111111111
11111111111111011111111110111111111111011111001011
10101100100011010100110001000100001001001000100001
01110101111011010101100111001010010111001011100011
01010100111010011100101111010100110011001101000011
10111111111011011111111111101001011111011111101111
00010100101011001100101011010000100001001011100001
00110001101011111111100111000100001111100111000101
11111101111111011111110111001010011111011111111011
01110000111000001110101101011100101011001001000011
00111101111111111111101111100101110111111111111011
00111100111110111111101011010101101011110111100000
11111001101011111111111111011101111101111111111111
10111110111011011111111111111111111110111111111011
00111001111001111011101110000001001111001111000101
00011000001011010110111111000100101111001011111001
10111110111111011111111111111110111011110111110011
11111111111111110111111111001101101111101011111111
10011111111111011111111111010111101111111101111101
01101110111111111111101111011111111111111110111011
10111100111101001110101110110110101111011111011001
00001100111001000110101110000000101011011111101001
10111100110011010100111011000100101011010111110000
00101101111011001111101110000101000010100110000000
01110110111010001111101011011100111011001101000001
10111101111111111111111111111111111011111111110010
