01011101111101110011111001110110011101111110011110
10111111111011111101111110011111111101111110111011
01011100011001110001011001110010000101111100001111
11101101011101110011111011111111110111111111111101
11110111011001111001111111111111110111111110111101
11111001010101111001111011111101111111111110111111
01001001011001100001111110011001010101111001011001
11011110111111010011011010111111001111111010011111
11000001011011110010111010000111010000111100001011
11111111101001111111101010111111110111111111011011
11111011110111111101111111111101111111111110111111
10010101001000110001101010010111110101101100111011
01000001101001110011100010010110010001111110011001
11111111111010111101101111111111111111111111111011
11111110111111011011011111111111111111111010111111
11111101111111100011011010110111111101111110110111
01001100011001100000011010110011010111010110011001
01000000011001000001111010110111010111010010001011
10010001110010110001101010011111110101011110001011
11111111011111110110111110111111111111111111001111
11011110111111000111011110111111000111111011011011
11111111101000111101101111111111110101111111111011
11111111111101111111110011111111110111111111111111
01001010001001100001110010011110010101101011001000
01011111111111111111111100110111111111111110111011
10111100001001100000011000000011000101100110000111
10111101011001111101111010011111111111110110111111
11111111011111111111111110101011011111111111111011
01011111011001100011111100110111010011111011011011
11011101111111110111111110101011011111111111011011
11111001110111111111111111111101111111111110011111
01011111111101111111111011111110011111111110111111
01011100011101110011011010100010011001111010111010
11011110111111111111011110111111101111111111111111
11000101001001110001000010110111110101011110100011
11111111011101111111111111110111011011111111111111
00011101011001101101101010111111010100000100010010
11111111011111111111111111111111111100111101111111
11111111111111110001111111111111110101011111101111
11111111111011111111111010111111111101101111111011
11111111111111110011111110011111111101110111111011
11111100111111011011011011110111011111111010111111
11011101011011111111111111111111111100111101111111
00010010010001000001111100011100010101111010011000
01011100001101110000011010110001111101111110000010
11011111011111111000111010111111110111011111001011
11111111111111101111111110111111110101111111010111
10111101001000110001001001100011010101100110001011
11100101111101110111111011111111111111111110111101
01111111111111111111111011111111011101111110011110
