01111101111111111111111111100111111111111011111111
10000110111111111111111111101111111111111111101111
10000101010100101111100100101110000011101010000000
10000000011111111001100100001101010001100000100011
10000101011100110010100100001110010010101000001010
11101011111111111111101110111111111111101110111100
01000100100111001011000100000010110001101011111000
10101100011111111111100100111010010011101110101110
11000110000111000110000000001110110001101011111011
11111101001011111111101101111111110101101110101111
11011101010111111111101111011101110011101111111111
11111111101011111111111110111111110101101111101111
11010111111101111111110000111111111111111111111111
11010111111110011111111111111110110111101111111111
11111101011110011111101111111110111011101110111111
11011101011111100111110101111111110011111111111111
11110111011111100111111100111111111111111111111011
11100101111111111011100111111111111111101111111010
11101111111111111101101111110111111111100011111111
11110111011111111110111111101111111011101011111011
11111101011111111111000100011111111011001101111011
11000000000111011001000000100111100111111010011010
11000100011101101011000010001110010010101010001000
11111111011101111111100011101111110111111111111011
11000100001101100111001100001111100000101110101011
11000000011001110111000100001100110010101100101011
11100101010111111111010100001111111110011000111011
00000101011111111110100000000101010011101110000110
01111101111111111101101111100111111111101010111111
11111100111111111111111111111011111011111111111110
11101111110111111111111110101101111111111111111011
11010100011110011111110110111110110111111111111011
11000110111111111111110111101111011011111111111111
11011111111111111111101101111111100111101111111011
11000100000010101111100000101110100011101010101000
11000100010111001110010100101011010011111010011010
11101101001011111111111101111111111101101111101111
11110111111111111111110100011111111110111101111111
11111111111111111111011111011111111111011111111011
11000000000010011000010100100111100101101010011010
11101111111111111101111111111111111111110110111111
01000101011111111100100111010111110011101010110111
11100111111111111111011110011111111110111101111111
11000010101111011111100100000111110011100010110000
11010111111111111111100111101111111011101111011111
10000110101011111111110100101111110101111111101011
11001111111111111111111111101111111111111010110011
11000101011111110010000000011100100011001110100010
11011001111111111111110111111111110111111110111101
11010000111111111011100111101011110011101110111010
