00100000100000001000001100001100010000010011000001
00100000001100100000100000110100001000000001000001
11010111111101110101111101111110111011111101001011
00100111001100010101001100000010110000011001110011
00000000001000100001001100010100110000111100000010
00110011011111101111111111101110111000111101111011
00110101011000100101100001111110111100111001110011
00110110001101100100101100111100111000111100110110
10100000000000001000000100110000000000011010000011
00100110001000000000000001101000110000000000000001
01111111010101110011101111111111101001011001111011
01110101001010100111110110111110111001111001111111
00000100000100100011101100101110001000010000000000
00100101001000010001001000001010000000001000000001
01101111001110010111111110111010111011111101110011
00110000001001100100001000001100010000001000000000
10000100100000000001100100011100011000000010000001
00110111000100110011101111111111101111011011011111
00000100001110100100100000001010011000110000000010
00111110001111101100101110111101111011111101101011
01100111001110101111011101110110111011111101001111
00100100000100100000101110010000100000101001000001
10111101001011110101110101111110111000111111000111
10111101101110101101111010111110011000111111000011
00000100001100100101010100100100101000100001000000
00100110011000000100101000011001111100111000000011
01100111111110100101101110011111111101111111100111
01101011101100101101111101101111111001111101100011
10100111011111111111001101110111111101111101100111
11101111001110011101101110111010111000111011100111
00110110001111100110101100111101111011111000100010
00000000001000000101000001111010100000011001000001
00111111011100100101111011111111011111111101010111
10111111010100111011101101111110101100011011011111
01100111001110101111101111111110110010111011000111
00000010000000000100000001101000110000000001000011
00100000000000100101100000000010101000101001001000
00100000001100100101100000111010100000100001000000
00101111000100100011111111111110101011011111001011
10111111101110100111101101111111111000100011001001
00111111101101110101111101111111111010100011011001
00101101000000100001101100111000100000100000000011
10000000100000001100001100100100011000111000000001
11110110001100100101111110111101111111111000100010
00010111001100100001000000111110000000000001010011
00010111001100100100000000000000110000001000100010
00100100001100000101100000000000010010111000000000
00000001000100000100101000101100111000000000000011
00111111101100100111101101111110111100100101110101
11110110111101101101111101111101111100111110100110
