01011111111111101111011101111111110111111111111111
10111011011110111101011111111111111001101111011111
01001100100000101011010111111111110101001111000100
11001011001010101011000111011111000101001111001111
11110111111111111111111111111111110111101111101110
10101011111110111101111111111111111011111111101110
11011101011011101111010101101011110111111111111111
11011110101011101010010111111101111101110101101000
10101101001000101001000110111111010101001111000110
11001110001001001111010110010111100001001010001000
11011111110111111111111111111111111101101111110010
11001100001011110010000010001011110101001101001000
11011111001101110011111111111111110111111111110010
10001011011110111101111111111111111011111111111111
11111111101111011011110111111111111110101111111111
01001100001111100011010111101111010001001000000010
11111111111001100111110111111111111111011111110110
11001110011001001010010010011101110101000111101000
10111011011110111101011111111111110001101111011111
11111110111011111010111111111101111111100111101011
00001100001011101001010011100011000101001001000000
11101111011011111111100111111111110101001111001111
11001100001011000011000001001111110101001000101010
11111111111011111011010011111111111111101111101111
01111101111111111111110101111111110111001111101111
11111111001011111011111110011111111111011111111111
11101111101011111011110110011111111101111111111110
11111101111011101111010111101011111111011111101111
11111111101111111111011111110111101101011111111111
11111101111011111111011111101011110111101111111111
11111110111111111010111111111100111101000111101011
11111111111111111111111111111100111111011111111011
11101111011111101111011111111111011111111111101110
11101111101111111111011111110111101101011011111111
01000101001001101001000101111011110111011111100010
10111011101110101101111111111111111001111111101111
10001110000011101001000111010101101001001101100010
11111111111111011111111111111111111110111111101011
11001111001011100011000100100100100101001111111010
10000111000011001000000001111001111101001111100000
11111110111111111010111111111101111111110111111110
11111111101111101111010111111111101111111011111111
11111110111011101111010111111111111101111100111101
11111111101111101111110111111111111111111100111011
10001111001011101101001111111111111111111111001110
11000010001011101010000001101101010000101111001010
11011111010101100111011111111111110101101111110011
11111110100001101010010111111100110100001110100000
11011110101011111011011111111111111111101101111001
11010010000001100011010111011111010101000111001010
