00001000000001000101000001000000000000000000000000
00001101101011011011100110001001011111011111001001
00000000000011000000000000000000000001000000100100
00001000001010000000000000000000000100101000110000
11010100101011110010011010000011101101001111100111
01001001100011010111100110100001011101101000110010
00000000011001010010000100000000001000000000000000
01000100001001000000001000000000000001000100000000
01001100011111110000011011100001101111011111110011
00000010101000000010000100000001000001000101000000
01011011110011010011101110100001011101101000110001
00000000100010000000000010000001001000011000001000
01111100101101011000000010000001101111011101100101
11101111101010000111100110001001001111101101110100
00001000100000000011010110000001000000000100000000
01001110101010000111110110001011101101001101100110
01000000000010000000000010010000000000000000100101
10000100000001010000000011000000000001000101000000
01001110011001110000101010100001101111011101100001
11000100001001110000001011000000011101000101000000
01000100001001010010000000000001000101001000100000
00001000100000110000000000000000000000000101000000
00001001101000000011000110000001001000000000000000
01000110011001110000001010001101101101000101100001
01001100101111111111001100011001001111000101110001
10000000100000000101000000000001001101000000000000
00000100101000000010000000000000000010000101000000
00000000000000001000000010000001000000000100100101
01000000000001010000000110000000001000000101000000
00000000000000000000000100000001100000000000000000
00001000000000010000000000000001100001000001000000
01001100111111110010101111010110001101100101110001
00001000100010010010000100000110001000000001000000
01000100001000000001000000000000000101000001000000
01001110101111010011001111001001100001011111100100
01011100101011010011100111000001010011011101100101
01000000100011000010000010100000000100000001000000
01101101111011010111100111000011011100101101100100
00010100001001000000000000000001000001001101110000
01000000100110000010000000000000001100000100100001
01011100101111010010100000000000001101100101111011
01001001110011110111010110111001001101111000101001
01001000100000000000000000000000001000000000000010
01001000110011010111010110101011111111101000110000
00111100101011011010100110010001001101111101001001
00010100101001000000000010000001000000101001000000
01000000000100000000000000000000000000001100100000
00101000000011011000000000010000001101000000000001
00001100100000010000000000000000000000001010000000
01001000101010001010000110010001000100011100100100
