01100011110111100011100110111110110010001111110011
10101010100110110110111011111111010111001110110011
11000110110011000000000011111110110110101111000101
00000000000111000000000000000110110100100101000000
01000010100110000000000001011111100000000000110000
00100000000010000000000001010110010110000110000010
11101000110111010010110101111111111110111101111011
10000000111000000001100010110000000100001000100011
11101011011111101101110011111110111111101111111010
10100011101110001001101011111111010111011110110011
00000001110000000001100010101000100000000011000000
11011010110011010100101111111101110100101111000111
11111110110101000011011011111111110110001111110011
10110010100110000000000001111010010110100100000011
11000000100000000000000001000000010100000001000011
01000010000100000000010001010010110010001100000011
00000000110000000000000000100000010100001000110011
01000000100100000000000011001000000110001110000000
11000010000010000000000010110010100000001110110000
10000001111010000000100010100000010100001011100000
11000011111100000001000010000000110100001011110010
01000010100010010000000011110010000110000110000011
01000000010110000000000010010100110010001001010011
10000010000100000000000001010010001100011000000111
11100001111110000111111001111111111110001101110011
01101110110111110100010110111111111010011111110111
11100011111111001011010011011110111111101111111010
11101111110111010010011111101110110111001111110111
11101010111111000100000011110111110111011011111011
11111110110110000000001011111011110111101111111111
11111110110011010010010111111101111100111111000111
01001010010110000000000011001110110100000111000000
10111010101110010010101011111111011111111110111111
11110110110111111001101011111111101110111111110111
00000010100000000000000111100010110000011000000111
01110111110111101101110110111111110010101111110111
11100110110011010100011011111100110100101111000111
01000000110000000000000000111100100000000011111010
00110010100101000000000000100110110110000000010011
00000010010000000000000101001010111000001101000101
11100011110110011111101111111110111110010111110111
11110110110111010110010011110111110110011011110011
11100100111110000111110001111111110111001101111011
10110010101110100001101011111111010111011110111011
11001011110010001011100011111100110101001111010011
11001010110010001010101011111100110101101111101011
00000010100000000000000000101100100001000011010000
00100000000100000000000101010110111110011000000011
11000111110111111000111111111110111111101111110101
11100011010111111000011111011110111110111111110110
