01000010100000000000010010001110000100000011011000
10010110101011101111101111011111111110101111111101
00000000000001001100000001111011101110000001100000
01000010000000001001101010000000100100100010010000
00000010000001000101000001111010001000001001000000
01000010100011101000010010100001001100001010011000
11011101110111001111111111111110101101111111011011
00000010000111001100100011000010001001000001010000
11000110000111110101011011111011101001011011011011
00000010000000000000010011100000101100001000000000
01000000000001000101011011100010100100001010010000
00000011100010001100100001101010101001000000000000
01000111100101111101111011111010110101011111010111
01101111101010101111111111111011101101111111010101
01000100100011000001010010101001000000000010000000
00000000100010000000101001000000000100000000001000
01110111000111000111011111111011101011111111011111
01101011101111001001111001111011101101101110110011
01000010000001001000010111001000000100101010000000
01011010101011101100100111101111111111111011111100
01010011000111010101011011111011101001101011011011
10000110111011101110100111001111111100101111111001
01010010101011011100100111001001011100101001111000
01000010000001001011011010100000100100101010010000
11010111111011101011111101111011101101101110111101
01101011111111011111111010111111111101101111011000
00101110111111101101100111011111111111101111111001
01101010100011001100100011100111111110001111111011
11101010100111101111111011100111111110111111111111
11000010000000000001010001111010101101000010011000
11101011101111001101110011111101011101001101111110
01100100100001101101111011111010100111010011110101
01110010111111001101110111111101011101101001111000
01000000000010000001011001111010100001101010010001
01101111110101001101111011111110100111011111010101
11110110011011010111011111111111101001111011011011
01100000000000001001000000111001001001000000110000
00000011100111001101100011100111111110011001101000
01010010000001001111111111101000110100001011010000
00000010100011001001000000001001001101001001010000
01001110111011001111111111111010111101110011010011
01000010000011001100010011111010001000000001000011
11010110101011101111110111111101011100101001101010
11101011100011001001111001111011101101111110111101
01100000000000000101011010111011100011000011010000
11010111101011001101111111111111111110111001101010
11000110100000011001111011111110100101000011010001
01000000000011001001000010001011001000000001000000
00000010100010001100100000011010000100001110010001
01000010100011001100110010111001011100001101001010
