00100000110000100010001100100000001111111100000100
00110011010101110001000101100110001010100000000000
11010101011101111111010110100010011001111100100111
01101111010001111000010101111011011011011110010101
00010001000101100000000100100000001011011000000100
00110011011111111111001110111011111010111111100101
01010101011111101000110000111011111001111100111101
01111110011101111111111101100111101011111110101111
10000000010000010010001000000000000111110100000000
11110111100111111011011100111100011111111100011101
00100111000001011000000100100000100010000100100101
01101111010011111100110111111111011111011111011111
00000110010100011000100100010010000011001000100101
01111111011100010111011111100110011011111100111010
11111111010100010011111101100110011011111100110000
01110101111111101000111101100111011011111111110101
00110111011110010101110110110111011011111100111010
00100101000101001000010100000000010000011000000001
10100101110001100000011000000010010111011100000100
01100101010001101000010111000110011011011011000110
00000011000110111000000000010000000010101000100101
00110011010101111111001100101110011110111111000111
10000101110001110010010000100010001111000100000101
11111101011111111101010011100010011111111111110101
00100100000101001001000100000000001010010001000100
01010001000101110001000100000100000010101000000100
11111111011101111000011100001011111111111110100101
00010110010110001000100000000010001010100000100001
00010110010100000000010000100010011011100000101001
01000001010101111001010001000010011000101000000100
01110111000111111011011100111100011011111111011111
00010111000100011000000000100000010011010000000001
00000111001000000000000000100000010001010100100001
00110110010101111111010100101111101011101100111111
11111111010101111001011110111110010011111111100101
10000000110100000010011100100000000001110100000100
11011101111111111011111111111011011001111101111111
10111011110111111011001100101011111110111100100101
11100111110001111000110101111110011111011111011111
10111111110101111111010110100011101111101101100111
10111111010111111111110101100110011011110100110111
10110111111101111010011100100010111111111000111101
00010101000100010001010100100010001000100000000110
00000100000100010001010110000010001010110000000010
00100111001011111000100100111000111011011100011101
00010010010101111000000100000010010010101100100101
00000011010101001000000000001010010010100100100101
10111111011110010011111111100110011111111110111010
00100001000101001001010000000010010010111011000100
00110111011110010100111100111011111011111100111000
