01011101011101110110111011110110110111001111111011
10111101011110111110111110111110000101011101101111
01001001010000010000011000010100000000001001100000
11001000010100010100010000100000000100000000000001
11110111010101111101111011110111010110111110101101
11001011111110111000111011111111010101011111100101
00001101010000001000011000100100000100100011100001
11101110010110110100101111011110010110111101111011
00000100000100010101110000110000010000000101001000
11111111000111011111111011110101010101100011011101
11000100000100000000000010000100000001001100000000
11011101111010010111111011110110111101001101111001
01000101010100010000100000000010010100000000101001
10001000010000010100001010111111000000011101000000
11001101000000000100100000110000110001000000101001
11111101110111000100111110111110011111111101101011
01001110010000000000000000100110010100100111100001
11011001110101110001111010111111011101011111110011
11000000010100000000111011010110010000001000100100
00001000110100000100000000100110010000001101001000
11001101110110110110011110100110111111011101111111
11111110110100010110101111011110010100111101101101
11101111010101010110110001110111110101001111101111
01000001000000010000110010110110010010000000011001
11001101011101010110110100110111010101011111101111
10001101010100000010011000010000000000000001000101
11011110110101111101101110011111110100111111101001
11101101110101110110011111100110010110011111101111
01000101000001010100010000100011010000010100000001
11101111011101011111111110110011110011000101111001
11001101000111011111111110111101110111010001011111
00001100010001000100001010101110000000011101101000
10000000000100100000101000100110000001000000101001
10001101110110111111111110111110001101001111101011
00000000000100010100100000000000010100000001100010
11011111010110011100111010110010011011100101111001
10001001000000010000100100010110000100000001010001
11000100011100110100101010000110110100001100101001
00001011010000011000010000100000000100000111100000
01001101000001010100110010111011000000000000000001
11101101001101010111111010110001010001000001011001
11001101101101011101111010111101010101100001011001
10001110010000001100001010110000010000100000101000
11100111110101011101111011110111011110101100101111
11101111000110111110111010110101111101100011011111
10000001010100000100100100000110000110001100101000
11001001110110110001111110110111110101001111110111
01001100010000000010111011010010000000000001101000
11000001000000010100101010010010011000000001101001
11011111010110111100111111111110110111011101101010
