00111001001011111000100100000100000011000100000000
00000010110001000000100000000110000000000001000000
10000000101000000000010111000000100001100000001000
10000001101111110000101010011110101001100111100110
10000001000001110000000010000000101000000000000000
00000000000000100001100000000000000000000100000001
01000000010001100000100000100100000000000011000000
10011000000000001000000010000000101000000000000000
01110000001001111000101010100100000111010110110111
01000010000000100000000000000010000000000001000000
10110000100101111110101010100101110110101110100011
00010000001000101010100000000001000010000000110000
10010000000000000000000010000000000011000000000000
11011010101000101000110010100010101111100101111010
10011110111101011000100010010110110110000111100110
10011000101000101010100010001010111011110101110010
10000001101101110000100010000100110001010110100010
00000000001000000000101000000000000000000100100000
00000000001100010000000000000100100000001110010000
00000100000000000000000010000100000000000010100011
11010110101101111100000010000111111010010111110010
00100000000001000000000100000000000001100000000000
00010000101000000100000000000100000000000100100000
10100000000000000000010010000000100001100000101010
00111001101011111001100101001100100011000110001000
00100000000000000000000010000000000000000000001000
00000010101001000000000000000010100000000001000000
00010000000000100000000000000000000010000000100000
00010000000000010000000010000000000011100000000000
11010010101000101011101010000010110011100101110010
01010000010001110000100000100100000010000010100110
00000000001100000000100000000000000000000100110000
00111001001001111010100110100100000011101110110011
00000000001000111000100000000100000000010010000000
00011001000001010000100000000000000000000100000000
00000000101001100000000000000000000010000100000000
10000000101111110000100010011110100101110111100110
10110000100011011000010110001100100010100000001000
00110000001001010000010100001100100011000000001000
00000000100000011000100000000000010010000000100000
00000000001000000010000000000000100000000010010000
10010100101001111110101010000101101110000010101010
00010010101000101011100010000010110010001101110011
01010010010001110000100000100100000010000010000110
00010000101101111101101100010111100010010110010001
00000000100101010010100000000101100000001010100010
00100000000001000000000111000000000001100100000000
00010000100000100000000000000010000010000001000000
00010000101001111001100100000110100010000111010000
00000100101000000001000000000000100000000010100000
