00101011011111111010111111111111010111111110101111
00101101011011111001101000000011010000000011000100
11011111111111101111111011110001111101111111110011
00101110011011111000100000100010000000101111000011
11110111111111111111111011111011101111111111111111
01111011111111111110111111111111010011111110101111
10111101011111111111111010111010111101111111101111
11101110111011111111111111101111111111111111111111
00101101010011110011110011100001000001111101111011
11111111101111111101111111101011111001111111111111
11111111010111111011110111110011011101111111110111
10101110011010111010101111100111000010010100101011
11111111111101111011111011111111111111111111110111
11111111111010111011001111110111011011111111101111
11111111111111011111111001111011111101101111111111
11011111111111101111111011110101110111111111110011
11111111011111110111111011111010111111111111101111
00101111010000111010100011100001000010111100101001
10101111101111111101111001101011101001101111111011
01101011111011111010111011111111111011111111101111
11111111111110111111001111111111111111111111111111
10101111111010111011001111001111110011111111111011
11101111010111111011110111111111111101111111111111
10000101011101000000111011100110000001110100100001
10101111111111011101111101100111001001101111111011
10101101111111111111111110111111110101111111101111
10111111111111111111101111011111111010111111101111
10101110001011111001101001100011010100110011101010
10001111010010101011111001100011100001110111100010
10000101000111010001111111100011000001111111110011
11011111011111101011111111111101111101111111110111
11101101111111110111111011111110110111111111111111
00101011010010111011111001101011000001111101100010
11100111011011111001111001110011000101100011001110
00101011011011101011101010100010000000011010100011
10101011001010111000101001010011010000111011100011
10001101000111011101110000100001000001111111101011
10101111111011111011111111001111110010111111101111
10111111111011111111111111111111110111011101111010
10101111111111011101111101111111101111101111111011
10111111111011111111111011100111101111110011011001
10111111111111111111111111101111100011110011011001
11111111011011111011111011111111011111011101111110
01111011111011111011111011111111110111111110111111
10101111111111111111111111111111101111110011011001
00101001111010110010111010000111000000111111101011
10001111110101101111111011110001010011111111110011
11001111011011101001101001100011010001000011000010
10111111111111111011111011111111111111110011011101
10111111111111111111111111100111001111011101111010
