00000000000010000100000000000010100000000010000000
00000000000000001000000000100010101100100000000000
00000000001000000100000100000000000001000000010000
00000001000000000110010000000010000001000100100000
00000000010000000000000000000000001000000000100000
00000000100000000010000000010110100001001001000000
00000000101000110000000000100000011000000000000000
00010000101000011101110101101010101110100100110011
00000111000100111110100110111010101111111100010001
00001000000000000000000000000011101100100000111000
00100011000000111110100100100010001101100000010001
00000000100000001100101000000010000000000000000000
10000000000000001100000100100010101100100010110000
00000000000000001000100001000000100010000000110000
00000010101000010100000000000000011000100000000000
00000011101000101000101000100000111011000000000001
01000001101111010110010000111110111011111111110100
10110001101110101011101110101011101111100000110000
00010100101000001100100101110110101110111100110000
00000001000000000100000010001000000001000000000000
00000001101101010110010000101010101011100100111110
00010001000000001000100000000000101100100000010010
00000000000100010100000000101010101010100000000000
00100001101010000110000000000000100011000000110000
00000000100000000101000000001010001000000100000000
00000001000001000010000000000000000011000100100000
01000011101010011110101000000010101111111111110101
00000100100000001010000000000100101001001001010000
00000001100000001101101010000000001011100100100000
00000100000000001010000000010000000001001000000000
11010101111110001110101010100000111111100100111000
00000000010000000100000000000000100101000100001000
11000101110011011110111100110011001111101100110000
00000010000000111000000000000010001000100000000000
01001011111010111110111010111010110111000100100000
01000001111010000110010000100011101011100111111110
00000001100001011110101101101010101101110111010101
00110100101000011101100101111111101110100100110001
01000001111010101110111000101010110111000100100000
00000000100000001010000000100000000010000100000100
00000100100000001010000000110100100000000100000000
00010001100000001010100011101011101111111001110000
10000000000010001000000000100000000110000000110000
00000100000000001000000000110000000110000100000000
00011001010011001110100101101010101101100110011000
00100001111011001110110100110010100111000110100110
00000000010000000000100000000011000100000000100000
00000000000000001000100000100000000110010000010000
00000001000000000000110000000000000100000000010000
00000001101000010000000000100000000011000000000000
