00000000000010000100000001000000100000011000100100
00010010111010110110010101011110100000011101110110
00000000000000000100000000000000000001000000000000
01001000100111110110011011111100000111011001110110
00010000100000010000000000011100000101011000000010
00000000000000000000010000000000000100010001101110
01000000000000000000000000001000000000001000100000
00000000000000010110000000000010000000011001010010
01011000001011110100010001010100100101001001110100
01000000000000011000000001010100000010001100010000
01000000100000100000010000010100000000001000000000
00010000000000000100000100000000000000001000000010
11010000100000010000000001100100000100011000000010
00010000100000000000000000011000000100110000100010
01010000101000010000010000000000000100010000010100
01011001110010101110011101111100010100111001111111
00000000010000010000010000000100000010000000010010
11110001100100010000110101011100010101011000100110
01010001000000010000000000000110000100000001010100
00000000000000000000000001000100000100000001000010
00000000000000000100010010000000000000000001110000
01010100101000111100101001011100010110011001011010
00010000000000010000010000011000000000010000100000
01000000000100010100000001000100000000001000000110
00010000000000000000100001001000000000011000110000
11010000110010010101010110111100001110010001111110
00010000000010010000000001000100000100010000100100
01011000111001010100011001001100000101111101110110
01011010000001010100011011010110010100111001111110
01011000111010011111010101111000001110011101110110
01000001000000000010000000001000000100000001010110
00000000000000000000000000000000000101000001000100
11000000100000000000000000000000000000010000100000
00000000000000010100010000001000000100000010010100
00000000000000000000000001000100000010001000010000
00011100100011110111010001111111010000011001110111
00010000010000001000010001000100001000001000000000
00111000100000000100000000010001000000000001010110
00000000000001010000000000011000000000000001110101
11011101000011110100011011111100100100001011110101
11011011111110010100010110011100001110010011110110
01000000010000000000000000010100000000000000000000
00000000000000000000000000000000010000011000000010
01010101100000010011110001011111000101111000101110
11010110100001010100101011111100100100111001011010
01010001110000111010110011011110011101111000100111
00000100000000010000010001001000000000000001100000
11010100100000110110000101111111010101111001010010
01011101000111011101010101011110000101001011110101
00000000000000010000000000000000000100110000010010
