00000000000000000000000000000000000011000010010100
00000010001000100001001010001000010100000100010000
00000000000000010000010010000000001101010010000000
00001000001000100001000011000000000000000000000000
00010001000000110000000011000000001000001110010000
00000000001000100000001000000101000010001100000000
01000000000000100001000010001000010000000100000000
00001000001001111101010110000100101111001111011011
00000000000000000100000000000000000010000000010100
00000000000000000000011000000000000000000100000000
01010101000100110001011010101100111101111110010000
00000000001000000100000000000000100000100001010000
00000000000000000000000000001000100000000001000000
00000001000000010001000000000100000000001000000010
01011111001000010111001111000001111011001111010010
00101001001001100111111010001110110111100101011001
00000001000000000000010000000000000100000010000000
00000001100100110011011010111100111101101111011100
00000000000000110100101000000010001000000000010000
01010011001001110100011011101100001111001110110011
00000000000000010010000000000010001000001110000000
00100001011000011101001000010000101111111011010000
01000100011000110111010010000110101111101111010000
00000001000000100000000000000100000110001000010000
01111011001000110101001000000110101111101011110001
00011000000000100001000000000100000001001000000000
00000000001000000101000000000000000110000000100000
00000000000000000100010000000000100100001001000000
01000010001010010101000000000000100011001001000000
00000101001001010101001111000000101011001110010011
00000000000000010010101010000000000001000100000000
00000100000000100000000000000000100010001100000000
00000001001110110100011010011101001111001110110100
01000010001000110100000000000000000011000100000000
00101001001000100111111010000100100111010100110001
01100001001000011101011110110000101011001111000010
10000101100000110001011110101101111101001110010110
10100001001000110101011011001110111110111111011001
00000000001100010100011010000000000001000010000000
00100000001000000000010000000000001001000000000000
00001101001001100101111111011101100111000101110001
01001111011000110101101000000111111111001011110101
10101001001000101101111010000100100111100101110000
00000001000110110100011010011000000101001110010100
00000000000000000001000010100000101000001110000000
11001001101100110111011110000100101011001111001010
00000001000000010100000000000000000001000000010000
10000000100000000100000000000000100010000101000000
00000001000001100001000000000100000110000000010001
00000001000000010001000010000100001001001100000010
