00100000011110011010001100001110111000001010101010
00000000110110001100000100000000000000000000000100
10000000011111011110001100100101110101011110101010
00000000010000000000001000001000011000010000000000
00000000011110110000000101000000010000100100001001
00000000010000000000001000000000000001010000000000
00000001010010000010001100000100110010100010001000
00000010000000000010000000000000000010100000000000
01000000001010011110000100000000000000100000000000
11111110001110011011001100000100111111110010100101
10101000110110101011101111000101110111110110111100
11101000011010011010001110101001110000110010001101
11101010111101011110111101000001110000110110101100
00100000000010000000001000000100000000000000000000
00001000001000000000000001000000000000100100000001
10101000110110001011011100010100111101110010111100
11100000111110010010111110100000010000110011001111
01100000100010000010000000000000000000100000000100
10100011111110011100001101000000110000110100011110
00000000011000010000000000000000010001000001001000
00000000001010001000000000000001000000010000000000
00000000000010011000000000000000100000100000000000
10110110011111011010000100100001111001111011011101
11101010111110011010001001101000110001110001111100
00000000001100001000000000000000100000010010100000
00001000001010100010000100000000100000000100000001
00100000000100001000001100000010111000000000100000
00000000000000010000000000000100000000000010000000
10010000000100000000000100000000101000010000000000
10100010011001010000000000010000010000110010001100
10000000000000000000000000100000101000000000000000
00100000001110000000101000000000010000010010000100
10100010011110010010011111101010010010110010111101
10111010011110011011001100100101101101110010100111
10010000010000010000001000101010010000010000000000
00100000011000010000000000000000010000000001001100
00000011011000000000000000000000100000000000000000
00100100011000010001001100000000010000010001001100
00001011111110111110011100000100110000001110001100
00110100011110011010101110001101111001001010101000
10100000000000000000001000000000000000110000000110
00101000001010100010000001000000000000100000001101
10100010011110011000001010010101110000110001111100
00000000000000001001001100000000000101000010001000
10100000011010010000000110100000110000010010001000
00000000001000010010001100000000100000000010000100
10101010001110011011001100000100100101110111100111
01000000011110011110001100000101110101101110011000
10100000000000001010000000000000010000001000001000
00001000010100101000001001000000110000000100001000
