00100110101011010110101111011111110111011111110011
00101101100001011101101100001110011011000001010110
11011111111111111101111111001111101111111111110111
00100100000011100010101101000000011000011101010011
01100101110111111110111001111101011011011101011110
11111001101111111111111111011111011011111101111111
10100000101001010010101101001111010011010111010011
01101100100001111001100100001111011001000101010101
11101111011110111111111111111111011111111111110111
00101000100010111111101000110010011001010001010110
10100110100111110110101111011100011011010111111011
00101100101010100010001100011111011101011101011001
10111100111101111111111101111011111011111100101111
11111111001010110111111111111111011111111101110111
00111101111111011111111111111111110111111101111111
11101111111011101101111111101111011111011111110111
01101101110010110111111000111111011011111101010111
11101100111011111001110111101111111110011111010101
10011110111111101001101101011111001110111111011111
01100101110011111110101000110100011011010101011110
11111111111011111111011101111111111111011111011111
00101100100011111100101000000101011011011101000110
11111110111111111011110101101111011110111111111111
11110111101111110110101011111111111111011101111111
10100100101001110100000101001111110110011001000011
10111110101011110110101110011111111111011011111011
00001000110011111101101100001010010000010001010111
10001100111111101011100101001111011110111101011101
11101111101111111110101111110111111111111111011111
11101111101101111111111111011011111011111110101111
11100111110111111110101111111101111011011111011111
10101111100111111110111111011110111111111111111011
10100000000010100100100111001111011101011101000011
11011111111111111101111111111111101110111111110111
01111101111111011111111101011111110111011111110111
10100000100101110110101111011001111011001100001010
11101110101011111111111111011111011101111101011011
11101111111111111001110101001111101110111111010111
00100100100011101010001000011101010011011101010111
10111110111111111111111111111111111011101111011111
10111100100111111110111111011111111111110111011111
10111111101111111111111100011111111111111001111011
10100010101000010110101001001111011001011001010011
11111111111101111111111111111011111011111110101111
10100100101011110000001101000101011000000101000011
11111111111101111111101101111011011011111110001111
00001100001110100011101101011111000110011101010101
01101101110011111111111100111110011001111001011011
11111110111011111011111111101111111111111111110101
10110111101111111110101111111111111011111111111110
