00100001010000101000000010000000000000000010001000
00100000000000000000000000000010000000110001000000
11001000001011111010110111111011110111101110111100
00000000000000001001000000000000000000000100001000
00100000000010100010000000000000100000011011100000
00000000100010101000000000000001100000100000100000
00000000000100001001000001010000000100000000001000
10000000000010000000000010000000000000101010100000
00000100000010000000000010000011100000000000100000
10000000000010100000000000000000000000101010000000
00100000000000000000000000010000110100000000000011
00000010000000000000010001010000000100000100000000
00101101110001111000010010011010111100111011001000
00100000000010000000000000000001000010101010000000
10101100010010011001010011010011000110111010111110
00100000000010100000000000100000000000011000000000
10110110000010100001010111010010111100101110100000
00000000000000000000001000000011000000000000000000
00101000000000000000010000010010000000011001000000
00010010000000101000010111000100000000000100101000
00100000000000000000000000010010100000001000000000
00100000000110101011000011010110101101101110101011
00000000000000000100000000000011000100000000000000
00100000000000001001000000010000000101100010000000
10100001100010101001010000010101101110111011111010
00100010000100101001010000010100100101100010111000
00100000000000010000000000010000000000010010000000
00100010001110101010110111100011100100111110101101
00100000000010000000000000000000110000000000100000
00000000000000000001010011000000000000000100000000
01100000100010101110111000010001100100111011101000
00100100100001100100001010010010100110101010000100
00101100101010001000110011011011011100101010101011
00100000001010001000000000001000100000101000101011
00000000000010001000010010000000100000000000000000
00100010001110101000011111010011100011101100101001
00100000000001100000000010000001000100001010000000
00100000000000000000010101000000000100000000100000
01100101010011101000010111010011110100011111101001
01001000000010110010000010110010000000100011001000
00101001010011111010110010010011110110100010101001
00110000000100001001010000010100000100100010011000
10101001010011101000010111110011100010111101101000
01001000000010000010000010000010000000110010000000
00101101100000101001010011011010110101101010001010
00100000000000100000000011000000000000000100001000
10110010000010100001010011010010110100111110110001
00100000000000100000000000010001000000000000000000
00000000001000100000010010000000110000000000100001
00000000001000000000010000010000110100101000001010
