00000000010000000000000000000010001001000001000000
00000000000001001000000011001000100000010000000000
00000000100000000000000000001000100000010001000000
00000000011000000000100100000010000101100011001000
00000010111110011111101100001010101111111011011000
00000000100000000010110000000000100010000000000000
00001000101000111100101000010010010111111011001000
00000000000000100000100000000000001001000001000000
00101110000001001000110010101010101011011101001100
10011000000000000000000000000000001000010000000000
00011010000000011000001100001011111010011001101000
00001000000000000000000000010000000001100010000000
00001000000000001000000000101000000000000000001000
01000000100000000000000011001000101010011000000000
00000011000000000000001000000010001011000000100000
00001010001000000000101000000011000000000000000000
01001010101010000001111010101011111111011111001000
00001010000000000000000000000000011000000000000000
00001100000000000000010000000000100010001000000000
00001000000000001000000000000010000000001000001000
00011111100000011000011100101011101010011001011010
00000100100000001010100000001000101000000000011000
00001010001000111000100000010010001101110011101000
00011000001000000000100000000000000101100011000001
01000000100001001000000001000000001001000001000000
01000000000001000000000010001000001010001000001000
00000000100010001000100000001000100000000000011000
00000010000100000000001000000000000001010010000000
01101000101011001000110001100000011011011001001110
00000000000000000000000000000010000011000000100000
10011010101000111001101000000101001011111011001001
00000000001000011000100000000010000000000000001000
01101100101001001010110000100000011011011001001100
00000010001000001100000000001000101000000000000000
10001001111001101100111011001010110111111011001010
00011010000000001000001100000000001000110010001001
00001110101001101010100001001110101001110001111100
10011011100100101000001110011110101010111110101100
00011010000100000000001100000010001111011010001000
01101010111001001000101000011010101111101011001010
00001010101001001011100001001010101001110111011010
00000000100000001000000000000000000001001001000000
00011010000100001000001100010010001101111000000001
10111011101000001000101110001010101010011100101100
00000000001000100000001000000100000011000001000000
00001000000000000000110000100000000010001000000000
00011010101010001001111001101011101111111001000000
00000000100000000000000000001000100011000001000000
00000000000000000000100000001000001000011000000000
00000000000000000000000100000010000100000010000000
