00000000001000000000100100000000000000000000000000
00100000001000010000000010001000000110000000000000
01010000101011111001110111101110100110000101101101
00100101011010011000000111100100001110000000001100
00000000001000010001000000000100000000000001000100
00010000000000000001000000000000000100000100100000
00000000000010000001000100000000000000000000000000
00010000000000010000010010000000000000000000000000
00100000000110110011110010010010000110100001000100
00010000000000000001110010000000000000000100100000
11111000000111010101110011000111111111100001100110
00000000101000000001100000000000000000000000000100
00110010101000010011111110101111000110100001000000
00100000001000000000000000100000000001000000000000
00100000100000010011011000000000000000000001010100
01111001101010100101110011000101000111001001100110
00110000000000000101110011000000000001000000100010
00000000001000011000000000100000000000000000000000
00000000100010100000001010000000000110000010010100
00101110111110111000000110100100001110100001010100
10100000111110011000000111110100001110000001010100
00100001111010111000000110110101000110100001011110
00000000000010100010000010000000000010000000010100
10110010000010000001110011000000000000000000100110
01110001111010011011111100101101100110001001000100
00110000001000011000100100100000000100000000000000
00110000000011000101110011000000000101000000101010
00000000100000000000110000000010000010000001000000
01100000000010000000000010000100000010001001000101
00111000001010010001110010001000000110010100100100
00100000101010000000000000010000000000000000000000
00000000001010010000010010000000100010010000000000
00100000001000000000000010000001000010010001000000
00000000001000000000000000000000001010000000100000
00010000001000000001100000000000010000000000100000
01110100101010010011110011100100000010000101101110
01110000101010010011111010011101110100011001110110
00000000001001011000000000100000000000000000100000
00000000101010000001010000000000000000000000000100
00000000000000000000000000000101100010000001000000
00000000000000010000000010001000000010000000000001
00100100010000000000000000000100000100000000000000
00000000000000000010000000000000000000000001010000
00101000101010110001110010011000100110010010010100
00100100011000011000000100100100011111000000001010
00000000000000100011111000000000000010000011000000
00110000000000000000010000100000000100000000100010
00111000101100110011111110001100000110100001000000
00000000001000011000010100100000000110000000101000
00100000000000000000000000001000000000001000000000
