01111111111111100111111111010111111111111110101011
10011111011111100000111101100111100010000111011000
10011111111111011101011111111101111111101101110011
11101110111111110111011111110111111111111011100011
11110111111111110111110111111111111111101110111010
11111011111111111111011111011111111111111111101110
11111101111110111010111111010111111111101111111011
11101110111111111001011111111111111111111011110111
10111111011111111000011111111111111110110111011011
11111111101111101000101111011011111111111111000110
11111111110111111111111111111111111011011111110111
11111111111001111000111001111111111111111111111110
11111111111001111110011001100111111111101111011010
11111101111110101110101111011111111111111111001111
11011111111111010111111101110101111111111111110111
00111111101110100000000110000111101110101010100011
00100111111111000000001101001111110000100111000010
10111100001011100000000110000111111101101110000010
10011110001011100000001001000111101110100110000010
10111101001000100000000111000111100110001110010010
11001010011101100000001101000101101011000110000000
11111111101110100000000101100010011001100010001010
11110111111111101010100101011111111101111111011010
11111111111001111101111001110111111111101111111011
10111111111001010101000001000111111111001100010011
11111111111111101011111110100111101111111111011100
01111001101110100000010101000111011001101010001010
10111111111101100000001100000101110011011011000110
00101101111101001000001000000101111111101111000000
11111111101111111111101111111011111111111110101110
11011111111111011111011111100101111111101101010011
11111111111111111111101111111110111111101111101111
11111111111111111111101111011111011011101111110111
10111111111111101100011110111111101111111111111101
10111111111111110110111111101111110111011111111111
10111111110111110111001111001111011011001111010111
11111111111111110011100111011111111101111111011111
10111111011111100100111111111111111110110111011110
10111111110111111110011101101111110011001111010011
10010101111101100000001001010100011011001000000110
10111111011111110101001111111111111110110111111110
11101110111111101111101111001111111111101011110011
11011111111111111111111101111101111111101101111111
01110111111111101000001101011011111111101110000010
10111111001100110000000100000101111000001110010010
01101011101110100001001111000010111111101110100010
11001110100111000000011101100101011011001010000010
00000101011101100000000001010101111111011010000010
10111111111111111111011110110111101111111111111101
10110011101001110000000110000011111110100110000010
