01100011011010100101010000110001100011100001110100
10111111111100111111110111101111101111111111111111
11011110011010111111110110111010101011101111110001
01101111111111111111111101110111111111111111111110
01110011011011111100110111111111111111101111111110
01110011011111111111111111111111111111101111111101
11111101111111011101010111111111110100111111110100
11011110111111111111111111111010111011111111110101
01010011010010111100010100111110110010001111010100
11111111101011111111111110111101111111111110110111
11111111010111111101110101111011001111011101111110
01010111001010111100000000111000000111110110010100
10111111111100111011110111101011101111111011111111
00011111011000000101010000110000100110100011110100
11111101111110011111111111111111110101111111110111
01111111111110100101111110111101111111110111011111
01111111111110100101111110111001111111110110010101
11111111111101111011111111111111111111101011110111
01110101010010100100010110111010001011101001110100
11110111011011111100111111111111111111111111111111
01111101011010111101010000011011101100101101011110
11111111111011111111101110111111101111111111110111
00010101010000111101010110101001100111001110010101
01111111111010111111011011111111101111101111011101
01101111010010111111011100110111101111011111110111
01011111001010100101000100011010101101101011010000
11111111111111111111011110011111101111111111101100
10111111111101111111110111101111101111111111111111
01101111111110111111111101110111111111111111111111
01011110110000110101010110111010110011101001010000
01111111101010100111110111111101111111100111010111
11011110011010111101111110111010101011101111111011
11111111110011111101111111111111011111111101110111
00011111110000111101000000001110100011101101000100
01111101011010011111110111111011100101111111111111
01011110011111111101111111111010101011111111111101
11111101111111011111011110111111110100111111110101
11111101011110111111011111111111111100111111110111
11111111010111111111110101111111111111011111111110
01010011011110111001010010111000101111101010010001
01111111111010100111111111111101111111110111111111
01111111111100111001111110111011111111101011011111
01111111110111111101011111111011001111111101110111
11111111101011110111110111111111111111101110111111
11111111011011100111010010111001101111101011000100
11111111111111111111111111011111101111111111001101
01011100001010010001100100111001001100101101010110
11011111111111111111111110111010111111101111111001
01011000011010110101110010011011101001101111001000
01100101010010111101011110011011101111011111010100
