01110110101000011101011100000010101010011110100000
10111111111101111111101111001010111001111111011110
11011111111011111101111111101111111100111111110111
11100111011101011111111110111110111111101101100111
01100101001101011101101101000010110010011000100110
11111011101011111101111111111111111011111111110110
11110101111111111101101111111010011010111011111110
01111110101011111111111111111110111011111111110111
11100111011101111111111111111111110111111101111111
01110010101011011101111101110111111110111111100111
11111111110111011110111101111000111110111111100111
01011010101001111111101111001010110001111111111110
00100111011001011101111101110000110110101101100010
01111111111110101111011111101111110111011111101101
01100111100101001100001010001010110000010010100010
11111111111110001101111111010010111110011111100101
11111111111111110111111111000111111110011111101111
11111111111111111011111111111011111010111110111111
01010001101101001101101011001010000001011011100110
11111111110111011110111100111001110110111111101111
01111111111110011111011111111110111111111111101101
10110101111011011101100001110011110110111011100111
11111111111111111111100111001110111001111111101110
11111111111111011101101011001010111001111111110110
01110111100101111110101100001010110011010111101010
01101111111111011110111100111000110110111101100110
00110111111011000101110001000010100010110001000110
00010111111010010101110001000010110010010000100010
01110111101101100111101111000010110001011111111110
00110101110001001000101000000000010010111110100110
11111111110101111110111110111001111111111111101111
00100100110001001101010000000010010010001100100111
11111101111111111101111111111010010111111111111111
01111111111111111101111111011111101110011111111111
11110111011000011100101100000010010010001011100110
00110000111011011001110001000010110010111111100110
10011111111011011101110011110111111100111111100111
01010101100101000010101110001010100000010010000100
01110111111110000101111101100110100110011111100100
11101111111101111111111111111110110111101101111111
11111111111111011111111101001111111110110111111111
11110101111111011101101111001111110110111011111111
11100111011101111111111110001110111111101101110111
01110111111111011011111111101010111110111110111110
10111111111111111111111111011111111110111111001111
01100111100100000100000100001000110000011111001100
01000010100101001101101010001010110000011101110100
01111111111101011111111101101111111111111111111011
01111111111110101111011111111111111110011111100101
00110001111001011101110000000011110010011110100110
