00000000000000000000000000100000010000000010001000
00000001000000000000000000000000010000001110000000
00000000000011010000010000001000000000001000010000
00000000000000000000000010000100000011000000001000
00000010000001000000000001000100000000000110001010
00000000010000000000010000000000000000011101000000
00001000000001000000000001000000000000000010001000
01000000000101001010010010101110101000010111111011
00000000000100001000000000000000001000000000001001
00000100000000000000100000001000000001001110000000
00000000000000000000000000001000000001000000001001
00000001100001000000001000000101000011000110001000
00100000000001010000000000000000000000000001010000
00101011000110001000010010101110111001011111001001
00000000000000001000000000101000000001000000001000
00100000000010000000000000000000000000000000010000
00000001100001100001001110100100100011000111001000
00000000000000000000000000011000000001000100000000
00000001000000000000000010000000100000000000000000
00000000000000001000000010000000100000000000001000
00000000010000000000010000000000000001011101001000
00100101000001000000101000001000010001001011010000
00000000000100001000010110101110100000000111101000
00000000000000001000001000001100000000000000001000
00010001000001001011001000000100000111100100001000
00001010000000000000000000000000010000000011000000
10000001000001101000001000001000010001001000000000
00000000000000000100000000000000000001001110000000
00100001011001100100011100100100000011011111011010
00011001000101001000001110001010010111001001100010
00000001000001000000001000000100000001001000100000
00000000000100000000000000000000000000000010000000
00000001000001001011001000000000000000100000000000
11000000000001000000010001100100000000010111001110
00000001100001000000000000000000000000000000000001
00000000000000000000000010000100000010000001000000
00010000000100001000000010001100000100000011001001
00010000011101101100110010111110000000010111011001
00000000000000000000000010000000100000000000001000
00000101000001000000100000001000010001001010010100
01100100010001000000110000111110000000010111011010
01001101010101001100101010011000010001001011010000
11001011010101001000011001011001010011011101001100
00000101000011001000111001001100010111001110011110
00000001000000000000001000000110000000000000000000
00100001000010010000010000001000000001011101000000
10011011101101101001101110001000010011101011000001
00000000000000000000000000000000010000010011000000
00001001000000000000000000001100010000001001000000
00000001101001000000000000000000001011000000001000
