00000001110110000000110000001000000000000000110000
00100111110001100100100101000100101010110110010110
01000100100000000000000100000000000010000000010000
00000100000010100000000000000000000010000100010000
00000001011000000000000000000000000000000000010000
01110001111111100011100100000110000110110110010111
01000000110010001010100000000010100000000000000000
11001100111011100000101101110010000010110110010101
11100111010011101100100100110000001110010110011100
11001111101001100000101101100101000010111110010101
00001101010010000000000000000000000000100100000000
10000100000001110000110110001001010010010110010100
10010111101001100000110111100100010011110110010100
01000101110110110000010100000100000000111010011111
01010101110111011110110110110111010010010101011000
00000000000101100000100110000000000000010100000000
00000010100000100010000000000010100010110100000100
01000000100000100000000001010000000000100010010000
00000110000000101000000000000010100010000000010100
00000100000000000000000100000010000000010000000000
11000111110110110000010100010100010010111110110111
10000000000111100000100000000000010001010110110100
00000001010000000000000100000000000010000011000000
01100101110111110001101000100011000000100111011101
00000000000110110000000000000000000000000100000100
01000001010010000100000000010000000000100000000000
00000001110010100000000100000000000000000100000100
00000001100000100100100001000000000010100100000000
10000000000100000000000000000000000000000010110000
01000100010011100000100000000000000000000100000010
00000111000000101011000100000000100010010000000100
00000000010100100000000100000000000000000010010000
01000010000000001010000000000010000000000100010000
00000000000110100000110000000000000000000110000000
01000000100000000000000000000000000010000010000000
00000100100000000000000000000000000000100010010100
01110101110110101010101000010010001000100110010101
00000000000010000000010000000000000000010000000000
01000101011011001100100101010000000110010100010000
01000101110111111001110000000010000001100110011111
00000000010001000000100000000000000000000000011100
01010101111110111000110110110100110010110011010101
01000101110111000100111100001001011110010101011000
00000000000000100000001100000000000000000110000101
10000000000000000000110000001000000000000000000000
11111101110111100110110100001001100110111110001111
00000000100001100000000100000000000000011010010101
01000101110111001010110110100010000110011101011000
01000100000001000000100000000100000000010000010000
00000101010001000000100100000000000010010101011000
