00000100000000000100001010000000000000010001110100
00000000000000001110000001000000000001011000100011
00000100000000000000000010010000010010000000010000
00000010010110010001011010000011010000100010110100
00000000001000100100100000000000000000000010110011
10100000000111000110011001011000010111011001100011
00010000000010000100011000000010000000100000000000
00000000000100000000011010000000000000001010010100
00000000000000000100000010100000000000000000100100
00010000000000000110000010000000000000011000100100
00001000000000100110110000000000000000011000110011
00010101000001001110011110000000010001111011110111
00010110000000001110011010010010110011111011110111
00000100000100000100000001001000000000010000010000
00001000001000000000011000000000010000000000010000
00010000000000000100000010000000001001001010000100
01000000000110000100000001000000000000000010011010
11001110111111011001011011101000010000110011110111
01000100011110000001011111111000010000010011110101
00010000000000000110001000000100000000011000100001
00001000001000000000010000000000000000000000110010
00010111001110100110100010000000100011011010110111
10010111000110100111000010100110001111111010110111
00000000000100000010000000000000000100001010100000
10110001110110010110011000000100011111011000100101
01000100000001001110000000001000010001011110111011
00000000100000000110001000000100010000010000100000
00100100000010000010000000000000010010000000000001
00000100000001000110000001000000000000010000100000
00000000000000000001001010100000010000000010010100
00010010000010000000001000000000000000100000000100
00010000000000000000000000000000000000001000000000
00000000000010000000010000000000010000000000100011
00110100000110100110000011110100100011011110110111
00000000000000010000001010000000000001000000100000
00000100000000000000001110000000000000000010110101
00100100000010000000011010010000010000000000000000
01000100000110010000011011000000011000100110110100
00010010000110000100001000000010000001001000000000
11000100011111000111011011101000010000001011011100
01000101011110010001011111000001010000110111110101
00000000000000000000000001000000010001001000000000
00011001000110011110011101000100010101011000101011
10000100000110000110000000000000000000011000000000
11011100111110000111111111101000111101001010010100
10111001001111101110111001000100010101011000100011
00000000000000001000000001000000000000010010000010
10010001110110010110011010000110010101011000100001
01001100001110001100111001000000110000000010011000
01001100001110000111011011010000110100001010010100
