00110011111001111011111001000110100111110011111110
00000000000000111000101001010100000100101000111010
10000000000001001001010000000000000101110000010000
10000000010001111001110001001001010111111000100111
00000000010000011001110000000100000111000001101010
00000000010001110000010001000101000100010001001010
10000000010000111000000010000001100101011001010010
10000000010001101001000000000101000000100000110010
10000000010001010000111000000001000111101010101010
10011111101001111111111011001110100111110111111110
10000000010001101001001001000000100001000001000000
00000000000011101001001000000101000111010101001010
00000000000100001000011000100101000110011101101000
10110101111100111111111001101111110101011101111011
11010111011101011111111001110101100111111101111011
11011110110001101111011001000101100011111001111110
11111011011111110001111101001101011111101001111010
00000000010001110000000000000011000111110000100010
10000000010001110000011000000000000100101000110010
10111001011101111000111010100101110111111011111110
11011000110001101001011101011101010011111111011011
10111100110011111011101101011111010111111001111111
11000000111111111011110011111101100111111001111010
00000000000000001000110000001000000110001001011000
00000010010000000001001000000001000011110001000010
11010100011001111000111000010111111111111011111110
00000000000011100001001000000000000011011101101010
01000000000000100000111001000000000000000001001000
00010000010001001000111100000100010111101001011001
11001101010111111001111001001001011111111001101111
10000000010001000100010001000001000101011001101000
00010111100111111101111011000110100111110101111010
10000010011001110001001001000001000111100001000000
00010000000001001001110001001100000100101001100001
00000000000000001000000001000100000000010000110010
11111110110111101111011101001111110011111101111110
10011000110110111101111111101101100101011111111110
10111010111101111101111011101111100110111101111001
11110001110000111111111011001101110101011101111010
10110110010111110101111011100111001111101111111110
01010010100011111011111101101110010111110101111010
00000000010111100000100000100001000111111001100000
10000000110000000001100001000000000010010000011010
10001110011111111001111111111111110111111100110110
11011001110011111111011001100111011111111101011010
11100011010001111011111101001001001111111011101111
11001100110111111001111101111111000111111010110110
10010000010000010001010001000100000110010001011000
11011111110101111111111011100101001110111011111001
00010000000001100000110000001100010001000000010010
