00000000000000001100000000100010000000000000000000
00000000000000001000000001100000000000000000001000
00001010110001111111011010110011111010100001101000
00000000000000000000010000000010000000000000000010
00100001000000000100000000001000001000001000001001
00000001001000010100000010000000000000000100000000
00100001000010101110100000010001010000100001000001
00001110001000111101001010110011011000100001100000
00100000000000000000000000000010011000100011000001
00100000000000001100000000101000001000000000000000
00000101000000011100001000000010010000000100000000
00000000000000000000000010010000000000011001001001
00000010000000000000000000010001000000000000000000
00100000000000001000010000001000001000100000000000
00100011000000000000000010110001011000000001000000
00100101001000001100001011111011111001100011011001
11100011011001010100010010111010001110110101001001
10101111011000011000101010111010011000100111000001
00100010000000000001000000000001000000000000000000
00100001000000000010000000000000000000000000000001
00000010000000000100000000010000010000100000000101
00110000000001001000000100111010010001000000000011
00100001001000010100000010111010000010000101000000
00000000000000000000010000000000000000100000000010
00100101000100111100001000111110111111101001111001
01000000000000010000000000100000000100000000000000
11100001010000111100011011011001011000100011101001
00100011000110111100111010101010011011111001001011
00001000010001011100011010110111011010100001000010
00000000000000000000000010001000001000100000000001
10110001101000011100011010011001011000100011111011
00100011000010110010000000101010001000000000000001
00100000000000010000000010000000000000000001101000
00100011101000110100110010111010001110100011001011
00101001110001111100000010111111010111100011011001
00000000000000001000000011000000011000000000001000
00100000000000001000001010011000011000000000000000
00000000000000010000010010010000001000100001000000
00100011100001011100100110111110011001000000111001
00000000000100001000000000010000000000000000001001
00001000000100000000000010010000000000000001001000
00000100001000001100001000000000000000000000000000
00000000100000010100000000100010011000000001101001
00100011100100111100001010111010111001001010101001
00100001000000000000000010100010100000100011011001
00000000000000010000000010000010001000100000100000
01101000000100011000000010110010111100111011100001
00000000000000000000100000000000000000000000000000
00010000000000000000010100011010010000000000000001
00001010100100011101110010110111011000110011101010
