00000001000011000000010000000100000000000010100000
00000000000001000110001000001000000010000000000101
00000101000000000000000100000000000000011000100000
00000000000000000110001000000000000010000000000100
00000001001001001000001000100101000000010000000000
00100001000000100001000100000000010000001000100001
00000000000000000000000001000000000000000001101001
10101100001101011111011111001111011000011100110101
00000000000000000000000001000101000000000000000000
00000000000000000001000000001100010000011000100000
00001001000001001001010101010101000100011100000101
00000001000000000000010010000101100000100000000010
10000000000001000000010000001000010000011000100000
11001001001010101011101111100101010000111111110101
00000100000001000000001100000000000000010000100000
00000001000000001000000100010000000000000000000100
00001001001001010001010111011101001100011100000101
01010001000000000000000000001000000010000000000101
01010001000001000001000111001000010010001000000101
00000101011001001010011010001111000000110100100000
00000000000001000000010010001001001000110000000000
10000001001110001001101111000101111000111011110101
01011001000001100001010111101101011100011000000101
00100101001001111010011010001101100100111010101011
00000001000101001011111101001101110000111001101011
00000011101001001010011010001101000000110011101000
00001000000001000000001000000001000001001000000101
00000000001000011000000000000001000000000000000100
01000001010010001111101111000100010000111011101101
10001001111101001001011111001011010000111010110111
00000001000000000001000000000101000000001100000001
00001001101101001001111111110110110001101010110101
00000000000100000000010110000001000000000000100010
00000101010011000010011010001101000000110010110000
00000001000000001000111000000000000000101000100000
00000000001000001000001100000000000000010000100100
01010000000000000110000000000000000000000000000000
00000000000000000000000000100001000000011000000000
00000000000101000001110111001101011000011001100111
00101001011011101001111111001100010101101010110101
00100101011011001010011110101111001001110011100110
00000001001001001001000000000010000000000000000000
10000000000001000000010101001101010000011000010001
00000010000001000000010011001000000000101000101001
10100111010011100001010111001101111100111001000101
00000001000001000000010000000101010000010010000000
00000010000000000000000111001000000000000001000000
01010001001001011110011000111101000100111000100001
00000000000100000000000110000100100000101000000000
01000111001001001110011110101111000000110011100100
