01000100100100000000000000100001000100000001100000
10100101100100101110011000101010110010000000110110
01000001000000000100000000100000000010000000110000
00000100000101000000000010000000001100000000000000
00000000100000001001000000100000000000000000100000
11010001110101000011010111110011110110100011111100
00000001010100010010000000000000110010100000100000
01100110100101110011001001101111111111000000110000
11001101000110100111011010101010110010010100110110
00000110000000000010000100100000000100100000110000
00000000000001000000000000000011110000000000000100
11010111100011000000001111100111100101000100110111
00000000100100100000000000000010000000000100010000
00010101001100000110010010110011110010000000110110
01000001100010000000000001101001100101000100010000
00000011000000000000000000000000000010000000000000
01001000000000000011000000100010100010010000010000
01100000100001000000000000100001100000000000110000
01000111110001001000000100100011000100101000110000
00001101100000001000000000100000000000010000100000
00000000000000000000000011000000000000000010000000
01000100100001000000000000000001000000000000000010
01000001100100000000000001100001000111000000000001
00000100010100000010000000000000110010100000000000
00010100100101000000100001000011111100000010000000
00000101000100100000101010110010110010000110110100
11101101110101101111001001000011110110001100010000
00000100000001000000000001000001000010000000100000
01000001100000100000000000000000000001000000000000
00000001000100000000000000000000101100000000000000
01000101101111001010000011100001111111001001111001
10000101001101100110011010110010110110101000110110
01000111101101101100000111100111011111101011111001
01000111101001000000000111100011100100101010110110
00010001000000000000000010000110100100000000100100
10010101010100100010001010100111111010000001111110
01100111100001011000001101110011100101011000110000
00000001000100100000001000001010100010000000000001
00000110010000000010000100000001110000000000100000
00000000100000001001000000000000000010000000010000
00000000000000000010000000100011110010000000001000
00000000100110100000000001100000000000000000010000
00000100000000000000100011000000110000000000000000
10000100000000000000000000000010100100000000110000
11101111110101000111000001010011111110100001010000
01100101110111101110000001100011110110010101100000
00000100000000000000000000000010100100001000000000
01000100101101000000000001000001011100000000000010
01000000100101000000010000000001010100000000000100
00000000000100000000001000000010100001000000000000
