01101110011110001101011011000011001001011101110000
10101111111111101111111111101111101101111111111101
11011111111111011111110111110110101111011111111111
00101111111111001111111111101111111001111111111111
11110111101111011110111011100111011011111111110101
11111011111111111111110111111111101101011111101111
11111101111111110111111011111111101111011111111101
01111110111111101111101111101111101101111111111101
01111111001100010111010000100100001001111111001000
11110111001111111110110111110111101011011111110111
11111111110111011111111111111111111011011111111111
11111111111010011111011011111111011100111111111111
11111111011101111111111111100111101101110111101111
01111111011010110111111111111111011101111111110111
01000111010011000111010111000011100000010101100101
00101110111111000101011011100111001001111110111000
11111101011110000111011011100011001001011001110000
11111111111111111011111011101111111001011111110111
01111111111111101101111111111111111101111110110101
11110111101111111110111011101111111111111111111111
01111111011011000111010111111111101100011111110110
11111110111111111111101111100111111111111111111111
11011011001111011111010011100011011001001111100001
01110101011011100010110011000001101000001001110101
11111111011111111111111101111011111011011111010111
11111111011111111111111110011011111111111111110001
01111111111111011111111010010011011111111111111011
00100110011101000010100011100011001011011011110111
01010111001101000111100011000001001001010010000101
01111111111111010111110000000001001001101111101001
11111111011111111111111011110001101111111001110111
11011111011111111111111111111110111101011111100111
01110111011010100111110111000011001100010111100101
00011000001101000111011011100001001001000101100001
11111111111111011111111111111111110101011111110111
01100111000111000011110001100011101001011101110101
00101010011000000001010011110010000001010011100111
11111111111011011111011011111111011110111111111111
01011001100111010011010001100110000001011111100001
11111111111111111111110011111011101111101111111101
11111111111101011111111111110111001101110111111111
11111111111111110111111011100101111101111001110101
01111111111111010111111011111101101011111001111111
11111111111111101101111111110111111111111110111101
11111111011111111111111101110111111111111111011111
11111011011101011111110111110010001101011111100111
01110111101110010001010000100100000001011011100001
01111111011111100111110110011011101111011111110011
00110100011111000101110010110011001011001010110101
01111111011111100111011111111111111111111111111110
