00111101011110111101111011111111111111111110111111
00101001001010010110001001110001010101000100011010
11011011011110011111111011111011111111111110111111
10101011111111111111011111111011111101111111111111
11110111100111110111111111111111111111111111111111
10001010100100100111010101111001101101110111110111
00111100101110100111010101011001111101111010100111
11111000011111110111011011110011111111111000111011
00011110000000100111010101011001111001111110000100
10110001000011100110011001110000110111111100111111
11110011000110110110111001111100111111111111111111
10111111001011101111111111110111111111111110111111
11111011011101111110111011111111111111111111111110
00011001010110000101011011110011001110011100111011
10011111111110000011110111111001111111111110111111
11111001001010000010111001110001011111011110111111
10110000000110000101101000110001011101000110111111
11111111111111001011110111111101111111111111111111
01111111111110110101111101111101111111111111111111
10111111100101101110111111111000111111111111111110
10101000001110111111001000000001110001011010111011
10111111111111110111001111111111111110101111111111
11111001011111011011110011110011111111011110111111
00011110100100100111010001111001101101101111010001
10111001000111100101011000110011101100110000111010
11111111111111110111011100101101110111111101111111
11111101011111111111011111011101111111011111110111
11111111111111111111011110100001110111111101111111
10111110101010100111010101100001110001111101100101
10001000001110000110010001100001100101100100111110
10111001000111000000011010000000111100011000111010
11111111100111111110111111111100111111111111111111
10111111111110100111111111111111001111111111111111
11111011111110111111111001111011001111111111111111
10111111101111111111011110100011110101111111111111
11111111011111111111011111110111111011111110111111
10101001011111110111011001110001110101110000011001
11111111111110111111101101111101111110101111111111
10111111111110100111010111011101111111011110100111
10111111111111110111101011111011111110101111111111
10111011111111110111111101111011111101110111111111
11111100111111111111011101111101111101111010111111
10111110101110111111111100100001111101111101111111
00011100001010000111010101111001111001011010100111
10111111011111111111111011111111111101111111011011
11111101011111111111111111110111111111011110100111
11111001011111111111111011010111111111011110100111
10111110111110111111011001111101111101111111011001
11111111011111111111111011110111111101111111111001
10111111011101111110111101111001111111111111111110
