00001100001001111001110100010011101100011011111111
00000000000000100000000000000000011000001000000000
00000100000000110000000000000000000100001010000000
00001100000000001000100000010011100000001000101010
10010101001100101001000100011111011110010011111011
10111000001010100111100100110110101100001111111011
00000000100000000000001000010010000000001011000000
00001000001010000010000100010011000000000010001000
00000010001000000000000000010000000110000010000000
00000000001000100000000100000000000100000000001010
10001101110000101001011101010111001010011011011010
00001000000000000000000000000100000000000011010000
00000101000000000010000000010001000000000010010000
10000000000000000000100000000000000000000000100000
11101100011000011000110100010111101110001011111010
10100000000000100000000100000000000100001000000000
10011000001000100000000000000100001000000101000000
00000100000000000000000000010010000000001000000000
00000101000010000000000100000001000000000000000000
10001100001000000000010001110100000011001000010000
10010100000001100000000000000100100000000000100000
10000000001000100001000101100000000011110000011010
00000010001000000000000000000010000110000000000000
10001101011000110010010010110111001111101011011000
00000000000000000000000100000001000000000001000000
00000000001000000001010000110000000001010010000000
00000100000000000001010101010000001010010011010000
10011111101010100101000101100111011110001001011110
00001000000000000000000000000100110000000000000010
00001100001100101001100100011011111100011011111110
10011111001000100100001100010101101110001101011011
10011001001010100010000110010110101000001111111010
10010100000000100000100000001111011000000001100000
01001000000000000000000000011100101000001000000010
11001100001000101000000100110111110101001110001010
10101100110000110000001100010110001010001011010100
00001000101000100001011100110010000101011011001010
00000000000000000001010101000000001010010001010000
00000000000000000000010100000000000000000000001010
10001000001000000000010001100100000011000000000000
11110110001000110101000100010111011110000011111010
00000100000000001000000000000011001000000000001000
10101111101110100000000101100101001110001001011110
10001110001100101000000110110111100111001010111110
10011100000001100000100000000101100000001001000010
10001100001110100001010100110111000101001011001011
10011101011000100000010100010111001010101111010001
10000000000000000000000000010100000100000011000000
10011100011000100000010000011111011010101011110001
10001100000000000000000000000010000000000000011010
