01010010000100000101101011010001001000000101000011
10001010110100101101101110001111110011110101011101
00001000000101101101100000010001000001000101000010
10000010100100000000101001011000011001000001000011
01100111011111111111100010111111011011110101011111
00001000110000000001001110000100010001000101001000
11011001111111101110011110111111110001000101101111
00001010100001001000000000011101000000000000101010
01010111010101111111110111011101111001011101010111
01001110100101111111111011111101111101000111001111
00001010000100100000000010101100000001000000001000
11111010111011111101101010111111110111011101101011
00001010000100100101101010001001010001000001011101
00101011110100101111111010101100110101000110001011
01101010111111011001111110111111011111010101001111
00001000110100100110101000001001000000000110001011
01101011110101100111101011111101110011101111101111
11101010110111011001111011111111011101011111011011
00001010110001011001100010010001010001000100001011
11101100110111101110001110111111110011011101111011
11111000110111111110011111111101110001000111111111
00000010110001100100101010010101000100000100000011
11010110010111111101110111011101011001110101010111
01000110100000100001101010000101010001000101001001
11001110111111101111111101111001111101000101011011
10010000110000001100101010010000001001000100000011
00001010011101101101100010010101000000000001000010
10111011110100101111111011101100111011100100101001
01011011111111111101101010010111111011111101101011
01001111111101101101111100111001000101000101101011
01001010000100100101000000001000000000000101001011
11101011110110111111111110101100110111111110001011
01000010110101001001100010011001011001001101001011
01011110110111101111101110011001100110100101001111
10011000110000100100001011011000100000000100001011
00000000010101100100010010000101010001000100000000
01001000000100101001000000011001010000110001000011
01111110111111101111101111011101100100001101111011
01001000000000001000001000011001010010010001001011
01001000100100100101001000001001000010100001001010
00000000100100001101000000001001100001000001000001
11101110110101111111111111011111111101000001101010
00000000010001011100100000000001000000000000001011
11111110110110101101101110101110110011111100001111
00000011000100001001100000011100000001000100001001
01001000100010000101101010000000000001000000001010
01001111011111111111100110011111111001110111110111
01001010110010101000101000000000010000000001001010
10111011110101111111111011101111111011110111011101
11011010110111111111111111011111111011101011101010
