00110111011111100011111111100111101010111111111011
00100111100010001110110111001010100011100001000000
11010111111010111110111111111111100111111111100010
10101101011011111111101111111111111111111111011111
00010010010100101110111111010111011000100011000011
11110011111101111111111111111111100111111111111111
11101101111110111110101111011111111011111111011111
11110110110010001110111111111100101111011111001010
01100111001010001010111011011010101011101100000010
10111111001011111110111111110111111111111111111111
10110110110111111110111111110111111111011111001011
10001110001000101110011101010110011001111010000010
11110011111000111110110101011111100111111111111010
10010100011000001110011111000111001001001111000011
10111110011110011111111111110101101111111111111011
00110110011010101110011110000010100110001101000010
01111111111111110010111111111111101111111111101111
01111111011111110011111111110111111111111111001111
11111111111111111101011111011111111011111111101011
10010100000000100110110101000001001011111011000010
11111111111010101101011111011111111011111111100011
11101101111111111111101111111111111111111111001111
10111111111101111110110101111111011011111111111110
11111111011111111111111011110111111111111110111010
11111111111001111110110101011111111111111111111111
11111111111111101111111110011111111111100101001111
10110101011000101100011100010111000011110000000010
00111111111110101110111111100111111110111111000111
01110111100010001010111011000011101011111011000010
10111111011111101110111111110011111111111011110110
11111110111111011110111111111101111111111111011111
10111110011011101111111111111110111111111111011111
11110111111010111110110111011111001111101111000010
00011010011100000110111111010111001001111011000011
10011011111101101111111111011111110111111111111111
00110101011010111100010111010111101010101110000000
11110111111010111111111111111111101101111111100111
01110111111111101111111111101111111010111111111011
11111110110110101111111111111111111111011111111011
10110111011110101111111110111111011011100111110111
10110111111111111111111110011111111111100101010111
10110111111011111110111111010011101111111011111010
10111111011111101111111110011111111111110101110111
11111111011011111111111011011111111011111110110011
10100100010010101010101110000100001011110111010011
10010110010010100000001110000111001001111111100010
10010111011010101110011111000011001001100100000010
00010110010000001100011011010111001010011010000001
10111111111111111111111111111111111011111111111000
10011110011001101110110011010011011011111011100100
