00001111111110011111011101111111111101111111111111
00111010001100010011010100000111010101100100010110
01001111011110111111010111111111110111101111111111
01001011011110111111010111101111011111101111110110
11110111111111111111011111101111100111011111111111
10101011010000010111010001001011000100101100010111
11111101111111011111011101010111011111111110011110
10111110111101001011110111101011111111100100111111
10001011010001011101000101001011000101100100010111
10111111101111111111111111111111110101101110011101
11111011010111011101011101001100111111111101110011
11111011011011110111011111001111001110111011111111
10111010011101001011010110001111010111100101111110
00001011111110111111111101111111111111111111110111
00111000010101001111000101001110010001101000100100
11111110111101001111110111111111111111110100111111
10111011111011110111111101011111111101111010111111
10111110111101111011110111111011111111101100111111
11111111010111111101011111101100111111111101111011
11111111111111111110111101111111111111111111110111
00000001010001011101000101011111010101001100010100
11111111011111011111000111101111111101111110101111
10001010011101001011000101001101110101111000100111
11111011111111111111111001111111111101111111011111
00111001010110010110010001101100010101101100100000
10111111111101111111111110111111010101101111111110
10111001010001010111010111001001000001100100110110
10100010010001011101100101001000000101000100010011
10111101111111111111111111110111110111111110011110
11111010011111111011111111001011111111111111111111
11111111110111111101110101001100011101101101110111
11111111110111011101111101101100111111111101111011
10101001011001011111011100001101000001001010110100
11110011011011111111111111001111001100011111111111
10010011001101011111010100000111010101001100000110
11111111111111011111111111011111011001111110111110
00111011001111010111000000001101000000101001000110
11111011111011111111111111111111101100111111111111
11110111111111111111011111101111000111011111111111
10001010001101011011011100001101010101101010010111
10111110011101101111111111001111111111110101111111
11111111111011010111110111111111011101101001110111
10111010010101001001010101001100110101110000110111
10111000001111000011000101000111010011101100010110
10111001001111111111011011100111110101101110011100
11111111111111011111100101111111110101111111101111
10101011010110011110010101001101010101101000110010
11111111110111111101111101101110111111111111110011
11111111101111011111011101111111011111111111011101
10101101111101011111011100010111010001111110010110
