00000000000000000011000010000010000010001000100000
00010000000010001010000010000000000010001000000000
00000100001101100011110110000000001001000000100000
01000100110011111001110010100010111111001000111111
00000000000000101111110000001000001001001001000000
00110001000101111011111010000011011011001010101010
00000000000000000000000000000000000100001000000000
00000100000000000000000000000110010000000000000010
00010000000000100000000000000001010001000010000000
00010000000001000000000000000011100000000000100000
00100000000000000011010000000000000011001000000000
00100100000000000000000100000000000010000000000000
01010000000001100011110000000000001101011000010010
00110100010010101011110010110011110011111010100000
00111100100011001110110110010010011010001001100110
00010100000000000000010000000000000011000000100100
01011100000001100111110011000010001001101100111010
00001000000000101001110010000000000001000000000000
11101100001011101001110110001010011111001000101000
10111100001011001110110010000010001010011001100000
00111100000011101111010111101111111111001000100001
00111100001011111111100011100111111011001011100000
00000100000000000000000000000101010010000000100010
00100000000100100010100010000000001000001000000000
11110100000001101111110100101000011011101100000011
00000000000000001000110000000010010011100000001000
00010000000001000000110010000000001000000100000000
00000000000001100000000000000000011001000010000000
00001000000000000010100010000000001001000000000000
00000001000000000000111000000001011010000000000010
10010101010001101011110001000001011011101010001010
00000100110001000000111000000110011010001000100110
00010000010001000000110000000000010000000000000010
00010101100001100010111011010111101001001000100010
00111100000010101011110110111111010011001111100001
00010010000010000010100000000000000000011000000000
11010100001101110011111011000111001001001100100010
00111100101011011110110011011010011010111110110110
00000000000001001000000011000010000001001000001000
00000000000011000001000000000000000101000000000000
11011110001011101011110110000011011111100001100000
00000000000000001000000010100000001011000000000001
00000100100001000000010000010010001001000000000000
00001000000000100001010000000000001000001000000000
10110100010001111011111000000001011011001000000110
00010000000010001000000000000000000001000000000010
00010100000000001010000001000010000000100000000000
00010000000000110000000000000001000001000000100000
00010101000010101000001010000111110011000000110000
00010000000000000000100010000000001000000100000000
