00111101111101100011110101111101111001110110011011
00100000101000000010011001000000010001001000000011
11011111001111010010111111111101111111100011101111
10101001111111110011111111001100011011111010111011
10110000100000000010101001100100000000000000011000
10100000001001000010010000010100000000100010000001
00100000001011001000010001010000011000100011000010
10110000100011000000010111001000000011100000101001
11011001011111000011111111111110111001111011101011
10010000101010000010000000100100100001100000000000
11110110110011101010111001111100111101111011111110
10110000100010000100000100100110000001000010000011
00110011111101101111110101111111111001100110011111
10110111101010011011111111111100010011101111001011
10010000001010000000101000101000111001000000010001
00110000000001000010100000100100011001000100001010
00000010001011000000000001110100011000100001001011
00000000000110000000100100100010001000100010001010
11111100111011010000111111111101111101111110000011
10010000100011000000011000100000001000010000000000
10111000101011110110011101111110011011110110011111
11110111101011000011101111101111011011111011011111
01111000101001100011110001111101011001111110011111
10110001100111000110110010101110001011100010101001
00110001100001000010010101001000000010000000101000
11111011101011001010111010111101011101111110111001
10101000111111111111111101011111011101101110011111
10100110101011001010101001101001011001000001011011
10110001101011100010111111110110011101100111011011
10111100111111011010111101101011111101111011111111
00000000100110000100110100101100000000000010001000
10100000000010000010011001110100000001100010011110
10100000111010100010000000000100000000100010011010
11110010101011111010111001111100001100111111011011
10110010101010111111111101111100010011100111011111
00100000001000000010000001101100010001000010011011
00110001000001000000110110000000001001100010100000
11110001111111110010111101111101001110100010011111
10110111111011001110111101101101111011000100111011
10010000101000000011111001000100010000000010001001
01010000101001000010011001100100010000000000001011
10000000000011010010101001101000011000100000001011
10110110101111000110111101101111111111010000011011
00100010101001001000010000011100011000000000001001
00110001101000000000000111000100000010100000000011
10011000001010100000111001111101111101100010000111
10111001101011011100111111111111111101111111000111
00100000001010000000111000100101001001000000011010
11110010101111011110111000111101111101101110111101
11110101100111101010111101111100011101111111111010
