01110011111111001011011111101111111101101001101110
10110010111110100111010001101111111011101011111111
11000000000100000000010000101011111000001100111110
11000000010000000010010000000010110001010001010110
00000000011000000001010000101001010000100001111010
00000001110100000010001010100010110000000001100000
11000000100000000000000010000011000001001000111010
10000100000100000000011000001011010001000001001000
11000110011101100110011110101011111111111011111111
11011100101101011111111010011011111101001110111110
11001000110111101011001111111011110101111011110010
11100101111001011011011010111011111111110001011110
11000000001000000000001000100000110001001010111010
10000000111100000010010001100000110000001000111000
01000000101000000010001000010001101011000001001110
00000000010100000000101010001000110001000001100010
10000000011100000000001010101000000001101000111100
01000000110000000000001000101001011001000000101100
11010100111101100001011011111011111111011101111110
11001000011100000010011010100000010000100001111100
00000000010000010000011000001001111000000001011110
11111001110101000011101011101111100001111011110011
10000101111110111111110100111011111011101011111110
10000000101000000000001010001011011001001000111100
10000110111100011011010101101011111011101011111110
11000000001001000010010010001001110000001000001000
11101100101111001111011010001011111101001110111111
00000000011100100010001000001011100010000001000100
11101001111100011110111111110001111011101111111111
11000000000000000000010000000001010001101000101001
11110111111100000010011110110001111011001001111110
11101011111100100110111111111110110111111101111111
11110100111111110010111011111011011011111001111110
11111101111111010111101111101111101111111011111110
11100000110100100110101110101010110101111101110110
10000000111100000010000000100001011001100001001100
01000000100100100010001010011011110000000001100110
11010011111110111110011110101111111100101111111100
11001000101100001001011010001101111101001010111111
00010000101100000010010000000001111000000000011100
11100010111011001010011111101111111001100101001110
00100000010000000010000000101001001001001001000110
01000000111010000000011010101000010001100001001000
11011101101100110011111010011011111111001110111111
11101110111011011111011110101111111011100001011111
01111010111111001011111110101011111001110001101110
11101011110111101111101111101111110101111011110010
11110000110100101111101110111011111111111101110010
11111010111110110010111010101011111010101101111100
01000000100000000000010000101101000000100001100000
