01000111111111101111111111111111111101111111111101
10100000100110100001011100010001101010101001101111
01011011101111111011111110011111111101111111111101
00100001100100100011110110010101011011110111100101
00100000001110100001101110010001001000111000000011
10000000110100000001011010000101100010000011001101
10100001001000100101111110000100011000000111101110
10110010111111100101111111000011111111111001011111
11110101011111101111111110111111111111111111101111
10000101101111100011001111010101111101111111101101
10101011110111011101111110110111111111111111110111
11111101111011110101111111110101111011011111111111
11101001111101110100111010010111111111010111101110
10100001111110000000010110000101010011001111100001
11111011110110011111111110111111111111111111100111
00100000001110100001011100010101001111011111100111
10100000101000100001101100010000011010011011101111
10000011101110100001001110000100101000111011000011
10110000110000100001111110001100110011101111101110
11111111111100111110111010111111111011110111111111
10111011101110101011001110110111111111111111111011
11110111101111110011001111010101111111111111101111
11101111111110111111110111111111011111111111111111
11111011111101111110111010011111111011111111111111
10111111111111100111111101110111111111111010111111
10000001010100000000011010000101101001111010001111
10000000101100100001101010000111111011010010101101
11111000111110111001111110001100111111111111101111
10100000100000100011001100010101101001111011001110
10110110111111110111111111111011111111111011011111
10100001101010100001101110100101111010001010111111
11111101111111110001111111101110110111111111111111
11100101111110100111110111111111011011111111111111
10110011111111101011111110110111101011111111111011
11111011111110111101111111111110110111111111111111
10100001111010110000111010010101001010011111100111
01010101101111111011111110110111111101111111111101
10110001111111110011111111111101111010111111101111
11111001111000100111111111011101111011011111101110
10111001111110111101111111111101111111101111111111
11101001111101111110111111011111111111110111111111
10110010111111110011111100010001111111111011101111
10110110111111111111111111111111111111111101011111
11110111111111111111111100011101111111111110101111
11110010111111111011111110110011111111111101001111
10100001001100000001101110000111111010011010001100
11100111110110001011111111111111111011111111110111
11110111111110111011011111111111101111111111111011
01001011101110111111111111011111111101111111101101
11111101111101111101111111110111111111011111101110
