00111110011110111101011110101110011111111111111101
00100000001000001001000100000000010001110000000000
11011110111101111101011111100111111111110111010101
10101111111010011111111110101110110111110111110100
10110100001010010001001000001000110011000010100000
10111010101110111110001101101010110111111111010101
10110100011100001111111111101110110101110101000101
00010000000000011100001100000000010111010100000000
00110100000000001100011000101010100111110000000000
10110010000001010000001110101000100011010110010000
11111110000110110101001101101101110111110111110100
10100110001000111100001000000010000000110010000100
10011100001000010000000100101000100101100100000000
00100000010000001100001010100010010101000100000000
10100100001100000000000000100010000001110011000100
10111101011110001101001110101110110101111101000101
11110111100101010111011101111100110111011111110101
10110111101101011011011100101011111111110111110110
00010110000000001100100000000110110111000111000100
11111010001000011100001110101011100111110110110010
00010010000000000010001100000110000011000111000100
10110010100000001100001000001010100011110000000000
10111111111101011101110110111110110111110111100111
11110111011010011101101001101010111111111111111110
10110010010001010001001000000010010000010010010000
00100110001000001000000100001010010101100111000000
10110110111011111101001100011011111111110111110111
00000000000000001000001000100010110100110101000101
10011110111010011101011101100010110111100111000110
10110010001000011010101000000010110010110111010100
10110110100101110111111111111100110111011111110100
00100000001000000101000000100000110000010000010000
00111110111010011111011100111111010111110111111111
11111111001001011110001111111111100111110111110110
10100000000000000100000100100000000101100101100000
10110111101011011111001101111010111010111010111010
10111101111000001111111100101110110101110101101101
11111111111011111111111101101010111010110010111010
11110110101110110101011101111100111111011111110100
11110111111100111101011110110111110111101111000100
10000100000000011000000100000010000100110011010100
10110111011011011111101101111110111010110010111011
10111100011100101111101111101110110101111101101111
10110110001000111110101101111110111010111010110101
10011000001000001101001100100010111111100111001110
10110100011000001101000110100111110101101101000100
10000000000000000000000100000000100111000110100010
10110110001100111110101100111110110010111011110001
00000000000000000101001100101000110101000110101000
10100110000000011000001000110000100010000111000100
