01101000011111111101111000111110100100000110110000
10111100011111111101111110111111011111011111111011
11011111011111100011111111111011110110010111110111
01101110011110011111110000100011100100010111100110
11110110111111111111111100011111111101110111100110
01111011111111111111111100111111110111111110111111
00111100010101111101111100111111011101110101101100
00100100000011110111110100110011100100010001000100
00001100011100111111110000110011100100010011100100
11111110101111111111011111101111110011111111010111
11111100110101111111111111111111110110010011110110
11111110111011111111110000111011100111110111110110
11111101010101111111111111111111111110011101110111
11101111011110111111110111111011101111111111111100
11101111111111011111111110111111101110011111111111
11011111111111100011111100111111111100111111111111
11011110111111100011111111111111110111110111111100
11011111111111100011111100111011111101111111101111
00111101111111111101111111111111011111111111111001
11111111111111111110111011111101110101111111111111
11111111101111111111011111111111110011111111011101
11111111111111111111101111111111101111111111101101
11101110011010111111110111111011111111111111101101
01101111011011111110111000110111100100100110001100
01100000011011101011111001011001110110010111100100
00100000011011001011111010001001110100010111100100
11110111111111111111111100011111111110110111111111
11101111101111111111111110101111110011111111000101
11101110011111111111111011110111111110011111111110
11001110011010111011110100111011100100110111101100
11111111111111111110111100111101111101111111111101
01111111111111111111111111111110110111010111111110
10111101111111111101111111111111011111110111111000
01101110011010011111101011111011101110010111100100
01001010000011110110011000101010110100001111100101
11111111101111111111011111101111111001111111001111
01100100011111101010111010111001110000010111100100
01001110010101001111111000010011100100000110100100
00001110010101011111111100110110100100010111101100
01111111111111111111111011111111110110100111101111
01000100010011110111111000011010001100000101100101
11111110010111111111111111111111111111111011111101
11111100111101111111111111111111111111110101110110
01111011111111111111111011111111111110111110111111
11111110101111111111011011101111111011111111010111
11100100011111111011100000101011100000000111100100
01000110000001111111111100101111100100110101000100
00111111111111111101111111111111011111111111111011
01111100011110110101000000101001000100010011100100
01100100010010110111111000110010001100011101100100
