00000010000110010000000000000000001100000000000000
00000010010010000000000100000000100000000010100000
00010100001110010000000000000100000000000010000000
00100011111100010010000100000001000000000000000000
00000110111100000010000101100110000001000110101100
00101010111110111010111101101100001110010011000000
11011100101110110110010101000100111100000010001101
00010000010000010000000110000001000000000000000000
00011110011010001010010110100100010101000111101100
01011101101110010110000101001110111100000011000101
00111110110110011011001110000111111100000100000000
10111110011010010011001110011101000100000110101100
11100110111101010110001101100110100010001111100101
00000000000010000110000100000000000000001010000000
00000110000000000000110100100100000000000000000100
10110111011110000010001110010100000110000010100000
00000100101000000010000000000000000000000010000101
00000010010011000000000100000100000100001000000000
00011110111111011001000001001100011100000010010110
00000000001100000010000000000100000010000000000000
00000100000000100000010100000000000000000010000100
00000110100000100000100100000000000000000000000000
00000100001110010000000000000100000000000000000000
01011111111111110100110011000101010100000010000100
00000001101100010000000100000001000000000000000000
00001110010010000010000100101000000000010010000110
00001100100010100000000001000100000000010010000100
00000000000100010000000000000100000100000000000000
00000100010100000010000001000100000000000000000010
00101110111110110111001100111001000111000010101100
00001000011010000000000000000000000000000010000000
00010001001100000000000110000100000000000000000000
01000010011010000000000000000000000100000010100000
00000010111000000010000100000000000001000010100000
10000110011000000010000000000000000000100110000000
10000110111100010110000100010100100010100111110101
00000100000010010001000000000100000100000000000000
00001000100000000000000000000100010000000000000000
00000000000000000000000000000000001100000000010000
00000100000000000000000001100000000000000010000000
00000000000011000100000000000000000000000000000100
00001000101110000000000000000000001100000000010000
01101110110111011010100101100110111100010001000110
00000100110010000000000000000000000100000010000101
01001000100110010000000000000100110100000000000000
00000000000000000010000000000000000100100100000000
00001010100100000000000000000100000000000000000100
00001010110110101010100101100100000100001011001000
00000000000000000010000001001000000000000010000000
00000010010010001000000000000000000100000001000000
