01001011110110011110110110111111111111110111101100
10011111010101101011011100111110111111110011111101
00000001010100101010000000001101100010100000000110
01000010000010000001110000001000010010111101100000
11000001000001001010010100110110101010110000010100
01000000000100001010010010011000100000110000100100
11010000000110000001100000110111110010011101000000
11101000011111101100111001111011110011110101111000
10000000000110001100000000001111000010100101101100
11100001000111001110011111111111111011110101111111
00000001000000000010010000110000100011010000101100
11100111110011111111111000111111111110110101101101
10010011110101011111010000111110111111110011111100
01001001010110001010000000000001000000000101110100
01100001000100001010000000010101000010000101001110
10000000000110001010010000011011000010010100001000
11101101110111110011010101111111101010110100111110
10000001110110000000000000010110000000010001100100
11101100011111111000011110111011100111110111101001
01010010000110001000110000001001010010101101101000
10010011000100000001010000011110010010001100100100
11011101011110011011101101110111101011110101111101
01000001010100000010010000110001100000010000001100
11001000010000001010010000000110001000010100000000
10000100010000000010000000001000100000010000100100
00000001010000001000010000011100100000100000001000
11001011011110001010011000001111000100100111111100
11001111011110111110111001001111100110111111111100
11110101110110011011100011110111100110111101101110
11101010110110101100110101111011110011111111101011
11001011110110011110110100111101100110110111101111
10100011110101111011011000111110101110110011101110
11101111011110001010011011011111000011101101111111
11010011010110000001100000000100000000111100100100
11001000010110001000010100000001000000000111101000
11000000000110000010000000111011000000000001000000
11111011111110111011110000011111100000111101101111
11000001011010000010010000000100100000100000101100
11111101110110001011010001111111110011010111111110
11011111011110011110011110011111010010101111111101
00010010000000000001100000011100110010010100100000
10010011110101111011110100111110111010111011111111
11000000000010000010000000110111001000110100000100
11010011110111100111010000111111101110110100101110
11010101111111001111110010111111111011111101010100
01001001010011001000010000110000100000110100100000
11000001111110111011011001111111101011110101000101
11101100111111101100111010111011110011110111101000
00100000010000101000000000001111100010100101000000
01000000010100000010010000000110100010010100001000
