01101111011111011111111111111111110111111111111111
10111010001000010111001011000101110111011101110011
11011111111110011011101110111111111101110111111110
01101111001010111111000111111111110111111111100111
11110111111010111111101101111011111111111011111111
10111010111101111111111111100101111111111111111011
11111101111110011111011111101111111111111111111101
10111010111111111111111111110111111111111111110011
00101111001011011111001011100111110101111110101111
10101111001000011101101111100100000001001000110001
11111111110011011111101111100101111111111111110111
10100111000000011000101111100101010101010111110001
10111011101001011100001111100101011000011011100011
10000101101010011111000111100001111101001011001000
00011101000000001011000111000100110101001111100001
11111111111111001101101111111101111111111101110111
10111111111111110111111111111101111111111111111011
11011111111011011011111110111111111101011111011010
11111111101001101101111111111101111111111101110111
11111111111001111110101111111111011100011111111111
10101101011100011111011111100100111101011111110001
10000111000000001110100011100101110100001111110001
11101111111110011111100111100111111111111111101111
10111111011111111111101011101111111111111111111111
11110111111111111111111101101101111101011011111001
11011111111111111011111110100101111111010111011010
10111111111111011111111111010101111001111111111011
10111001000000011111000000101111110100011111110100
10111010000000011111000110010111100001001111110111
11110111111110111111111111111011111101011011111001
10111011100000000101001100011101111001011101110111
11111111101111011111011111111110111111111111111101
11111111101001111110111111111111011110011111111111
11111111101111111111111111110111100111111110111111
00101111001011011111101111100111100101011111101111
11111111101101111111111111010101111011111111110111
11011111001000011010001101000001110100001110110010
11111111111101111110101111101111011100111111110011
10111111101000011010001100100001010101001101100011
11111111101110011111101111110111111101001111111011
11011111111011111111111110111111111111110111011010
11110111101100111111111101111011111111111011110101
10111111101111101101111111111101111111011101111011
11111111001111111111111111111111101101111110111111
11111111111110111011111110111111111111110111011010
11101111011100011111110111111111110111011111101111
10101110100001001101001111100101111000011011110011
10111010101000010011001100011011111100000101010000
11111101101010011111001101101010111111111011111001
11011111111110111011111110101111111101110111011010
