01110111101111001011100011001111000101011010100101
10101110101100011110111001001101101100110100010101
11011010101010011000010011100001001101110100111101
10100110111110000111100101001001000110010100001001
01100010000000000000100000001100001000001000100000
11010000001010000000010001000000000000010100110000
11111000111010111110101001111001001100110110110001
10000000101000000000000001000000000000000000010010
11110011011010001010101011101100000000000000110010
00010010101010000000100000000000000000000000100000
11110111110110001111100011101001000101010100101101
11010000001010100000000000000000000000000010110001
10110110111100100110100101001011000100010100010111
10000000000000000010000000000000010110000000000000
00000010000110000010000000000000000000000010100000
01100010000000000000100000001100001000000000000000
11100010101000000000001001010001000000000000110101
01010010001010000000000000000001000100000000101000
11010010101011100001000001000001010100010000110011
10010000001000000010100101001001010100010000000001
11011010111010010001010001000011100100110100111001
01100100000000000000100001001000100000000100000000
01000010100000001000000010100000000000000000100000
00010000000010000001000000001001000100010000100000
10100000101000000000001000110001000000000000100001
11110111101010001011110000001101111110101011110011
00100010101000000000001010010001000000000000000101
00000010000000001000000010100001000000000000000000
11011010101010010001010101000001010100110000110101
11001000100000010000000001000001000000100000010000
10000000000010000000100000000001000000010000000000
11110010001010001111100111111110000100111100110100
01000000000000000000110001000000000000000100100000
00000000000001000011000001001000000110010000000000
01101010000000010000000001000000000000100000000000
11110010001011000111100101001001010011010000110000
00010000000001000000000001000000010100010000000000
10100000001000000000000000000000000100000001010000
01100010000000000000100001001101001000001000100000
11110110001010000011100100001011010110000001110000
10001000000000000000000001000001000000100000010000
01110110001010000000110000000001100000000000101000
10000010000100100000000001000000000000000000000000
00000000000000000000000001000000000001010000010000
10101110111100101110101111001001100100110100010101
01100111100110001010100001001101000101011001100101
00110000001000000100100000000000000000000100000000
11100000001010001000000000101001000000000000110000
00000001100010000010000001000000000000000000000001
11110010001110001011100011101000000000000000110010
