00110011100001111010111111111000011011000001011101
00000111100001100100100100000000001010000001000000
10011111101111101010101101111101011111000111110100
10101110011111001010101011011111111111011111100101
00110111100100101000101100111110001000001001100001
01111011101111111010101101111001011111001001100011
11111101111101101110111101111000111111001101100101
11101110001101101010101011011011011111000011011101
11101110001111001011101001011110011111101001011001
00010010000100001010101000011010010011000000000010
00110111100100101010100101110000011111000101000000
00111111111011111111111101111101111111010011100001
00110100100101000000100000010000011111000001000000
11110111100110111111111111111010010000000000001001
11101111001101001010101011011011011111101011011101
10000100000101001000101000010001111111010011000001
10111111111101110110011111111010011111110101010001
01000010000101001000101100011000001000000001000000
10110111111101101000101110110010011111000101000111
00000000100101000000100001110000011011100001000000
11111111111111110111001101111010011111100001001011
10000010000101001000001000111000010000000000000001
10111111110101111110110101111111011111011011000011
11101110001101001110101011011001011111000111011101
10010001000001101010000101100000011000000000000000
10110111101101101001101110110110111111100001011001
10101110001101001011111011011011111111101111001101
10111111111111111111111101101011001010100011100011
10111111110101101100111100110111111111010011001001
00111000100100000000001001001000001010001001100000
00011001110001101010101001111000011011000001000011
00110101000100110000001100111000111011000001000001
00010010000100010000000001101001001010000010000000
10110111111111111011111111101011001110010111110101
11111111101110111111101111111111110011111010010011
00110111101110111010101101101000010011010100000001
11110111111110111011101101111111111101111011010011
10110111111110111011101101101011001110110101000111
00000000100000101001100001110000001011000000000001
00010000000100011000001000001000011111000001000000
00011110100000100000001000100100001010000000100000
00110010001000001010000100100000010101000000000001
00110001000100110000001100111000111010000000000001
11111111101110111111101101111111010011010000011111
00111110000100000000000000010100010000001000000000
10100001100000101000000101000000011010000001000001
10000001100001100000100101101000000000000001000001
10110011000000100010000100100000010001000001000000
00000100010000000010101000010010001011000001000000
10011111100101111010111101111011011111100111011000
