01111111111110111111111111111101110111011111111111
10111111111111111111111110101111111111110111111111
11011110111111101011001111111101111111011110000110
11100011011111111111111111010111100111111111110110
11100000011111101001100001000100110100010111100100
11100010011010101101111110000000000101001111100110
11110100001111001001101010110101110110011001100110
11010000000111110101001110000101110110010110110110
11100000001110100000101100110101001111010011100110
11111100001111101111101110111111111111010011101111
11111110110111110111111111111111111111011111101111
11111011111011101111111111111110111101111111111111
11111111111101101100111110111111111111111111111110
01111011011110101101111111000100110001010111110101
11111101111111011111100111110101111110111101111111
11010001001000100000101110000001100110010011010000
11111110010111100111111111101101010111001111100111
11010101011111101011111110110101110111110111010111
11110000011100101101100100000100100110000111100110
11111111011101101110111111111111111111111111101110
11011110111111111111011111111101111111111110100110
11010100001111001101101100110111110110110001000111
11110111111111011101110111111111111110111101100111
11110101111111111111111010111111110111111111111110
11110111011111111101101100111111111111011111111111
10111000001101101001101000101101110111010011100110
11100010111110101101111111011111101111110111101110
10110010111110100101111110100111001111010111101110
11100000011110001001101111100101100101000110000000
11111011111111101111111111111001111011110111110111
01010000011110000001011110110000100001110110000110
11110011111010111101111111111100110101110111111001
11111011011111110111111111101111010111100111110111
11101011011111101101111111000101100011010111110101
01100000111110100001101010110100000101000101101010
11111111111110111111111111111001101011011111111111
11110011111010111111111111110100110101110111111111
11110100111111001101100111111111111110111101101111
01010000000110100101111100100111100011010110000110
11111011111111110101111111110111010111101111111111
10110110001110101001101110000000000101010111100110
11111101001111101111101110111111111111111011101111
11111101111111011111100111111111110110111101110111
11011110111111111111011111110101111111011110110111
11011111111111101011101111110101111111011111010111
11010001000111110100000110000101110110010011100110
11000000011110100001000110110001001111010100000110
11111111111111101111111111110110110111111111111001
11110111111110101111111111110110101111111111111000
11000000011101101100011010000101110111010111100100
