01010000010001010111111110010011110001000100100110
10111101111111110111111111110011111101101110111111
01011001110111110101001111010100000101111011100010
11101010111110110111111111010111111101111110111111
01110101111111111111111111111111111101011110111110
01001001110101110001100111000001000101001110010110
00010000110001010101101010010101010101001100100000
01101100111110111101101111011111111111111111111110
01111111011111111111111111111111111111101110110111
11111111101111111010110111110111111110001110111111
01011001110001100000001011010100010111101010100110
01111101110001111111111111011111111101111011101111
01111001110001100101001111010100010001110011100100
11101110111110111111111111010111111111111111110111
01111101111111011111111111111111111111011110111110
11111111110101100101111111111101110011111110111111
00001001110101100101001011111111010001010110000110
11111011100111111000101111111111111100001111111111
11011000110101100001011101000000110001001110000010
11111111100111111010110111111111111100001110111110
11011111110101110101001111111101111011111111111111
11011000110101110011001101000100010001001110110100
11111011101111111110110111111111111110001111111111
11111101110111110111111011111111111111110111101111
11111111111111111101101101100111011111011111111110
01111101111111111111111110111111101101111110110110
01001000110000111101101111011110110001011010000110
11111011111111111101101101100111011101011111110111
00001001100100111101101101100111011001011110100110
00111011111111111101111111111011111101101111111110
11011001110101101101001111111101110001011110111111
11011111110101111101101111011110111111111110111001
11011001110101110111101101100111011101001110111111
11011011111111111111111110111111100111111100110111
01011001110101100101101111011101100001111110010110
01111111111101100101001111010101110011111111111111
00000001111001110000101110000001010101101100100110
11111111101111111010110111111111111110111111111111
01110001101111010000100101000101011111001110110110
00111001000111111000100111111011011101001111110110
01111111111101110111111011111111111111110111100111
11011111110001111111111111011111111111111011101111
01111101111111111111111111111111101101111100110111
00100001000111000100101110010100000101011100110110
11111011111111110101111111011111110111111111011111
01011101110001110101111011010111111101110011101110
01011001010100110101101110000111100101000100110010
11011101111111111101111111111110111111111111110010
11111101111101111111101111111110111111111111111100
01010000110101010100101100010011110101001110100000
