01111111001111111111111111110111101111111101111011
10111111111100111011111110111101101111101111101011
11011010011110001110111011100011101111111011110011
11101111101111111111111110111110110111111111110011
11110111111110011111011000101100111111111110110111
11011011011111011110111011100111101111111111110011
11111101011110010111110010100100000011000110100000
11011110100110010111111010101001111111111011111011
01011001000100000001011010000000001111111000110010
01101110001010010111110010000100100011001010110011
11111110010110010111111011111101111111111111111111
11111111101010111111111010111110111111111000111011
10111111011100111111111111111111111111101111101111
10010100000000000011110001100110101101010000100011
11010000000110000111101000000101101011110000100011
11011111011110001111111111100111101111111111110111
11111100000110010011001010100100101101100100110010
10111111011110110011111111101101101111101110101111
11111111011111111101111111111101001111111110111010
11011011111111111110111111100111111111111111111111
11110111011111110111011101111110111111111101110011
11111111111111010111101010111111101111011110111111
11111101101110111111110011101111111111111111111111
11010000000010010111100010101100000110111100111000
11110111111110011111011101111110111111111101111111
10100100001011010111101010100110101001011000110011
11111111001111011111111111010101111111111111110011
11010000001110000010110010100001101111011001110011
01011001001110000110111110000100101111111100111001
11011110011111111111111111101011111111111010111111
10110100000111010001111011000101001101111000110011
11100101001010110111011000110110101011111000110011
11111101011111111101111011111101011111111100110110
00011001001110000001101010100100100100111000010011
11101101101111111111111011111111100010111110110011
11111101101111011111111110111110110011111111011111
11111111111110110111111110111101101101111110110111
11111111111111111111111011111111100110111111110011
11111101101110111111101110101111111111011110111011
10111101101101110011111111111111111111101100101111
11111101111110010111111111111111111111110101111111
11011110001010011111111110101000101111111000111111
01111111011010010111011000100100001111100000110011
11110101001010010001101010110000000101001000010000
11111111111111111111111111111111101011111110010111
10111101111100011011111111111111111111101111101111
11000001001110000111011110001100000100111100010010
00001000001010010101011010000100100110011100110011
11111101111111111111111011110111111111111110111101
11111101011111110101111011111111011111111110110110
