00000010000000001010100100000000010100000101010001
00100111000000001010001101000000101100000110010000
01011111011001111010110111011011111111100111010001
00101110011001011110110101010111111101110111011000
00110111011110111010110111011111111110100111011111
01111011011001101010111111111011110100100101111111
11111101111011001010101111111011111100101111010011
01101110001000001010001100000011100100000110000000
00000010011000001010100100001011010000000100010001
00111110101101101011001101111011111111111111110101
00111111110001111110101111011111101101111110011011
00001000010000001000000100011010111100000000010001
00001010000000001000000101100001111110000101010000
00110110011000001010000100011001110100000000010001
00101100011000011000000001000001011100000010000011
00111000001000100010000000001001111000000111000011
11111111111111100110110111011101111110001111111011
00010000001000001000000000011111111000010111010000
11111111111001011000100111111111111101000111010100
00000000010000000000000101100001101110000001010001
10111110101000001010010111111111111101111111111101
00111100000000001000100010010010100100100100000000
01000111011000000000000000001000000000000111010000
11111111111111001011100001111000011110000111111001
00101110001000001010110000000010111000100111000000
01111110011010101011100100011111111011001111110011
00000110010010000011100100011000111010000011000001
00111110011101001110110101101111111101000111010101
00101110111101011110101101110011111111000111011011
00011000001000001110100001010011010100010000010000
00111111111100000110110011011100011101010111011001
00111111111011111111100001011100011110000111010001
01111111011111011111110011111000011110001111011101
10111110110111111110100111111111101100010110110101
01111010011110111111100111111011110110111101110011
11111111011111101011110100011111111010000111010111
00101000010010001001000101101001101100000000000001
00110000011000000010100001011010000000000100011000
00111110011000000000110010000000001000000100010000
00010000011000000100100000000110011000000111010000
00000010011000001000100001000000101000000101010000
11111111111010011110111111011011111101111011001011
01111011011000111110101111111011110100010101110111
10111110010010011111101111111011101100011110110001
00000100010000001000100101000000011000000011000000
11111110111111001111101101011111111101111011000011
00011100001000001000100100001010100001000100000000
00001100010000000010100000010000110100000010000000
00001110001000111000000001001000001100000110010001
10101110111101111001100101111011111110000111010010
