01110000111000000000000001010010000100100000100100
10110011110011000111111111111011110100111111011111
11010011111110010111110111111000001110100011101111
11101110111011000101111111111011001100101011011111
00010010000000000000101001100010000001000000010000
00010000000000100100110100011111000000000001010101
01111001111101010011111101111010111101110101111011
01100010010000000110101101001010100000000001010110
11110010011111010100111101111010011110111101011111
11110011101011110110111101111010001101011001111110
10110010110010010100111111111010001110110111011111
00100010100000000000011101110010000100000000011001
01110000111001001000111101111010011101100111011011
01010010110010000101100100100000000000100101000101
00000100010000000000010000001001000100100001011111
00100010111000000000101000110000001010100000001101
00000000000010000100111001011010000100100000010000
01110101111001001010111111111011100101100001111011
01100011010000000100101100010000100000100000011110
01110010000001000000100000000010000000100100011011
01111111111011011111011101111111011100110001011111
01110110111110101100101111001111010100111111111111
01011011111110011110110111111001001110111001001111
01110111111111000110111011111010111101101010111111
01110000001000000100011101111000000000000000001111
11111011111110001100111110111011000110100001011111
01111010111111010100101111001010101111100111011111
11110110111110011110101111001011100110101111111111
01110111111010101100111111110010100101111001111111
00000100000000000000110000000001000100000001011101
11011111111110001101110101111001010101100111101111
01010100000000100100111001010110000100100001010111
01000011000000000110000100111000000000000000011010
01000010100010000000110100000010000100000010011011
00110010111010010000101100100000000010100001010111
11110010111110101100111101111111010011100001111101
00100000101000010000001001110000001100100001001010
00001010010010000100000100101010000100100001000000
11110010101011111111111101111011001111011101111110
01000010111000000000111000001000000000101001000000
01010000110000000000011100011000000000110001011000
01000010101011000001010000110010000000100000001100
01110000001010000000010100110010010000000001010000
01110111111011100100111001111111001111111010111111
10100010010000000100010100011010000100100001010101
01011111111110101111110101111101111100101011101111
01110010111110110111111111111110110110101101010111
11110101111001110010111111111111001100100101111011
01110011111010100111111111111011111010100001011101
01110110101111110101111111111111011100000001111110
