00000110010011010001000000001010100001010000010000
00000110001111000010000010011101100100000001001000
00010111011111111111011010011110111111011001100101
00101111011111011011110111111011101111010011111011
00010010000010000001100010000111001100000011000000
11110011011110110011001011111111111111100011011001
11111100111111110111001011111111111001100101010100
00110100011100000000011011010001000001000001010000
00000010000110000001100010011011001100000011000000
10110111001111011011001111110111111101011100010110
01110111010111111011101011111111101100110011011001
01110111111011111111011011111101101111010011111111
11111110111101110111011011001111111101111011111110
11110010011110110111001011111111111101100111010011
00100110001111010000000100010011101001011000010000
10110110011111101110001111111111111101111100010110
00110000011100010010001001010111001001000000010000
00100010000111010010000001001011010000100000010010
01110110011111011101011011111111101111100111110010
10111110111111000010111111011111111111010011011110
00011000101000000001000010000110000001000011010000
00110001000110000011000001010010100000000000010000
00100111011111011011000111011011111101100111011111
00010000010000110001001010001101100001000001010000
01111111111111010011101101011111111111110001111000
00010111011111011111011010011110111111000101100011
00010110011101010010000000001100100101000000010001
01110111111101111011011011001111101101110111111101
11110110101111010111001111110111111111010100110111
01101110011111011011100111111011101101100011011011
10111110111011111111111011011101101111011011011000
01011111111111111111001110011110101101010011010001
11110110011111110011011111111111001111111001110001
00100110010011010101001011001000001000100001010010
00111110111111111011001011011111110111000001011110
01111100111111010011001011111111101011100101111001
00110100000100000011000011001010101100000000110000
10110111010111111011101111111111101100111001111000
00000110001011010110001010010100110101000000000010
10110000011110110001000010011011100001001000010000
00100000010010110000000000000010100001010000010000
00000010010001010010001001011000000100000000010001
00011100101111000011101000010111000000000000000000
01111111101111000011101111010111111101000000111010
00110000000110000010000011011000100111000001000000
10010111011111111111111110111111111111011101000111
01010100001110000001001010010110001101000001000000
00100010010110010001001000011000001000000000010000
00010000010111010111001001001100011000100001010000
00110100001101000000001001111101100100000100010000
