01111111111111111111111111111111001011111111011101
10111001111111011111111101110111101101101111111101
11011000000100001100111110110111001000100101010100
11101111110101111111111111111111111111010111111111
11110111111101011111110111111111101111111100111111
10011010010001111011110100011111001000111101010001
10011101111111111111111100110111001111111101011111
11011010111101011101000110011110000101001000010111
11011011001001011001110010001100000100001101000111
11011111001101111101111110111111111111101111111111
11001011110100011101111110011100001101000001010111
11111011011001011111111110111110111101111111110111
11000010000000011111110111111111001100100011010000
11011111110100111111111111111111111101000011011110
10010110010001010111110110001011001000111101010101
11011111111111101111111111111111011011111101110101
11111111111111010111111111111111001011111101111111
11111011011111111011110110111111011110111111111001
11011110000111111101111111111111011110111111011101
11011111111111111110111011101111110111111111110111
11111110111111111111001110111111101111111111111111
11111110111111111111001111111111101101111111111111
11110010011101011011110110111111011000101100111001
11111111011111111110111011101111110101111111111111
10111001111111111111111101110111011000111111110111
11011000000011011011010110001111001000100111010000
11111010010111011111111110011101111101101111110101
11111111011111011110111010101111100110101111110111
10011101111111111111111101110111111110111101110111
11111111111111011111111111111011111111101111101111
11111111010111111111111111011101011111111111010111
11111110010011111111111111111110011111111111110101
01011000010101000001110100111100000100101001010101
00010000010101010111001110101111001000101101010100
11111110011111111110111011101111010000111111011101
01011011111111000111110100111111100011101101010101
10011010010000011111100000011111000100101001010100
11011011011101011001110100100111000100001101000101
11101110010110111111111111111111111110010011111100
10011110000100111111110110001011001000100101000000
11001111110100111111111110111111111111000001111110
11111110110100111111111111111111011101010011111110
11010000010111000111110111110111001000100101000100
11110110111111111111110111111111111111111110011111
01011000010100011101111110111101000000101100000101
11111111011111111111111111111011111110101101001111
11011010010001001110111100000100001000101101010101
11111011111101111011110110111111111111101111111001
00011011111101001001110110011110000000001101010001
11011111111100111111111110111111101101000001111110
