00101011010111011111110101100000110100001100001110
00101111001100001010000111010001011001011100000110
11011111101111111111111111111101111011111110111111
00100110111111101111010111110000101101000100000000
11100111111101101111111101111010111101011101111110
01111011111111011011001111110111011111111111000111
11111101111111110111001111110111111101011101111111
11101110011111111111011111110011111111111111011101
00111110000111111110010111110001111101001000010000
10011111001111111111111111110001111001101110011110
01111111010111011110010111111101110111111101111111
11111111111011111111011111110101111111001110011110
10110111111101101111110101111010111111011111110110
10111111111110011111111111110111111111111111111110
00111011110110001111000110110001001101010100000000
10100111111101001111110101111110111111111111101110
11111101111111110111001111111111111101111111101111
10111011111111111011111111111111011111111101010111
11111111111111111101010110110111111110111111111111
10111111010111111110111111111111110101111101111110
10101000010011010101010011110001001100001100001010
10111001111111010111101111111011011101011101011111
00101111010101001101010111010001101101011001000000
11111111111111111111011011111101101111011111111111
01110111111101101111111101111111111111111111110110
11111111111111011101111110110111111110011111111110
10111111111111111111110111010011111101110101101111
01111111111111111111111111101011110111111111011111
00101000001010011101010110010001011001001101000110
00100110001101011111000111000011010100000101000110
00001111000011011111010011110101100101001101101110
01100111111101101111111111111110111101011111100111
10111011111111011011001111110011011111011101100111
11101111111111011111010011111101101111111111101111
01111111110111111110111111101001110101111111011111
10011111101111111111111111110111111011011110111111
00100101001111010110000111010000110100011100000100
01111111111111111101011110111011111100111111100111
00100101011001011111000010110000011001001000000110
01101111001011111111011111110001111111001100111111
11101111111111011111111111011011111111110111111110
11111111011111111111110111111111111111011011011010
00100101010111011010000111010001011101001101000010
00001111001011011111011111111111111001001110101111
00101010001011011011000111100011110101011001000110
00101011111111000111010111010000001100011100000100
10101011011101011011110101110010011100011101000010
11101111011111011111010111111111111111111001110011
11101110011111011111110111111111111101111111101100
00100111001000001110010100110001111101010001000100
