01110111011111111001010101100001111111111100111110
10110111011101110100011011111101011111111110001100
11010011101111011000010011100101011111111100101110
11100111001111011010010011100001111011111100100110
00000011001101101001001001100000010011001100001100
11010000001000101000010010100000110010111100001100
11111001001111111001101111100001000010111100011101
11111010010001111111001011111111010011111111101101
00100000001000010000010011100001010000001000000100
11000001000101011100000011110001000000110000001100
11111110100001111010000111111011111111111111101111
11111010010001111011001111110001011111111110011101
10110010000001110000000011100000001000011000001100
11111011011110111001111011100001011111101111111111
11001111001111011101111111110001011011111110101100
11110011111111101011111111100001011011111101001100
10111111011101110000111111100111010111111111001100
01000001010000100000000011110001000000000000000100
00010001001100010000010001000001000000011000001000
10001011000101110000001011000000000001011000000100
00000010000001111000000000100010010011101001000001
11110100100001111010000010110001110011111110101100
01001011000101111001000000000000010001011100001100
10000010001100111000000000000001010010101100000100
01110111111111111101010001100111110111111101101101
11111011111111111111000010111111010111111110111100
11111111111111111100110011010011111111110001111000
01000001011100100100010001100001000000110100000100
01000001001000000000000001000101010011110000001000
01100001000000001000000011001000010011110100000000
00000001001000001000100011100000000010101101001001
11110011111101111110010111111000010001011110011110
10010100001000000000010010100000010000100000001100
11111101101101111000111111101101100110111110101111
11110000001111110000000000100000000010000000001100
11100000001101001000000011100000010001100100000110
11111111001101111000110111101110011001111101001110
11111001001101111001111011101101000110111101011111
11110111011101111000110111111110110111011111011110
11110111011110111011011011111101010011101111101100
11111111101111111011111111000011010011110001111000
11111111001101111000011111010111010111110011011010
01000001001101101000010001000001010000110100001100
00000001001001011000100010100010000011111100000001
10110001001001100000010011100000010000011000001000
10000010000101000000000001100001000001101100001100
11101111011111111010011011101011111011111110110100
11111111111111111101011111010001111111110010011000
10110000001001000000000000000001010111100100000000
00000011001101000000100010000010010001000001000000
