01000110100001001000000010000100001100011110001000
10010110011111110101011111111111101101101011111011
00000010000011000100011010010010100100000010000000
01000110000000111001000000010001100101011010001110
00000000001011000000110000010010101101001000001011
11010001011111001111111010111111111101011110011111
11110001011111001111011110011111111101011110011010
00000110101000001100000010010000010100010010001000
10000001001011000100010010010001110101001110001010
01000110000010111001000000000000100001001010001110
01001111100011001100111010000110111101011010101011
01000110000000001000001001110001100100010000001100
01101110111000111101111110111111101101111011001110
11101110101000001100111010010111111101111010001010
01010000010010011001000010010100001100001000000000
01010000010010101001001010000001001000001000001010
10010111011111110111011010111111111101101111111010
01100111101011001011011111111111111101111001111110
00000110000000001101000000011000101100001000010010
01010110010010111110001010011100101101001010010010
00001100001011000000010000000110000001010010001001
01101110101011001100101111010111011101111011101111
01100110001111011101010110011111101101111010111111
01000010000010000100011010010101000000101011001010
11100111101011111101011100010011101111111111111110
01000000000100000100010000100001100101000010000100
01000100000110001100000001010101001100001000000100
01111111100111101111011110100111111111111110001111
01000110000010001111001000000001001001001010011110
11000110001011101101111100110011101111011011111111
01101110001011001100111010010101101110010010001101
01010110100111011100011111111110101111011111011110
01111110111111001111001011010111011101011010101111
00000111101001001100010000010000101000000010001010
11001110001011111111011010111111110111111111011111
11111111101111101111011011110111101001111111011110
00000000000000000000000010010111001001001010000110
01011110111011001101111011011101101110111110111110
01000000000011001100011110010000001101001001001000
10010111001111000100111010010111101101001111001011
11011110111011111111011110111101101111110011101101
10000110100000001000000010010001001101010000001000
11110111111011001001111111011111111111011001001111
01000000000010001100010110000101001100111010000010
01000000001000001100011010000100100001001000001010
01000110000000001111001010001101001101000000001100
11011111111111011100111110011111111101111110110010
00010100010110000100011011111111101111001010010010
01011110111011011111011110011101111111010011101101
01001100001000000000111000010110101000011010000010
