01111111110101111111011111111011110111111111111111
10101111111111111110011101110011011010110111111111
11011111111101111111111110111111111111111011101111
10100001110011110010001100000001010000110010110111
11100111111111111111111111101001111011111110111110
11101001110111111111101101000011011001111110110010
11101001111111111111101001010111111101111110110011
11111110110111111111101110100111011101111010111111
11111111010111111111111111001011101111111010110111
11111111100011101111101111101101111110111011111111
01101010000110110001001100010001010000110011100001
11101111101011101111111110111101111010110111111111
01011111111101111111011100111001110010111011101101
11111111110110111111101110011101111011111011111111
11111111111111011111101101111101111010111011110111
11111111101011101111011111010111111011110011111111
11101111110111110111101111011111011111111110111111
11101111110111111011101110100111011011110111111111
11111111110111111101111111111111011001110111111111
10101111111111111110101101111111011101111011111111
00101111110101101111001100001000010000000001101101
11101000100110010010001100000001001000110100010110
11111111111111111111110101011111101010111111110111
11111101111111111111111001011111111101111110111011
10101001110101011110000000000100001101010000110111
11001110110000111011001100000001111010110011100111
11101001010110100111000000000001010000011000011011
11100010001111111011001100000001011000110011010101
10101000110111101011101100000001001000000000110111
00100011010101111111001110000001000101110010010111
11100111100000011111001100000000011000010000110000
11111111111111111111011101111100111111100101111111
10101010110111110000001101000001001000000010000111
11111111011111111111100101110011001010111010111111
01101111110101111111011111011011110010110111101101
10100011110000001001000110000101000000110010110101
11101000110111111100001001000001011000110000110110
10101111100001011111000110000101000000110010110111
11111111111111111111011101010101011111001111111111
11111111111111111111011111110110011111001101111111
10101111110011101001001100100000010000110000101001
11001110000100001110011100000001001000110010100111
11111111111111111111001101010100111101100101110111
11100000011111110111101001010001001000110010110010
11111111111111111111101111001011011111111111011111
11011111110101111111011110111111010111110011101101
11101001010111011111100100100001011000111000110010
11111001110111111111111011011101111111110110110011
11111111110101111111011111101101110011110111101101
11110011111111111111101111111101111101111110110110
