01001011110011000001001001100010010001100111101010
10000001100001000000000001000000000001000001000000
00000011111111101001110000100110110001100101101010
00000001000000100000000000000000100000000001100010
10000000100000000000001000010000010000000000001001
00000000010000000000000000000110000000000100100010
10100001111011101101100011000111100000100111101010
11110010110011101001000000110010110100100101101010
11101011010011010100001011100111011010001111100000
10100111101011010001000011000111000100000111001111
00100010010000000000000000000000000000010000000100
00100000000010000000000000001010100000000101000000
10100011110100101111000110000110000000010111111010
11100011110000000000000000000110000001100100000010
00110011000010000001000100001100100000000000001010
00000000110000000000000000000000000000000001100010
00100011000010000000100100000100000000000001100000
00000010100010000000000000000101000000000101000000
00000000000010000000000000000000000000001000000000
10100011010010100000100100000110111010010101110000
00100010000000001001000000000000000000000000100000
00100000000000000000000000001000000000000100100000
10001000100000000000000000000000000000000010000000
00000000000010101001000000000000000000000001101000
00000010110010000000000000000110011000000001100000
11000010110000000000000000000000000001000000000000
10100001100000000000000000000000000000000000000000
00001001000000000000000000000010010000000011000001
00000000000100100000010000000010000000000101100000
00100110110011101101000010000010111010110101111110
10100111110111000001000010011101110100010101101010
00000010110000000100000000000010000000000100001000
00110011000100100001000000000110000000000001111010
10101001100000000001000010010110001000000110001001
00000000100000000001000010000100010000000000000000
00000001010000000000000000000010000000100000000010
00000000100000000001000000000100000000000000100010
11100000000001000000000001000000000000000101000000
10100011000001000000000000000100000100000100000000
00000000001010000001000000000110000000000100001110
00000000100000000010000000000000000000000000001010
10100111110111000101010000001111010001110011101011
10000010110010000000001000010000010000000100001001
11110011110110011101000110011110100001000100101011
10110111100010011001110110001110100010000101001011
00000000000010000001000000000100100000000000001000
10101011010010100000000100000111110000011111110000
00000000011000000000000000000100000000010000000000
10110111010011110000000000000110100110011101100000
00001000010000000000000000010000010000000111100000
