01111110111111101010111011111101111100111000110111
10011010110000000000110001001101101100000000100001
10011110100000001000100000010001001000101010010010
11101110101110100111011110110111111110101100110111
11110010111110011100110011011101111100111000110011
10110011111100111111111011110101111101111000111110
11111101111100100011101111110110010100111000110111
00000110001101010000011010010101111000100000011010
11111110011001101110110111001111111100111000110110
11001110101110100011011111110111111110101000110111
10011111110100011000111111010111111011111111111110
10011111011001010000111010010101011001101000111010
10011000010000000000100000000111011000101000010000
10000001100100010000101010010101001000101000100010
10010110110000000001000011000101000000011000000010
00001101001101000000111010010101011100100000101010
10101100101000000000100010010001001000000010100000
00011100100000000000000010100001010100001000100100
10010110110000000000000001010001111100001000000010
00010110010000100000000011000101001100010000000010
11101110101111011000011010110111111101101011111010
11011101111100010000101010110100010101101000110110
10010111011101010000110010000001111000110000011000
00010010111000000000000001010010110100101000100000
10011111111101111101111001110111111111111001111110
11001110111000100011000110110110010100101000110011
10010110010000000100110011000001111100010000010100
10111111011101011010110111001111111111111011110010
11001000100000000000000000010100010100101000100001
11011111111111110001110011011011111110010110111010
00010010111010000000100111010101101110111001100010
11111101111111111111101010110110010110111100110111
11011101111000000010101110110110010110101001110110
10011111111110010110111111111101101110111010100111
11111101111111011011101010110110010111101101110011
11011110110000010111110111111111111010111001010110
00010000011000000000000010010111111100000000110010
00000100001100000000110010010000001000101000010000
10111111111111010000111111011011111101010010111010
10001110101000100001001010110111010100101000110010
10111110111111100110110111011011111101010110111010
00010000001000000000000000000101001000001000010000
00100000001000001000100000010100010000101000110010
00000000001000000000100010010010101100000000100000
11011110111101011100110111011111111010111011011110
10111111111110000000111011110101101111111110100011
00000101001100010000101010000100000000101000100000
10010110111000000100010010100001110100000000100010
10111111111101110011110011010111111110111010110101
11011010010000000000000001001001011000000000010010
