01101000000000000000000000000000100000000000100000
10101000001101010100011010100000100011111001110011
11001000001100110110101000000101010110011100111011
00000100011000000010000100000010100000000000000010
11100100111001010010110001100111101110011011101110
00011000110000000010000000000000000000000000100000
00000000001001010000100000000100000000010000110000
00000000000000010000000000000100100000011000000000
00001100000000000010000000000000000000000000100000
00011100000000000000000000000000100000010000000000
01111010000111110110010010100001100001111111110010
01100000001001010000101001000100100000000001101011
00000000001000010100000000000000000010010000000000
01001010001100111010101000001100000110011110110010
00100000001001010000000000000100100000000001010000
01101011001111100011101010001011100001011001110000
00000000000001000000010000000000000000010001100000
01100000001010000000100000000000100010000001100000
00111100101001010000000100000010110000010001010010
00000000000000010000000001000100000000011000000000
00101010000101010100000010000001101001011001010000
01001000001000001000000000000000000000010000000000
01100000000101010000000000001000000000001001010010
00010000000000000010000000000010000000000000000010
01000000001000010000100000000100000000010100110010
00001000000100000001000000000100000000011000010000
01001000001000000000000000000000000000010001000000
00000000000000000000000000000000000001100100010000
00000000000001010000001000000000000000000001000010
00101011000101100001000011000000100001011001010000
00011000000000010010000100000000000000010010100010
00101000001000010000100000000000000000000000110000
11011001011100110110100000000100001110011010111010
00100000000000000010000000000000000000011001100000
00001000000000000000100000000000100100001000010000
00101000000001000000000000000000101000000000010000
01101000000011000100000000000000100000000001000000
01000000001000010000100000010100000000100100100010
01000000001000000000000000010000000001011100000000
01101011011011011011110011100110110000100101111010
01101001001001010001101001000100111000100101111010
00100000001001000000000010010000000001111000000010
00001000001001000000000000000010100000000001000110
01001000001100111110101000101100010010011010110010
11101110101101011100000010000011110001011001010110
01100010001001110010101011010101101100011001101010
00101000000100000000000000000000100000011000010010
00001000000000000000000000000000000000000010100000
01111000001101000010001110001010100001011111111000
01100000000100000000000000000000000000000000000000
