00001001000101000011010000111000001001000110010000
00111111110010100111011111011011110100111110110010
01001110100110000010000001100001001000010000010000
01001111001110001110110111111001001110101110111011
11110010101111110111111101111111101100011111111010
01110010100110000100100101101000001000011010011000
01111101111110110110110111111111111010011111011101
11010010101111100111111111111001101101111110111011
01101111001110001111111101111001001100001110111001
01000010000110000000110001111001000000111010001000
00011011100010000000000000010000100010010100000000
10111111110001000111011101111011100000111111010100
01111111111001100111011111111111110010111111111111
10001001000110000000010000111001001001000000011000
01001011000010001000110000100001000100001110011001
00001010000000000010010001101001001000010000000100
00010000100000100010010000111000000000000100001001
01011111100110000011111111101011111000011110111101
11111011100110011100110101111011101011011111011001
11001001100110000100100100111001001001011010011000
00011111110000100111010111011111100010111111110110
11011011110111111110100101111001111001111001111110
01001001100110000100000101110000100000001000000000
01011111100110000111111010110101101001011110111100
01010011000010000100100101100001100000000100011000
01111111110110010110111010110111111001011110111101
10111111110111111111011111011111100111111111010110
11011011111111001011111101101001111001011110111101
11011111110111011111110000110001101001111110111101
00001010000010000000100101100001101000000000010100
01001010000110000110100001100001001000001100001010
01111011110111110111110111111110111110011111011001
01001011001110000110111111111101001000101111011111
01000010000010000100010001010001000000000000001000
10111111100001010111010101011111100010111110010100
01011001100000100000000000100001000000001010001000
00010010001010000010100000100001001000000000011000
10000001000001000011010101111000000000010110010000
01010001010110000000110000101000101000011010001000
01101111011110010111110101111001001001101111011111
01011111110110100111111101111011101100110110011111
11011011101110101110100111111011101001011001111010
11011111110110100111100101111001101101111001011010
00001010000110000010110000100001100000010110000100
01011001100010000100110101011000000000000100010000
11111111100111100111110111111101101011011110101100
00011111110011101111010111011011110110111110010000
00000010000110010100110101111100101000011001010000
01011001000010000000110000100010100000011110000000
00010011100010101110000001011001100000011000000000
