01101111101010001000001010010100100010000101010111
10111111111111001111111011111111110011101111110011
11011111111110111101101111111011111111111101110011
01101111011100110010111111111101111111101111111011
11110011111111011110111111110111111111011101011011
11110011111111111111111111111101111111011101011111
11111101111111111110111111111111111111111001111110
11111110111110101111111111111101111111001101010111
11101111011100110111111011110111111111111101111111
01111111101111101110111111111111110111111101110111
11111111110110111101111111111111110111010111111111
01111111111011111111111101111101110111010101101011
11101111011101110011111011111111111111111101111011
01001110010110011000101001110110010011000101000011
00110111111110000000110011111101010110000101100000
00111110101111001100111001110111110011010100000011
11101111011101010010111111110111111111010111110111
01101111111100010010111010100111100111010101000011
01011111110110001100001001010001110010001001100011
01100101101110000000100011110001111111000001110011
01111111111111111101011011110101110100100101101011
01011111111110111100101101111101110111001101101011
11111111111111011110110011111111111111110111110100
00111111011100001000010010010101010111000101000000
11111111111010101101101101111101111111100111100111
01111111111111111011111010101111111111101101101111
01111111111111111101111011011111110110111111101111
11111111111111111011111110100111111111111111101111
01110111011110100000011011100100100100000001100010
11011111111111111100111111111011111111101111111111
01101010111011011100001001110101110111010001000010
01111111111110111111111111110110111111100111110011
11111111111110011111111011111111011111100111110111
01111111111111111011111111110111101111011101010111
00111111100010001001001011010101110110000110110011
00111111111110101101111111111111111011111111111011
11111111111111111111011111110111111101110111111111
01111111111111011101011111010111110110111111111111
01110010110010000000101011110101100111000000110011
00101110111110011100001000110010010111000101000010
01111111110010000010010001110100010101000001100011
11111101111111111100111111110101111111010011110110
01010000001000001000001010110101101111000101110000
11111111111111101111111111111111110111011110111111
01110010111110101011111011111101101111101111010011
11111111111010001001001000000101111111100111100111
00011110101110000000110001110100000111000001000011
10000111111000001000001011110100110011000101010011
11111111111111011111110011111111111111111101111100
11111101111111011111110011110101111111101001111100
