00110000001000100000000011110000100010010010010000
00111001011001111010001111111011010110111110111111
11010000111101110110000011101011110010111110011111
11101101110001100110000111111110110011111011011111
01010000001000110000000000000010000001000010001001
00010000011001110000000001101000100100011010000111
00000000011001010010000011100000010010100000011010
01010000011000000000000001101000100011000100000010
00110000011001010110000000100010000000000010000000
01110111101101111100000111110111110111011110111101
11101111110111100110010111111011110011111011011011
00100000011000100000000011001000110010000000011001
00000000001000000000000100100000110010010000010000
01110110111000011111101100111010101110011110110111
11111100011100011011101100111010100111011110110111
01101110110001100110010111111110111011110011011011
01000000010001100010101111110010110000010011101001
00110000111001010000000010010010000000010000110000
01110010101001111001001111110011111011110011111101
00000000000001100010010011000010110010010010110001
00000000000001101000000110000000000000000010111001
00000000001000010001000001110000010010010010100000
01000000000001101010000111100000000000000000011001
01010000011011111010101011100110110010010010111001
11110010011100011111101100111110101110111110110111
11110111011100011011011100111010100111011110110111
11110111111011111010011111011110110011110010111011
11010000011001111110010011101111111010110111111011
01110101001101110000000011110001110111011010011101
00010000010000010000000110110000110000010000100001
01111000111001111111000111110000111011110000111010
01100000011000000010000000011000010010010000000010
10110101011111111011000111111110011110011110111111
01110010011110011011010100111111101110011110110111
00000000000001010010000010010010110000000010011010
01000100010001100000000011001000110001000010001001
11110011011111110011010111111011110001011010101011
00011001011000110010000001101010000110011110011111
01110010001000010010000010110010000000000000010011
11110100011011111111010111111111110011000011011111
01110100011001100000000011001000110011000000001100
01100001010001100000000011010000110001000000001010
11111100111001111011110111111000111111010000111010
00010000001000011010000000010000000000010000111001
01000000010001101111110111110110110010000011011001
11110010011111110111101111111010111001110011101011
01111010011100011010101100111010101111011111110111
01110100010001100010000011001000110001011000001010
01110111001001110000000011110011111011110110011101
01111100011101111011101111111100110111110001111010
