00000001000000000000000000000000000000000000010000
00000000011000011001000000000101010000111000000000
00000000010000001000000000000000010000001010000000
00000001010000000000001000010000000000001000000000
00000000000000001001000000000000000000000000000010
00000000000000100000000000010000001000010000000000
00000000000000000000000000010000000000001000000000
10010000011000011001001000011001011111000001011001
00000000000000000000010000001001001010000000000100
01110001001100011001111100011101111011011100111000
01000001010010010001010000011000001111101010000010
00000000010000000000000000000000010000000100000000
00000000001000001000000000110001000000000000000000
00000000000000000101000000001001001001000010001000
00000100000000000000000000010001001010010000000000
01000001011000001001000101110101011111101000010000
01101001010010010001000100111000011111001010001010
00000000000001000001000000010000001000000000100000
00000000000000000000000000001011000001000010100000
01001001011001011100111010011001001011001010101101
00000000010000000001000000000001000000000010101000
00000000111000000001000000000001000001001000000100
00010001010000000001000000001000000000000001000000
00000000010000011000000000001000000011000000010000
00000000000000000001000000001001011000000100000000
00000000000000010000000000000100010000011000000000
00000000000010011000000000001000000000000000000000
00010111011010111101000000001001011011011011011101
00000001111001001011001110110101011011001010101100
01000000010000010000000001001000000011010000000000
00000000000000000010000000000001010001000000000000
01000001110011110011110010011010011011011010101001
00000000010000000000000000000000001010001000000000
01100001010100011000000011011011001011001010100000
00000101111001111101000010011001110011011010100000
00000001001000011000000000000000000000001000000000
00000001111000111001000100011101111001011100011011
00000001011001011011010100011111011010001011110111
01000000001000010000000000000000000000000000000000
01000100010000100000000001010101001010000000000000
01110010011000011001010001011001111111000101101011
00000000010100000000000010000000000010001000000000
00100000001001001011100000011001011001000000101000
00000001000000000000001000010000000001001000001000
00000000010000000111100000001001011001001010001000
10000001010000010000000100010000000011000000000000
00000001010001001001100000011001000010001011100000
00000000100000000001010000011000000001000000000000
00001000001000001000000000000000000011001000000000
00000001000000000001000000010001000011001000000000
