00100000100101000000110100011010000100000001000100
00010000000100010100010111000101101100000011100000
10011010011111011100011111101101101101110111011111
01101100111111001110011111010111100111001111111100
00110000000001010000011010010000000101000000011000
00010001011011010000000000000010010100000010000000
00100000100101000000100110011010000100000101001100
00000100011000010000000000010010110000000100000000
10010010000100010000110100001010000101000100010000
00110101001111110111111111010111110110000111111111
00110101010011010100000110010010010001000100001100
11110010110011010110111111011110111111000111011111
00110100011101010100011011010111111101110111011000
10111110011110111001011111011111101101000111010101
00000000010001010110001001000010000001001111001100
01101101111111100110011111010111110101001111111110
00110000000001000000010001010000100011000010010101
01110000011110110000011111110111101100010111110100
00010000010100110000000111010010000001001110000100
00000000010001000000011010000000100001000110001100
10000010110100000000010101001011100101000101000000
11111000110111011101101111111011111101011101011101
00111000010111110101010111010011111111100111111100
11110010111101010110111011111111111101110111011001
01111010011111010111011101010011100111111011011111
01110000010111111110111110110110000011101110111111
00100000000000000100010101010001100100000001010000
10011011011111011110011111100001100111110111011101
10100010100101000000110100000010000100000001000000
01110000010111010100000101000000001001000010111000
10010111111111110110111111001001110101000111011110
01110000010011010100111110110010000011010110011101
01110001010111011101111110110010000111101110011101
00000101011110010000011100000010000000000110000100
01100000000111000100011100000100000000000010111000
11111110110111010100111110111010100011110111011101
00010000010100001000001011010001100101000001010001
00111000101111111011111111010111100110000111011111
00100000000010000000001111010000100100000111001000
00100000000010000100010110010001000100000101011100
00010000000000110010010011000000100000000111010000
00110011111111110111111101010011110101111011011100
01110100010111111111001111010111111101101101111100
11110010010111110100111110111010000111111110111101
01010000010000010100001001000100001000000011011000
00111000110111011100011111110111101111011111101111
00111010011110110001011111010111101101110111110101
10110010011101111111011011010011110101010111011011
00100000010100010000000011000010000001000000010100
00100000010101001000010111010001100111000001011100
