01010101000100010111011111110111000101000111100010010100001101011
10010110001010101111011101111101000101101101110000011001110110111
00001001010001101110110101001011010000001110100001110001011111000
11000111100000111101011110011111101110001111100100101000100101111
00100101000001100111110100011110000000010110111100111000010111011
11011010100011101110111110100111110010101111111001000001010111010
01010101100000000110111111111111010100100101110101000001011010011
10111010001011101110011111111110101001111111010010101011010110011
00010110000101101001111110111101100011010000110010100011010111001
00100000001011110011111111111001001010001111000010010011100100111
01000001010100000111001111101111101000000111110000001010010100110
10000000101011111101011011111010001100000101000100000010001011111
01000101010100001110101100111111101000001001111111100000110111111
00101101110100011110111111101011000000001101110100100110101101110
01111101110100001101111001110001000010000101110001000001001010110
10010000010101000000111111111101000010000110111000010011011111011
01110101100111100011111110011110100100100001000000010001011000010
11111111001111100001011000011000000000011011110000110010010110010
11101111011011001001101100111011000000011000010110000100000101101
11011000111100101110011100000000101000100100000010010011111111000
00101110110011111010001111101011100010001110000100110001000100111
11111111110101111101001111110111010001000000000101001000111011101
11010111111111111111110100011000100011000101111100001010010110111
11111111111011011011111000101111001100011001100011100110010110110
10010111111101011000110001001111000010001011110100010001010011111
11100011011101110000110010001001100110101011011010100000101111010
11000111111111110010110100010011010010001111011000111100010000111
11011011110110111110011000100001111000001111010000011000011100111
01111011111111011110101111000110100101000110010001000101011010111
11011111101010011000010110001011000110000111000010000000101110110
10111111001111001010110110101100000000001001111101000000000110101
11110110111011110010110111110100000001001011001010001110110101110
00010101101010001001101001011000010000010010000000000000001010001
00100110000000000000010000110000100000010000001000100010111111111
00010001011110000001000100010000000000100000000100110000110011110
11010010000100001000000101001100000000010100100010001000011110011
00010100110000110000101011100100000000010000000000010101101111010
11000001100000000000011000001001000000111000100101001000011011011
01000111000000001001000001000000001001010000100001000010011110111
00001001100000000110000100000000110111100000101001010011001110101
01110101010011000110100111110011000001000101000100000110010111111
11111111011101110001101000111100000100001001100001010010011111011
10111101011000010100100011111101100000000000000100110000110110111
11010111011111101100001111110111000000001100001000001011001101101
11111110101011110100001110000010000101110100001101110001001101011
01001111101011110110001011111010000000000000000110110100010011110
00001100000010010000001001100011010000010001100110001000101010111
00011010000111000010111010000010001001001010111000100010001111101
10000001110010000011000101000101000100000000011000011011010101011
00100110000010100000010100001010000001110100100000001110110011011
00111001100011000100100101100000011000000010110100000110010011111
11101000010000011101100010110000001010010110110010001001001011110
01011001001000000000011000110001000101000001001011010001100101101
10000000000001000010000100101001000010001000010001100010001101111
00000001111101010101001100000001010000111101000111100101010111111
01100111110000111001100010001000000010010001100010011010011010110
01010000010011000001010001000101011010000010001001001000001011001
01101111101010011101011110111001011101101110010011100011000000000
10100010000101111001010001011100110111110101101100010101100000010
11111101111011010111101101010111010110111111100110001110000000010
01101111100110110101011111001110111111111110011101110011100000100
10111100100111010011010011000001011011001101110111111110100000101
01010000011111100010111110111111011000111011011100111111000011010
11011111011111111100101111111101011111101110111011110111001100101
11011011110110010010111010111010110101111111101111101110100001010
