0111011010110001110000000110101010101110110101000100000000100001101100
1000100100010000010011000111011011000011101110100100001010000111111011
1001101110001110100100110010100000101111000110011010000011000011111111
1010011100001100011011110011011110100110110111100001000000000111111111
0110011100000001000101011101110100000111111101110001100000010100110100
1001100110011000001011111101101111001100010001111010011101000111110111
1011100100011100010010010001011001000110111010100110001011000011011111
0111111010011100101110001101100000000011110011000000010010110110001110
1010010100011111010101000000101111110101110010000000000110001101011011
0000000000010001100010000010111011111110001011001000110110000111101111
1000000000010111011001000100010111011111011111010110000000000111101111
1100011111100111110000100100100111111101010011101001100011011110010101
0011011110000010111101000100111111101111111111101010000000001101101110
0011001110110000011100000010101110100010111101111000000000000111001011
0010000010111000010010000000011110101111110101100100111100100110111101
1000100011110000010101111001011111011110101010001011001101001111001110
1010000101011000001001000110010000001001111110010010100000100010111101
1101001010111111000000001001001010000111100010001101001100110000100010
0001010100101100100000011000001110001110011111100010000100100001101111
0010100110001101000001000000001000001111001100000000011100011011100111
0101011101000010000000001101000100001011001010000000011011000110110110
0101110010101001100100000011011000001110011011001110000000000111111101
0011010000010001000000001110001010101111001111001000110000010101111011
0011111000000001001000001011000110011110110011000000010001001101111111
0000110100000001011010110101000010011101111011000100000000010111000101
1100110100111000100010101010001001000101111101011100110010111101111101
1111000001000100100001110101101010000111010101000000100001000011111111
0101111100000001010011011010010010110011111010000000010111110100110110
1010110111011100000000000010000110110101111111010110000000001101101000
0101101001101011100001000001001111100111111111101111101000000100001110
1101011011001111011101100110010011011110101111000011100100000111101111
0001110010111111001010010000110011111110100101010000000000010111110000
1101010011111111011000111011111100001100000101100000100000011101011111
0100011011111001000000000100011100000011101101000100000100010110011110
1011000011011110000000100001110100010011100110000000010100010101111111
0000000011110001000000011001101100100111111111000111000100001011111111
1010010001111011101111111000001110000001111101000111010110011011110111
1011111011111011011101111110111110010000101100010000001110000111100000
1111101101101111011111110011011101110000000111000010000010000111110011
0110100110111010110110101111110001111000100001001100000110100011111111
1101101110001111110000011101111101111101000010000000000000010111111011
1001111110111110101001011111110000011000001111101000010110000111110110
0100101001101101101111101101111001011100010010011010011011100101110000
1111100000101110101100100110111111111110010010010010010000001100110111
0111001111111001111011111001111000110010111100000101000000001101110100
1001110101111110001001111110111111011011010000000000100100010111101010
0101111000011110001000000000010010000000010000000011010000001011111101
0010110000100100100000000100100100000100001100000011000000100110111101
0010010001011101010001100100010000000001011000000001101100111111010001
1100001000100010010001001100110001011001000010000001100100000110101100
0010011000101001101001000000111000011010001100110000000001000101100101
0001100000010001010000000000011000011000000010111100000001001001001110
0000100001010010100000100110011010000000000001001100000010011111101011
0000010101000010000110110101000000101000011100100000000111011101111110
0100011000000011010110000000010000000100001000001000000100010111000110
0000010011000011011100000001001001111101010001001100011001000111010111
0110001111010000000010000101000000001111011000000000110000000101111001
0010011000010001000010010011000000000000001000000011010100101010101111
1000000100000010111000000101000000000001001000011000000001010010101011
0000100100010000010100101101000111101000100001001000111000101111100111
0000000010011001000100010100100010011000000110101001110001010111101101
0101110111111111000011111101111111100110111111011110111110011001011111
0111011101110111100111001010001101011111110001111100101101111000101111
1111011011101101001101111110101110111111111011101011111110011100001111
1111110001101010111111110111101100111111111111110110110011111010001101
0111111010010010100011110111000111111011111110111000010110000100000111
1111001111101111101001110110111011110001100001110101110011101111100111
1011111101111011101111011111011011111001010110110111011101011111111010
0111011111101101011110110011011011111011110101000001111101110111011100
0111011011110110101101111110001010111011100100111010100111111111111000
