011000000000000000000011111100100100111111111111100010110100000000011101001
100100111011010100000011111100000000111111011111110111101111111111111111111
100100101111100000000011111101100100101110111110111101111111111111111110111
011011100001000000000101110000000000111111111101111111000000000000011111111
000100000000010000000011111100000000111111101111111111111001000100111111111
000100000000100100000011111100000010111001011011111111111101000000001011011
011100010100100000100011101100001010111110101111111101000011111111101111111
010000100110000000010000111100000010111111111111111111111100010001011100111
011000000111100000000001111101000000111011111111110111111100010000011110111
001000111011000000000011111101000000111111111111111101011111111111111011111
011000011101010000000011100100000000101111111110110110010111101101111111111
011100001110010010010011111100010000111001111111110111111110111100111111111
001001101000010011001011111100000000110111101111111101111111111111111111111
010010000011100000000011100101000100111110111111110111111100100000011111011
000000000000000110100010111100000001111110111111111111011100000000010111111
010001000000001011010011110100000000111111111111111111111100000000011111111
000000000001101101110011011111110110111111111111101101011100000000011111111
000000000000100110100011111111101001110101111110111101111100000000010110111
000000100000001011011011111110000000111111111110111110111101000000001110111
000000010001000110100011111001000010111011111111111111011100000000011111111
000000000000100000100111111100000000111111111110111111111100000000011110110
000100000000000000001011111101000101110111110111110111010100000100001111110
111011100111111111111100000011111110111111111111111111110101011111111111111
111111101111110111111100110111111111111111110111101110111111111101111111111
111111111111111101111101010011111111111111100000000011111101111111111110111
111111011101101111111101101011001111101001100000000011111011101111111000111
111011111101101011111100010011111111111110000000100111111111111111011101111
111011111111111111101101000011110111111011100000000001111111111111111101111
000000000000000011100011111101100100110111111110111101111100000000010111111
001000001100010011010111111110111000111111111111111111111000010000011011111
101000000000000011000011101111011001111111111111111111111100000000011111101
000000000001000010000011101101100100101111111111111111111110001000001111111
000000100000000001000011111001100110111111111111111111111100000000011111111
101000000000010010000111111110011001111111111111111111111100000000011110101
000001110000000010010011111100001000111110111111111111111100100000011101011
000000000000001001000101111100100100111110111111111111111111000010011111111
111111111111111111111111111111111111011101111111111111111110111111111111111
110111111101111111111111101111101111101100111111111111111111111111111111111
111111111111011110111011111101111111110100011110111111111111111111101111111
111110110110111111101111101011111111111010011111101111111111111111111111111
111110111110111110111111101111111111000101011011111111101111111111111111101
110111011111100111111111110111111100100010111111111111111111111101111111111
101110111111111111111111110111111111110001011111111110111111101011110011111
111101011111011111111111000011111111111111101101100011111111110111111101110
111111111111111111111010000011111111111111110111100011111111110110111111011
111110111111111111111111000011111111111101111011111111111011101110101110111
111011111111111111111111000011111111111111101101000010111111111111111111111
110111111101111110010111000001111111110111111110100110111111111111111111110
111111111111111111111111001011111111111111111101010011101110111111110111111
011111111111111101111110000011111111111011100100101010111111111111011111111
001111110100101111111011000011111111111111100100010011111111111111111111111
011111111111111111111111001011111111111111100101000001100111111111110111111
110111011011011100111111111001111111111111111111111001100011111111111111111
011111111101111111011110111111111111111111011100101110101011111111111110111
111011011001110101101011111111111111111111111111111111011111110111111111110
101011011111111111111111111111111111111101111111011000100111111111111111111
011011011101111111111001111111111111111111111111111001100011110111111111011
111001011111111111111111101110111111111111111011111100110001111111101111111
011000100111100000000001011100010001111111111111111111111001110001011111111
011011100110100000100011111100000001011111111111011111111110110110111111111
011000100111110000000001111100000010111111111111111111111111011001010110111
011000111101100000000011101101000000111111011011111111111111101100011111111
011000100111100000000011111100010000111111100111111111010100110101011101111
011010100111100000000111111100000000111111011111111111111101011001011111111
011000100100100000000010111100000001111110111111111111111101000000010111111
011000110110100000000011111100000000111111110011111111111110101100011111111
011010100111100000000011110100000000111111111111101111111101000000011111111
111110011111111111011011111111101111110111111011111111111011111111101110000
111111111111110110111111111101111111111111011111011011111111011101110111100
111110111011111111111111101110111111111111011111111111111111111111111011100
011111101111111111111111100011111101111111101111111111111111110111111101110
110111100111111110010111001111111011111111111011111110111111011111101110000
011110111111101111111111111111111101111111110111111111110111111111101110011
011111111111111111111111111111011011111101111111111111111111111111100010100
111111111111111111110011111111111111111111101110111111011111111111100000100
