011110000111001000100101110111
101101000101100100010010100100
110001001001100010000010001000
110000000000001100010100100000
100000011110111000000111100110
011000011110011010010001001100
000000000101010101100110000010
000011000000111100000011100100
001011000001011001100100100000
110011100010011100001000000000
100011000101110000100000011010
111000101010001001001100010100
011010010010000100010100000000
000011111110001100111000000101
100111011101010100011100000000
010100110100111000000100100100
001001000000000001001100011100
000000101001000010011011010111
100000101010010000010000001101
010101000000111001101000000100
000000000101011011010100001000
100110101001101110001001100101
011010110000000001000000111111
100011010000000001000100100101
110110011000000100000111010101
100000000011000011000010100110
001001000010000010101010000011
110011010001010111110111110011
100010100010000001000010011100
100000000000010001100111101100
