0001100000000100110000100000010000010000001001100010000000000011101110
0000110010001011000000000001000000010000011001010010100100000010110111
0000111100010100001110000100000000010011010100010001000000000000111110
1000101000001000101111010001000010000000000101010001010001001011010100
1111011010100000000000110100000111101111100010000110001001000011111011
0110101001111000001000000011001010000000000000100000100010010011110010
0011110000000001000010001001010100000000100010100000100101011001111010
0010000000011011100011101001001001000101000000000100001100001011110011
0100100001000101111110100100000101000010000010000011000010000001011101
0000010010001100000100110001010101100000100000000010001000010011010011
0000110000001001101000100010000010110001110011000101000000000101001010
0010010100000010010010000100100110000111000010000111000000000011111011
0101010101100101001100100110000110001010101000000100000000010101000110
1010000011001010101101010010000000000010001111000100010000000011111110
0100000100010101110111101000000011010001000001000100011000100011111111
0100001110101010001001100001100000000001000100000000000101000000001110
1001000110100110000010000010000010000010100011000001101000001010111101
1000000010010010000011000000010100001001011000000110100000001011111010
0011010010101101000110011011100100100100101001000000000000011001001011
0011000011001110001001100100010000010101000010011110000000100111101111
0011001110010010111000000010110010010011000010000000001101001000110101
0001000100000111010100011000110000011010000100010001000001000011101110
1000100111101011000100000101100000100010100001001010011001000111000101
0001100001000100001001001011001110001000010010010000010100000110001110
0000001100000010001001010111101000100100011110100100000000010001110101
0010100010011000000100101011001010000000000101011000001000110111100111
0000010000101100101010011101011110000100010010000000110000010100110110
0101011101000001001000111110001011010000010001000000010110100001001111
0000000000010001001011101000001011010100100000000100000000000010110111
1000001001000000010111000010001000110100000001000011001110001111001101
0000010100000000000000011111110010010001111001000100000100001011010111
0000101011011000011000010010000001010100000110011000000001110011111001
0001110000111010100010010111101001010000001000001001011111100001001011
0000100111000010000000000001100110110000000001000101000010110001111111
0000100001100000001000101000010001010010000110010000000100000111100010
1110000000100010000111000001111111101100110011000101010110100011011110
0000100000001000010001010000000000010101110101000111000011000010111001
0000100100010000001100001010110100011000110000000110100000101011101101
0010100010011100100011100000000000100000010110000001000001001110011000
0010100100110011010110000000001000001000110000111100001010100010001101
0000101001101000101000100000101000011101010010000010110100011001011111
0110000000100000010000011011001000011111100001000100100101000001111111
1100000000001100011000001000001010000000000101011111010100000011111101
0011000000000101000001001100000100101010001000110101000010001111110110
0000101010110100100110011010000100110010100001001100000101000010100011
1101000000100110101000100101011001011000011010100101010001000001101101
1000011000000000000000001000000000000001000101011101111101000001100010
0111000000000000000101010100000100100001001100100100111010010011010111
0000000000000000000100100100000110000001001010100000001000000010000111
0000100100111110010100001000101001011101011111110001111000001000001111
1100100011010000010100100000010000001100101000000001000001000011101110
0011000010110000100001000000010011011010001101100110000010000010101111
0100011000000000110000000010000000000100110000110100010111011001010111
0001000000000110000000110011000010010000101001110100101010000011111010
0000100101000010100010100100010010000001000000111100010100000110111101
0100001100000001000010010001011010110000111010100000101010110110111111
0000010010000000000000000001010011011001000100010001110101110011011111
0001101000000001000011100000000110001010010011100010100010001010110110
0000000000000010000100000101000111010101000000000000000110011001001111
0000011001001000001000001110000101000000100000010000100110101011111110
0001001100000000111010000000011000000110100100000100100001110011111010
0000000000101000000100110110010000100010000100000000001100000010111101
1101110101010110110101110100111100111111001110011011011111011101011010
1001111111111110011101101101011111110100111101110010110010111010101101
1110111100010110110111001110100101101100011111100011011101011101011011
0111111111010110110010001010101101011010111100010000111111011110100000
1010101010110111111101010001010111011111111001000111011110111111100100
1111000010001111100111111111111001010101111101011111101111110101001000
1110111101111111011101010111101011110000110110111111110111111010100000
0100100111010010101110101101111111001101111011011101101110100101100000
