00001011000000000001011101111000100000000001111011000100100000000000000111010110
00111110000000000000111111111000000000010001111101000000000000000000000110111101
01000011000000101100011111111000000000000111111111100000000000000000000111111101
01000010000000110000011111111000000000001001111110000000000000000000000101111101
11000011000101110101111111111000100000000001011111000010000010010110000111111111
01000011101110000010011111111110111101111111111011001111101011000000000111111111
11111101000000000000010111111100000000000001101011111100000100001100000111111111
10101110111111000000001111111000000101000001111111000000000000000000000111111111
00000101001110000100011111111100010100000011111111100001010000000000000111101110
00000001000011000000010101111001000011000001011010000001110011100100000111111111
00000101100011000000011111111000100000000001111111000000000000000000000111111111
00001101100011000000011111111000110100001001111111000001110001100000000111111111
00000101111100000000011111111000000010000001011111000100010010000000000111111111
00001001011100100000011111101111101100111111101101000001110011110010000111111111
00111000000001011100111111011000000000000001111010011000000000100000000111111111
00011000000000100111111100111000000000000001111111101000010000001010000111111111
00100000000000100011111111111000000000000001101111000000000001010111000111101000
00101000100000110011111111101000010001001001110111010000001000000000000111110111
00000100000000011101111111111000000001000001111111011000000011010110000111111111
10001000000000011110010100111000000000000001110111000000000000000000000111111111
01001000000000111110011111101010000000000011011111000000000001010110000111111111
11111110111111111111101110000111111001111110000000000001100001110111010011111111
11111101101111111110110100000111111100111110000000000001100011110110000101111111
11111111111111111111111011001111111000111110000000000001100101110110010011111111
01111111101111101110110101110111111100111110000000000001110011110110010111111111
11111111111111101110100110100111110100101110000000010001010010110110000111101111
11111111111111011111100011000111111000011110111111001001110011110110001110111110
11111111111110111011000010001111111000111110000100001001110111110111001110011111
11111111111111111111100100010101010101101110011000000001110011100110100110111011
00000110100001000000011111111011000000111011111011000000000001000000000111111111
00000100000001000000111111110101101000111101111111000000000000000001000111111011
00000000010001000000011111111110110000101111111111000100000000000000000111011111
10001100001101000000011111110011000100010101111111000010000001000000000111101110
00000100100100000100011111111001001000000001111111000000001000000000101111111111
00000100000001000000011110110010010000000001011111000000000000000000000101111111
00000101100101000000001011001000100010000101101110000000100000000010000101111111
00000000010010000000000000000000000100101110000001000000000000000000100110111111
00000101010000000110010000001000000000001110000000000000000000000000000111111111
00000100000001000000011111011111000010010111111111000000000010000000000111111111
01000100000001000000011110110110100000100111111111000000000000000000000110111111
00010100000101000100011111111111000011000011111011100000000000010000010111111111
00100100000001000000011111111011100111110011111111100000010000000000010111111111
00100100100001000000111111111101000011111101011101000000011000000000000111111111
11111111111111111111100000000111111100111110000111100001110001110110000111111110
11110111101101111111000000100111110100111100000111010011110011111110010111011011
11111101111110110111100000101111111000111110000110000101110010100010000111111111
11111111111111111010100000101111111100111110000100000001100011110111000111111111
01111001101111011111100000110011111100110111111011000011110011110110001111111111
10111111111110111111100000100111111100111101110100000001110111010110000011110111
11101111101111011111100000100111111010111111100100001001110011110110000111011111
00100010100000010000000000000000000000001101000000001110110010000000000110101111
00000010000000100110000001000000000000000000100000001110000010001000000110111101
00000110000000110010000000110000000000000000000001110010000000100000100111111111
10000110000010000000000000000001000000000000010000110010010000100010000111111111
00001100000000000000000000000000100000000000100100111100001000001000000111111111
00000100110101000000011111111000000000000001111111000000101111100001000011111101
10000100010101000000011110111000000100000001111111100001000111100001000111111011
00000000110111010000000011111000000000000111110111100100000011100000000111111110
00000100000000000100000000000000010000000010000000000011000100000000000111111111
00000010000000000000000100010000000000000000000010000001101011100000001101111110
00001100010011000010001011111000000000100000111111110001110101100000000111111111
00000100010101001010111110111100100000000001101111000001110110100000100011110110
00000000010101100000011111111000000000000001111101001101110111000000000111110111
00001000000001001010111111110000000000001001101111000000000000001010100111111110
00000010000000010000000000000000000000000000100000010010000000010001011011111111
00001010010000001010111111111000000000000001101111000000000000000000111111111111
00001000000001011010111111111000000100000001111111000100000000010000100111011111
00000000000000001000010000010010000000000000001000000001100000001000011111111111
00000000000000000000000000001000010010000000000000001000000001010110001111111111
00000000000000000000010110000000000000001100100000000000000000001101000001101111
00000000000000000000000000110000010000000000000100000000000100001101100111111111
11111111111111111111101011111111111111111111111101111110111110110111101010010111
11101111111111111111110111111111110011111111111111111111111011111111101100001001
10111111111111111111111111000111111101101111111111001111111111111111111000111011
01111111111111111111111111101110111111111111011110111111111111111101111001000001
11111111011111110111111110111111011111111111111111011111111111111111101101001110
01111111111111111011111111111111111111111111111101111111111110011111111011010011
11111111111111110111111111110101111111111111011111111111011111111111111100010010
10001111111111110111111111111111111111111111111111101110111111111111111101011101
01111111011111110111111111011111011111111110111111111111101010101111111111101010
