0111100000000001000001000
1011110100000000001000000
1101110111110101000000000
1110111111000111100000000
1111011011011101000000010
0111100111110101010000000
0001100001010101000110010
0111010000000000000000001
0011110000001001000100000
0011111000000011010001000
0010010000000110000001000
0010111000001010000000000
0000100010010001000000001
0011111000100010000000000
0001000001110100000001000
1011111011001000000001000
0001000000000000000011110
0000010001000000000001111
0100000000000000000101110
0000001010000000001001011
0000001000000000100000111
1000000001100011111100001
0000000000000000111010001
0000101000000000111110001
0000000100001000010111110
