010111100101110100010010111111101111111111111011110000000101001110110111101
100001111110111000100001111111011010011111111011001100110010001110110001111
000111011100110001000101111111110111011001111110111110101001010000111010101
101010101010111010000000010011011001100111001011110111000000101011001101111
101101111110101001111110010110101101110011111101101100010100101110111010111
111010101110011010000110111011111101110011101111010010010011011001111111101
110111011110111000010011101101111010110100010010110110111110111111011111101
011010100111011000110001111110101110010111110110110111001011111101101111111
011111100110010000101111000010100001100011111110101110001000000000110110110
111011111010000100001000011111110000100011111101011111100110101111111111100
010111111101100000101010111011111001101110111111101101101111001101001011110
100000010010010001010100001001110011001001010101011110111010110010111111100
111110100010000101000011010100101100101001100111101111111101000000011111110
111101111001000010001110100111111001001000101111111011110101011110111111111
010111110000000110010001000000110000000101011111101101111000000000111111001
100000000100101001000000010000110100001001110000110000000010111010110000101
000101000000011000000100000010010000000101110111111111000000110011111000011
001010000001100100101000101001000001111101110011110101011000010000111010101
010010011010000001010101010010001000010010101101011110001000101000111111110
100010110001001000101100000000100100101011111001001110000000101000101010111
000010001110010001010111101000000000000000101101110100100010100000111011111
001011001001010010111010010010010000000001010111101110011001000000000010001
100011101010110000001100101100101011000101001101111110000000000100111110111
011000111000101000101000000000010100010001111111111111000000010000001110111
111001110010010001001010000111001011111011011101111010111000010011110101101
111111010110100100100100001001001111110001110111011101100010111100111111111
111001110111000001001010010110111101011110111101100011111111111110110001101
111010110100110000000010101010111110101111111101111110101111101001111001100
111111011110010010100100101101111101101111110110000110010000001111101010101
111101100111010001000000110010111100101011110001011110111010111110101000011
101011111111111100010010001111001111111101101001101100011000001100100011111
011101100111011110000101001111000111111110111111100111101101011011011101111
110111110010110000100010111111100111100010111011001101011110111111011011101
101011010000100100010001011111111011100000000111110100010011111011111001110
111000110001000000000010110100111101100011010111111110000101100111011111011
101111001011010001000010111010111110110111101010101110010011101011110111110
100111101110100001010000110111111111010100101100110110101001001010101101001
111011110000000001100001111000110001101110111111010110110111110110001011101
111000000011110101010000101111110000010011010111111111101111111000001111110
110100110010001011000010001110110001110000111011111111000111100111101101111
110111011110000000110000101111011011011001101110111011111001011110111111111
111111011101101111010111110111100011001010001001001101101010010011101100110
111011011110110111111001011111111001110110010100111011111111011110110110011
111010111111001111010101111111011010011100101011011111111111100101110010011
111111001110011000111011101100111001110111010001010101111111001000011011111
001011011111111010101111111110010110111010100010011101011111110011101000100
111101111010111011000101010010011111011110010101011111010101101111001000101
110111000111111011111111111101111110011101011010100000110111100111111000001
101110111010111111001111101100110111101110100001000111111110111101100011000
101101110101010111101011110101000110111110111110001000111111101011101100110
011010001111111010110111110101101011001111110110010100011111001011111101111
011110111111101011111111010111111111111101011110101000011001110111001011111
001101111101110010110111101111010011111110110010100001011101111101101111111
000100010110111011000001011000011000001111111110100010110100111111111110010
011000100111111000001000111101010000111011111001110001000111111010001111101
010011100001111001000100101011101101010010111111111111000111110111111010111
001000111011101001100100101101111000101011111100111110000110101010111101111
100010100110110000000000001100011010011100111111111011111011101001111101111
010001110111000100001000011101001101011101111101111000111101010001110111010
101001010010110000000100001100010111111110111111011110110110010010111011000
000110110101000110111000011101001111011100010111110111111100011000101110111
001001110001010111000001111001011100011011100100100111110011100110111100101
110111110110010100110000011111111101101010101010111011101100100011100110010
110010110110010000000010011011101010010110110011100111010000010010111101100
110110100101010110000000101011011111110111100111011101111001011101101011101
000101110110000010000000100110011111000101010111111111010110001010111101100
111011011101011111111010111111100101100111110101111011011111111111011010000
111011101101111111101010111100011111000010111001001001011111010101101001000
001111110111111011111011010111011110111111001111011111111101110111110001000
100101111101111000100011110000010011101111100000011011101110111101000000111
101011111111111001111111010010101011011010111000100111110011101010100001010
110101110111111000101000111100111111111110001000101110101111000111011010011
111111111111110101111011111110111101011111001110011110111100110111000100001
010110011010110010111011010001110111001111111000011111011110101000000111000
111111110000011111011111111011111010110110111011001110111100110010000101100
