00111010101111110111100000011111001
00111001101111111111110111111111111
11011000000010111111100000111011110
11101101000000111111111000011111111
11110110100001011111100001011111111
00011000000000101111100000011111110
10001001100010111111100000011111111
01010010000000011110100100011111111
11001010010000111111100001011101111
00000000100000101111100100011111111
11000000000001111111100000011111111
11000000000011111110100000011111111
11100010000101101111100000011111111
11001000001110111101000000011111110
11110110111111001100000011000101000
11111011101101000010000000000001000
01111111111111100101000000000000000
11111111111111101001100011100000000
11111111111110010001100000010110111
11111110111011001110100000000010000
11111111111110000111000001000001100
01010000000000000000000000110000000
00010000000000000000000001000000100
01000001010000000000000000100101000
01000000000000100100000000000100010
01001000100000100100101000100010000
01100000000000000100010101000000010
11111111111111000010010000000011101
11111111111111000000000000000001111
11011111111111100010000110000000111
11111111011111000011000001010000001
11111111111111110000100100011000111
01111111111111000010101000011101010
01111111111111000010000010101101101
11011011111110000010000000011111010
