00100101000110100010000000010101011101101111100000001110010101111001100000100000
00001001000001100100110000111111011111001111111110010011000101110010000010010000
10000011000000000001100010001001101111111111011100000101011000001001001000101110
00000111000001010010110100110000010110111011000111011000100010100011100000010000
01000011000010010000111010000010100101011111101011110111000011000000001000001000
10010000000100100000000010100101111111101110110010111111101000011001000001001111
00111001001101001010100011011101100101001111110100101111110001100000000011000100
11111010000000100000100100011001110011011101101111101001100000000101011000000000
00000000001011110010100001000000111110001111011110001010011000100101000000000100
00000000001001000011110111010001110111010101001101010000100010010000000100100001
00000010110100110110101110000001001111111110111011000000110000011000001101000010
10000110001011110011001000101100010101011011100000000000010100010000001011100001
10001000100101101000010001100011101101111110110011111101001000100000000000010010
01010010110110100000001010100111110111011111111001010100100000001011011001001111
11000101101111000000000000000000011111110111111011101101011000101000000011000110
00011000101100001111111010000110100111011101111011000001000000100001100100000010
00000010000010010001101111000001001111111001100000110001000001000110000000000010
01000000001000010001111011000001100111101111011001000000001000000000001000000101
10010010111100010000111110101101101001111111110000100001001010110111000000000000
00100000010100011100011000010111001101111110110100000010100110000000010000000000
01111011111000011110010100010011000111110101111001110001000101010001000001001010
01011000010010010111100111010101111111101001111011000000000000100010001101000000
00001000001101011111000100000001001111111101111000100001000100001010000000000000
00010001011000001010111000011110000111111111101101000100000010000100110001001001
00101110011001011110010001001111010111110111111100101110010001000101011011000010
00000010110010001100010010000111110110001111111101100011000001101001000100010100
01010100000111000010000000001001101110111111001101000000001011000100100000000001
11010011010000000001110100001110011110100111010100100010100010101100000010100100
01100011000100000010000110110101111101101111111011000010000000000011010010000010
11000110000101010011010111011001111101110001111000100001000000010111101000000100
01001000000011010001100111010001100110111010101100010001110101000001000101100001
11100111011011001111111011101110011101000101000110011011101010000010110001001001
00101111110011010110010001101110001000100001001001101111000001110010000010100011
11010101110101100000010011011101000010101111111111111010110001001001100010000011
11100100101010101011011000111101100101100000011111010110001000001110000100001000
11111110111111111101111111111111001011010011011101101110101001011010000000010010
01110101111001111100111111110010010101101110000010110110000000010001000101110001
11101111011111111111111110001101001110101010110100011110111000110001010101100001
10110100001010101111111110111110111011011111010101110101011000000000101010000010
00111001011111111011101110100110000100100110101010111010001000000101000011000110
11111111101111011111011101101010010011100111010101101101000110101001000000000000
11101111111011110111101111111001010010111000111111111101110110110010100000010000
11111110101111100111000111111010010111111000101101111110000000000100001110011000
11111011110101111110111111111101110100101000001100001000000000001110100000100000
11001111001111111011111111001110010001010110000101111110011000101000001000000010
01100110101011110111111011011100011101101100001111111010001000010001100110110100
01101001111001110100111111101110111100010111010001110110011101001100111000000000
01110011110000000001000111110011011101101111110010010010110000000000001001011001
01011101101010110000010000001001011010010100010100110110100000001000010000000100
00011001011011110100110101101000111100101110111000010011000110001010100000000001
00001111000010101010101011010100110110111110111010001010100100000000000000000110
01011100010011001000100000000011011011110110111111001101000100010001000111110000
10010111100010100000000010000001110101011111110000110110010010000101111010000010
10101110000011100000000110000000101111101110101010011000110001100010100110000100
11001110100000000001000011011001111111010010111111101000100100001000110111000100
01101111000010111010101001000111100000101100000001010000001011001001101011001100
00010111011001000001000000010011010101000100000110100110010011010000100100000100
10100010101100100000000010000010010001100100101100001100100001011010010100000001
00100100100010100110000000100001001101110000111000000001000110101000100101000111
11000000000100000001101000000010000000001100001001110010001000000000011110010100
00011000010000000011000100110001000000001100000001001001101001010001010000000001
11001010000000001000100011100010110100000000001000000101110010110010100010010011
11010010100010110010010001010000100001001100100000000100001001011000100001000111
11000100011100000010100000000100100111000100010000010000110011100010001000101001
10100100001001100000001001010000011100001001101011000011011000100000001100000001
00000001100000001010000110110100001000010011001000001000000000000000111100010000
01010000000001001010011000001101101100000101000001000100010001010001001000100000
10110101100001010010100011001110010011011000010000011001000010000010001111100000
10010000000000010000000100100101010000100101011001001111101001100100001000011011
00000001000001000001000110001001000001000000001010001010010110000100000111100000
00101001001101000100010010000100000000100010101100001001000100011111100000001000
00000000011000010000010001000010001011000010010000010110111100001101010010000000
01000010000100100000000010011000110000110010010000011111000101000001010100101110
00000110001101100000110110000011000011010000000100010011001000100001010000100101
10100000010100000000000000010010100011000001010000010000000000010011010011011101
01010000000010000000000001000000000110000110010100010000000101000100100000101100
00101100000001000000100100000001001000000010000100000001000000010000101010110011
00100110100001100100000001010100000000010000010010100111101100100000000011110000
00100100001011111000100010001000110100110000100000101000001001100000100010001001
00000100010101000100000100100011110011000000000101000000011011111000100001101010
