01110111110111010100000100000100010000000000011111111111111110111111010010000000
10000000000000111111110000100000001001000000000001000101111111111111111000100010
10000100100000011111110000000000000000000001001000000111110111111100111000000010
10001000001000111011110001000000000000000000000100000111011111111111111000000000
00010000000000011111010000001000000001000000000000000111011111111110111000001000
10100000000100000010000000000000000000000000001000000101101111111011111001000010
10000001110100111111110000000000000000000000011101011001111111100011011000011000
10000010011010111111110000000000100111000001011111111111111111111111011000000000
10100010011010101101110100000000000000000010011111110111111111111110011000000100
10000011101000111111110100100100000000010000011111110100111111111111111000000000
00010001110100001101110000000000000000000000111111111111111111101111101001000000
10000110001010011111110001000000000000000000000000000111111111110111111000000000
10000001100101111011111000010000000000000000000100000111101111111111101000000001
10000000000010101111011000000000000000000000000000000011111111111110111000000101
01010011110011000000010000000010101000010011010110111111111011110111111000000100
11111011010110000001110000000000001000001000011100111111101111111111111000000000
01111011111111000001000000100000000000000001011011111111011101001111001001000000
11101011111101000000110000000000000000000000011011111111111111111111011000000000
01111111010111000000010000100000000000000000011111111111110110111111111000000000
01111011111111011000000000010000110000010000001101011100111111010111111000000000
01110011111110010100011000011000000000000000011111111111111111111111110000000000
01111011111111110110100010000000000000000010011111111111111111111111111000000010
00000000000011000000100001111000000010010100001000100011111011111111111010000000
10000000110000000000000000001100000000000000100000000101110111111111111111110101
00000000000000000000010000010000010000000000000000000011111111111011111100110111
00010000000100000000001000010000000000000010010000011111111111111111111000000000
01000000010000001010001000001000010100000000000000000111101111110111101000000100
00000000000010000001101011001000100000000000100000000111111111110111111110111111
00001000000000000000101100110000000000000000000000000111111110111111111000100000
10000000010000000000000100000000011000001100000000000111111111101111011000000000
00000000000000100000000000000000011000000000010001000101111111101111111000000000
00000000000000000000000000000000001111101111100000001111011111111100111000000001
00000001000000100001000000010000000111111111100000000111111111101111111010000000
10000000000000000001000010100110000001111111100000010111111111111101111001100001
01000000000000110000000000000111000101100111100000000111111011111111101000000000
00000001000000000000000000100001101011111111100000000110111111111111111100000000
00000001000000000000001000000001100100111011100000000111111111110110111000001000
01001001000000000000000000000001111100011111100000100111101111111111111000000000
00000000000000000000000000000001111110001100000000000111111111111001111000000110
00000000010000100001001000000000110111000111100001010010110111111111111000010000
00000000000000010000000000000101110111100111100001000111111011111111110010000000
00000000000000000000001000000101111101111001100100010101111111111110011000100001
00000000100000100000010001000001111111011001000100100111111111111111011000100000
00100001000000101000000000000001111111011110100000100011111111110111111001000000
00000000001000000000000100010001111111011101000000000111111111100111111000000000
10000011111000111110110001000010000000000000000111111111111111111101111000000000
10100111111000011111111000000000000000000000000001110111111111111111111000000000
10010011111010110011110000000000000000000110010011111111111111111111111000000010
10000001111000101110110000000000000000000000010101111100111101111111111000000000
11000011111000001111110000000010000000011000011110011101111111110111111000000000
10000001111000111110111000000000000001000011011110011111111111111110110000000010
10000011111000111111110001000000010000010100011111101111101111111111111010000000
10000011001000111111110001000001000000000000010111110101111111111101111100000100
11111101111110111111110101111111111111101110111111111000000101111111111111111101
10111001101111111110111011111101111111111011111100110000000010101111100111111111
11111111101111111110111111111111111011101111111101111000000010111111111111111101
11100111111111110111111111111110111111111111111111111000000010111101111111111110
11111011111101101111111111011111111110111111111111101000000001111110011111111111
11011111111111111101111011111111111111101111111111111000000001011111101111111101
11111111111111011111110111111111110111110111111111111100000000011111111111111111
11111111111111110111111111111111111111111111111101111011100001001111111111111111
01111111111111111101111111110111111111111111111111111100011010111111111101011100
11111111111111110110111111111111111111111111111111111111110001000011001101111111
11111101110111110111111111111001011111111111011111111101111101000000110111111111
11111101111011011110111111001111111101111110011110111111111111000000101111111111
11111001111111111111111101111111111111011111111111111111111111000000101111111111
11011111111111111111111111111110101111011111101111110111011111100001011110111110
11010111011110111111111111111110111101111011111111011111101111100010001111111111
01111100011111110011111111111011111111111001111111111111101111011100011110111111
11111111110101110111111111011111110111111111111111111101110111010010101101110111
01111111111111111111011111111111111111110111111111011101111111101111110110111111
00000000000000000000000110010000000100000000000000001111111111111111111000001111
10000000000000000000001100010000100000001000000000010111111110011111101000001011
00000100001000001000000100000000010000000001000000000111111111111101010000001000
01000000000000000000000110011000010000000110000000000111111110111111111000010000
00000010000000000000000110010000000000010000000000000111111111111111111000100010
00001010000000000000000000010000000010000000000000000111111111111111101111000001
00000000100001100000000110110000000000100000000000001111111111111111111100000001
01100100000000000000010010010000000000100000000100100010110110111111111110010001
00000000000011000000000110010001010000000100000000000111011110111101111110001110
