000001110010011100111111100000
000010010011111110111001100100
000000100111001001101110001100
000010010001010011011111000111
010100001101111000111110011101
100000000111011111101111101010
101000001111111100011000110000
110100001111101010011011010011
000010110011111001100111100000
001011110001100100100100001000
111001111000111100011110110001
011111111100001100000011000100
010010111110010010000010100000
110111101010101100010000001001
111011111011010100110000001100
110001100111011000001101001001
010101010000100001001010100010
001101001000000010010011010101
111011001100001000000001110011
110110110010011001000011110011
111111110010000110000010010000
101111001110000100000001011000
101111011011100011011000100110
110101011001000101110100110011
110001101010100010110011010001
000010110010000001111101100001
001011000100011100000100000100
011110000001001001000010001011
000101010000000010110011000100
000110010010010101110001110100
