010010110000101000000101001001001011010100110
100111011100000000000010000000101010011101100
000001100000001101111100011101100010001111111
010011101110001010100100000001101001111111111
110100110010100111101100000000111110111111111
011100110001111000010000000100110000111111101
101111000001010001000000001100010100011010101
110011001011001000001001110001101000111011011
010100010101100100001000110000111111111111011
010100001011111001011000010111111011111011101
000110010100110010001001001000101111110101100
000001111100010000000000000011001110100101011
100011001110001000100010000011011111010101111
000001100111001000000010011111111001111111110
101101010100110100111011010000010000111011111
001010001000001010010100100000000101111010101
000110000010000101100001100110100010011100111
001010100100000010101000010111011010110111111
001110000000101011000010000101000100111100101
001001000100001100001100010100011100110111110
001010011110001001010010000000000000100101111
101110000000000100010001111100100111011011111
010000000000111000101001000100010010111111011
100000010010001010000110110100001000101011100
000000011000000110000101011101000010101100101
001000011100011001010101100010011111100010101
101000100010010000000100100010100011111111110
001001100100010011110111100011010111111111110
000000000101110011000000011101010101110111111
101100010101110001100000100110100010111010111
011111011110010010000100001001000000101110111
000011101100111001010010010110000111101011111
110110011111110001010001010000000001111001111
000010101011100100110100010110010011111011001
111010001111100011000110111101010100011111111
100100001110110100000100011110011100010110111
000111011111011101111011111111111100010111101
110111111110111111110110001111001111100101000
011111111100011110100111101101111110000000111
111111001011110011111010101110100011110010101
001111111100011101010111011111110111100100110
011111011111111001011111001110011110110000000
111111100110111111111101111111111011101110010
101110011001111011011110001111111011001010100
001111111101101111101110110011111111101100000
