0001101101111000100100101111011011101110111110011111001110111111001010
0000000010101100000000101111101000001110111001111001111010111010100000
0000011011101111100010001011011111101001000111111111110011101111100010
1000001011100100000000110111011101111111111010110100111011111111010100
1000000011001001110111011111011101011010111110110111111001011001101011
0010001101001011000000011100110101100001011111111111111111110111101001
1011010011001110100000001010011000111101111111110101110110111111000000
1000010000101100011101011110111111010111100011111111101111110111010000
0111101001010110000000001101111111010100011111010011101011000101011001
1011111010111100000000001111101110010100110110111111111111111011100000
1111000101011010000000001110100111111011010101111111111000111101100100
1000000011100111001000001111001011101001111110111111111101110101100101
1110111101100110010000000101011101111000100111011110101010101101010000
0111001111011010110001111011101010100001101010011011101011110100101010
0010011010111100010100101110111011011111111101110111010101111011000000
0010110000010000111111011101110111110111110111000101110011110111101000
1010101000000101001100101010010110111010111000101110110010101001000010
0000100100001111001100000111110110111111011111111111011111101111100011
0000000100010001110101111011000111111011100110011111111101111111011001
1000100100000011111011011111011110110110010111111111101101111111101001
0010100000000001000101110001110010111001110001111101111010011101001000
0000100100000101001110001110011111011111111010111011101111011111111000
1101000000000110101010001011101111111111010101111111000010110011001010
0001110100000101001110001110111100111001011111110011011101110111000001
1110111111110111101101110011000101111110101111101110001110111010100010
1101110111111011010101010001011111100010101111110110111011001111000001
1111101101110110111101111000011110111111111111100110010010111101001000
1111100011011101011110101100111101110010111011101111000110001011110000
0100010111100111010010110001001011111110011010111101110100110110001001
1011111110001011110111010111001000111111101101110101111110111010000101
1111101111011110000101110111110011011001110001100100011011111111110100
0011110111101001111101111111000011101011110110111010110101101111000000
1010000111110111111111100110101101001101110101101011111100110010000000
1011110110111011001001101101101110110111110001101101110111101111100000
1011011000111101111110111111110101010110101001011111111111101101000001
0001101111101011111111111011111001101110111010101011101011100111101010
1111101000111010111011111010111110010101011100110011011011010110001001
1101001111000011010101101010110011111011111111110011111111111011001110
1101100100100011111101101111110101110100111111111111101101100001001010
0011011100110111011011110010011111001100100100101100101010110111010100
1101101101011111101011001111011111110111010000010011010000111011011011
1101111011110011110111110011101111011110101110111110111000111011010000
1101111010010110110001011111110000111110010011101111011000111110000010
1010111011111011011100111110010110001111010000010111001111111010000010
1011111111011101011101011111100100010110011000111001011101111111000011
0110011110101011010110111111011011100110001000110110011001111111000100
0111111101110010110111111111111111011111011011010011111111111111001111
1111111111111110011111110100110100101110110111100001011101111111100000
1110010101111100111111101001100111110011011010000110011011110110000110
1011111101111011111110101111111001100011011101001010110011111111100110
1010110111111110111101111111000110111110111101101101010101110101100000
1110111111110111011111110001110011111110101110110010010011110110001101
0111111111111101101111000100110111110111010000100100000011001011010100
0111111001110011111010010110111111101100111011111111000100111101010010
1101110111111100011111011100011010111111011111111000000101111111000000
1000011101010010011101011001110111100110000110110010011011110000001110
1111011111001101110011101111011001111101000100101101100100010100000011
0011110111010111011101010100001101111110000111111111101100001111001000
1111011101111111111100111010111111110111111111111111011100010000100000
1101111101110111001111111010111010001101111111111111011110100011001100
1111101001101010111111001111011101100100111111110100111001000000000000
1011011110111101011111010110101101111001001011111111011011000010010000
1111011101000011011101111101111111011101111111111101101001010101000000
1011111111111011111111110111001101110111110011110110111001010010010110
0110110001110101010101001001001001010000000000010110000000100000000011
0001000110001000001001000001001000000001110000000000110000000101000111
1000110010000101001111100010100000011110100000100001000101010000000111
0001000000110000000000000000011000000101000001101101100100010001011000
1010100000000100110000101000000000010110101110101100010110000001111001
0000110010010000011100010100110000101000100010100001000010000000111010
