01011000111111110000000000000000000
10110110110111110011010000000100000
01011000111101111000000000000100000
11101100111011101000100010000000000
10110100111111111001010000001000000
01011010111011111000000000000000000
01000100111111111000000000001000001
00000000011111111000000001000001000
11111110011110100010000000000000000
11111111101111000001000000000000000
10111111110011001000100000000000000
11101011110010001000001100000000001
11011111111101010100000100000000000
11111111011010110000000000000000000
11111111100001011000000000000000101
11101111000011101001101000000000000
00111111001100110111000010000101000
00000000000010001011010000000100000
01000000100000001101101000000000000
01001000010000011110110100000000010
00010000001000010011011011000010100
01001000000000000101101010000000000
00000000000100010010110111000000000
00000000000110000001001011000000001
00010000000000001000111101000000000
00000001000000000000101110001000000
00000000000000000000000000011010010
00000000000000000000000000101101100
00001010000000000000000001110110000
01100000000000001100000000011010111
00000000000000000000100000101101000
00000001000000001000000000010010110
00000000000000100000100000010101000
00000000000000000001000000100101000
00000010000100100000000100000100000
