0100111111101000000010011
1001100010010110110000000
0001110011011101011001011
0110100000000101011000010
1111011110011101001011101
1010100001001110111001011
1000100000011001010100010
1000100001011000011000010
1110100000001111110101011
1010010100010011001000010
1000000000010011100010011
0110101101100110001011011
1010111110000111011110100
0111110010011011111001000
0100010011111100110101000
0011101011101100101000011
0100010010100111000010011
0111011110001110001010111
0011110101011101010001011
0000001010001010000000111
1000100000111000110001101
0010110010010110001010001
0000100000001000010110011
1011011111110001111100101
1010110010110001111111110
