0111100010001000000000111100011111001111111111100000000
1010101011111010000010111011111101101110101011111111111
1101110110000000000000111110011111111111110111100000010
1010110100000010100000111100011111111111101111100000000
1111011111111010000000111111111111111111111111111111111
0011101001000010101010111000011111111111111111100000000
0100110000000000000000111100111011111011111111100000000
0011100000000010010010111100011111111111111111100000010
1110100001100100000000111111111011111111101111111111011
0100110010110010100000111111111111110101111111111111111
0100100011011100000000101100011111110011111100111111011
0100100001101110000001011101111111111101111111101101111
1100100000110110000001111100011111111111111110100010000
0000000010111010000010101110111111111111111111100000000
0101110101011100000000110100011111111110011111100001000
0000000000000000101101110100011101111111011111100000000
0001010001000001011011110101011111111010111111100100000
0000000100000000101111011100011111111111111111100000000
0000010000000001110100111110010111111111110111100000000
0000000000000001011001110100011111111111101110100001001
0100010100000100110000111100011110011111111111100000000
0000000000011001110100111110011111110111111101110000000
1111111111101111101111010101111111110111111101110111101
1111111111011011111111101000011100111110111111110111111
1111111111111100011011010110111111101111111010011011011
1011101111111111111111101010011011111111111011111111111
0110100011000100001001001101011111111110111111111111111
0100100011010000100000100010011111111111111111111011110
0100101011010100000000101000011011111111111111111111111
1111111111111111111111111111101100001011111111001111111
1111111111111111110111111111110111010011110111100110110
1111110101111111111111111011011011101010111111111111011
1011111111111110111111101111101101100011111111101111111
1111111111111111111101101111101110111010111111111011111
0111111111111111111101111111100111010111111111110111111
0011111111111111111111110111101001100011011101111111111
1111111110011111111110011111110101000010101111011111111
1111110111011111011111111111100000100011011110111111111
1111111110101111111111111111111111111101101001011101111
1011111111111101011111101101111010110110110001111111110
1111111111111100111111111111111111101011011111111111111
1010111101111111111011111111111111110101101110111111111
1101111111111111110111111111110111111110110000110011111
1011111111111111111111110011111111111100110001011110111
1111111111011111111110011111111111101100110000001111111
1111111111010111111011110111111111111011100100011111111
1111111111111111111111110111101111110101111000011111111
0100100011100000000001111111100101111111111101101110000
0100100011110000000000001111110111011111110111110111000
0100100011110000100000110110111110111111110111111011110
0100100011101000000000111111111111111101111111111100100
0100100011110010000100111111110111111111111011101100100
0100100001010000000000110111111011111111111111100111000
0110100111110000000000011111111111111111111111100100001
0100100011110000000100111110110111111110111111100000010
