01110100111011101100101010000010110110111011100111011001100111111
10111010010010000000000100000000111111011011100111111101111111111
11011110011111110000000000000000111111101011100001111111111111111
11101111111111100000000001000100111111111011100111111111101110101
01110100111111100000000000000100111111111011100110111110111111111
10111011011110000001000000000000101110010011100111111111011110110
01110101010111000000000000010000001111110011110101111110111111111
00010110011111100000000000000000101111011011100111111111111111111
10011000000000100000000000000100111101110010100111011111111111111
11111111001110000000000000000000111001111011110111110110111111111
10111101010110000000101000000001111110111011100111111101111111111
00111111011011100000000000000000111111110011100111110111111011111
11111111011101000000000000000000111111111011100011111011111111110
10111011000110100010000100010000111111111011100111111111111101111
10111001100101000000000000000000011101111011100101111111111111110
00100000000000001111010000100000101111101011100111111111011111111
10000000000000010100100111100011101110011011100111111101011101111
10000000000000011000110111111111101111111011100111111111110111011
00000000000001010000000111110111011101111001110111111111111111111
00000100000000010000111111111101111111111011100111111110111101111
10000000001000001101010000000100111111111011100111111111110111111
00000000000000010101100000000010111111111011110011111101101111111
10000000001000000001000011111110111111011011100110111111111110011
01000000000001001111000011011000111111101111100011111111111011111
10000000000000001111001101101010111111111011100111111101111101111
00010000000000001111001110111010100111010011100111111111111111111
00000000000000011111001011011010111010111011100111111101111111111
00000010000001000111001101101101111111111011100111101111111111111
00000000000000000101001111110100101111111011100101110111111111111
00011000100000000111101000011011111110101011101111101101111011111
10000000000000001110011011100100111111111011100111111111110111111
00000000001000001111000000010100010111111011100111111110111111111
11111101111111011101111111111110011011100000000011111111111111111
11111000111111100011111110110111101111010100000111111111111111110
01111111111111111111111110111110110110001001100111111111100111111
11111111101111111111111111011111011011110000000011111110001111111
11111111001111011101111111111111111101000001100111111110101111111
01111011110111110111111111011011110110001011100010110111111110111
10111010111111110111110110111111100100000000000011111111111101001
11011111111111101111111011111011010100000000001111111111011111111
11111001011011111111111110111111001001000010111111101011101111111
00000000000000000000000100000000010000000000000111101111111011111
11111111111111111101111111111111000001001000001111001010111111111
11111111011111111111111111111111001011000000001011111011111110111
11111111111111111111111111111111001011001000011011111110111111111
00000010010000000010010000000000000000001000100111111101111111111
00000000000000000000000000000100000000011011100111110111111111111
11011111111101111111101011111111011010011110011011111101111111111
11011101111111011111111111110111111111111111111100011111111111101
11110111111111111111110111111111111110111111111100000111011111101
01111111011111111111111111111111111111111101111100000111111111111
11111111111111111111111111101011111111110001111110001001111111111
11111111101011111111111111110111111110111111110110010011101111101
01111111111101111111111111111111111111110100111111100011111111011
00111111110111110111101101011011111111111111101011101101111111111
11110101101111111110111111111110111001111101011111111110111110111
11111011111111100111111111111111111011101111111110111111000011110
01101111111111111111101111111111110001110111111111110111000001011
01111111111111111011011111111101110111111111111111111111000001101
11111111111011111111111011111011111111111011111111111111000000011
11111111111110110110111101111111111111011111111111111111100000111
11101011111111111111110111111111111110111110111111111110111000011
11111111111111111011110111111111111111011111111111111011101010011
11101111111111111111111111111111111111011111111100110111110111101
11111011111101011111111111111111101111111111111111111111011111110
