0101011001011000111010101
1000110000100001110111110
0000001000100010111100000
1000001101110001100000000
0100001001001011101000000
1100000010010101100000001
1011100110100101111100000
0001001010101011100000001
0000011100101001111110010
1001100000001100000010010
0111001110000110000000100
1001010000001110101101000
1000100111010000010001010
0000011001110001111010000
0010100100110001111011100
0101111110000110000000010
1111111110010110010010100
1110001010001110101000101
1010101010010110010000001
0110001010010000000010111
1100000011000110100101001
0100000000011010000010000
1100000000100010110100010
0100000011001001000100101
1000010100000000011110010
