00011111110001111111111010010011010011111111111001000011101111111111000111111111
00011011100001111111111010010101111111111111100000000011001101111111111111101111
00000100100000111111111010010110111111111111100100000011001111111111111111111111
11001010000000111111111010010101111011101111100000000001001111111110100100111111
11010011101000011011101010010101111111011111000000010011100111111111111111110111
10100000000001111111111010110101111111111111100100001011001011101111111111111111
11011000100010111111111010010101111111111011100000001111001111111010101111111111
11001000000010111111101010010100101101111111100010000011001111001111111111011111
11101010000000110111111010010101111101000111100000001011001100111101011111111111
10000000000110111111111110111111111101110111011000000011001110101101111110101111
00001000000010111111111011010100101111111111100000000011001011111100111111101111
00000000010001111111111111001110111101111111100000000011111111111111111111110101
00000011011001111111110111111111101011111111100000000011101110111111111111011110
11000100000110111111111111111111111111111111000000010011110111111111111111111111
11110111111111011000100111101011100110101111100010000011111101110111111111111011
11111111111111100000101111111011111110011111100000000011111111111111011101111111
11111111011111100010000111110110111110111111100000000011111111111111111111110001
11110111111111000000001110111111111101111111100000000110111111111110110111111111
11111111111111001000001110011111111111101111000000000011111111111111111011111111
11111111111111000000001111111111111111111111000000000011111011111111101111111111
11111111111111110000000111111110111101111101100000100001111111111111110111111110
11110110111111000000001111111111101101111111100000100010111101111111111111101111
11111111111101010111010111111110101011111111110000000010111111111101111011111110
00000000010111111111111011001001111111111110100100000011111111111110111111011111
11111111111111111111111100101101111110011111100000000011111111111110111111111111
00000000001111111001111100110101111111101111100000100011111111111111111111111111
00000100010011111101111011011001011111111111100000000011111111111110101111111111
11111111111011011111111001101101110111111011100000000011011111111011111101101101
00000000010111110111111110110101111101111111100000000011110111111111101111111111
01111111111111001111111011011011111111111011100100000011111111101111111111111111
10100000010111111111111000000101111111111111100000001011101111111111111111111111
11011110110011110111010111111110100011111111100000000011111111111011101111011011
01111111111111111111111111011111010010111111100001000011111111111111110001111011
11111110110101011111100111111110100011110111110000000011110110111011100111111111
01111111111111011111111111101110000010101111100000000011101111111111011111101111
01101111111101111111110111111110000011111111100000000011111111110111111111110111
11111110001011111011001111110111111101110000000000000010111110111111111111001111
11111111111111000111111101111111010110111000000010000011111111111111111111111111
11110111011111101111111101111111111111010100100000010011111111111111111111111111
11101111011111011101111110111111110111101111000000000001101111011111011111111111
11111111001111111111111111111111101101010101000000000011101111110110111111111111
11111101111111111111111111101011111100111010000001100011111111011111110111111101
11111111111111111111011111111111111100010101100000100011111100011111111111111011
11111111111111111111111011111111111100011010001000000011111111111111111111111011
11110111101110111100111111111111111100100010000000000011111111011111111111111111
10000000010000000000001000000000010000000000001111000011001101110110111111111111
10000000010000000000000000000000000000000001010111100011000111111101011111101111
00100100000000000000000100000100000000000000011011100111001111110111111111111111
00000001000000100000000000000000000001000000011101101011001111111111111111111111
10000000000000000000000000000000100000000100011110011011001101111101111111111111
00000000000000000000110001000000000000000110001110010111001111111111111111111011
00001000000001000000000000000000000000100000000001101011001111111110111111101111
00000110100000000000000000000010000000000000000011010011001101101111111111111111
00000010000000000100000000000000000000000000000100100001101111111111111111111001
11101111111111111111011111111111111111101111111111111001000000000001111111110110
11111111111111111011100111111111111101111111111111111110101111111101101111101011
10001000000111111111111111101111111111111111100000000101001111110111111111101111
00000000000101111111111111111101110111100111100000000000000010101010111111111111
11110111111110111111111111110111101111111111110111111101100110100011101110101111
11111011110111111110111111111111111111111111111111111101101011011111011100111011
10111111011111011111101111111111111111111101101110110101111101111111011111111111
11111111001101111111111111111111101101111101111111111101100110101011011111111111
11111110111111111111111111111111111111101001011111111101111011000011110111111111
11111010101111111111111111111011111111111111111111110101100110000011111111110001
11111111111111011111111111111111111011110111101011111101010111000011111011111110
11111101111111111111111111101110101111111111111111111101100110000011111011110111
11111111000111111111110111111111111111111111110110111100111111111101101111111111
11101101110111111011111001011111111111110111101111101111101111111110110100111111
01111111011111101111111111111111110111101111110111111111111000111111011011111111
01101101111111111110111111010110101111111111111111111110110111111101100111111111
01101111111111111011011111111111001111111011111111111111111111011110100111111111
11111111111111111101110111111111011111111111111111111111111111110011011001111010
11101111111111101111111111101111011111111111111111111111111011111110111001111100
11101111101111111111111111111111111111111111111111111111110011111110111110111000
11111110111101111111111011111110111101111111111111111111111111111111111111001111
10111111100111111111101111101111110101111111110111101110010111111111111111001111
11110111111011110111111111111111111011111111111111111101111111101011111111110111
11111111111111010111111111111110011111111100111111011010111011101111111010111000
11111111111011110111111111101111111111111011111111111011111111101111111100111001
11111111111101111111010111111111111111111111111111111101111111110111111000111010
