01100000001000000000000001000010010100010000000111011111111111111
10010110001111100000000000000100000000000001000101111111111111111
10001000101111100010000000100000001000000000100011111110111111111
01000000000010000000000000000010000000100000000010111111111111101
00100000000000100000100000000011000000000000000110111111011011011
01000010000010000100000000001010000000000000001001111111111111111
01000100010000000000000000100000000000001000100011011011011111111
00000000000000000000000000001110000000000000000011101111111111111
00100000001111000101110100000000000000100000000010111111111111111
00000010000101001000000000000011100001000000000010011110111111111
11100000100111001000000000000001000010000000100011111111111111111
01100000111011000010000000000000000000000000000011111111111111111
01110100101101000000000000000000000001000000010011111110110111101
01100000111110000000000000001000000000100010001011111111111010110
01101000000000000111111000010000000001000000000010111111111111111
00000000000000000001111000000000001100100000000111111111111111111
00000000011000000000111010000000011000000000100011010011111011111
00000100100000100011111000001000000101000010100001111111111111111
00100000000100100101010000000010000000001000100011111111011111111
00000000100000110110001110010000000000010000001101011111111011111
00001000100000111100011000000010000000000000010011111111111111110
00000000100000111110101000000000000000000100001011111111111111111
00000000000000111101110000000000010000010000000010111111111011111
00000000100000000001000001001100000001000000011111111111111110111
00000000000000001001000000001100000000000110000011111001111111111
10000000000000000000000100000100000000000100010011111011111111011
00100010000000000000000000000010000000000001000011111110101110111
00000000000000100001000000000011001000000000000011011111110111101
00000101000001000100000110000010001010000000000011111111111101111
01000001000000000000000111000010000000000000000001111110101101111
10011101010000000010100000111100000000000110000011110111111111111
00001000011000000000000000010000001101011000100011111111111111111
00000000010000000000000000000000001011110010000001111111111111111
10000000000000001000001000000000000111110000100011111111111010111
00100000000000011000000000011001100011111100000011111111111101111
10000000000000010100000000000001010001110000000011111111111111111
00000000001000000000000000001000111000110000000011111111111101101
00000000010010100100000100000001111100111010000111111111111101101
00010000100001010000000000000000111111010000100011011111101011101
10000000000000000001001000000001111111100000000011110011111111111
00000010000000000010000000000001001001000011001111101111110111111
00000000000000000000010011000010001000000000111111111101001111110
00000000000001000100000010000010100001001000001011111111111111111
01000000000000000000000000100000000000001000010111111111101101111
00100010001000001110000000000001010000100100001011111110111111111
00000000000010000000100101000000000000000101000111101111101111111
00000100000001000001010100000000000000001110100011111111111011111
11001000000000010001000100000000000001001101010011111111111011111
10111011111111111010111111111011011111111111111100011011111011111
11100111001111011111110111111111111111111111111100000011111111111
01111101101111110110111111101111111111011111111100001101111111111
11111110111111111111111111111111111111110111101110000101111111111
11111111111111110111111111111101111111101111111110100101111111111
11111101111111110111111100111111111111101111111100111000111111111
11111111111111111111111101111111111111111011111111000001111111111
11011111101101111111111111011011111111111111011111111010111111111
11110101111111111101111111111111111111111011111111111111000011111
11111111111111111111111111011011111111011010101111111111000010101
11111111111101111111111111101111111111110111111111111111000001111
11110111111110110110110111111111101111011111110001111111000001111
11111111111111111111111111110011110100111110111111111111110001110
11111111111110111111111011011111101111111111111111111111101110000
11110111111111111111111110111111111111111111111111111111111110001
11101111111101111111111111101111111100011111111111111111101110001
11111111111110111111011111111111111111111011111111111111111100110
