0110100100100000100000111100011100000000
1010000000000010000001111100001100000000
1101000000111101010000011000001100000010
0010110001111100000000111100001100000000
1001000100000000100001111100011000000010
0001000011000000100011110100001100000100
0000000100000100110000111100001010010000
1000101011001000000000111100001000000000
0000010100000100000000111100001100000000
0001010100001101000000111100001100000000
1011000000001111000000111000001100000000
0011000000000111000010111100001000001000
0011000101100011000000111000001000000000
0011001011110001000000111101011100000000
0100000000111000000100111100001100000000
0010000001111100000100111100000100000101
1000111000000000010011111100001100000000
0010001000000000100011111110001100000000
0000000000000000000011111110001100000000
0000000000000011000001111100001100000000
0000010000010000111000111100001100001000
0100110000000000111100011110001110000000
1101111111111111111110001100000010000010
1111111111111111111111000100000001001000
1111101111111111111111100001001100010001
1101111111010111111111110000000100000000
0000000000000000011001000000101100000000
0000000000000100000000001000001000011001
0000000000000000000000000010000010000001
1000100000000100000000000000000000110000
1111111111111110111111001011000000000000
1111010011100111111111001110000000000000
0000001000000000000001100000100000000110
0000000000000000000000010000000000000011
0000000000000000000000000000010000000101
0000001000000000000000001001010000000010
0000000000010000000010010001000000000010
0000010000000001000000000000000010100011
0010100000000000000000100000000011011101
0000000000000001000000001001100001100110
