01101001111111111111110111111110011011000001000011011011111111100000001000000011
10110100110111010111111111111111101111111101110010011011111111100000000001000000
11011100011111101100111111111010111111011110110011011000110111100010000001001000
01101001111111111111111111111111111111000000000000011011111111100000100001000000
10110110111111110111111111111111111111111011010010011011111111100100000000000000
01101011111101101000011111111101111111000001000010011011111111000011000000000000
00001101111011111110111111111111011111000000100000011011111111010000000101000000
10010110111111111111111111111111011110000000111010010011111111100000000000000000
11011111011010011111111011111111111111101111111100001011111111100000000001000010
11111111101100011111100111111111011011011111010000000011111111100000000000000000
10111111110000111111111111111111100011111111100010011011111111100000010100010010
11111101010011101111111111111111111111101111111000001001111110110000000000000101
11111011100100011111111101111111111111011111100000000011111011000000000100000000
11111111000100011111111111110110111111111101110000001011111111100001000000000010
10111111001100011111011110111111111111101111110000000011100111100000100000000010
11011011111011101100111101111111111111000001000010011011111011100000000000000000
10110111111111110100111111111111110111000000000010011000111111100000000000000000
11111011111111111011111111111011111111111111110010011000111010101001000000000000
11011011111111100100111111011111111111110110110010011011111100100000000000000000
11011001111111100100111111110100111111111100110011011011111111100000010000000000
11111011111111011111011000011111111111111110110010001011111011100101101010000000
11111111101111111111101101000111011111111111110010011011111111110010100000001100
01111111101111111111110110000111101111011011110010011011111111100000010000000100
11111111011111111111011011100101101111111111110010011111111111100000000000001000
11111111111101101111001101111111111111111101110010011011111111000000000010000000
11111111111111011111010110111011101111111111110010111011111110100000110000000001
11111111111111111101000111000111111110111101110010011011111110100000000000001000
11111111111111111111100011001010111111111111011010011011111111110000000000000100
11111111111110111110100011010111111101011111111010011011111111001000010100100000
11011111111111111011111110101000010011111111100010011011111111100000000000000000
11111011111111111110111011111000011101111111110010011011101111100001010000010000
01011111111110111110111111101000000011111111110010011011111111111000000000000001
01111100101111111111101111111000001110111111110000011001111111100000000000010000
10111111110111111111110010111110000011111111110010011011111111100000000000001000
11111111110111110111111111111010100010111111110010011011111110000000100000000000
01111111100111111111111111111010100000111101110010011011111111110001010101000001
11111111111111111111111111110101111000111011111110011001111111100000000000000000
11111110111111111111111111011111010000111101110010011011111111100000010001001000
01001000101101100111110111110111111111000111010010011010111111100000000000000100
01101000011011000111111111111111111111000000110010011011111101110000000000000000
01101000111111100101111111111111111111000000100010011011111111100000000010000000
01100000111111100111110111111111111101100011000010011011111111100000000000000100
00101000111110100110111101011111111010100101000011011011111111110000001000000000
11001100111111110100011111111111111111100110000000011011111111000000000001000000
01100011101111100111111111101111111111011000011110011011111111100000000000001000
01101001110101100111111111111011111111110000100110011011111111100000000000000001
00000001100100000000000000011000000010000000100101110011011111100010000000000000
00000000100000000000000000000000000010000000111001101111100111100000000000010000
11101101001000011111111111111111011111111110110000010111111111100000000000000000
10100000000000000001000000000000000000000010001100001111111111100000000000000000
00000000000000000000000001000000000000000000001100001111001110010100100000100000
11111111001000011111011111111111111111111111111010001111111111101000001010100000
11111110101101011111111111111111111111111111110101110110111010000000000000100000
00000000000000000000000100000000000000000000000111111011111111000001000000000000
11011111111011110011111111111111011101111111111111111100001010100010001000000000
11011111111111110011111111111111111111011111111111110100000111100000000000000000
11111111111111111111111111111111111111111111110111011100000011100000110100000001
11111111111111011111111111111101111111111111111011011100000011100010000000110100
11011111111111011111111111111111111111111111111011111110000001100000010000010001
11111111111101101011011111111111111111111111111111110101000011100000000001000000
11111111111111111101111111111111111111101111111111111111110101000000000000100000
11111111111011111001111110011111110111111111111111010101111110100000000100011011
11111001111101111111111101110111110111111110111111010011111101001100000000000000
00000010000100000000010000010001000100010010000000100000000000000000111100000100
00000000000000000100000000001001000000000000000000010000000000100010101100010000
00001000000000000000100000000000000000000000000000100000000000100000011100011000
00100100000000000000010000000000000000000000001000000010010000001000011100000000
00000100000001000100100000000010000100000000000000000100000000000000000100001000
00010000000000100000110001000000001000000000000000100000100000011000000100001010
00000000001000000001001001001010000101000000000000000000101000010110001110000000
10000000000000000000100000000000000000000010000000010010000000011110010100001000
00000010001010000000000000001000000100000000000000000000100001011111111001000000
00000000000000000000100010000000000000001000000000010000000000000000010001101110
01110010100000000000000000000000000101000001000000000000000100000000000110011100
00000000000000000000000000001000000000000000000000111000010010000000000010001111
00000000001000000000000000000010100000000000000100000000011001001100000001000111
00100000000000000000010100100000010001000000100000000000000001000101101011100111
00000000000100000000011000010000000000100100000000000000010000010000000011111010
10000000101001100000000000000000000000000000000000000000000001000000100010111101
10000000000100000000000001000001000100000000010000000000101001000000000000111010
