0101010000000000000000001000000111111111
1011101101101111111000010010101111111111
0100000001010000000000000000000111111111
1100000100001011110000000000101111110110
0100010000000100010000000000000011011111
1000100000011111111000000100000111111111
0100000000111110000000000000100111111111
0101000000010101000000000000000111111111
0000000000010000000000000000000111101110
0110000000111110111001000000001111111111
0100001001011011111000001000010111111111
0010011111100000000000000001000111111110
0101011001100010011000001100011111111111
0100111101000000011000100000000101011011
0101011001101000001000000001101111111111
0101010100100000110000100000001011111111
0101010001100001011000000000000111111111
0101110001101101101000100000010111010111
0100010001101110110000000100001111111111
0000000000000000000000111000000111111011
0000000000000000000000011000000110111111
0000000001000000000000000010010011011111
0000000000000101010100000000000111100111
0100000000000000000110000100000111111111
1000000000101000000110000001000111111111
0000010000001000001000010010000111011111
0100000000000000000001000100010110111111
0000000000010010000000001000001111011111
0101001000000010000000000000001111111110
0000000000101000010001000010001111111010
0101000001001011001000000001110111111111
1111011111111110111110111111111000001111
1111111111111011111111111111111000001011
1111111111111111111101111101111000000100
1111011111111011101110111010111000000100
1111111101111111111111011111111000000011
1110111111111111101111011111111110000010
1111111111111011111011111111101101100001
1111111111111111111111111111111110011001
1110111101101111111111111111001110010110
