00101001000000001101101110011111001100100110001000110100000000000
00100000101011010110111111001000010111111111111000001110000111000
11000100011010110111011111100101010100000101001011111100011110011
00000000000011111111100111010010100010111111111010110110000000000
10000011101110111101010100010010000101110010110100101000010110110
00100001101001110111110001111110010001100001111101101100010000010
00001001010000100001110111111111000100001011100100101110100001100
10001110100001011010111111001111100111001011111101100100001110110
01001101000101101111010011111111110000000111010001101110100001000
00100010000011011011111111101100000010100011111100001000001011000
01101100000111111110100011111001010111000111011101101111000011000
00001000101011111111101101101111011010000111101010111101001100101
01111000011101011110110111011111010110111101111100111101000010100
01010101111110111010010111111000011110111001011000111100000010000
00111110101101000011111111101110010111111110011011001100000101000
01111101011111000001011011110000011011011011011000100001000000100
10011001111111000000011110110100010111011100101000000000001000100
11111100101110000001100111111111010111001111110010101000110001000
01110101111111100000111111010101111011101111010000100010000000100
10111110110100110100011011111110010101111101011100001111011000100
11010111011110100110001111011100000001111100101101000110010101100
01101111110011111011001111111010111111011110111000111000101101111
11100001010100111011110010000111010111011010100100001010000011101
11111011010111101110110001111011110000110111100100010100010000000
11110011111011111111111001111010111100010011100000010011100000100
01110111111111110111110110000011000111110110101100101110000010000
00100110111101111101010110010100110001111010011101001100110000001
10011110101011011111110110101000110111110111011101000001000101101
11000111111111100101110110010111010111010110010000101011100011000
10100111110110101111101000101010110101111010011101001010001001000
10011111100110100101011111001100000111111101110011101100001000101
10100011101110000110001101001000010011010010110101000000000011000
00010001100000000010010110110100001100111111110000010000001000101
01100100101111111111011110111101000111110101101000100100001000100
10000000000101010010010010000000100001011011100000000010000000100
11101011001011101101011011011110110011100100110100111001000101001
01010001011111111110011001011011010100111010111011101101110000000
01001101001000111111111001111111011100101111000100001100000100011
11011100010011100011100101110110110111000010010000101110101000000
01011000000011111001111111111111111010000011101100101110100000111
01010011000011111111111000100110101011000010111001001110000010001
11110000101110101111110101011010110101000010111011111110000111000
11011011111100110110011111111101101011111100111000000110000010010
01110111111111010111000110010010111001010000001100000100011000000
01011111010110001100111111000011111110011110011100001100011000000
01011101111011110111010000111111100110101110101111101100000100110
11110101011111111001110001110100010010011111110100111111001010001
00001111011010000001101101110101000101010001111000100110010000000
00110000000100100100000000000010000010000100010000101100000000000
00100101101000100000100000110111000010001100010000000000010100001
10111111101111010110010001001010010110110100011110000100001101101
10110000000111000000010110000000100100000100001000001110100000000
01101110111111100101011001101110000111111100111010010000010100001
11110111101111100001100101100010010011111111111110110011000000000
01010010101000000011101011001100001000111110001100010101101010100
00000000001110010001000010011000000110000000001000000110000110001
00000010100000000100010010101000000010110000000000010010011111000
00101100000000000101100100100000000010000001100101001000100010010
00100001010100001001010000000110110000100001101000100010100100110
01101001000100100000110000010000000101000100010001101001101010000
01101001011011000000001001001001000000001110001000000011110100100
01000010111000100100111000011101000100000100000000100000100000001
00001011000110011011111010010010111000010000010000100010001010011
00101101000000000000010000000000000001010010010000000000011000100
00100000000100000000011000110010100101011000001001101001000001100
