000010011110111111111111110111111111111111111111110010010110111111110111011
001100011101111111111111111111111111111111111111111010000111111111110111111
010010001010100011111111111110111111111111111001100000001010111011011111111
010001011111110110111111111011111111111111111111110001000011011111111111011
101000011111111000001001101111111111100111111010110100000000110010011011101
000100111101111101111111111110111111011111110110110000000001111111011011011
000001001111111111111111111111111111111111110101110000000011111111111110111
110111001110001111111111101101010011101011111111110000000011111111111111101
111111110010111111101101111110011001111111110111110000010011111111111111111
110111110011001111111111101100111111111111011111111000000111010111111111111
101110111101101111011110111111111111111111111011110000001011111111101111111
010111100110001111111101111110101111110111111111110000000010111011111111111
111111101010001110111111111111111111111111111111110000000011110111111111101
110111101000001111011111111111111111111111101110111000000011110111111111111
110011111111110100111111011011111111111111111110101000000011111111111111111
110101111111111011001001111111111111111111111111110000000000000010001111111
111100111111110101001000111111111111111011100111110000000000000001010111111
111001111111010110111111111111101111111111111111110000000011110111111111111
111101111101101001011001110111101111110111111111110000000000000000011010111
111101110111111001101101000000001011111111101100110000100011111111110111111
111111111111111111110111110000000011111110011111110000001001111111111111111
111101111111111001011010011111111011111111111111010110000011111111111111111
111101110110111001001100101111111101111111101111010000000011111111110111111
111111111101111101111000001111111100101111111111110000000011111011111111111
111111111111110111101010000000000011111111111111110000000011111111111111111
111101101011111111101100001000010011111111111101110010000011101111111011110
011111111111111111000111010110000011111111111111110010000011111111111111111
111011111111110111100111001011010011111111011111111101000011111011111111111
111111101011111111100111001101100111111011110101110000000011111111111111101
110110110010111111100111000110101011111111111111110000000011111111101111111
111111100111111111100111000011000111111111111110010000001011111111111110011
111111111110111110000111010100001011111111111101110000000011111101111011111
111111101111111111110111000001010011111011111111010000010011111111111111111
111111100111111111100011000010100000110011111111110000000011111111111111111
111111110111111111111100111111111000100010111111110000001011101111111111110
111111111111111111111110111111111000100001111111111100000011011110111111111
111110111111111111111111111111111111011101111111110000000010111101110111110
111101101111111111111110111111111100100001111011110001001010111111111111111
111101111110111111011111111111111000100011111011110000110011111111111111011
111111101111111101111111111101110000100001111111110000000011101111111111111
111111111111111111111111111111111110001000111111100000000001000111111110111
111111111111111111110111111111111101111100001010110001001001111011110111111
111111111011111111110111111011111111111110000111110000100001101011110111011
111111111111101101101101111111111111111110000111110000010011011101111111111
111110010111111101111111111101111111111111000000100000000011111111111111011
110101111101111111111111111111111111100110110000100000000010111111111111111
110111011111111111101111101101101111111111110001010000000010111111101111111
111100111111100111101111111111011111111110110010010000000011111111111111111
111111111111111111111001111111010111111111111100010000001011111111110111101
110111111111110111111111111111111111111101110011100000000010111111111111111
010000000100011000000000000100000001000000000000000000110100110000000000000
000010000000000000000100000100000001000000000000000011010100000000000000000
110000000000000000000100011000000000000000000000000100011101000001000010100
000100000000000000000000000100000000010001000000000100000000100010000101000
000000000000000000010000000000000000001000100000001000011101000100101001011
100000001000000000000000000000001000001000010000001110101100100000000000010
001000000010000000001000000000100010010001000000100010110100000000000100100
110000000100000000000000000000000000000000000000001110111000000000100000001
111100111111111001010111111111111111111100011111110000000000010011111111111
010101111110111001011111111111111111001111111001100010100000001011111111111
111011111011111001011111111111111110111101101111111001010000000111111111111
111111111111111001011111101111111101111001011111111000000010000010011111111
111101111011001000011111111111111111111101111111110000000001000001011111011
110101111110111001011110111011111111111110011111110000100000100000111111111
111111111111111101011111111111101111011111101111110001000011110000111011111
111101111111111011011111111111111110111111111111110010000011101000111011101
110100111111111001011111111111111111111111111111110000100111100111011111111
111111111101111011111111111110111111111111111101110000000011111111100111110
001111111111111101101101111111111111011110011111010000100011111111100001001
111100111111111111011111101111101111111111111111110001001011111100110000111
111111111111111111111111111111111111111111111111110010000011111111110000011
111111011111111111011111111111011111111101111111110001100011111111111000101
011010111111111111111111111111011111110111010111110010001011110111110101011
111101101111011111111111111101111111111111111111010000110011111110110110100
111111111111111111111111101111111101011111111111110000100111111111101111100
