011111111111100011101100000000000000011111010111000000010000000000111111111
100101111111111000000000000101001001010000000000000000001000000000111111111
100101111111110000100011101111001001010010001000000000000111111111111111101
111011111001110010001011111111000011100000001000101000100111111111111111111
100101011011111111111111111110011001011101110111000000000110011111111111101
111110111000001111111011111101001011011011110111011000010111111111110011111
111101011101111111111111111111001001011101110111010000000111111110101011110
111111100101101111100101111111001001011111110100000001000111101111101111101
111111100110001111101111111111101001011111110011000000100101101111111111111
111000111011001101111101101111010011001111100111000000000111111111110111111
111010001100101111111101111111001000011111100111000000001011111111111111011
111110110100011111111101101100001001011111110111000000100111111111110111111
111110110010001111111111111111001001011101110110100000000111111111111101111
011110100001001111111101101111101001011111110111000000000111101111111111111
010011111111110000101100001001001100010110111111000001000000101010011111111
000011111111110000010100000000001001001111110111000000101010000000111111001
100111111011110000001000000001000000011111111110001000000000000000111111111
100011111111110000001000000001001001000000000000010000000100110000011111101
101011111111111000000000000000001001000000000000000000000000000100111110111
000011100111110100000100100001011000001000000000000000000000000100111100111
100111101111111011000101100001001001011011110111000000000000000000111111111
100010111111111100011000000001001001000000000100000000000010100000111111011
001111101000100000000001110100000000000000000000100000000000000000111110101
001111111111110000001010001110000000000000000000000010000001000000111111111
001111111111110000011010010100000000000001101001000000000000000000111111011
000111111010100000000010100110000000001010100000000000000111111111011111111
001111111111111000000001000010011000000100010000000000000111111111111111011
011111111111110000000011110010010000000100000000000000000111101111111011101
001110111110110000000001011100000000000000000000000000010101110111111111111
011101111110111011011100000000001001111111110111000000000100010000111111111
000000001000010000000000000000000101100010001010000000000000000000111111111
000010000100000000010000001100000010010000100000100000000000000000111111111
011011111011111101111100001001000001111101110111010000001000100011100111111
000000000000001000000000000000100000100000000000000000000000001000111111111
000101000100000000000000000000010000000000000010000010100000000000111111101
011111111101110101101100000001101000111111110101000000000000000000111111111
000100000000000000000000000001101101000001000011000000000000100000011111111
111011111011111010001000000001011001000011010111100100000000000000111111111
100011111111110110011000010001001001000011110111000000000001000101111111111
100010111111111110000000001101001001000000110111000010000010100000111101111
101001011111011110001000010001100001011000110000100000001000000010111111111
100011111111110110001000100001001001111000110000000000000001000000111111111
000011111111111110001000110001011001001111000000100000000000000000111111111
100011111001111110001000001001001001011111000111000000000100000000011111111
001100000000001010000000100000100000000000000001111111010000000000111111111
100011110111111110001100000001001001011100010001010000000000000000111101111
100011101111111110001000000001101010111100010000010000000000000110111101111
100011101111011100001000100001001001111100011100100100000000000000111111111
000100000000100000000010000000010000010010101001001111011000000000011111011
000001100000000001000000000000001000000000001110000100011001001000111101111
000101000000000010000000000000000000000000001000100001111000100000110111111
000000000000000000000000000000000000010000001001110000011000000100111101111
000000000000000000000001000000000010000100001000100000011001000000111111101
000000010000001000000000000000000000000000001000101000111001100000111111110
000100001001000100000000000000000010000000000000001001010100010000111111111
100001000000000000000000000010000000000000001000111111101010000000111111111
010000000010000100000000000000001000000010000000111111010000000000101111101
001111111101110001000000011111000000000000010000000000100000110011001111111
001111110111110100000100011100000000000100000000000000010000000001110111111
001101111111110000000001011110000000001001000000010011000000001111111111111
001101111111111001000100011110001000100100000000001001000100001111111111111
001111100111100001000000011011000000000000000000000000100100000001111111111
001111111111111000000000011100000100000000000000010000000001100101101111011
001111111111110000110000011110000000001000000010000100000001101000110101111
001111111111111000000000011110001000000010000010000000000101100001111101101
001111011111110000000000011110001000001000000000000000000111111010011111001
111111111111110110111111101111111111011111101111011111111011111110010011111
111111001111111111111111111111110111111111111111111111110011110111100001111
111110111010111111111111111111110111111111111111110111111101111011000000011
111110011111111111111111111011111111111111111111111111111111111111000000011
111111111111011111101111111111111111111011111001101011111111111001100000010
111111111111111111001101111111111111111111111111111111111111111111110000011
111111111101111011111011010111111111111111111111011111111111110110110000011
110101101111111010111101111011111101111111111111111101110111111100111111100
111111011111111111111111111111111111111111111111111110111111111111111101100
