000001110010000111111101000000000100110001111111111111111000
001010111000000111111111001000010101110011111111111111111111
010001110000001110100101000000000100011011101101100100111111
000000110010100101111111000000000111011111111111111111111111
010000110010000111111111001010000100111011111111111111110101
101000000110001111111110000100000100111111111111111011110100
111110000000000101011011000000010111111011111111111111111111
111110001000000101110111000000000110111111111110111110111111
010000010000111101111111000010000100111011111111111101111110
000001000001111111101110000000001100111011111111111111111111
100111000001111111011111000000000100111011111001111111111111
000000000110011011111111010000010100111011111111101111111111
000100001110011111111111000000000100110001111111111111111111
000000001111101111111111000000001100111011101111111111110111
001001001111110111111111000000010100111101111111010111111011
111111111110111000101111000100000111110101101111101111111111
111011000111111000010111001000000011111110111110111111111101
110111111111111000010011000010000111111111110111101111111111
111111011101111100001101000000000111110111011101111110111111
110111111011111011001010100000000111111111111111101100111101
110111101111111100110111000000000111111111011111111111111111
111111011111111110101001001000000111001111111111111111111111
010111111111111111011000010000000110011111111011111111111111
111110111011111111101100000000000111111111111111111101111010
000000000000000000010000000000111100111011110101111100111111
000000000001000000000010000001111100111010111111011111100100
010010000000000010000100000000110100111011110111111011111101
000001000000000100000000000000011100100010111111101100111110
000010001000000001000000000000011100111011111111111111111111
000000000000000000000000010000101100111011001111111111111111
000000000000000000000000111001011100110011110111111010111111
010000100001001000000000111110101100111011111110111111001111
000000000100010000000000110111110000111011101011110101111111
111111111111111101111111111111110011010011111000111111111101
000100110000000111111111000000000101101110111111111111111111
010100100000000111111101000000000110101011111111101111111111
110011111111111111111001111111111011011011111111111111111111
111111111111111111111011111011111100101111111111111111111111
001111111111011011011111111011011011110101111110111110111111
000101010000001111111111000000000010011011110111111111111111
011111111111010011111111111111111111110101110010011111111111
111111111111111101111111101011111101111110111101111111111111
111111111111111111010111111110111111111111011100011101111111
110111111111101011111111111110110111111111101111111111111111
111111111111111110111111010111011111111001110111111001111111
111111111101111111111101111111110011111101111011101111011111
110111111101111111011111011111111011111110011101011111101111
111111101111111101111111111111101011110101011110011111111011
111111111111110111111111101111111111111101011100011111110011
110111111110111010101111111011111110111111111011100000111101
110111111111110111111111111111110111111111111111100101111011
111110111111111111111111110111011111111111110111101011110111
110111110111111111101110011011110111111111010111100101111111
110111101111111111001111011011011111110111111111101110110011
111111111111111111111111111111101111111111111011111111010000
111111111111111111111111101111101111111111111101111111100100
111100111111101111111111101111111111111111111111011010000000
011111111111110111111110111111111111111111111110010110010000
011100111111111101101111100111111011111111111111101111000001
011110110111111111111110101011111111111111111111111111000010
