011001000000101100000011111000010100111111111100111100010000000001011010111
100100111101111000000011010000100001101001111101111001101100100011010001111
100011111101010111110011101111000000011101101001110011111111011110111101101
010011000000101000000010111110000000111011111001110101001011101000011110101
001101100010101000100110111100001100110111110010111011110000000100110110111
101110000110001000001001111100000110000111101001110010111101111100010101001
011010000101000010011111010000010100011011111111011111100011110110111110100
011000000111011010100001011111100000101101111111111111001101000010001111110
011000000100110001000011011111011100111111011001111111111001001010111111101
011001111011101101001010111000000111111101110010110101111001001110001111111
000011010101100110111010000011001010110110101111101110111110011011101011001
011000110110110000100011110111000111111010011111110110111111101111101101110
110110001111010110011001111110000000011110111001001001101110011101101111110
011000011001100001000101011010101011111010110111110010001010001000010101001
110111010100000111111011111100010001100111101101101111111100010010010110111
101000000110101010000101011100001000110011111110101011110100001100001101110
001000110010101100010011110011111101010101011111101100101100011000000111001
001000001100011000100011110011100111111111011100111011101100010001001111011
001010010011001001011111111101100010110101111111111011011100000110001111000
001000100010101010101001001100100000110101110110111101111100101101000011111
000001100110101000110100101100001001010101110110111001111101000100110110010
000010100000010100101001010100000101101101011100111011111010110000000101010
111110101111001011100001110011001100111111100111111110110001100011100111111
111001111001111111110110110110100010111111001111011110111110111011111111111
101111000101101011101011011011111010011100011000001100011101111110111101011
110111111101111111100111101100111011011010100001000000101110111110111101110
101111011100111100111000110111111001110110111000010110111010101010010111011
001111011001101100111101011000101111011110100100100001000111001111101111101
001100011011110011000011101001100111111110111101111111000000100100011110110
001000011011000011100010101010111010111010111101111100110011000000110001111
010000010000010011110001111111000110011101110101111111011100000000011101010
100000101000001010000000111001000011111110010011011101110000000100001001011
000010001010010110001010111101000010110100010110011110101000000000011100111
100011101101000011000110000110100001111011111001011111011001110010001110001
000001000111010001100001110111111000011110111111101111111110000000011101001
010000000101011011001100011110010100111111011111100111110000100000001111111
110110011111011101110111001011011101000101011111101100010100111110010110111
101110101111110111111011111111111111001100011111001111111011101101111011110
111100111101110001000111110111110111010111001010110111111101011100001011111
101011011110101011111111101110111011111001011001100011011110011011111111111
100111101011111101000011011111010111001000011111111110111111101101110111111
111111111100001111111111000000100101101100110010111111110000011110010011111
111111110110111100111010011111100110000001010010110101010111110111010001101
110110111101110111111100101011111111110111101111000010110111011111110010110
111101111011101111100101101011000111111110010110100100101111101110111110111
110000110011011111111111000111101011110010011010111011111001011111011111111
000010110111010110111011000000011011111011111100100011111011110101101111110
011101111011111010100011010011110111110110010000110011010111110111001111101
111111011111011111111110000111100011101111101111010011110111000011000011111
111111111101010001111111001011111100001011100101101010110101111000101101111
110010111010101111111111100011111110110011000100010111111111010011111111111
100100111111001010010011101011111111111011101000001011010111110111011110011
001011111011011101100111001010101111011111010111111100101011111110001111011
011110111100101101111100000110110111011101100111101100001010001111111010111
011011101111101111011111011001011011011011011110111010001011101111111011111
101011001111001100111111101001110111111111110111111100000010111101110111111
011101011111111011111101111000101110011110001110001011100010100111111101011
011001010011101111111001110100100010101110111001111100000011101110001010111
001100100011110000000101011101000010010110111011101111111100100010010010010
001101111101000000001010100101000100011010111111111110100100111110111101111
010101100001000000010111111010000101110010101011010110111111011110010110100
001001100010101011000101110000000100101101110111011110010001101000001100101
001101001111110110010001111100000000111111011100010011110101110100010011110
001011100101100100111000110110010000111011111111000111111101101000011110011
011000111111001000100011111100000100100101111101101111101111100000001101111
110000000011100001010011000100000000010110110111101101111000000000111010011
001010101011100000001011110101000000010110011010011001111001000001011011011
111111101000011000001001111011101010110111111100001101111011101101101110010
101100111111100101100001110110111111011100001111011111101101010111110000100
001111111101111111101111111110101111100110001111011110011001110110010011100
100110111110101011111011001110000101111111011111101111110110101101110100010
011001011111110111110111111101110011011111100111111010111001001010100100101
111110111101101100010011010111001001111111111111111001110101111010001101000
110010010101101101011111111011111001111111011110111111111111001111110010000
111111001110011011010011101101011111101111101101111111111101010111100001000
