01100111100100100000000001011111111111111110010110100110110111111111011101011111
10000101011100010000110000111111111011110100001110100110111101111010111101111011
10011110110100001000011000000111110111101110101111111011100010111110010001001001
00100101001101101100100001100101111001110000100110111010001101001011011111011111
00100110010101101001000000100011111101111100111110111110111010111111111110110101
11111010110101100001000000100011011111111101101110111010111111111110111011111110
10101100000000110010000010000100100111101001101111111011110101111100111101111100
11010000110101001100101000001011101111011100111010111011111111111110000110101001
10100101000010001000000001110111100111100100011111001011111111001010111100111101
01101101001010100011000110100111100011110000101010111101111110111010111111011100
01010000010101111000001000000010001110000100011101011101111111101111110100111010
11111101001010000010101011001101100111100100111101111111011111111110101101111100
00000000110100000111011000000111001010110101101111111111111101101111111100101100
00011101001000110101001000000110110101111010111111101111101111111111101000000001
10011110011001000010100110001101100000111101101111000000100101110110101000010000
01000010001001001001001001101101111010101100100111010110011110011111011100001001
00111001101000010000011010001100100001000111110111000100010001111110110000010100
00010001000011000010100000001100110101100110101111001100101000110110111000011000
00000010010110100101101101101101010001011100110111111110111111010001101010000010
00001100010011010010100000101111100101010001010011101100111011010001111001010100
01010001000100100111000000101110110011110101111101110001011101111011111110000000
01100000000010001000001010100110011001011111110110101000011101011011111100000100
00100001001111011010010111001111110100000000110110111001011110111010110100000110
00000000010000100010001011000000111001010100110001101110001000011111111100010000
00000010010100101000011101000111110100110100000110011010101110011111011011001100
10010000100100010010001110000110100001100101111111110111111001101011000100000001
01011100110000010011110000010111010001011100111111010111011111110111111000000100
11000000100000000000000000100111111101000101010010000101111111111100010011000000
11000001000100111111101000000111001001101100111111101111011110111001111000010101
11110010110111111111111011111000101011111010100110011100001111111110011111111101
11101101111011000001111011111000111010111100010111111101111111111111111111111001
11111101110110110011001010111000001101111111011111001001110110111111111101111111
11111011110101111101101111010110001001011101101101111110101110111111110000110110
11111100000001010110111110110010001101011111111101110100010111111011111001010111
11011101001010010000010100011111110111100001010110110011011101111010111110100100
10101111101101000101001010010001011001111101101010001011111011111010111101010111
11100111111110010000100000000110001000100100111111011110010111011011011011111110
11111111110101001111110101111101111100111110110001101100010011111101101100011101
11111110110111110100100011001111001111011011011110111110101111111011001110110111
11011101010011100011110110100111110101100100110110111000110001011111111111111100
10101111000001110010010000101111110101100101000111101000111000101111111001100110
11101101101110111110110111111011110111011010001001011011100010011111011110011111
10100000000001001100010000000101010001100101110101110011011101010111101100101010
00000110000010101001110001010001111100101010110110101100001010110111011101100000
00111111010111111110111101101100110111010011001010100111110110111011100111111001
10001001101101001011111101111011011011110011000011000110111110011101110101111011
01101111111111100100100001101001110110100100100111110111010101110111011110111101
11111110101111111110111011101111111010111011001001001111111111111011101111101011
11111111110011111111011011111111001110111001111000100110011011010111011100001111
00100010101111111111100101101011110011001110011100110111100111111011100111111111
11111111010111000011111101001010111001111011101011011011011110111111111000110111
00111111011110010010101011100110111010110110001001101000111110010111111111011011
00111111111111000111011110001111100111111101000100110111011110110111011101111110
11001000011111011111000101111110110011100001111111001011101001111011100111011111
11111111100111010010000111101000101110100110111111101101101000001111111011111110
00100011111111000000101001111011001100000110101101101110111001111111111111011101
11101111111011100111000011010011100100111100110101010111010111011010100111111011
11001111111110011011111001111011011111011010111110111001101001100001111001110011
01011101111111010111111111111110101100101011010110111111010100100111011000100010
11010111111111110010111010111111111010100010111101111000101001111100111111111111
10101101111101010011001010111111110111100101110111111000100001111001111111111101
11010111101111101011110001110110011111110010001111000101110110001111111001111000
11101111011111101100101001111111111101101001101101101101011110010001000010001011
11101111010101111111111110111111111111110111111111111101100110101000011111111101
11111111111111011000111111011111111111111100110101100111100111010101110110100011
10101111001111111100000110110111100001011111011010111011001101001011110010000111
11111101111111111100111111100111111110111111101111111111101001000101100111101100
10011000001011010011110111101011110011111111111111111111011011101110010000111111
01001110111111101111111100101011111101011010110101110111110111001110011100111110
11111110111010011101111110111111111110011101011010111011011111011101100111101011
11011110110111110111110110101111011111111111001110111011011111010000100011010110
11011011111110010000111101000111001101110111111111011101100110011010110011110000
00011101010000000010100010010110001010110100101101010111100110111110011101101000
11110110010100000001000010010111010110011001110101011111110111010010011110011001
01001111101110000000000000000111101010111011111101101010111111011011110110011011
11011110111100101101000100001111110111110100111001111111110111010001101101100000
11110111111110010100000010000111000011010110111111011111100111110011110011100111
10011110110110001001011010101101111111111100001011101111000110010111101000001000
11010100001000000010001000000001110110101110010111111110111100101101111000101000
11111001100001010000000001001111010101100100111111110101110110111101010001101000
