000011011100111111011011001000001111111111111111111111111111011111011111111
000001111101111100000000000010001011110111111111011111111110111111111111111
000000100001111100000100000010101011111111010111111111111111111111111111111
000000011111111000000000000000000111111101111111101111110111001111011001111
100000100111111110011010000000000001111110010111011101111111110110111111111
110000110110111000000000000000000110101011111111111111111111110111110111111
011011001111111100000010000000001011111111111111110000111111111111111111101
110101000111111100010000100000000111111111111111101111111111111111111111011
110100100111111100001110000101000111111111111111011111111110111101110111111
110111111000101111001000111010010111111101111111111111111110111111110011000
000111111000101100000001000000000111111111111111111111111111111111110000000
011110111000000100000000000000010111111111111111111101111110110111110000000
111111111110000100001000000010000001011111111111101111111111111101110000000
111111111000000010000010101100000111111011111111111011011111111111111111111
111111111110000100000010000000100110110111111111101011111101111111110000000
111010111111101000000000000000000111111011111110111111111110111111111111111
100010000100010000000100000000000111011111011001010101100111111111100001000
100000000100000000001000000000000111111111111111101111111101111111110000000
000000000000000000010000000000001111101011111111111111110111111111110001000
100010010000000000101000100000011111111111111110111101111111111110010000000
100010001100100001010000011000000111111101111111111111110101111111110000101
001000001000000010000001101011000111111111111110111111111010111111100000000
100010101000011000000001011000000111111011111111111011111111111110100000100
100000000010000000000110111000000111110111101110110111111111111111110000010
000000010100010000010101011101000111111110111110111111110111111111110000000
000000000100000000001011101000000111101111101111111111111101111111110010000
100000000100010000001111110000000111111111111111110111111111111111110001001
000000001000010000000000100000010111111111111111111010111011110101110000000
011000000100100000000100000000011111111111110111111111101011110110010000000
000000001000000000000100100000001111111111111101110111101111111111110010001
001000000000001000000000000000000101111011110101111111111011110111110000010
000000000101000000010000000110000111111111110111101111111110111111110000000
111000100000000000110000000011000111011110101110111111111111111111110000000
100101011111011111111111111111111000011111111111011111111111011011111111111
111101111111011111111111111111011001001111111110111111111111111101111111111
111110111111110111111111111111111010000101111010111101111111111101111111111
111111111111011101111111111111110000000011011111111110111111101111111111011
111110111111111111011111101111111100001000101011111111111011111111111111111
101111111111110111111110111111111110010010111011011100110111111111111111111
111110111111101011011101111111011111000011111111011111111111111111111110111
111011111011111111110111111111111110101101111111101111110111111111110111111
111101111111111111111111011111110111100110001111111001111111111011111111001
110101111111111101111111111111111111011110000001001111111110110111111111111
111111111111111111111110101111110111101110000000111101111101101111011010111
110101111111111111111111111101001111111111000000001111111111101111111111101
111111111111111101111111111111111110100111000001110111111111111111111101111
111111111111111101111111111110011111111111000000011111111111111111111111110
111111111111111011101010011111110100111111100100001111111111111111111111111
101101110111111101111111111111111011110011010100011111111110111111111111111
111011101111010110111111111111101111111101010110100111111011111111111111111
111111011111111101111110110110111111111111111011100001111111111111111111110
111111011111100111111101111011111111111110111111110000111111111111101110111
111101011110111101101111111111111110110110101111110000010101111111111111111
111111011111111111111111111011111111010111111111111000011111111111011111111
111111111111101111111111111111111111111111111111111100001011111111111111111
111111111111111101111111111100111111111111111111111111000111111111111111111
111011111111111101010111011111111111110101111111111101100011111111111111111
111111111111111111111011111001011111101111111111101111010001111111111111011
111111111111110110110111101111111111111111101111111101111001111100111111101
101111110010111011111011111111101111111111011111011111111110100101101111111
011011111111111111111111111111111011111111111111111111111111001011111111111
111011111111111111111111111111111111011111100111111111111110000010010111111
111100111110111111111111111001011111111111011111111111111110100000011011111
111111111111111111111111111111111011111110111111111111111111000000011111111
111111110111011111111111111011111100111111111111111111111100110001111111101
111101111111111111101101111101111111111111111111111111111101100010101011111
011011111111111111101111111101111111111111101111111110111111100011001111111
111111111111111101111001111111111111111111111111111011111110111110001111111
111110110000010100000000000000000111111101111111111111111111101111110001011
111011111000010100000000000000000111111111101111111111111111110110110000111
111011111100010100000000010001000111111111111011111111111111111111110000111
111111111100010110100000001000000111111011101111111011111111111111111000001
111111101000010100001010000000000111011110111111111111111011111111110110011
111111011000010100000001000000100111111110110111111111111101111101111110101
111111111000010100001000001001000111111111111101110111111111111111111111110
