0010010100110111010011111010110110100011011110001100111000000111110011
0010101001110101010101100101111001111101111001110111000000110011111111
1101010111100011011110110011101011101110011001011111101010100111110111
0010111111011110110111110110011011011111011001011100010010000111101011
0101011001110101111101111001011101010101111011110111101110001110111010
1011100101010111101100011011100001111101111000011110000000101110010110
0101100011110101111100011011111100110100111011111001000010100110101110
1011010001100000111111111110010100110111011110111100010100010111011111
0011001000100101100110100010010110111011111101010101101001000101111111
0111111100110101011111111100101011111111010100010110110000000001010111
1110101111011111111100001000011100110101101011111110010100110111111001
1101111001101000101101011110100011001111010001111000101001010111111111
0001000000110101111001111100100011101011111111011101000111001000111111
1101111011101011011011101110001110101110110100110110000110010010110110
1011010000100101011100110010000001110010001110010111111000100101111111
1110111011101110010100111010111100110100111111010110110000011011111111
0001111110111000000100100111111110111011111111111010000010000101111111
1111101101101111001001111111110010101011111101011101010000000001010111
0010111101111110010110010111111111111101101011110011000010001011111111
0111111111110011101000101110011011111011111011101101000100010111111011
1011000111000100001000101101101000011111011111110011000000000001110111
1101100101011100010000011111111111010111111111111011001010000111111010
1111100111001111110110011011111111101011011110110010010000101101101111
1011111101011011011001100101011011001100111000111111000101101010110001
1000111101111101010111100111011111110110111111111111010100000111111111
0101000101011100111111011011010001110010000011111101100101100111100111
1011011110010111111101101101111011001101111110100101011000011011111000
0110111000000000111011111110110110111110000011110111010000011010111101
1110011001011001111011100011000011001110010111111011001001001101001101
1101101110100001111101111111001010110101110001101010010010000101111001
0111101001100101101111111010010110001001101001111101000101001111011101
1000101110100101101001101001001010101111011010001011011000100111101101
1011000011011100111101111011111101011000111100010001010001110011111110
0111110001011010001101111110100010101001111111101110001010001011111101
1110011111101111111100101101010101010010011101110010000010010111111001
0101111111100011101111001101010010100111111101010111000010010111111011
0111010011011100111110110011101111000010111111111101110000000111011110
0111111101110101001011011011110100010001111110111110011001000101000111
1011000111011110110111101101100100111000111100110111110100111010101101
1101110111111000111111100010011101010100000000111011110001100111011001
0100111010101101111101011010011011011110000000111111001010000110111101
1111111111011101110111111010110111111110000000101011110000000111000110
1111111110101011111111111010001111111110000010111010101000000001110011
1000000111001111110011101010100011111110000001110101000100011010111111
1000101100101011101111101111100101001100001001101011010010010011111010
0111101010111001111111001101111001111000000110101111101010011010111111
0100101100110100101111111111111001101111111111010110000000000111010111
0111111111111111111011111101101010111111101100101000010000000111101101
1011011100111000110101011100111101001101111011010001100011101111111111
1111110111101111010100011111001001011110100101100010001010000100100111
0110110001100111101011111001110101110111111011100100000000000011111111
0110101010001010011111011111101110011011110111001000110001011011001101
1010100011010011000000000100000000001011011001001001010101001111000111
1001000101100011010000101011010110001111010010010001101110001111101111
1010100010010010000001000010100101000100101001000100010010101110111111
0000100100101100000100011100001000000010000100000000110011111111111010
0011101000001100101001000000010001110000100011001100011101001110100111
0000000010011000000000010100101010000101000000001001100110001110001011
0110011000100010000000110100000110000011000000001000001100010100110101
0100000100110101000100000011000010110010000111000001000100101111111010
0000110000001001001000110011101001000010000101001001111111010111111111
1011111110110010100101101100111100111101110000111100111111111000001101
1111111100110101001101011111001111111011110111111011111111011000111001
1111000111110011111111101110111111111101011010111011110100011000001110
1111101010111111101111111111010111110010101111011110011110111010010000
1110110111111111111111011011011011111001101111101010001100111010100110
0101101110111011101101101011111111111011100111011011011101011111000001
0110011111011111111010101101101111001110110101111111111010101101010011
1111111111011111111111101100000010011100011111101110111111011001010101
1111000111111011111110111101111101110111101101111111111011101110001110
