011111111111111111111100010011111111100000011000000001111100111101100000000
101111111111101111011111001011011111100000001010000001111111110000000000000
110111111111111111111100110000000000011100000000000001111111100001000000100
111001001100011111111100000011101111100010010001000001110111110000000100000
111000111100011111111100010000000000000010000000000001011111110001000000000
111100001100011111010110000000000100100000000001000001111111110000000000000
111010010010011111111101000011111011000010001000000100000001010000000000000
111010100101011111111100000011111111100000000001000000000100000100010000000
111111000101011111111000000011111101100000000000001101111101110000000000010
111111011010011111111100000011111111110000000000000000001000101000101000001
111000100100010111110100000011111111101000000000010001111111010000001001000
111000011000011110111110000011111111100000100000000000000001000000001000000
111000000000001111111000001011111111100000010000000100000000000000000100000
101111111111001000101100000111111101100000000100000001011011110000000011000
111111111101110000110100100011111111100000000100000001011110110000000000100
111111111111100000101100000011110101100001000000010001111111010000000000010
111111111111100000011100001010111011100000000000100001110110110000000000000
111111111110100000001100000101111111100000000000000011111111010000011000000
101110111111111100000100000111111111100000000000000101111111110000000000000
111111111111101010001100011011101111100000000000000001111101110000000000010
111110111101110111010100000011111111110100000001100001111111010000001000000
111111110111011111111010001111111111100000000100000000111111110000001000000
010001000001000000000100000011000000000000000000000000011000000000000000000
010000100000000000000000011100000000000000000010000000011001010001111000100
001000000000001000000000011100000000000000000001000100000000010000000000000
101010000000000000010001100101000000010100010010000000000010101000100000100
010000000000100010010101100000000100000000010000000000000000000000000000000
000000000000010001100101110011000000000000000001000000000100000110110100000
110100111111111110111110000100011111100000000000001001111111110000000010000
110100111111111101111110010100001111110000010000000101110011110000000100000
100100111111111111111100000000000101100000000000000001111111110000000100000
110000111111111111101100000010000111000100000000000001110111111000000000000
110100111111111011111100000011000101100010000000000101111111110000000001000
110101011111111101111100001011111011100000000010001001111101110010000000101
110100110111101011111100000011010100100000100000000001111101110000000000100
110100111111111111111100000011111100100100000000010001111111100000000000010
110101011111111111111100000011101111000000000000010001111111110000000000100
001000000100000000001000010001000000001010001000110100000000000011000100000
001000000010000000000000000000000000010001111000000000010000000000000010000
001000000000000000001000010000010001000011011000000000000000100001001000001
000110100000000000000000000000001000010100111000000100000000001000010000000
000000000000000100000000000000000000001100100100100000000100000000001000001
000000000001000000000000000000000010001011001010000110000000000000000000000
100100000000100000000000011001000000001110000010000000001000000101100000000
110000100000000000000000000000000000011110100000000100000000000001000000000
000000000000011000000100000000000000000001000010010110000000000000101000000
010000000000000000000001010000000100000000110100001111010010000000000000000
000101010000000000001000100100000000000000000000001110000000010000000000000
000000000000000010001000000000000000010001000000000110000000000000000000000
000000000010000100000000000000000001110000000100000110000000000000000000000
000000001000000000000000000010000100000000000011000010000001000000000000001
000000101000100000100000100001001000010010101111110010100000010010010100000
000000000000000001000000000000000000000000100111111100000010000010000000000
111111001010011111111000000011111111100000000010000000000101111000000000000
111101001010000111111100000011111111100000000000000100000011010000100000000
111111001010011111111111000011111111101000000010000000000101010100000000000
111011001110011101111111000010101111100000010000000000000000000000010000000
111111011010001111111100000110111111100001000000000001010001110000000000000
011111000010011111101100010011111001100000000010000010100000110001000000011
011111101011010101111101000011111111100000000000001001110100000000100000000
111111001100011010110100010011111111100100000000000001000110010000000000000
110111101010011111111101100011111110100000000001000101110110100001000000000
100000000100000000000000010000010000000010000000000001000000000100110000000
100000010000000000000000000100000000000000010000000000010000001001110000000
000000000000000000000000000100000100010000000000000110000000000000010000000
101010000000000000000001000000000000010100011000000000000010010100010000000
100000000100000000000001010100000000000000010100000000100001001100010101000
000000010000000001000001000100000000000010000000000100001000001111100000000
000000000111000001001101000000000000000101000100000000000000000000000000100
000100000000100000000000000101100000010000000000000100000000000000100000111
000000000000010000000000000010000000001000000000000000000000000000000000010
000000000010010000000000000000001000000000000000000000000000000000100000001
001000000000001000000001010000000110100000000000000000000000000000001100000
000000001000000100010000000000000001000000000000000000000010000000000110001
000000000100000000000000000000000100000101000000001000000010000000000101010
