0101011100111111101111011
1010011111111110101001111
0101111111000001000110101
1010100000010001101010000
0011011110111100000111000
1110100100100001110110100
1110100011001111111110001
1110110001100110011111010
0110101001101111101111110
0110001110110010011111100
1100110111000110001110101
1101100001000110111111100
1100101010000011011011000
1100101110110011000011111
1100001111111100110110001
1011011010001100101000111
1101011010010011001111110
0000011101011010001101111
1101001111111001110111000
1010111111110010111011001
1011111111111110101101010
1100100111011100111110000
0110010011110101110000000
1100000110000101110010001
1110001000100111010100010
