00001101010111111110010101000000001111111100000000000001111111111011101100000000
00000101010111110100010001010000011101110000010000000010110111111111010100000010
00000101010111110110010001000000011111110000010000010000100111111111111100000000
00000111111111110101111111001000011111110000001000000000011101110111111100101010
10000111111101010100111111000000011111110000000000010000111111111111101100000000
11111010001111111111101111100000111111100000001001000000101111111111111100000000
00011101000111110101111111100000011101110000000010000100111111111111111100010000
11111010101010111111111111100000011111110000000000100000111111111111111100000000
00011001010111110100010001001010011111110000000000000000111111111111011100000000
11111000100101111110010001000001010101110000010000000000011101111111111000000001
00011101000101100100010001000000011111110000000100000000111111011111111100000001
11111110111010110001111111110000011111110000100000000000110111001111111100100000
11110111100101000001111011100000010110110001100000000000111111111111111000010001
11111110111010100001111101101000011110110000000100000101111111111110111101000000
11110111111101001011111111110000011011110000000000000000111111111111011100001000
11111111110100000001111001110010010111010000001100000000011111011111111100000000
10000101010000100101010001000000010111110000010000000000101111111111111000000000
11111111111000001001111111101000011111111000000000000000111111110001111000001000
10100101010000100000010001110001001101111000010000000000001111111111110100000100
00010111000111111100110101001000011111000000001000000000101111011111111101000010
00011111000111110101011100100000001111110000000000000000111011110111111110000000
11111011111111111111101100101000011111010000000001000000111111111111111110010000
00011111000111110100110011000000011111010000000000010100111101111111011100100000
10011111000101100101110011000000011111110100010000000010111111111111111101101000
00011111000110100100001101000000001111110000000000000100111100111111111101000000
11111111111111111111001110000000001111110000000110000000111111110101111100000001
00000111000111110110110000010010001111110000001000000000111011111110101000000000
01000000000100110010000000101000011111110010111011100101111011101111111100100001
00010000100001000101010000010100001110011010111100000000111111111011111110000100
00000000000000000000000000001010011111110000000011100001001110111100111100000000
00000000100000010000000000100100011111111000101111100111111111111011111000000001
00000000010000000010000000000000011111110000000011100101111101111111101100001000
00000100000000000000000000000000011011110000000000000000111110111111111100000000
01111111111111111101011100010111101100000011111111100101111101011111111000000000
11111111101101100111111111111111110110000010111111100101111011111011011100000000
11111111111111011111111111111111011011000000011111110101111111111111111100000101
10111101101111111101111111111111101100100010111111101101111111011111101110000100
11111111111100111111111111110111100100100010111111100100110101111111011100010001
11111111111111101110100111110111100011000010101111100101110111111011101110000000
11111011111111111110111111111111100000000000111111010001111011111010111100000000
10000000000000000110000000001010000000000001011010010000011111111111111100000001
10000000000000000000000100000000000000000000010000000000111111111011111100010010
00000000000000000000000000011000011011100000101100111000110101101111111100000000
00000000000010000000000000000000010000001000111000000000111111111110111100000010
00000000000110000000000000011010011011110011011100000000111111111101011100000000
01100000010000001010000100011000011111011101100100000000111111111101111100000000
00010100000000010001000000111010011111111011100100000000111111111111111100000000
00000000001001010000000001001010011111110010111000000100101111010111111100000000
00000010000000000000000001010111011111111000000000010111111111010111111000000000
00000100000000000000010000010111011111110000000000000011111111111111011100000010
00000001000000000000000000010111011111100010000000000011111111111111111110000001
00101000000000000000001000000000000100011010000010000010011111111110111000000000
00000000000000000000000000000000000010000010000000000001011111111111101100100010
00000010000001000000001010010011011111100000000110000001111111111111111100000011
01000000000000000000000100000010000000000000000011110001111111100111111100010000
10000000000001000000000000010111011110110000000011101110111111111111111101000000
11101111101111101101111111111011111111110111111111100111001011111111111100000000
11011011111111110100111111111011111111111111111011111111000010111111111100000100
10011111111011111111111111111111111110011101111111111111100001011111111100000000
11111111111111111111011111001111110111101111111111111111000000111111100100000000
11101111101111111111110101111110101110111101111111111111110000111101111101010000
11111111111111111111111101111011011111111111111111111111101000011011101100000000
11111111110011101110111111111111101101111111111001111111110110011111101100000100
11111111111011111111111111101111111111111101111111111101111111100001001100001000
11101111111111111011011110111111111111111111111001111101111111100000101000001000
01111111111111111011111111110101110111001011111111111111111110100000101000000100
11111111111111111011111110111011111111111111001111111111111101100000110000000000
11111111111110111111111111011011111111101110111111101111111111110000010100110000
10111111011111011111110111111111110110111111011110111111111111101110000100000000
01110111111111111111111111011110111101011111111111110111111010000011000100000000
10111111111111111101111111111111111111111111111111111111111011111100000100000000
11111111101101110011111111011101101111111111111101101111111111110001111000000000
00000000000000000000110000001000000010100000000000100000000000000000000000010011
00000000000001000001000110000000000000000000000000000001000010000000000000001111
00010000000100000000001100010000000000000000000000001000000000000001000000001101
00000010000010000000010000000000000001000100000000000010000010000001000010000011
00010000000000100100000100000001000000000000000000000000000000011000000001100110
00000000000000000010000000001000000110000000000000000000010000100100000001101000
01010000000000000001000000000000000000000101000001001100000000000000000011011001
00000000011010000000000001010010000101001000000000100100000000000000000011110010
