0001110001000000001011111
0000011000001000111111101
0000011001001100111111101
1000101111111101111111111
1001001111111111111111111
1110000011111111111110111
0111100111011111111111101
0001101000011111111011111
0001111000001011111111111
1011111000000111111111111
0001110000000101111111011
0001111100000101111111111
0111111110000001110111111
0011111101110000111011111
0000111111000001111111110
0001111111111010010111110
0111111111111110000001110
0111111111111111000000111
1111111111110110000000101
0111111011111011000000101
1111111111111111000000011
1111101111111111100000001
1111111111011111111100011
1001110111111111110010101
1111111111111100011111110
