010101001011110100110000011100
100111111111011001101100100100
000011011010101110000010101011
110010101000000010110000000011
011100110111011110011000000011
111000010111101110001110100000
010110010101001010101110010000
011011100000000000001000000010
111100000100011110101001101100
010011101010111100111001001001
111011000100110111000001000000
110011100000010110110100000000
101001000110011100000011010100
110010001111101001010000100100
011011101100110100010001010001
101011001111101010000010000000
001111101011000100111101001110
010000000010010000011101000101
110100101101000010001100000000
100110000101011011001110100001
010011111100000011110010001000
010001100001000011110001110111
001001100000100100011001100101
000000001110101011000110101011
011001001000010000010111010110
100000100000101000000100101110
101000001100000010001001010001
110000001000110011000110110011
001110010000000010000101110100
001110000100001001010111001100
