0111111110000100000010110011000000010010
1010110100100000000111110111000110001110
1101101111111011101100110110111001011001
1010011111100111001111011111110011111001
1110011001001010001011001010001000001010
1101101011011010011111111010011101111110
1011110110000011111110101111011111111111
1111001011110111011111011101101100010110
1011011101011010101111001110101101110011
0011110110100011011101111000000010111110
0111000101010011110101001100001011111111
0010010110100010100111111000000000010100
0010110010000101010001110011001011101110
1001000100001001100011001000100011111011
0011111111110000100101111101110100011100
0011001101101100110110011110111100110110
0010001010110111001110111111100110011000
0000011101101001000110111010010100001100
0011111111000000100111110110111101001101
0111011111110011111011100001110111111010
1101111110010101111100100011001011101110
0101110111111110001100101111111100001011
1110011001011010111111001111101111111101
1111010101011011111000001110110111111001
0001111111110111110001110000110010101110
0111001110100011101001110000000111101111
1111111010001001111011110001010011111010
1101001100001010100111100010000010100101
0011000110000111101101111000010011101110
0011011000000011011101011010101011111100
0010111110101001001011100000010101000110
0100011110000011111101110100001011111101
0101001001101100100110111111110101010110
0011011010101100001110110110111110100000
0001011011101101000110111111110101010111
1011011111110111100100110010010110100100
0111111001101110111111111110110100000111
0100011101111011011010101101111110111001
1100111111101101000111001110101010101001
0011001010100100001001110101000100101110
