0100100011111111101100001
1011001001111111101010000
0101010011111101100000000
0110110011111111000000000
1001000011111111101100001
0011001011111111100010000
0100010111111111101000000
0000001011001111110100000
1011111100001010101100001
1111111100010110101110001
1111111000000011101100001
1111111001000000001100001
1111111110000001101101001
1111111101000001101100001
1101111111100000100100001
1111111100101100101100101
1110111111101111001100001
0000000100000000000001111
1100101011111101100000010
1000100111111111100000000
0100010001000000000000011
0000000000001000010000100
0000000000000001010001010
0000000000000000011010101
1000100011111111110010010
