0010111100000001010000000000000100010110111111000000001000000101011111
0000010100000000001000000000000001000111101111000000000010000111011111
1000111100101111000000000010000010000111011111000000001000100111101111
0000011000010001000011110001000000000110011111000000100001000111111111
1010011100100000100011111111000000000111101111010000000001000111111111
1111101101010010000011100101011101011111111111000000000000000111111111
1011110000110010000011110100000000000111111111000000000000000110111110
1110110000000000000011110101000000000111011111010010100100000111111111
0000000000101111001000010000111111011111111111000001000000000111011101
0000010000101000011000000000111111111111111111000000000010000111111011
0010101011011111000001000000111111011111111111000000010000000111111111
0001011000101111000001000100101011110110101111000000000000000111111111
0010000011110001011100000000010110111111111111000000100000000011111111
0010000010110000011100000000111011111111111111000010010000101111011111
0010011010110000001100000100111101111111111111000000000000000111011111
1011000010111000000100000000111111111111111110001000001000000110101111
0000100000000000001000000100000100100101111111000000000001000111111111
1000000001001100001100000000001010000101111111000010000000000101011111
0100000011001110110000100000000010000111101111001000010000000111111011
0000000000001111010010000000000000000111011111000000000000000111111111
0001111100000000000101001111010000000111100111000000000000000110111010
0001111100110000000010001001000010000100111111000000000010000111111111
0001111100000000001000000110000000000111111111000000001001000110111101
0001101110000000000000000111000000000111111111000010000000000111111110
0000100000000000000011000001000000000111111111000000001000000110111111
0000111100010010100010110011000000000111011111000000000000000111101110
0010100000000000000010110101000000010011111111000010100000010111101111
0001110100000000000011011110000000000110111111000001100000001111111101
0000000011110111000000000000000101111111111111001000000000000011111111
0000010011101111000010000000000010011111111111100010100000000111111111
0000010011110111010000000000000000111111011111000000000010000011111111
1000010011101011100000000000100010111111111111010000000001000111111101
0010000011111101011001000000010100001011101111100000000000000011111111
0100010011110111000000000000100000001111111111000100000000000111111111
0000000001011111100000000000101100000010111111000000000000000011111111
1000010011111111000000000010111100001111111111001000001000000110110111
0000010011101111000000000000111111010111011011000011010000000101111111
1111111111111111111111111101111101011000101111000100000100000101111101
1111111111111111001110111111111111111000010011000000000001000111111111
0110111111101111111110111110111111011000001111000000000000100111111111
1100111011111111111011111011110111110100010011000000000001000111111111
1011011111101111110101111111111101111010100011010001000000010111011101
1111111111111111111101111111111111111101000011001000100000100111111111
1111111111111111111111111111111111110101000000001000000000011111111011
1111111111111111111111111111111111111111111001000000110111000111111110
1111111111111110111111111111111111111111111010000000000000100110111101
0000000000000000000000000000010010000000000000000011000000000111111111
0000100100000000000000000000000100000000010000000101000000000111111111
0000000000000001001000000000100000010000001100000011000010100111110111
0000000000000000000000000000000001000100000000010001000000001111111111
0000000100000100010000010010010000001000000000101000000000010111001011
0000000010000000000000000001000000001000010000111100000000000111111111
0001000100001000000000000011010000000000001010000000000110011111111111
0000000000100100001000000000000000001000000010000000000001110111111101
1010000000000001000000101000000000010000000000000000000000111111011011
0000000100000000000000000000000000000100000010000000100001000111011110
0100000001000000000001000000001000000000000010001000100000010111111101
0001100000000000100000100000000100000010100010000000010100111001111111
0010000000000100000000000000000000000001001001001000011001000111111110
0000000000000000000000000010000000000000010100000010111011000110111111
0000000000000100000000000001000000000000000100000100101001000101110111
1111111111110111111111111111010101011111111111111111111110111001011001
0111111111111111101111111111111111110011111111111111111110110000101111
1111110111111110111101010111111111101111111110111111111111101100001011
0011111101111001101111111111111111111111101111111101110011111010001111
1101111111111110111111111001111111111111111111111101111111111100000111
1111111111111111111111111111111111101111111111110111111111110111100111
1111111110111111110101111111111111111111111011111101110111111010111001
1111111101111111111111011110111011111011101110111111101101111011111000
1111110111111111111101101011111111111111111101111111111011011111111100
