0111000110101100011000000100100000000000000000111101111000000000000001
1011110111111011100000100100010010010000000000111111111000010000000000
1101111111111111000000001001000000000000000010111111111000000000001100
1110011101111111000000000000000000000000000000111111111000000011000000
0110010111111111000000100000000000000000000001011111111000000001000000
0111101101111011001010000000000000001100010000111111111000000000001000
0011010111111111000010000000001000100010000000101001111000000000011000
1111111011110000000000000011001000000111011111111111111000000000100000
1110101101100010000000000010000010000111110111111111111000001100000100
0111111110111100000000000011000001010011111011111010111000000010000001
1111111111001000000100010000000000001100000100111111111000000010000000
0111111101001111100000000010000010000000000000011101111000000000000000
1111111001110000000001000000100110000000000000111111111000000010000010
1011101001010000010000110000100101000010100000101111111000000000000100
0111111010010000000000000001000000000000010000111111011000000001000010
0111111000010000000000000000000000000000000000011011111000001000001000
0100000000010000001011000000000000011000000000110111111010000000000000
1000000000000100001101010001000000000011100100110110011000000000000001
1000010000000000110001100000000100100000100000011011111100000000000000
0000000000100000010001100000000000000000100100111111111010000010000010
0000011000000000100000100000001000000000000000111111111000000000000001
0000000000001000111100000000001000000000000010111111111001000000000000
0100100000000100001110000000001000101000000000111111111000000001000000
0000000000100100010000001000001000100000000001111111111000000001101100
0010000000000000000000010001000000001000000100101111111001000000000010
1100000000000000000000000000000000010111111111111111110000001000000000
0000000111010000000000000000001000000010000100111111011001010100000000
0010000101000010010000001000001000000111111111111101111000100000000000
1000000000001100000000000000000011011000000000111111111010000100100000
0100000000000000000000000000000011001000000100111111111001100000000001
0000001100000000000011110011000000100000000000011110011100000000000000
0000000000001100001000000000000000110000000010111011111000000001000000
0100000010011000000000000000110000000000000000111111111000000000000000
0000000001000100000000000000110000001000001000111111111000000000000100
0000001000000000001000110000001100001010000100111111111000000000000000
0100000001000000100000000100100100001000001000111111111000001000000000
0000010000100000100000101000110001110000100000111101111001000010000000
0000010110100000000000000101000000000000100101110111111000000100000000
0000001111000100010000000111000000100000011011111100111000000000000000
0000000111000000010000000101000000000000000010111101111000010000000000
0000000011000100011100000101000000001100001101111111011000000000000000
0000010111000010000000000101000000000010000110111111111000000000010100
0000000101000000000000000101000001010010100101111010111000000000000000
0000000110100000010100001111010000100100111001110111111010010001000100
0010000111000000000001000101000100000011010000111110111100000101001000
0000100111000000000000010101000000000110101100110111111000000000100000
1111011111101110110111111111110111111111111111000001100000000000000000
1111110111111011111111110111111111111111111111000001011000010000000000
1111111111111111001111111111111111111011111010000000111000000000000000
1111110110111110110111111111111011111111110111000000101000000000000000
0111110111101111111111111110111111110100111111000000010000000000000000
1111111110111111101111111111110111111101110101110000000000000000000001
1111111111111101101111111101110111111111011111101100001001000010000100
1111111111111111111111111111111111111111111111011010000000000000010010
1111111111111111111111111011111111111111111111011100100000000000000000
0000000000000000001000000000001000000000000010000000000010010110010000
0000000000000000100100000000100000000000000100000000000100010110010011
0000000000000000000001001010010000001000000000000000100000001110000000
0000000000000000000000000001010000000000000000000000000000001110000001
0100000000000000000000000010000000000001000100010000000110000000000000
0000000010000001000000000100000000010000000000000000000001100000000000
0000000010000000000000000010100000000100000010000000000111100000000000
0001000001101000000100000000000000001000000000000000100111100000001000
0001100000000010000000110000000100000000000110000000000000000000101011
0000000100000000000000010000100000000000000001000000000000000001000110
0000001000000000000000000000000000000000010000000000010110000000000011
0010011000000001000000010000000000000000000010000000000000000011000001
0010000010000100000000010000000001000000010100000000100000000000100001
0000000000001010000100001000000000000000000000000000010010000001110000
1000000001000000010010000000010000000000000000000001000010100001011100
