000011000101111111111100000010
000001000111110101111100000011
000000000000011111111100000000
000001000101110000000001000010
100000000101111000000000000010
110100000001101000000000100010
000000000011100001100000100000
000000000011010000000000001000
000000000010110001000000001000
110110000000010010100100001010
010000111001100101000000100000
110111110010110000000001000010
110111101011010010000000000010
111110011101100000000000000000
101011000000000001011100010110
111000000010000001000100000010
101000000100100000110000100010
111000101010001100101001100011
111000100100000011011100000010
111000000000001010100110100010
111000000000001001100100000010
111000000100001100111000100010
000000000000000000010000001111
000100000001000001000000011111
000001100010000011010100000111
000000000000001000000001000111
000000011100000000000011000001
000000000000001000000011110001
110111000101101111111111110001
010000000000000001000011111110
