01011101011100101001011000011001000001011111101010
10010110000001100010000000001000000100100111001111
00001000000000001000000100000000001000100011101011
11000011101000000000001000001000001110110111111100
10100000000100110010011000001000000100110001110011
11000011111001000001111000111000010010111100001101
01010101110111000100110000000000011000100011110011
10010110111011100010000110010000000100101110000101
00010111011010100000011100110010000011110110100111
10000111100001011000000100000100000110010000100011
10010101100001000100001110010101011100111011111101
10001010000000100001110000110011010111011111110100
00000011100000010000101001100010001110000111100111
01000111011000000000011010010110000110110111000111
11001001100100001011010010000001100001010111101111
00001000010010000101100000000010100001001111111111
10100000010000100011001000010000000010010101011111
00000010001000010001110000000011000000001110111110
01001001000000101000001000000011001110010111001101
10000100000100111100101010100001110001100011010111
00000110000110010101010000111001000110100011110111
10001110100101100100100001000001000011001110100000
10011100101011001011000110000011001000111111101100
00100001111000000000001010010000000000000001111010
00000001001001100001001101001000001010011011011111
00000000000010000000010010110101000001111111111111
00000100100110000001100001011110001001010000111110
10000101101101001000100101100001000101011110110001
11011100000000000000100010100010011011001011100001
00000000011001000000000001100001011100010111011111
00000000100111010110001000101000100000000001111111
10000000001100100111111001010100101000110011011101
00000000000000110001000000000011011011101111110111
00000110001100000001000000001100100100000011111000
00110010001010000010001010101101100010111010110101
01011001011111000010100000010100010000101111001100
00010100110111001010110010001000101000011110111110
10000000100100110001010001111000100000001111111110
01111111101001000001101001000001101100010111111010
10011100111101101010001011110101001010100111101010
10000101001100010100011011011000101111000111100101
11010101100111111110011001010100100111111000101001
11110011101111110111111011011101111111111001010101
11111010001111111011101111001111110101111010010101
10111010111110110100111101111010111011111100001110
00011010001100011101100111110111111011100011000110
11110100001000111110001111100111010111110100100010
01010101101111111111101011100111101111001011110011
11101010110011111101100111100110100011110000111100
01101111111011111011100011011111101000001111000100
