011010001111111111111011111101
101000001111111111011110111111
110111111101111111110111111111
001010001111110101111111011111
101100001111111110000000100111
001000110111111111111111111101
001001011111111110000000001011
001001101111111010000000001111
111110110111001001111111110000
111111111011000101111100111110
110111111100100011110111111110
111111111100110001111111110000
111111110011000001111111110010
111111110001000000110011111110
111011111000000011111111111111
111111100100000001111111111111
111011110010001001111101111111
111101001111101110110100000111
101101001111111111011001000111
111101001111111111100001001101
110101001101101110100110001111
011101001111101111001011001111
111101001011111100001100111111
101101001011111110110100111111
111011001111111110000011001111
111101001111111110000011001111
111101110110011110011111110010
111111010110011111111111110010
011110110110111111101111111101
111111110000001111111111110010
