000111111000001010101100000000000010011000100
000010011101111111111111111111110011111000000
000001101011001110111100000000000000011000001
100000110000011111111100001000000000001100000
110000001001001111111110111111111100111000010
101000101000001011111100101000000000001000000
101101001000101101111100000000000000001000100
110100000110111111010011111011111111111100000
111011100000011111111100001000100000001000010
010000010001111110110111110111111101111000100
001000010001111111111101010100000000010000000
011010000110111111111111110111011111011100000
010000110111001111011111111110111111111100000
010100011111000111111111110111111111011000001
111111111111100000111111111110010100111000000
011110111111110001000111111111011111111000000
111111011111110000110111111111111111110100100
010111111011110100000111111111111111110000000
111111101111011010000110111101111111110000000
011111111111111010001010111111111111111001000
111111101011111000010111101111111101011100000
111111101111111111101011111111111011111000010
010010010101111111111100001100001000001000000
010000010111111111001100001010000000001000000
010011010101111111111100000111101111111001000
010010010111111111110100000101110011100000000
010111011000101111111111000111111111111000010
010010000111111111111110111001110111110000000
010010010101111111011101101000000000001000000
010010010101010111111100111100001110111000100
010010011100110011111100111100000011111100000
010010010101111111111100011100000001111000000
000010010101110111111110101001000001011000000
000010010101111111111000101101000000001000000
110000010001110111110100111101100000001000000
010000010101110111111100111100111000111000000
010010010100101111110100111101110001011000000
111010010111111111111100101101111001101000000
111111111101111100011111101011111111110000010
000100010001100010001000000000100000000000111
000000000000000000000000000000000000000000111
000000000000000000010000100000000000000000000
100000100100000010000000000001000000000110001
000010001000000000000100001000000000001110001
001000000000010000000000000000000000000110110
