001100010001000000000000000010101111100000000
001110000011110000000001000101011111100100000
110111101111110011100100000011100101101000000
111011101111111000000110000011111111100100000
011101101001000001111000010011111111100010000
001110001101110001000000100011111111100000000
001110000111110010000000100011111111100000000
100000001111110000000100000011111111100000000
001111010000101000000000010000000000010000000
001101110011010000000000000011111111100100000
011100110101100001000100000011111101100000000
111111110110100000000101000000000000000000000
011101111011010000000100000010111011100000000
011101110100100000001000000001000000000000000
000100001000000101111000001001101001000100000
000000000000001011001110001100000000000000000
001000100000000100111000100010000000000000000
001011000010001100010101001000000000001000010
001010000000001010010000000000001000000011000
000010000000001011100000000000000000000000000
000010000000011110000110001100000000000000010
001100010011100101001000011100000000011011111
000100000000000100001000011000010000011110111
010000000001000001000000001100001010011111101
000001100000000010000000000100001000010111111
000010001000000000000110001100000000000000000
000000000000001101001111010000000000000010100
010000000000000100001101110001000100011111111
101111110110100010000000000000001110100000000
011111110110011000000000000100000111000000000
101111110110101000000000000000000011100010000
010111110110100000000010000000000110100001000
110111110110101000100001100010000101100100000
111111110110000000000000000111011011000000000
110111110100100000000001000011110101100000000
111111110110101000000000000001101110100000001
111111110110100000000000000010111011000000001
000000001000000000000111100100000000000011011
001000000000000001000111000100000000000000101
010100000100001000000011100100001000000001111
000010000000000000100111101100100000010000000
000000000000000000100101100100010000010100010
000000000000000000000111101100000000001100001
000000000000000001001110100100000000010101000
000000000000000000000111100100000001111100100
