0010000010010110011000011
0000101000001010110100111
1001011101100000100110000
0010101110110010010110100
0101010101000011100101000
0010100000001011110110000
0111000100110111111110000
0011101000010001101110000
1001000001000111110000100
0010100010001101011011000
0011001000001101111110000
1001001100000111100110110
0100010001100101111111111
1000001011111001111110101
1101111010010000001101000
0000111111111100100110011
0110111110111101000110000
1101011011101100001010011
1000001101101110010110000
0111111100111111101011111
0011011101111101111100100
0000100001001010000100001
0101000010011100000110011
1100000000011001010100101
1100000000001101010101110
