0011111011000000011011010100000001101101111001101110000000101110000111
0001001001000000011101110010100010011010111111110110111000101001100011
1000101110000111000011101000000100111100111111011010011011110110011111
1100111000100000110001110010010100011111001001011010111000010110110001
1011011010101101010001011111101110111111100111100110111001010111111110
1001101010111111011011111111110011111101111110011110111100111110011011
1111110000001001000010001101001000111111011110111111011010011010001011
0010000001000110100110110111110100011100111111011101101000011110110101
1010110000010010011001101110001010001011001101111001101001111111111010
1100000100010001000111100111110001011101010111111111011000001111011111
0001110000010110000001111001101111101011011101100011011000001111011011
0000010011101000100011101011010010010111101101101101101101110110100110
0000111000010011001111010011111011001101001011111110101001010000111111
0010110100100000000010110110101101111110111101011111111000100111110111
0010010110101000110001001110011110001111111111100010110100100110111111
0010111001001000101001101110101100001110111111111101100001110111111111
0001000100010011001111001100001100010011110110101111111000100100110110
1101110010000010001111011101100010011110101110111101111001101110001110
1100010010001001110111101010000010010101110111111111111011101111111011
0100000101001000111011111111110010011111011111111111111000101101110110
1010011101011100111101001111101100101110001101110111111110011010000011
1111110011111011111110011111101100101110111011101111000000011110100000
0111010111110101001100001010010111111111011111011111111010111110001000
1101110100101100010101000011000101001101011101011110111000011101010101
0010111010110011111111100001000101111111111011011101101000010110000100
1000111111000111110111000001101101111101111110111001110001011100101001
0101110111011111001111110000101110101010111100110111011010010111111111
0000111101111000010111011100111001011111110001110101101010110110101110
0100110101101101010111000111000011001111111110010111111000100110110000
0001010101011010000100100001000111011011111100100010110110100010001101
0000101010101111100011000111000011110111100110110100111111011111111011
0011100100100111100011111110010011111100111110111011011111011101111110
0100110010111010011100100010111100011111111111110011110011101101011000
1000010001101100000000111101111100101111101111001101111010111010101111
1010111000100100000011101110001101000101100111110110011000111111001111
0111111101010100111100101101011110001010111101000101011010111111111111
1111111111101111010111111111110111010000110100110111101101011001110010
1011111101011111011111111101101111100000100101100101110100111010011110
0101101010110111110111101011111011010000111001111111101110111111111010
1001111011111010101100111101111011100000111011110111111101110111111101
1110110100010111111001001111111111111111001011101111101011001000111111
1110011101100111101101111111110110011011000101101111101001011101111111
1111011110111111010111111110110111010011100011011110010111111011110001
0110111111110111111110110110111111111100010011010110101111111010110111
0110111101001011111101101100101111100001101101110000111111110011111011
1111100111111111001111111001000011110111111110110011001111111100110011
1100101011111011111111000111011110101111110011011111111111111111110111
0111011111001101011110111111101110101011001111101000110100111111101000
1011011111011101111101111100000101000010111000110011001101111111010111
1100111101011101111111111011101001111111111100100000011000111111111001
1111111001101110101111110010110110101011111101101001010111100001110110
0000001111110101111111101111100111011111110001101010110111111101111011
0101110110011111111110111101111011001111110110110001010101011101011111
0111111001100110111110110110111111110101001010110111101100111010000111
0111111111111100111110111011101101111011110111101100010000100110110001
0000010000010010000010000000011100001111001111111011110011011101011001
0010001000000000001010100011011111010010101111100011000100100011010000
0010100010011001011000000100001110001001111111101011100100011111000100
1110010010010111111100100001110011110111001111111111011010011000111111
0011111110011001000011111111001101111111011111111101110101100110111000
1100011111100000011111110100001111111110111101111101110101100111111011
1011110111110111111101111111101110110011010001111101101101011001100001
1011111111110111011011101011111001110111001110111100011011011001011110
0100100011100101001100010010001110111011011010111111100111001110110100
0101100110011111101101000111101101011011111111110111001000111101011110
0011110111101111101100010010101110011111111111101111101110111011100100
0010111011101011011000100111011111110111110010010101100100111010100100
1010100101011111110100011011010101110101110100101010110001100011111011
1110111011111111111110000011001101111110110111101011110000101010100100
1111011101101111001010010110011001110001111111101101111100101100000100
