011000101111111111111111100000000000000011100001000000000111011111101000000
101101001111111111111111000000000100011111000001000000100110111001000000000
110111001101111111111011000000001101001111100001000000000111111111000000000
011000101111111111111110000000000000001111100001000000000111111111001000100
001001001111110011111110000000000000001111100001000000100101111111000000100
011010101111110011111111001010000010000111100001001010000000001000000000000
100101011111111111111111100001000000000111100000001100100000000010000000000
000000101111101111111111000001000001101101100101000000000111110110000000000
111111110111010001100011000000000000000011100001000000000111111111000010000
111111111010000011111101000000000000001110000000010001110101011001000000001
110111111101100011110110001000000000101110000000000000000111111111000000000
111111111010101011111111000000000000001110000000100000000111011101000000000
111111110011010111111101001000000000000111100101000000000111111111000000000
111111101000100011111111000000000000001110000010000000000011111111100000100
111100110001000111111111010000000110001110000000010000000110111111000010000
111100110000101011111111000000000000001110000000000000000001111111000000000
111111110111111101101001000000000001100001001000000000000111111111000000000
111111111111111110110111000000000000000001100101000000000100011111000100000
111111111111111111010000000000000000001111100001000100000111111110000000011
111111110111111101100000001000010000001111100001100000000111110111000000000
111111110101111110000100000000010000000001100001000110000111111111011000000
110111110111111101001010000100101010010001100001000010000011001011000101100
111111111011011101000101000001100010000001100001001110000111111110001100000
111001111101111111000010000000010000000001100001010000000111011110000000001
100000100000000000000000000011011000000000010001000000000000000000000000000
000000000000001000000000000101101000000010000000000000000000000000000000000
000001000010100000010000000001110000000100000000000000000000000010000000100
000000000000000000000100010000010000100000100000000100000000000010001000010
000001000000000000000000100000000001100101000000000110000000000110010000001
000000110000000000000010111000001000000000000000000000000000000010100001000
000000000000000000000110011000000000000000100000000000000000001000001000000
000000000000000000011001101100000000000010000000000000000000000100000100010
001000000000000000000100110001000000010000000000110000000010001000000000000
011000000000001000000000000000000001011010000000000000000100000000000100000
000001000000001000000110000000000000111100000000000000000000000101000000000
001000010000000010000000000010000100010110000000000000000000000000000000001
000000010010000010000000000110000010001000000000000000000000000000000000000
010000000000000000000100000000001111001010100000100000000100000100010000000
011110010111011100110000000000000110110101100001010000000111111001000000000
011111110111111100110000001010000011001011000001000100000111111111000100000
111111101111111100110000010000010101010101101001000000000111111111000001110
111111111000100011111111000010000000001110000111000100000111111111101111100
101111111000100001111111000100100000011010001101000011001111111111000000010
000000000000000000000000100000000000000000000111000000001000000000000000000
000000000000000010000000000000000000000010100010001000000000000000000010100
000000010000100001000000000000000000000001110011000001000000010010111111111
000000000000010000000000000000000000000001011101000000000000000110100100000
111111011000100001111111100000000000001111110110000100000111111111001000000
000000000001000000010000000000001000010000000000000010001100100000000000000
000000000100001000000001000000001000001000000000000001101000000000000000000
000001100000000000000010000000000000000000001000000011111000100000000000010
000000100000000000101010000110000000000101000001000000110000000001010000000
000001000000000000001110000010000000000000100000101000001000000010000001000
000000000100000000000000000000000000000000100100011000011001000000000000000
010010100100000000000000000000000000000000000000011100011000000000000101000
000000000100000000000000000000000000000000000000001101101100000001010000110
000000000000000000000000000000000000000000110000111011110010010000000000100
111110011111101011111011000000000100011111100001100000010001001011000000000
111100011011111010111111000000001000001111100001000000001000001010000110001
101110011111110110111111000000000000001111100001000001000100000101000000000
011110011010111110111010000000000000001111100001101000000000000100001010011
111110011111111111111011000000000000001111100101000000001000000001000000000
111111001111111111101111000000101000001111100001000000000110000011000000000
101110011011111111111011000010010010010111100011000000000001100011010110000
101110111010111111111111001111000000000111100111000010000110001101000000000
111110001111111111011100000000000010001111100001000100010101011110001000000
100000000000010000000000000001000000000001000110000000000000000000000011011
000000000000000000001000000010000000010000000100000100010000000100000101011
100100000000000000001010000100100000000001000101000000000000100001000000111
000000000000000001000110000000010100000101000110000000100010000100010000111
000000001000001000000000000000000000000001001100000000000010100100100000000
000000000000000000000100000001000000000011000100000010100000000000110000000
000110000000010000000100001000000000000011001100000000011000000000001100011
000000000000000000100000000100010000000010100100001000010000100000111100101
000000000100000000100001000010000001000000000100000000000010100000111100110
