011010000000010101111100000001001011101111111101000010110111010101101000000
101011101001111011100000011100110011100110011110000111011011111101011100010
110001001000000011010011000000111010101111010100001011100111111101111001000
000011000001110100000111100001000000001101111010000111011101110111100011000
110101000000101111101111110100110010010110011110100001111111011101010000000
011110001001110000001010000100101101001110011110100011111111011101111000011
010000000001111110111111010001011101000111111011000101101101111111111100000
000000000000101100001100010000100000000101111000100011111110011110011000110
011001000101011100001100100100001100001111111110000101111110110101001001001
000000001010111001010001000100010111000110111111010011101010111001101100010
000000000100011101100000000110101010000111011010100100111101011110010001101
010101101000000111000000000000000000111111111100010011100111111111101000010
010111110100010001001111011110010100011100001100010000101111111111011001001
110101101110100001001010010010111010011011111110100010010011110111101001011
010010111110000001101000100100010010111111110110000101101011101101001000110
100110111011000001001010100100000010000101111110011101100011101111101000010
011010100001000001100010000110000000000110111011000011101101001110010000000
111010000111111110100011001001011100000011111000100011011101011100110110000
110010100010001011000110010100001100000000010010100011111111111111101000010
101000100100000000000011000000000100000110010011111100110110110111111111100
100011111000111100000001000000000000000011011011111011101110010101101000111
100110111000100000100010010000001000001000111011101010111110111111101000100
001111100000110111110101000000001110000001110010000011111110100001110100101
001110100100100001011010100000001000100011111010101000011111110101001000000
000110001000001100000001000000111101110110001100011100100101110111111001011
010010110000110000100100001101011101100011101110000010101111111100111101100
010000000000100001000000010010000100001001011110010011110111101010001000101
010011001110101110100000010000011010000111110111010011101001111110111100101
000000000010110010000000001000111100000111111110010101100010100101011100101
100100100000000001000000010000010000011100111100101001001001000110111001000
011011010010010000000000100010011000001110100110010111111011100111000011010
011010100100111001000000110111100011010100111010000011110111111100111100011
101001101010010001100111110110100101101110110001100011111111111011110000101
000001101100100001110010111010001010111100111110000000111010101011100000000
111010000110011100000010000100010101000111011100001010101011110100111000100
110001100100000000000000110000011010101111010111000011011111110110010010110
111000000001001000000001110000001101010010111110011011011101101111101000000
000010000001111000000000100001010100101010110110100010010111100111110000001
101101001001111000000100001001101101010110011101100110101101011110111000000
111111111111101110010000100111111111001010011111111000000110110110110001000
111011101111011011011001110110101011111100110001010010111111101110111010000
101100111011011101001011011110000011000000000000011011110011111100101010000
100100111101011111000111010111111100110010001100000001111011011110011110110
111111111111011111111111001111011111111110001110000001000100001100011001000
110111111111110111001101111011010110101100110011011011110110011101111000000
111011001101111100000000111111100111111100110010001110101001110111111100010
010111101110011110111111011110110101110100011101000011100101101111100010001
100000100100000010011100000100001001001110001010011010111011111000101000010
000011010010010001111101000001001000011100000000001011111111100111001000010
000000000101100100011000101110100000100111001001001111110011101101011100101
001000000000000100011101100001000010100101001101110101111110111010111110000
010100101010001100010000100010100000001000000100011001101111101100100000000
111101010101010011101110011100111011111011001111110000001001111011111010011
011111111101001111101010001111111001100001111010111100001101111010101000000
101011111111101110111110111110111110001011101111111100000111010110111000000
110111011010010001110111001000111101110011101001111000000110000011111010010
010111111110101011101111010101101111101010100101101111000011111101011001101
101111111011100011111111111000011001111110011010101101110010000111001001010
111011011101111100111111011010111111010111101001111100111100110111111001000
111111100011111111100001111101111011111011100111110111101000100101101011100
011100101101111100110111111110111111110111000111111111001011010111110101001
111111111111110001111101110100011011001101101101001011101010100101101000001
011011110111101111100100011100011100101011111011011111001000000000101110000
111111111011111111111101110111110011111111111110110100101111110000110101100
000100110011110110110100101101101101111110100110101011110110100000011101000
111111101101111100111111100010101100110000001110110010011111110000010000101
101101100101010101111110110101011110111111001111001111110011111100000000100
011011110010100011010010110111011011011110111100011010111010100111001010111
111001111101111100111101111111010010101011111101111011111111011010010101011
010000100100000001010010010110010000000000100100011000000000101110001001111
000100000000000001010000000000100001000011100010001010010001001000010000111
001100001010110000010000110001100000000100010000000000001111100110001100110
000000010010001000011110011110001011000000100000010000001001000101110111011
010001010101011100101000100000110001000000100101100010010100000000011111100
000001001010110000001010101110011000010000000010010010001000110001011110100
