011010111101111000111100011111
101001111111111100010110010111
110100111010111000011111101111
001001111111111000011111111111
100001111111111000000111111111
010110111111111000100110101110
111111000011110000011111111111
111111000010110000011111111111
111111000001111000011111111011
110111000011111000011111111111
011111110100111010011111111111
110111101100001001011111111111
111111111110011000011111111111
111111111110101000011111110111
111111001111110100011111111111
010000000000001000111111111111
000000000010000000101100101011
000000000001000000000011101111
100001000000000110001011111111
111100111111111100001111111111
101100111111111110110100111111
111111111111111110011000001011
011111111111111101110000001011
001110111111111101110000010111
001111111111111111111000001111
110110111111111100111001001101
101111111111101111111110110000
111111110111111101111001110001
111111111111111111111111100001
111110111111111111111111110110
