01101001010011111000000000001110111111011111100011101111000111011110111000000001
10000011110001111001001000011111111101111110000000000000010111100000100000000000
10010011111001111011000000011101101111111101000111111010000111111010111010000100
00101100111000000000001001011111110111111110000001001000000111100000000000000000
10010101100000100000000000011111111111111110000000000001000111100000000000000010
00011000110000000000000001111011111111111110000000000000010111100000000000000000
01100001010000100100000000101000100111111110000000000000000001000000000000000100
11101010110001111010000000010000001111011110110000000000000010010000000000000000
01111101000001011000000000000000001111011100000000000000000000000000000000000000
11110111000001111000000010000000000111111110000000000000000000000000000010100000
00110000000010111000100000000000000111010111000000000000000000000000000000000000
00000000000000010000010000000000000111111011000010000010000000000000000011000010
10000000001001001000000000000000000110111111000001100000000000001001000100010000
11100001110010000000000010011111111111110111011000010010000111110000001000010000
11101011011000011000000000011111111111111110010000001000000101000000000000000000
11100001111100101100000000011110110111111010100000000000000111100000000000010000
11100001111010110000000000011111101011111110000000000000010111100000000001000000
00000010000000010001001100110000100101111110100001010010001001000000000001000000
00100001000000000001000000000000000111011110010001001010000000010000010000000000
01100000000000000110001010100101000111111110000000101000000100000000000100000010
00000000001000000000001110000000000111111111000000001000100000000100000000000000
00000000000100000000000111100000000111111110000001000001100000000000000000000000
01010000000000000101100001100000000001111010010000000000000000000000000100000000
00000000000000000100110001100000000111111110000000001000000000001110000000100010
00000000010001000001110000001000000100111110000000000000000010010000000000100001
00010100000000000000011100100010000111111110000000000000000000000000010001000101
00000110000000000101011101000001000111111110000000100000000000000100000000000000
01111101000001111100000000000010110111101110000100000000000100100100000010000000
11111110000001111000000010000000000111111100000000000000000010000000000000000000
11111000000001111001000000000001110111111110000000000000000111100000000000010000
11011100000001111000000001010000001111111110000001100000000000000000001000000100
01111100000001101001000000100100100111110110000001000000000111100000000010000100
11111110000001111100000000010101011111111011000000000000000111110000000000010000
11011100000001110000000000010100101101111110000000000000100011000000000001000100
11101101100001101000000000000010110111111110000001000000000111100000000000000010
11111111111111110111110111111111111000101110000000010001000111100101000000000000
10111111111111111011110101111111101000011111000000000000000111100000000000000000
11111111111101111111111101111111111000011100000100010000100111110000000000001100
01111110010111111101111111111111111100000010000010000000001111101010000101000000
11111111111111111111111111101111111011000110100000000010000111100000100000011000
11111111110110111111111111111110111111000000000000000000000111110000000100010000
11111111111011101111110111111111011111010000010001000010000111000000010000100010
11011111011111111111111111110111111110110000000101100100010111000000000000000001
10100000001111000000100000000000100010000000011010000000000000000000000100000000
10000001000000010100000000000000000000010000010000010000000000000000000010011000
00000001000001100010001000000000000000000101100111101110000000011010111000000000
00000000000001000000000000000000000000000001000101101110000000011010111101000000
00100000000000000000000000010000000001000010011010101110001000000001000000000010
10100000000100000000000000000000000000100001010100011110000000000001000000010100
10110000000010000110010000000011001000000110011000111011000000000000000000000001
10100000000010000001000000100010000000000010011101000110001000010000000000000001
00100000000001000100000000000000000101000000100011000110000000001010111000001000
10110000000000100011100100000000000000000000011111000000000000011010111000000000
10000000000000000000000000000000000000000010011110110001000001011010111000101010
10100000000101000110000000000000000000010100011111110000000000011010111000000000
10001000000000000000010000000000000100000000000001000100010111000000000000001000
00000000000000000000110000000000010001000000000000000000001010100000001000000100
01000100000000001000000000000000000000000010000000000001000001000000010010001000
00000000000000000100000000000000000000100000000100100000100011100000000000010000
11111100000001111001000000010101101111111110000000000001000010100000000010000000
11111101000001011000000010001101111111111110000000000001101101010000000000000000
11111110000001111100000000000101111111111110000000000101011010100101000000010010
01111100000001011000000000010101101111111000000000000000101101000000001000000001
10100001000001000010000010000000100001001000011000101110000010001011101000000000
10100000000010000000000100000000000000100000011000011110000000010001111010000101
10000000000000000000100100110000000100000000000000000000000001000001011000001000
10100000000000000000000100000000000000100000011000011110000000010000100000000011
00000000000010000000000000000000000100000000000110000000000001011100001010000000
11100000000000000000000000000000000000010000011000011110000000011010001000000000
10100000000000000010000001000000000000000100011000011110010000001100001000001000
10100000000001000000000000000010000000000000011000011110100000111101110000000000
00000000000010000001001000000000000000101001001000000000000000000000000000011011
00100000010100000000000000010001000000000000100000000000010100001001000000010010
00000000000100001100000001000000010000100000001000000000000000000000000000001111
00000000010000000000000110000000000000000100000000000100000000000000000000010101
00000000000011010000000000000100100000011000100010000000001001000000000110101101
00000000000000000000000000000000000001010000100000010101010000000100010101010011
00100010000000000000000001000011010001000000000010000000100000001000000001110011
00001000000100000001000100000000001000000100000100000100000001000010000111001100
10000000000000000000000011000000000000000010000001100000000000101010000101111100
