0110000011001100111000000000010000001001000111111111011
1011000000000000111000000100010000001001100111111001111
1101101101000000100000000000101000001001000111111110111
0110010110010000111100010000010000001001000101111101111
0010010000000010111100000000000000001001000010111111101
0001101000000000111000000000000000011001000111101111111
0010010000001000111000000000000010000001000101111101111
0011000000000000111000000010001000001001000111111111111
1001000001100000111000000000001000001011001111011111111
1010000010110000111000010000000000001001000111110111111
0000000011000100111000000100000000010001000101111101111
0001000001001000111010000101000000001001000111011011111
1000001000010000111100000110000000001001100011111111111
1000000000100010111010000010001000001001000111111111111
0000100000000101110000001000001000011001000111111111110
0000000000000010110000011000100000001001000111111111111
1111111111111111010110000000000000001001000011111101111
1101111111111111101010000000000100101001010111111111111
1101111111111100010000010100000000101001000010111110111
0001100000001000100010000001001000001001000111110111111
0000000000010100110101000001011111111101000111111111111
0000000000000000000010100101111111101110000111111111111
0000000000000000000001010001111111111110001101011010011
0001000001000001001000101011111110111011000111111011111
0000000000000011000000010011011111000001000111111101111
0100000000111000001001000000000000001000000111111111111
0000000100001100000000011000000110001001000111111101111
0000000000010000000111111000101000111111000100111111111
0010000000000001000001110001000001001111010101111101110
1101000000000000000011111000001010011111000111111111101
0010000110000110000111111001010111011111000111111111111
0000000000000000010011111010001000011111000111111111111
0000001000000000000011111010011001011111000111111011111
0000000000000000000011101000101010011011001101101111111
0000000000000000011011110001000000011111000101111111110
0000010000100010000010110001011111101010000111111111111
1111110111011111111111110111111111110100000111101111111
0000000000000000000011100001111110101010000111001111111
0000000010000000000001110001111111110101000111000000000
1111111111111111111110011011111111100010001100000000000
0100000000001000000000000000000000000000001101000010000
0000000000000000010000000000100000000000000000011001000
0000000010000000000000100000000001000001100010000000010
1111011111110111010111111111111111111111100010001000000
1110110111011111111111011110011110011110001100000000000
1111011111111111110111111110111111111110100000000000000
1111111101101111111111011111111111111000000000000101111
1111101111111111111111111111111110110000010000000010111
1111111110111111111011111111111111111100010100000011011
1011111111101111111111001111111101111100000000100001011
1010110111011111011111110101011111111100100000011000101
1101111111111111110111011111111111111100010000101100110
0111111111111111111111011111111111111100000000110011011
1111011111111111111111111111101111111100001000111101101
1111111111111101111111111111011111011100000000111110110
