01010110100001010000010010000001000111111110011011010111000101011111011011110111
10011110111111011101000011001100111001110011100000100011111111111111000011101000
00000000010110101111001011000000000001011110000011011101010100110110111110011101
11000000100111100000001000001100010001111110010010000000000111100111111111001011
01000011110111001001000101000001000001100110100010111011111000111101001101111110
11000011111101111011000100001100000001001001011011011011110011111010111111011011
11001100111011000100101110000001101011111110011000110100110101000101110011110101
00001100100111111010100000000000001101011111010010011011000010110101001101001011
11011111001100111101010001110100000001111110011011011111111111111110101111101110
01101110000011111000101100010000010110111110011010010110110111110110101111111011
01000110100000111101001001001111001001100110010111001111010100011001101111101000
01111101100001000100000001110000110011001000001100111111111111111011010110101111
01111011010001001011000110001000110001110110000010011101111101111101101010011010
11011111010110000111000010010010010110101110000010001111111011111010101011111011
00110101111000000110100100000010010001101010000111010110111100100111100111111011
11000101111000001101010110010000110101111000110011011100111111100100110101100111
01101101111010010000110100100101010000110111100111110111111110001010111110111101
01100010101101110001000101001010111101011111100011001101110010101000010111101111
00100101000011100001010000001011000010110010100100101111101111110101110101111111
01101100101011010110111011011001001001100010001110011111110101010101110111011101
00000011010000101001000011000011001101110101110111101111001111110011001110100010
10000000100000011011000111110000011011111101001111011010111100011001111110111101
00110010011000000001000111111111010011110010000111111101000100111110111010110110
00001110010010111100011011110011100101111110000011001111010110110110110110100010
11100010000011010001111101110010000101111010000101011011101111111001111111111111
01101000101100000101111110010000110011010100001001101101011111011111101111111000
00000000100100001000011110011111000000100111110111100011111011110011001011101011
00000000110101010001011111100100000101101011101111110110011111111111110111110111
01010100001010000111001000100111011001101000000010001010011101111111011101111100
01010100101000001000001000111001100101011010000000111111011110110111111111111111
00000000001001100110101110101001100101111111000011101111111101001001101010111111
10001010001000001011101100101110111001111011000111000110111110001111111111111101
01000010000110010100000101000111001101111010001101101110111011110111101101101111
01010000010111111100011001001001001001010010000111111011011111111011011011101001
01000011001000000101110000001001110011011010100011011100110111111010111001110001
10000001010001010100100110010110100001111110000111011100110011111111011010011101
10000010010101000010011001000000001001111100001010011111011011101101010111110111
11111111101110110101111111011111111110101001001111111111011111111111000001100111
11011010111011111011111110111011100111010011111111111001001111100101001101010001
11110011110010011110111111000111111110100011110111111111111100101101101111001111
10110111110101110100010110011111101111000111100010011111001111110101111110101111
10111011111011001100110101100010000110001011101100101111100010100010010111101011
11111011111011101111001110110111111100111101011101011010011000010111100110100111
01000101000000001100110000110011000001111110111000111111100111100101101011001111
01001000000000011110100000110000001000111101010101001111101011111001100111001111
10010111111000010000100000100000000000110011100101001111111011110101110011111101
10000110110100000001010001010000100011100111000110010100111110111110001111111111
00000000001100101011111010110001110101110110111001111011010111111110101110011101
10111101111011111101111100111011011111111000001001011111110111101011111011011011
10100100101000111100111111110011111101110010110110101011111110011110111011010001
01001010000100001010101001110110110001110101000101010111111111111111011001011111
10101111110110111001011010010100011111111011001110101111011110111110110110111000
00101101101111010111111111001110111111111111110111010110010111110110101110111011
10100010111111111111101101010111101111011101111010111011111110111110111011111111
11001101111101101011110110111111110011011111110111111101101101011101101011111111
11101101101111001111101111100110010011111101110111110110100011111000101111010011
01001110110111111111010010100011101100010101111011100111010111010101110110111101
01101110111111111101010101111111111111010010011111111100100111001111111111111011
01001000100111111010110011111111110011111010111001110110000000000110001111100111
11110010111110111011111111011111011001111001001111111110110010101101111111110110
01010101110101011110100111110101111111101101111111111101110100111111111001101011
11010110110111010011100011111010111111101001110110101011110000011011010100011101
01111101110111110110101110111100111111111101111110111101000110010011101111101111
11101101111111000011111111111100111101001010111101111111100011100111111110111001
11001100101111001100011011011011011111010000101111110111010111000110011111010101
11111011110010110011001101011101100111111011011101111110111110011001100101011111
11110100110101101000101101111101111101000110001111111100011011111000110011110111
11011011001110100011110011111111110111111011110010100010110111110100101101111001
00110110111011111011011111010111101000011011110111011111110110110111010001111110
10110110000100011111011110011101011110001100010011110100110111011010101110001011
10111101111011001000111011101111111100111001001111101111011110111001010011010011
00111101111100111111110111011101100010111110101100011001111101111101010011001011
11110110111111101101111111110111010110011111111111011111111100111010011100010111
11011111111001110111000011111101111011110101111011100111011110101111101100001111
11001010111101111110111111111111111011001110011000011110111110110011100000011010
10101110010011101011011011011111001110100000011111111111110101011111101010100111
01111101111111101111010011101111110100011101111110111110110011110101110101100111
10101010100100011111011010011111100111011011111100100110101101101110100011011011
10011101110111110110101110110110100011011111101010101111011110100110111111111100
10110111010101111111010010110111111111111111111111101111111011111111011111011100
