000110100100000000000000001011111011111100000110000001111101
000110010101011000010000110101101001100101010010000101010010
000001010001000000100000000111111111111000010010011001110011
110011110100000000000010111001101101111111001001001101101011
110100100000000000011010011001110111111100000001001110111011
001100100011000010011001011110011100001001001110001110101000
100111011001000001100101111110111101111101010100000001111111
011100101100101000101001101110100101111000010001001001111111
000000110001001000000000001111011110001100001011000000110110
110100010000101010001011111111100111111100001010001101111101
000001000001110100010001100101111111111000001011000001111101
011001101010011001000000111111111111011100100110100000110111
000000010110001100101010100100010001000110000001001110100111
010000000011000100111110001110100111101100000011010101110001
010000011101100100010111111111101101111111010001000001110101
000000000010111011000111100111110111011100010001000011111101
000001000100000101010100100110011010111110000010101100111100
000000100001000110011111111110111100101100011000001001001110
001000110000110000001100111111100111100010001010001101111100
010011000010011011000111110010111101011011000001000000010111
000011010100110001100011111101111101011000010000000111110011
000000100000011111110010000100101111111101110100100001001010
000110000100111101011101111101010111111001000010000010011011
000001110110001101011010100100010111111111000010100100111010
010100110111101111111011001110110001011100000000001001111110
010111100101001001111010000011011111011000000000101001011101
100111111101011001101010100001111111111100011000100001111110
011001111111111111101111100001000110110101011011000010011001
101001111101011111110000110000111011011101000000000101111011
111110001111001100101010011100010100011111001010011011010110
111110110111011101111100101010000111111000010000000101110110
101011101011100111011011111011001111100110000101001001111111
111101101011001011011100011010010110110100011010010000111111
001111111111011101111111011101111001111110011100000001010011
101010001111010110100111011110111000101000010010100100101101
111110110111111100111111111010110100000100000110010100101100
111110110110011011100111001100111110001001011000000101011111
101110110111001110011111111111101100000101110000100101111110
101111111111011111011111111011100110100101110100001011000010
110110101101111111000101101111011101011001001000000111111110
000100000000101010110001000001010100000000011101100011000101
010101100000001000010111000111000000111100010110000001111101
000000000001000000000100000000000000011000010010101001001110
011000110000001101001100001100101110111011100001101001111110
000101001110000001100000001101001100100110000100100000011011
100001100001000000000100000000010101001011001000111011111111
111001001111010010100011000101001011000001100001100001001110
000110011010111100010000000100010000000010010010111011010010
000000000001000010000101011000000010010010111111010011001111
001000000000010000000000000001001001000000000101100010111011
001111010100100011100000110001010000001000110101000101011001
010111000100110010101001000010100011110100000000001001111110
000011000000100100001010000101000000001110000101110001011111
111100110110011101101100111011110100111111110111101110010011
101111111111111110101001101010111011010101010100010100011111
111010111111011110111011111111111100110101011101011111100001
100111110110000111100111111110011011110101111110111110100110
100000111111101111110000111001111011110111110110100110101001
011110111001100001011111101011111100111100111111110111101001
101110110111111100011010010110011110100011001100111011110110
