010000100111000000001111111111000110010001000000011101111101
101110100111000000100111111111111110000000000000011111111011
010111100111000000001101110111111110000001001000001111111111
011011100111011111111111111111111110000000000001010111111111
011100111110100100100111111110110110000001000000000011111111
001100111011100000000111111111100010000000000000000011111111
111111011100011111111111111011111110000000100100011100001100
000011101011000010000011111101011110000000101000000000100001
000011110011000001100111110111111110100001100000000011111111
111110100001011111111111010111111110000000000000001100001000
111111011000011111011111110111011100000010000000011100100001
111101011100000111111111111111111110001000000001011100000000
000011000000010010000111111111100110000000000000000011101001
000100100110101110010101111111111110000000100000011011110111
000100100110010111000111111111001110000000000100011101111111
000110100111011011101111111111111110000000001000011111011111
000100110111111100111111111110101110000000000000011101011111
000100101111001100110111111111111100000000000001011111111111
010110101101000111010111111111110110000100000000011111111111
000100100111010011101011111011111110000000000000011111111110
101100100111000110010001111111111110000001000000111111110111
111111101111111111100011000000111110000000000000011111111111
110111111111101111110101001011111010000000000000010111111111
111111111111111111111110110101011111000000000000011111111011
111111111011111111111001000010111110000001100000011111111101
111111111111111111111001001001111110000100000100011110011111
110111110001111111111010010000111110001001010000001101111111
111111011111111111101001000000111010000010000000011111111111
111111101111111111111010100001111110000000000001001110111101
111101111111111101111011010010110110000010000000001111111111
011111101101110111111110111111011000010000000000001110111111
011110111111010101111111111111101110000000000000001111111111
011100111111011111011111111110110110000000100000011111111011
111110111111111111111101111011011010000000000000111011110111
111111111101111110111111111111011100010000000000011101111111
000000000000000000000001000000000000000011100000000000000000
000000001000000000000000000000000000000011110000000001010010
100000000000000000000000000000100010000011000001000000000000
000000000001000000000000001000000000000000110000000001001000
000000000000000000100000010000000000000000110000000101000000
000000000010000000000000000101000001110000101101100010000010
101010001000000000001000101000000001110000010000010000000000
000000111000010000000000100000001001101110010000000100000010
000000000000000000000000001000000000101101100000000100000000
001000010000000100000000000000000000000010000001011100000001
000000100000001000000000010000000000000010000000100000000000
000000000000000000000000000000000000000000000000000010000000
000100000001000001000000000010000000010010001000111000000000
000000000000000000001000000000000100000010000101000010000000
110100100011011111111111110100001110000001001001000111101111
111000100111011111111101111111111110000000001001000111111110
111100100111001111111111111111111010000100111000011011110110
011111001000110101111111110111111100000010000010111101101010
111111001000111111111111101101011110101100000000011110011101
111111011010111001111111101111111110000000000000011110011010
111111001000011111111111111111111110100000000000001101101110
111111101100101111110111111111111010001000000000011011110101
101111101000011111111110111111110110000000000000011101011011
011111001000011111111111011101111110100010100000011110110101
111111011010111111101111111111111110000000001000010001001110
