01100101101110101100110000110101110011110110000100000111001010011111101111111000
10001011000010111101001010110101101100011111101000000111000111111111101111011111
10000001110100110011100010010111111111011111101110100001000011010111010111101111
00000011100000011011110011010110101111101110100101100001011111011010100101101111
01000000001000100101111010010111111001111011101010000111001110111011111101011111
10000010101100110011101110000101110111101101001000000101001101101110111011111011
01010100110110111111011010000101101110111011101100100011111111110110101011111000
11110000010000110010111010000111101101111111100000001001100111101001111110110111
10110110000011110110001010011100011111111111100000100011110110111110011011000111
00100011000001010001111111110101001000111000100100010011101011111110111111010010
10001100000111111011110011010111111001101011000110000011001111111000111111111101
10100110001001111111001110111111111111011111110000100011111111011110101111001111
11000010101001101110001111010111111110100011100001000111001000001111111111001110
00000000111110110100111111001101000111111011000000110101011111011111111111110101
11101111101111000000100111100111101100011111111110000111101101111111111110001111
01110111111101001001111011000001110011111111101001100010000011101111101100111010
11010010001110010011011101011101001111000111101010000100101010101111101111101101
11001010100111000001100101110011011110001111110101100011110000111110101111111110
00110111101110001001000111110010110100001111001000010011110111110010111110011111
01111110011100011110101000110111001001010111101111100011110011010111100101000111
10111101011001110101001010011101101011001011101000010111011110111101110100100110
10011011011001011000000011110101011111011111001100000111110011111101101011111101
01001111110111011001100111111110101001110010110000000011101101111111011100010110
00000100010111101110001000011000100111111100100011000111111110111011101011101111
01111111111111110010111001111001111110011110000001010010011111001111111111101111
00010000011011111110011010111100010010000110100001110111111110100111110111010101
11000000010100100111011011010111111111111001000100100001111101010011001111110001
11111000111110001111111111100011110111111110000110001011111111010110101011011111
00000000100101001000101111000110101111110111100010000011111111101101111111011111
11111111111111101001111001101001001111111001111100010001011101111101011011100111
00111001001110100111001000111000111101111111100000010111011111000111101011011100
11101111011111111101110010110100110010110111010100100000110001011101111111110101
11111111001110110010101110111011011011100011100000001000101000110111111011000111
10101100101110010110010011110011100011101111010010100011111011101111110011000111
01111011111110101101111010101110100010111011000011010010111101111110101011011101
01110111100111101110010110111110000010101001100011001011111111101111111110011001
10110110100111011100110111111101111101011000000000001011110111101010110011101100
10111101101101011001111100111110110010111100000101010001011100110111100011001001
10011111111011010000001100111111111101010000101000000111111001111011011111111001
11101011110101110001011110111111001011101001001000101011011001111101111111110101
01111111111101110110110110110110011111010110110010000111100111110011100011001011
11110101100100111111010111011011010001001010001001000111111011111011010101111010
11111011101111111111111011011011111000001100100011001011101111101111111111001011
01101111101111111111110000101111111100010000000000001111111111011110010101111111
01111011110110111101101101001110100100101010001101001111111100101111110011100111
00000000000100100100001000000101010000001000001110110010100100111110011100100010
01101110000000111011110000000100000000110100110111000100111111110110111100101110
10110010011000100101010000110101000001000000111001110110011110011011111110100101
00101000001000101001000100011000011100001010011001101001001111111110010010101010
00010000000010010101000111000000001101000110101110100101101011101011110100111111
00110010100101010101000001100001010000010000010111001111000010101110001100110001
00000000010001000010100011000110001001000000010100001011011001110101111111010100
00000001000000000000000000010000100110010011100010110011100111110111001100011011
11001100000011101000110101000010000000101101101101100010001111010111010111111110
11001010111110110111111111011010011110111111110100111101000000000011100100001111
11111111111111100111111101111110010111111111100011111010000111110010110101110000
00000011110100101111011101111001111110101111111001001000010010110110011011111111
00010010100101000111110111111111011111110101101100010000100000011101001111110111
10011110011111101000101111111110111101110111101111010100000001110011100101000111
01011111101101100010101111111110001111001011111110001101000001101111101010011100
11111011111101011011110111011010010110001111001111101101100001111111111111000010
01110111011101110011011010111111011110111111001011011101001110011001111111110011
01001111111000111110111101001100111111111110111011111001101110001101110011110101
11111010111101100111111100110101101001111101011110011101111011000001011110111111
11011101111111111100111110001101011110110111110111100000010111100010001101011101
11100110110111111101111011011111111101010011111010111100110110100000000101101111
11111110110111111111001111110010111111101111111111101111101110001000111010111111
11101001000011111001111111101111110101111110100101011110011111110000101101101101
11011111011111111111110111011011111111011010101101010011001111100011010111100110
00101101111011100010101011001101110110110111111111010101100011110010100011111111
11001111111111111110011110111111101100110010011100111000110111011011000111111101
11111001011111111111101011101001000100110111011101111111011011011101101011111000
11100111111111101110010111111111111111111010100110010100110111110010111101110110
11111110111111001101010111111111111011111111100000010101111011101101111110101110
10110111001001011100110110100101000010110101111111100101110001110111111111011010
11001111011001010110011001111011001100110101000001111101110101111010011110100110
11111110001110111110010110011010001111101111001011001110100100011111011101100011
01111001101111101111111111011111111010010001101101010110111100111111111011010010
01111101110110110111101110011100110000001111111011001110111011010110110011111101
01111101101101101011010111111101111101111011100101101010111001111111011000001010
