0101010110000000101010010000000011011010
1001001010100000000001001100000100010010
0000001001000110000110001000000111110101
1100000110000000000100100100011111010011
0000000110101000111000011000000001001100
1000000100010000000011001001000110110101
0110000001100000000111111010000010101111
1001110000001010011111110000000111110100
1101100001100010110110010011000110111111
0010001010001110010001001000011010110010
0100101010001111000001000110000001111011
0000010000000011100011010010100011101101
0000100101100011111111110100000010001111
0010000001100000000000010000010011011111
0010000111111001011110011111000011110110
0000000000111010101010110010001011111010
1000100010011001000100011001000110011110
0000100111001010000111011010000101010111
1000100100001011000110100101110011101111
0011001110001010111000110001010010100010
1010011110011011011001101000010001111110
0100011101111000010010000000000001111100
0001001100001001001110000000100111101010
1000101110011111110100000000100111111010
0110111001000010110010000010100111111110
0101000000101010001000000001111111011111
0000001010110011010000001000010111111101
0000010010000010101100000100001010010111
0000000000010000001000111100010010010111
0001000001000100001110000110100101010111
0001000001000001000000000101000011010110
0111010110000000110000111110010011011101
1011011111011111101100111111101100001100
1011100100110111011011111110011100110001
0010011111110011001111111010000001010001
1111010111100111110011011111111101100011
1000101010111101101011111110000110000011
0010111110011110111011001111111110000001
1101001011101111111110111101111000011001
0011011010111100011000000111110101111110
