0110000101110001000000000100011111111011000011011011001
1011100011110111000000001100001101110010101000001010100
1100011011010011001001000000011110111001011010001000000
0100111111100110000100111100011111101100100001001000000
0101001111100000001001000000101010110100010100010000110
0011001100000010000110001000111011110000100011100000001
0011110010110011100110000000001010110101000000100010001
1001110011101000011100001000111101111110101010100000000
0111101101101101101010101110011111011100000100100100010
1111100110110001001000000110110111011101100110001001000
1101101111000011101000001100101101011101001000011100010
1110001001001100011010000001111001101001110001000110000
0000000110010110101101100010101101010010000000000000000
0101000010011011010010000110111110110001000000101010110
0111011000101100110111010000111111100001111001000100000
1110001011100100010101001000100111100001000000001100001
0000001010101010010100010000101000100111001000001000110
0000000100010111101001000100111111011001010000001010000
0010100111111000010000100100111111110000100000000000001
0001011100001011100000100000011011000100000000110010010
0000011010010110000000000101011111000110010010000011010
0010100000001011010000111001100110010001000100100000100
0001000010001000001101010000101111010001110010000000100
0001000000000010100001100010110110111010010010101100000
0101010110100001000001000100100011111010010000011100011
1101000011100100011010001000111011110001000010000011000
0000000011001100000000010001101110010011101101000000111
0000000000010000000011000010111111110010110011100010001
0000110101111111111001111111000001001001110100010000000
1011010111010110011110010101001100100110010100000001010
1111111110111110111110100111010101100101101000001000000
1111000111101111011011110011011001011101101001000100001
1011111011000111011111111111000000011100110011100100000
1101010111111011011110101101101100001100100101010011010
1111111100010111101000011101011000011101010100110100000
1110111111101100011001111111000110101111011010000100111
1011000111110000010000011000100111110001010000000000000
0001101111100000100110000000011111110000001000000100100
1100000100001000100010011011010000010000111000110100100
1010001001110111110001100110101100111000001010000110110
0101010101010010001000100011101111000010000100001010100
0010100000010010010010111001110010111010000100100001001
0110000100100010100000000010001100010111000000000001001
0000100011000000000001000010110001100000110000000100000
1010010101000000000010110101000010010001000000101011110
1001010000010010000000000011000111000000000000011010010
0000011110000100000101010001000010100010010010000010000
1000100000100000000100001000100001100010000001001010001
1111000001100101110000011000001000000000100011010010111
0000000010110011000000011000000110110111000100000000101
1100001000010100010110000101000001000001100011111000010
1000000001000000000010000100010001000000011010000000000
0100100000000100100001100010000000010111100010001100010
0000100010100100100110001010010001010001000011001010100
1000011000000001001000001011000100010000011000011100000
