0001101011111110010011111101011110111000
0001001011111111111111110000111111101101
0000111111111011111111010000011110110100
1100001111111111111111110000011101011111
1010001101111111111111110001011101111111
0010000001111111011111110000011111111110
1111100011011111111111110000011011111111
0011100011111111111111110000011111110011
1111001101111111111111110000011110111110
1111111110001001111111110000010111111111
1111110110000101011011110010010111011111
1111111110000010111111110000011111111111
1111111111000101101111100010011111111111
1101111110101001110111110000011110111001
1111111110010000111111010000011111111111
0111111111101100111111101111011110111110
0111101111011111011111110000011111111111
1111111111110111100011110110011111111111
0111111111111011100001010010011111111111
0111111111011111100001010001011101111111
1111111111111111110000010000111110111111
1111111111111111111100110000111011111110
1101111111111101110001011010111111110111
1111111111110110111111100001011011100111
1000000000000001000000100001111011111111
1000000000000001010000000001011110111111
0000000000101001011000100000111101101100
1000100000000001000100011100011111001111
0100000000000000000011101010001111111111
1111111111111111111111111111001100011011
1111111110011111111111111111110100010111
1111110111111111111110100111111010011000
1110011111111111111011111101100100110011
0101111101111010111101111011100000111111
1110111111011111111111111110100011011111
1011111111111111111111101100111111101111
1101111011111111111111001111110101110101
0111111011111011111111111111101001111010
0001111111111011111111111101111011110100
0101101101111110111110111101111011111000
