0101001111111010101111011
1010001111111000111111111
0101111111111111010111111
1010000000010000011110000
0010010111111111101111110
0010101000000111111110000
1110010110000111111110000
1110101011100101101110000
1110101101101111111111001
1110100110010111111111111
1110100110011111111101111
1111100001100111111110000
1110100010100111111110000
0010111111111011001111010
1010111011111100011111011
0010111111111100101101011
1100111111111001001111111
0111011011111010001011111
1101111111111111110111000
1111111111111111101011110
1111111111011110111101110
1110100011100111111110100
0110100001100000110111000
1110100001100111110110001
1110000011100011110000010
