000011011100100010110100111110101110110101111001100001010110101000000010100
001111110110100010000001000110011101111011011000011010001101000100011010111
010010011100011011101010000001101000010111101000100101111111011000101000001
010000101100100010111110010010010000100110111111000101111111100100000010011
111000110000100011101111000110100100111110000000001000010101110011000111000
110000010000101110111111000010000000011101001000001001110110111000000111010
010110001010001100010100000101000010001101101101000100000001010010000001101
111011001100001011011001011100000010110111101010000000000011101001010000110
101100110010001110100000000011111011000110110100000001100010011011000001100
111100010010100111010110110101010101111111111000101000111000010011100001001
010000101101000110001000100011011111011110011100000111100000101010001110001
000000000010010100000100110010111101111110110011000010000100010000001110010
110111000100000010000010000001100101011101110101000010000001100001011000000
001000000001001100000000000000100000110001011000110000010100010000001100110
001001111000010000000000100011100011110100111101001000000000110001110000010
000001101111010001000111001001001111111111000000011001110001000100010010100
111111011110100000011110110100100000110110111001100100000000000001100000000
001010010100000100110110111010000100110111111000001100010001101001110000100
101111001000000001000001001110010110010111011010101111110011010011001000000
100101110100000011000010010001001100111110101000100000111001011000000001010
001111010010000010000011000101000110100100011001000010101111101100100001000
100111100101000111000000010000011100101111010111010001101100110110000001010
001111000100100111011001101100010000110001010000000000010111100101000011100
010011010000000100101010000111000011111011110010001001010010001000001110000
100000000111001011000010001100000100100111110010010000010010000101000010101
100100010101000011010100001001011100110011111010000000110001100010000100000
100000010000000101100010110101001000101101111001100001000001100000000100010
110010110100000010101011101000100010110111111001110100000100110000010001010
110111001011001001100001000000101110010011010010001000000101010010001010000
001000101110101100011001011000010100111111111000001100000000100011010000001
101010001001111010000000000110001111111001011011000001000000011000011000100
010100001111000000100110010001000001110111011000100010000000010001001000100
111000001011000100010100011010100100001111110010001001000001011001000000001
110010000111100101111100110011101011001110011100001001010001010100101000001
100000111010001100101001000110100101000111011101100001000001001000011011110
010000001111101100000001000000110110111001110000101110000000000110000000010
110110010101011111011111111101110001000010111001011010001111110000001001100
111011010111111111110011010111110001000010110101001101011101101000100101101
010011100111100100010101001001101101000101001001000101111110110000000000000
101111111111101111111100101101011110001000011000010001110100101000101000000
011110011111000111110101110111011110110000001100100001011110100100101000000
111001110100110101100111111111111011001000000010101101111110101111000100000
101100111101101011010001111101001001110000011100100001111101000010100111000
110100001111111011101111111111111111110100101101111000111111010100000000001
111101110110011011111000011101110110101110110000001101111110100100000001011
000100101010101000000100000000000110010010110000111111001010101000101000000
000100010001000000100101110010101000000001000001101111000110110000000010001
100100100001101010001100001100100010111000010010110100000000101100000110000
101000000100010010110000001100010011000011110111010110110100110100010100001
010000000000010100000100100100000000100100010101100000001100010010010100011
010011000100001101100001000011001101110001011110000010011000101010010001000
001100100010000011100000000101000001011001001111100011000011001100000101100
010000000011100000101000000000010001100000000110101100000001010010110110100
101101001010000100100101001000101110011111101110000100111000100010000001000
001101001110000100111100010000000000001101111000100001010000000000000000100
101111000100010101110011110000000100011111111000101001100011001000001011010
011100000100000000011100000000000000111011111100011001000110100011000100100
111111000001010000001110000110000000111111111010110000001010010011100000000
101101011000000000101011100000000000101011011110000100011101001001000010011
011110110000100101111010011010001110110000110000000110010010100000001101011
100111010010101001001110011101000000111111001111101001001001000001010110011
001011101101011000110100000110111100101000010010110010000100001110100010000
101001011010000001011001000000101010010101000101001100010010010011110010100
010100000000000100001110100000000101000011011001100100000000010000100010000
000010101110000000100100010011000001000001100000011011001100011001011001000
000010011100101011100010100001011000000001000000000000001110101010000001000
001000000100001011001000000000000100010110100100000010000100011100010001010
010000010000101101000000000101100010000000000000111010000000101010100000001
011000000011110000100001000010110110100110000100000000010001000010000001110
000011000011010000000001011000000000010001100001110110001001100000000001001
110111000011000100000011100010000010000000100011000010010010111100000000011
000011101100000000011110000100000010110000101000001101010001000011101100111
110000111000010101000010100000110010110000000000000110101000001000001001001
010101010001011000010100001100000011000000001000010000010011100000101011001
011100100110000000000000100001001100010000011010110000000011100000010111110
