0110111000000000001101001101011111111111
1011100001100011010101110100111100111011
1100111001101001110001011101011111111000
0100110001100000000101011101110001111110
1111010100000000010111011101111011011000
1011100001000010010100011011101111011111
1010000010111000011101101101000111101101
0000100010100000111101000111100101100011
0000001101100100001101110111111011101110
0111010010101010000100010111111101010101
0111001111001110101110011001111101110111
0000001000001101111101010110111111100000
0010001001110000101100010111100010111011
0000000010110011011101010001100000111011
0100010001100101001111000001111100111010
0110000000010110011001011010111111111011
0010000100111000001001010111101011111111
0110111100010101000010100101111111110111
1000001110111111100100010000101100111110
1101111111111110001010011000100001111011
0000100000100010010101101001111110110010
1111101110010111100010101011011101110111
0100001010000000010011001011111111111101
0111110011111101101100001110001011011111
1011111000100001000111110110001010010011
1111101111011000110000011011100111011001
0000010111011001100001111101001101011110
1011111111101110110011100110010011110000
0101110111111111111110100100010001111111
1111100011110011010011100001101001101101
1110110011110011111011111010010111101111
1110011101110011011011100110001001111111
1010111010011001110010111101001000110000
1011111111110001110101110111111100101100
1111001110111111111111100001111111001001
1111110001101111111111111111100110001110
1111111010001111101100110110111101110011
1001011011100000111001110010111101010010
1101010110101111111111011010101100011101
1100011101101101110101111100111100101010
