00001100010000001101011111010001011000001001111111000000010000111000000101111111
00100100000100000110011111011001100000000101101111000101000000110000000111100111
01010000000010110010111111110000000000100001100111000010000000000101100010101101
00100010011101100000011011111000000001111000111011100010010100101100001010011101
10000010110000111101001111111000000111000000010011000111000000010111000010011011
11000011101111010100010010101110101100011101101111000111010011110000011000111110
00011100101011000000001000001101000000000001110111011101001001000011000111111011
00000100111110011000010110110101011100000011100110111000000100001000010111011111
00001111000011100001001100110010110011100000110111001110111110101001000111111111
10011001000011000001011101011000000010101000001110011001110001110010001001110011
00010111000010000000011100010000001000000001011111101101100000100000000110101010
01010101000001011000001010100001111100000001010110010100110110101100010001111111
00100111111001001001010111111000100000001000111011001000101101001010001111111110
00010110110110000001001000111101111101001101111110001001101010100110000100011111
00111000100000010100111111111000010001010111111010010000001110000000110111010101
00101101000100100111101111110100001000111110111100011000100001011011001100111000
10001001000110000000111111011000010000000011110111000000110001010110001011111111
11001100000000110001000110011110000000111101111111101001110010001000001101101011
01100000000000010000100101000110100000001100001110000010110011000010000110111111
10001000110011010100001111111010010000010010101111000110010001000010000101111111
00100000000000111010010101011111001111000101101110001101100000011010101011110100
11110101011010101000101110000110110101110001000010011001100011100011010001101000
11111010111101111001010010110111111101111010101001011001110000100110010011001001
11101001111010111111110011101101111110111100101000100101111110100100011111011100
11111101000110111101011101110101111100010101100111000011110011101100101101101111
11111000010010111011100110000110111100100100100010000001001011100010001110011001
00111101100111110001001110000011010100101111111011111001100000110111000001101011
11111001111011111101101010001111001001011010100000010010100011111110011011100111
01011110010011101101100100010011111100111110011100000011010001110111000111111111
00000111000001010110111111010010001000110010101100000001000100110000111111111010
00000100100000000111111001111101001010111100010101010000001100000000000011001101
11000011000101000000101110111010111100101011011111000101000000000000110110000101
01000100100111000010011111001001000101001001110000000110111100010100010100111101
10000001100101101001011111101001001101110000111111000000000011000000110100111011
10000101001101010000101111011111010000110111111011000010000111001001000010101111
00001101000101000000111111101001110010100010101110110101010001111010000111011110
00001000110000000000100100000010000100011111001100001010001000000010000011101111
00011000100001100000111000010000110000001010001000001100100000101101010110111010
00110000110000010100011101101111011100010101110011000000010001000011010011110111
00010100000000110101011110011110011010101011101110111000010011011000000100000111
10010100010011010110001100111011100011010010111111000000010000000001000100111111
01000100000001110110100111101010001010100011101111100001000011100010001111111111
00000001000000111001001000111101001111011100110101011110100100001011100110111101
11100111001101101100110010100001101010110100111100000011010110110010000011111011
11110111100011111101101111110100111100111111001110110011110010111111110111110111
10011010101111111100000000101011111000101011001101001001111011010111010101011111
11010100011011110111101100101101011111011101110101100001001010110101100110111101
11100111111101011111100010001111010110011111111000011000110000110111001111101011
11111111111111101111110011100001011100111100100001100011100011110111001111010011
11111110101010001101001010100011011000101110011010000101111010100110100111111110
00010001001000000100000100100000000100010100101010001111000010001000010111111110
00000011010100110000011000110010000100010010100100001010100110011000011101111011
00000011111011010100111000100000000011010010010100110010010001000100100010110101
01001110101100000001100100000001100101000010000001100000001001001110011101011001
00111100100000000011000010011000101010000011100010111000001110100000010100111000
01001110011001000100111111101101000100000101111011100000000111000000101110111011
00000000111111011110111110110000100001000010110111010000011101111010100111111010
10010100110100001111001110001000100100111001110101001000100000100011001101100111
00000010100011100000000101000010100010000000011001000110100110100010000000110101
00010001100110100000000100000110101000000011000000010011101010100000001101000100
00000100100101100110010111010000011000010101111011110011001101110000011110110111
00000110010010011011010011011000011100110100010010001101100010010010010111101111
11010100111101000000011111111100000101000101101111000010111110000101101011001100
11001100010000011000100000111100100100010001111110010000100011000110100111001010
10010001100110010100100010010000001101010010100000110100100000000011111111111011
00111000000101001000001110111000100001000000111111001100000000110011101010111111
00001010010011011011111001111000000110100111110111000100111001011100001111101110
00101010100000010000010000101000001001101010111110000000010000101100001111011001
00100000000000100000100010000101010000000010101001001001100000111100001001001111
00000101000100100000011100010101110001100000110000110110000011001000001110100111
00010100010010011100100111010100000000000100000110010101010110101111110011111111
11000011101011110111000111001101110101011110111111110111110111011011010001010111
01111011101010101010101101011111001111100111101111101001100011111111011001011011
11000011110110101101111110111110000110100101110111110100110101111011101110001011
11100110111110011111110010111100111011101111101101111011111011001110011000000010
10011111110111111011100101001100110101101111111011111111101010001101001110000111
10111111101111011111011111101110111111001111011101110111100001111111101011000010
11110101100111101011100110011011101110111110111001101000011111100110111100010011
11001111111111001111000010111100011111111101110111110001110011011110111111111101
11111011110101101111001011111011111010111111111110011101011011001101111111010110
