01110011010110000100001011101000000
10000000110011010010001101011001001
10001011100010001000011111001111001
10001111110111000011010110100110001
00110110101100000100011111111000000
00011011101001010100011110011001001
10111100100011010001000100110000101
10110100010010000100100010000000100
01111110011011000000000000010100101
11010001101100000010001000101000001
00001100110110000011001000000101110
10011000011010100110001100111010110
11110011101100100000100100010001010
01010110100000010010110000100010000
00000000000110011100101001000110100
01000110000001101110001100010010010
00100000000000110100000001010010011
10001101000100111010011110001110010
01010000011101010100000000111111010
00010010001000000000110100001000001
00000001000011100001001101001101010
00111100000001000101000000000000101
11101100011100110100100011101001100
01111110000110010101100001101000111
10111101000000000100001000011001100
11101000000000101000101100001111100
10011010010101000010001100001000010
01001110100110011010000010001000000
11101100010100000111101111110100000
00110000101000100110100001001000101
00110000000101111110000001000001010
01100100001010000010101011000010011
00000011101100100000011111000100011
00000000001110011110100100100011100
01110110110000001001010100000101100
