00001110111111111110000000110000010101111110010000
00000110100001110000000000000010000111111110000000
00000000000011100000000000001001000111111111000000
00000001110010100001000000001000000111110101000001
10000010101001100000000001000000000111011110000000
11000001110011100000000000000000001111110110000000
11001000100101101010011000011111111111010010100010
00010100100011101001000000001010000101111110000100
11011111000011100000000100000001010111111110001000
10010100000101111110101111111101011011111110000000
10001000000011100000001111111111111111111111000010
10000010010011111110000111111101111111111110000010
10110101101101100000001111111100111111111110000010
11101111111110111100001101011011111111111110000010
11111111111111011110101101111011111111111110100010
11000000010101100100101110110110111111111110000010
10000011010101100000001111011111101111111111000010
10000000010101110011001111101111111111111110000010
10000010010100100100011111110111101101111110011010
00010001000000000100000101100000000110111010100000
00000000010000110000000001110000000111110110000000
00000010000000000010000010000000000011101110000000
00000010011011111110000000111111111111111110000010
00000000111111111111000011111011111111111110100010
00000000011110011110010100011100111011111110000010
00001000011111101111100100111111111111111110100010
10000000011110110111101101011111101111110110000010
10000010011111111010101111100001110001111110100010
00110011011111101100001111100011101111111110000010
00000010011110011110001011100001100111111110100000
01000011001001111110001101101000011110111100001010
00100010111101101110001101111100011101111110000000
00000010001111111110001111111100011111101100000000
10000010111111110100001111010011100111101110000010
00000110011111111110001111101011100111111110000010
11111111101111111111101101101111111000010110000010
01111110111111111101111111101110111000010010000010
11111111111111111110111111111101111000000110011011
11110101111111111111111111111111111000010000000010
11111111111111111111101111111111001110100100000010
11101001111111111111011111011111111000000010000010
11111101111111111110111111111111111101010010000010
11101111111111111111111111111101011111001100000110
00110000001000001000000000000000000000000000010111
00000010000000100001000101010100000000000000000101
10000000000000000010000000000000000001000001000011
00000000100000000010000000000010000001000000000000
00000001000000000000000000000000000000000011100001
00000010001111111110001111111010011111111111010001
00010000000000000000000000000000000001000001110110
