0001000000000001110000000
0001001000001001000001000
0001101000001100100100000
1110111000000011100000000
0011011011100100000001010
0001101010000100000000100
0111110011000100100000000
0000000000111001000000000
0000111000011000000000000
0000101000001100010011100
0000100100001100100100001
0000000110001100001111111
0110000111110100000000000
0010111001111000001111111
0001000000000000110000000
1101000100000000110100000
1011001000100011010000001
1000000001000011100001000
0000000000010100000010000
0010000000110101000000011
0000000001010100001001010
0100100001010100010010101
0000010001010100000001001
0000100000010100000110001
0000000000110100100101110
