011000100000000000000000000000000000110111110
101101000100000000000001000000000000111101111
110010100000001011111100000000000000111111111
010011100001000000000001000010000101111011111
001101010010000101111100000000000000101011110
010110110010100000100000000000010001111111101
101101010000000000000010000000000010111111111
000011100000010000000000001000100000111111111
000000000110000000000000000011110111111111110
010000001011100000001000000011111111111111111
000011001101011010000000000001101111110111111
000100000110110000000100000111111111111111111
000001000101011001000000000011111111111111111
000000010011101010000010100101111111111111111
001000000010110010000000010000110000111111111
000010000000000010100100000000000000111111111
001000000010011101111000001000001100110101010
001010000000100010100000000000100000111111111
001011000000000111011001000000000100111111001
001010000000000010100000000001000100111111111
001010000100000010100100100000000010110111101
001010000001000100001000000001000000011111111
000000100000010000000000011100000000111111111
010100000000000000100000001100100000111111010
000000000000010000001000001101000000111111111
000000000000001000000010000010111110111010110
000000010000000010000011100011011111011111111
000000000001010000000011100011111111111111111
000100001101100000000000011101000101011111111
000000001111110000010100101110001010111111111
000000011111111001000001010100000011011111101
000001001101111000000000011100000101111111111
000000000111110010000000011101000010101011101
000100001111110010110000011110010001111111111
000000101111110000001000011101101000111111111
000101001111110000000000001110110100111111101
111111111111111111111011110101011111000110101
111101111111111111111111111111110111000011111
011111111101111101110111111111111111000001101
111001111111111111111111101111110111100000011
101111111111111101111111111111111111110000110
111111111111111111111111101111111111011000000
111111111111111101011110111111111111111010001
111110111111111111010111111111010110010110001
011101110111111101111110101111111111111100110
