00111010011101101001100100111000000100111001110011
00011110110110100100001010111101000100110010001000
10011110111011101110100010101001000000001111000100
11101100000100010101100100111111101010000100111000
11110110010011100110000010111101111000001000001010
01111000101111100011011001111001001000000000000101
11101001111011101000001001111011000010110000000000
00000010010101000001000010010000001110100011010000
01100110011001110000110110011010000001011000000000
11101011101010011010010011001110010000111100100000
10100110110000100100001011011011101000010000010010
11010101000010000001000010101011000000001000110001
01101110010100100000011101100001101010000000110000
10101111100000000001000011111110000110100101010100
11101110101010010011011111101100011110100010110000
00010000110000101010001010111001010100100001000000
10100010010000010101111011110010100000100010100010
01111000001000001001100001111100100001000110000100
00101100010000110000010101111100100011000000011101
10010101000101101100111110100100011101100101011100
10110000100000001101001001111000000001010010010100
00000100110010101011000011101100110100101101100100
01000110001010111001100010001001011100000000000100
10010000100010100011000010011110101010000000000100
01101001111101111001011101101000010100100001000000
00000110011011101110110010101110000001000001001100
11111110000111111111110011001010001100110001000010
11011111101001011110100100001100001010010000010000
11111110111101110110111111110110001000100110000000
01011000010001100111010101011000001000000100000000
00010010111101001000000101101000010000001010000000
01111110001110010000001000000000000100010000000000
00011000001010001110010100000000001111010001000000
00001000010000110001011010000010001111000010011110
00011101001010100001001100111100110110100000000100
11000001000001110001011010100001111001110100010101
00010011000011100010000100010000111000111000100000
00000000100000000111100001000000110100111011010110
11000011010001111001010010101000001111010000110010
11000010111000000000100000110001100111101010000000
10101000110100000000010000000010000011010010000100
00110000010001000101010000001100000100000001011010
01100001000000101100100000001010010001011000000111
10100001000001010001010011100000100001000100111101
10010000010110101000010000000000000010100001010101
10010001001111100011100000010000010101100101100100
01011000000000000011000001000000010000000101000001
00100100000001000111111101000000011101001011110011
10001000001000001000000000100000010001100110000100
10000100000100000010000000000000000100000011101100
