0000001111111010110001111
0001110101101111111111110
0000001110101100110100001
0100111111111111101110011
0101011011010110111111110
0101101111001111111111011
1011110110110111101110010
1111011011110111111110110
1011111101011110010111001
1101110110011110110010010
1111001100000110000001100
1001101111000101111100100
1111010011000111101111011
0111111111111010011111111
1101111111101101101110000
0101011100011010111011111
1111111101011011001001111
1110110111010101000011010
0101111100011111100000100
0111111110011110000010010
0101111111001111010100101
1100110010101101110000011
1100100100110101101010011
1101111101001101110101101
1011010010001101100011110
