00010100010000001111111111111111010000000101010000000010111110111
00010010000000001011111111111110000100011011110000011000001111111
00001010010000001111111111111011000000001111110000000000011111111
11000110001100001111011111111111110000101111101000000010011111101
00100010000000001111111111111110000010001111111000000000010111101
10010010000000011111111011111111000000001111110000000000010011111
01111100000001001111111111111111000000101111000010000000011111111
00000000001011011011111001011111000001001111110000000100011111111
00000000000101110111011111011101000010001111110010000000011111111
10100000000011111111111110111111000000001111110100010000011111111
00010001000010001111111111101111010000001111110000100100011110111
00010000100000111011111111111110000000001111010000000100011111111
00000001011000011101111011111101000000011111010000000010011111111
00000011110000011011011111111110000000001111110000000001011111011
00000000110100001110101011111110001000001111110000000000011110111
00000101110111001110111101111111000000101101001000000100011111111
11111111011111110001011111111111000000000100000000000000011111111
10111110111010110000011000001100100000000111100000000100011001111
11111111111101110000101111111111001000000000010000000000001110111
11111111111111001000001000000010000001000000000000100000011111111
11101111011110110010001101111111000000000000000100000100011011111
11111111111111011100000111101111000010000000000101000000111111011
11111111111111111111100000110001001000001111110000001000010111111
11111010111101011010110001101111000010001101110000000000011111101
11111110111111101010010000011111100100001011010000000100010111111
11111111101111111010110100000101100000011111110100000100011111111
11111110011111111010111100001010000000001101110000001000111111111
11111111110111111010101010000001000000011111110001010000001111111
11111111111111111110110110100011000000001111110000000000011111111
11011111111111111110110111000011000000001111110000000000011111111
11111111011101111011110110101101010000001110110100000000000111101
10110111111010011010111111011110000100001111100000000000011111111
00010000000000000100000011000000000001110000000101000000011111111
10010000001000000000000000000010000001000000100000000000011111111
00000000000000100010001000000000000010110000000000000000011111111
01000000000000000000000010000001000010010110000100000001011111110
00001000100000000000010100000000001100110000000000100000011111011
00000001000000000001000000000000110000010001000000010001011111101
00010010000000010000000000000000101010000000000000000000010111111
01000000000010000000000001010000101111000000000100000000011111111
01111111111111110000001111111111000000000000110100010000100111111
10111111111111111100001101111111000100000010101100000000001110111
01111111111111100100001011011111000100000100010100001000011111101
11111111111111110100001111111101000001000000000100000000011110111
01111101111001100100001101111111010000001100001100000000001111101
11101101111111100010001111111110000000001010000100000000011111111
00011000000000010000000000000000000000000100100000000000011111111
00000000010000000000110001000010100100011111110000000000001111111
00000010100000000000000000000000000000000000000000001011100011111
00000000000000000000010000010000100000000000000000000101111111101
00000000001000000001000000000000000010000000000000000111111111111
01000000010000000000000000010000000001001000000000000000011111111
01000000000000000000001000100000000000000010000010000001111111111
00000001001100010100100011000000000000000000000001100011011111101
10010000000010000000000000000000000000000000000010100100111011111
00000000000001000000000000000000000101000000000011101100010111101
10000000000000000000010000100000000000001000000011101010011111101
10111111111111111101111111101101111111110011011001111111100001101
11110011111111111111110101111101111111010111111101111110100000010
11111011111111111011011111111111111111111111111101111101100000011
11111111111111111011111111111111111111111111111111111111100000000
01111111110111011101111111111111111111111010111111111111110000101
11111111111110111111101111111111111101111111111111111111110001000
11100111111111111111111011111101111110111101011110111010001100000
11111111111111111111111111111111111011111111111111111111110101000
