00001001100100000111111111111111110
00001000000000010111111110110111111
00010101100000001111111111101111111
00100111100001000111111111110111111
11000010000110000111110111100111111
00110000001000000111110111111111111
00011000100000000011110111111111110
10110000100000000111111111111111011
10110011000001000111011111111111111
00000000000010111111111011111111111
00000100000000001111111111001111111
10001000000000001101111111111111111
00001000010000011111111111111111111
00010000100000000111111110101101111
00000000010000010111111111101011111
01000000010010101111111110101011111
00100000011110010101111011111011111
11111101111111111000011111111011111
11111111111011110000001100110111111
11111111111111111000011001111011111
11111111011111111000000010110111111
11111111111111111101000010111111111
11110001111111111111000011011111110
11111111101111110110000011011111011
11111111111111111100111101111111111
10111111111110101101001110111011111
11111111110111111111110011000011111
11010111110110001111111111000001111
10100111111111111101011111000010011
11111111111111000010111110000000011
11111111111110111111111111101000100
11111111111111111111111111110000001
11111110111111111111111011110010000
11111111111111111111111111111100001
01111101111111111111110111111101010
