00000111000100000111110010010000010000111101101101000000000000000
00000111000000010000000000001000000100011111111000000000000100001
00000101100000000000000000000000000000011111111000000010000000000
00000011000001000111110000000000010000011101111000000000010000010
00000000000000000111111000010000000000011111111100011010000000000
11100011000100001100000000000000000000001110011000000000010010010
11010100000000000111101000000000001000011111111000000010000000100
11110100000000000111110000000000011000011111010000000000000000000
00100000000001111000000000000000001000011101010000010000000100000
00000000000101101000010100000000001000011111101000000000110010000
00000000000001011100010000000001100100001101111100001000000010000
10000100010000001000000000010000000000011011111000000000000001000
00000000000000101000000010000000000000011101011000000000000000000
00010000111000111100000000000000010000111111011000000000000000000
00000000110011010000100000000000000000011011101001000000000000000
01000000101001100000000000000000000110011111111000101000010010000
00000100111111000000000000010000000000011011111000000010000000000
10011111001001000000011111111111111011101111111000000000000001011
10011011000000000000111111111110011101111111111000000100000000010
10011011000000000000111111111111011111110111111000100011000100000
10011011000000100011000000000000000000011111111000000000000001000
10011001011000000111000000010001000000011111110000000000000001000
00001010000000000111000111010010000001011111111000000000000000001
00000000010000000111001010110011111111111111111000000000000000001
10000000000010000111001101000011110101111111111000000000000000001
00000000000000000111001010101011111111111111111000000110000000000
00000000000000000111000101010000001010111111111000000000000000000
10001000000100001111011100101000000000011111111000100000001000000
01000000000000000111000001010011111111111111111000000000010000000
00000000000000000111000000000000010010011111101000000000000000000
00000000000000000111001111001001100011011111111000000000000000000
00000000001000000101010111001010110100011110111000001000000000000
00000000001000000100000111001011011000011111111100100001000001000
10010001000001000111000111001101101100111111111000000000001000000
00000011110000000111000101101000110001111111111000000000000000000
01000000001000010011000111001001010011111111100001000000000000000
00000000000000010101000101101110000100011110101001000010000110000
00000000000000000111001111001010001100011111111000001010010000001
10000000000001000111000111101000011100011111111000100000100000000
11111011110111111011111111111111111111101010100010100000000000101
11111111111111111110111111111111111111110110000100000000001000001
11111111111011010111111111111111111111101011000000010000100000000
01101111010101111111111111111111111111111100100000101000000000010
11111011111111111111111111111110111101100100101000001000000000000
11111010011100111111111111111111111111110011000000100010000000001
01111111101111011111111111111011111001100000000000000000000000000
11111110011111111111101111111111111011100001000010000001100000000
10001000001000000000000000000000100000001000000011100111100000000
00000000000000000000000000000000000000010000001100111000000100000
10000000000000100000000000000000000110000000000100110000001000010
00000000000000010001000000010000100000110010100111011101010000000
00001000100000000000000000000000000000000100000011101101100001000
00001000001000010000000000000001000001000011000010110110001100000
00000000000000000010000001000000000000000000000100111010000000000
00101010000000001001000001000000000011000000100100001100000000000
00000000000000000001000000000000100000000000001100110000001100000
00000000010000000000000000000000000000100100001100010000011110100
00010100010000010000000000001000000001000000000000100000101111000
00000000000000000000000000010000010000001000000001001001110111001
01000000100000000001000000000000000010000000000010001001111001010
00000100011000010000000000000000000010000000000000000000111001100
00000000000100000100110000000000100000000000000000010000011110111
00000010000000000000000000000000000000010000000000000000100011001
00010100000000000110000000000000000000000010000001000000000101001
01000000000000000100001110000000000001011000100000000000001001110
