010011110000000000001010000110111111000000000000000000011000
100011010000000000001101000111111110000001001000001000001000
000000110010000000001010000111111111110000000001000010100000
000010100000000000001010000111111011000000000000000010000000
110101111000000000001000110111111110010100010000101000000000
110010010000000100001110011111110111000010001000000000000010
101110001000000100000000101110110111000000001010010000100000
111011000000000000001010100111110111000000000000100000000000
000010100001111100000000000111111011000000101110000100000010
000000000000100100000000000110111111000000000011010100000000
001000000000010100000000000111111011000000000010000000000000
000000001000001000000000000111111111000000100010000100000000
000000001100011100000000000101110111000000100010010100010000
000000001010101100000000000111001111000000000000000000000000
000000001001110100000000000111111011100000000010000110100010
000001101110111000000100100111111100000000000000000000000000
000000000000000000010010011101110111000000000000000001000000
000000000000000000000100100111111111000000000110000000000000
000000000000000000001010000111111111000000000000000000010000
000000000000000010000110000111111111001000000000100000001100
111111010000000000100010000111111101100010000000001000000000
010001000000000101010010100101111111000000010001001010101000
101101010000000010111100000111111111000000000001000000000000
010000000000000000000000111111110111000000100100000000000000
000010110000000101000101011111011111000000000000010100000100
000011000000000010000001101111111111000001000000000010010000
000001100000000010000001110111110011000000000010001100000000
111111111111111111111111111011100101000000000011000100000010
111111111111011101111011111100011011000010001010000101000000
011111011011111111111111111100010111000000000010000100000001
111111111111101111111111011100000111000000000011000010000000
111111111111101111111111111011000010000001000010000100100000
111110001111011101111110110010000011010000000010000000000010
111011110101110111111111110101100010000100000010000100000000
111111111111111011110111111011111100000011000010000100000000
101101111111111011111111111111101000000100000010000100000010
001000000000001000001000000000000000000011011000000000001000
001010000000000000000000000000001000000001111000000010000000
000000000000000000010000000000000000000000011000000000011000
000010000000000000000000000000000101000000000010010100000000
000001000000000000001000000010000010100001111000001000000000
010000000000000000000000010000010010110010111000000000000000
000000001001100000000001000000000000010011001110010000100100
000010000000000000000100000000000000111011001010100000000000
010001101000000000000000000010000000111011110000000000000000
000000001000000001000001000000000000000000100011111100010000
000000101111101001000000001111111111000100110100110100010000
001000000100000000000110000100100000000000000100011100100000
000010010000000000010000000000000000000000010110000000000000
000000100100100000000000100000000000000100100111000100000000
010010000000000000001100001000000000000010000101000100000000
000000001101101000000000101111010111000100000111011001000000
001100000000001000000100010000100000010000000000000000001111
000000000000000010000000000010000000000000000000000100100101
001000100000001000000100000000010000000000100001000001000011
100000000000100000100000010000000000001000000110000000000000
110000000000000000010100000000000000101000000000000010000101
000000000000000000010000100000000000000000100000000011001001
000001001000001000000000000100001001000000000000000010100000
000000000000000000000000000001000000000000000000000011101100
