000000000000000100000000000000000001011111111
001011110111111101100000111011001000011111111
010011110111111100000111111111000000011110111
000000000000001000001010000000000000011101011
011001000010000000000000010000000000011111110
011010100110111010001011111111000000011111111
011001001000000001000000001001000001010111111
011000001111111111100100000000000000011111110
000000110111111010000101010000000000001111111
011001011000111110000011111111000000011111110
011011011000001100000010111111000000011110111
011000011000001110000011111111100001011110111
011001011100011110000111101111000001011111110
011001011100101110000001101111000000111101110
011101011111110010000111111111000000010111111
111000010111110010010011111111000000011111111
000001011101111100000011111111000000011111111
010000110000000000000100000000001000011110111
010000010000000000000100000000000000011101101
000000000000000100000110000010000000010011111
000101000000000000000001000001000010011111111
001000011000101001110000000000100110011111111
001101000111101110010000111011000001010111111
001001001101111110001000001111000000011111011
011001000111111110000010001000000010011101111
011011001111001110000010000111000000111101111
011001100111111110000011100011100000011111111
001001000111111110000001010001110100011111101
011001000111111110010011011000000000011110111
011001100111111110001011011100000000111111111
000000000001000000000100001100000100111111111
000000000000000000000000000100000011111111111
010000000000000001000000000000000001111111111
000000000000000000000100000100100001011111111
000000000000000000001100100000010000110010110
100000100001100000000010000000011100111110111
000000000000010000000000010001111011001100011
111111110111111111111111111111111111000001111
111111011111110111101101111111111101100101110
111111111111111111101111111111111101101000111
111011111111101111011111001111111111000000011
110111111100111110111111111101111100011000001
111011111111111111111110111111111111011100001
111111111111111111011111111011111111111110001
111101101011001111111111111111111101110111110
