00110000001001011101110100000010100000000011100010
00001000010001101110010110000010011000110111101011
10011101010000000011110111100000111000111011101101
10101100000000011101100001100010110100100011011011
01110010000101011000110010010000101001000010101101
00110010000110111010100001000100010101010011010101
00001100100000011111010011001001000000100011001111
00100000010000111111011010000001100100110011100011
00000010001100111010001010100000001001100100111001
01100001001101011110010000100000111001001001100110
10000000110110101011100000011000011100000010011011
00001100111011101011110101010010101000101001101011
00000100001101111110100000100110001000100110001011
11001000010110010010110010000010001000010011001110
01000101101110010011010001000100001100111011111101
10011111110011100111001000000101000110000000000100
11011111111110000101001001100010000010010000101000
11010011010010011010100010001000101011001000011000
01100111111111110101100011001001100100000000101111
10110011001100111010001100100000000010010011101111
10111100001111000110001100100011001110100011001011
11101011010101100000000000010100000000010001010100
00000001100000011001100000110100000100010010111000
11100000000100000001100001110111000100000000100001
01101011100001000110000001101001100001011100010100
00110110000100101010000110000100010100001000010100
00110000110010001001101110000111110001100000001100
00001000001100000000011100001101100100011000100000
00000010001000000110000010010101100010101100000010
00000100000010110000011101111001010100110101000011
11010000000111001000100100100000001100001000001010
00000011000000010010100110111100101100000000100100
10111001010100000110000010111001000011010100000100
01110100011000000000000001100100000010001000100000
01101000111111100100100000000011000001111100101000
00010101001000110010101101010111000000000100000010
00000000000000011101100000001000110000111010001111
00001100110000000100000010100000101000001101001001
01110011100110100000100000101100001010000111001111
01100101000001101001011010010100101010001100000011
00100000010100100100000011011010011011010010000100
01000000100010000000000010001100101101110011001110
11111111001011100001101000000000000010101101000000
11110111010101100001110000000100000001100110000110
11101001110100101011001100010001011000000000011001
00010100101000100100011011000000000000000000100010
01111010101111101111101000100010001011100100100111
00101110010001110011010011100001100010101101001000
11010011011111000011100000001110000110110101011000
01111111101110100011100100000100000011110000101000
