0001111001001101101101001000001000000010111111100010000000010010011100
0001010011111111111100010010001010000011101101100001000000110000101010
0001010001000010010110000001101101110001001010111011001110000000000000
1110011111110101111010000001001100001101111100010000001000000001010000
1000011110101011111010011000010011000010111000100001110111000100000101
1111101111011111010100111010000110000000100101101010000101100010101000
1001110110111101011111000000000001100101111110100010010001101000000011
0001111011010101111110000100100000000111111100010100011110010000000111
0101111100000001000010010011000000101101111001111000000001101010000000
1111010100011111011100000010010000001100101101110100001010101010000000
0101101000011111011110000001011111000010111110101100100010100001000000
0101011101101111111000000001000100010011011111011101000101100011000110
1100111001110010101010000110001001000101010010000000000010100101001000
1101011101110000011000101000100000010010111010100011000000000000100101
0110110001111001000100010010001110100000001111100110101100010000000001
1101111111110010000110000010000000010011001110101000010000010101001001
1101100100011000000001110101001011001001011110100000000010111110010100
0111111101110100000000000110000100001111101011100000100011010010101100
1101101101111100000110000000000100010101011111100000000000000001000000
1110011101100011001001000000010001001111101111000110001000100000000011
0011101110101001001000010101010000010010100111100000100001000000011000
1000001000000000100100001011010000100001001100000110000011000000001000
0000010000000100100000011010110000110001000011000010000100100100100001
0100110010000010100010100001100011001011001111100100100110101000000100
1000110000000100000001100001100011000011010111110010001110100100000000
0000000100001000110010000010010010000010111010001100001100000000100011
0100010011001011010001100100010100000010111110101000000000110110001101
0011000010110000100011011000101010101001100011101000001100000100010000
0010000100000100000000111001001000010000101111000000000001000100001110
0000100001100000000111100110000000010011101111101000100100001001010100
1111000000101010100000000001100001011110110111101011100011100100010110
0011010000110010011000000010000000000100111111000011000000000001000001
0100110000100010100000011101000001000001111000110011000110001100110100
0010101000101000100100011000001010100011011101000001001010010011000110
0010001010000010000001100001000001001111111110100110110101001001100001
0010000000010101001010100000111000001001011011000001001000000010011100
0001000011000000110100010001001000110011010100101000001010010010110100
0001001111001000011100000000001100100011111100100111100000000100111010
1100100100110101010110011110011001101101001111101000000001100001111010
0111001110011001111101111001010011111110001011000010001110101010011100
1101111111100100010110000111111110100100010000000101010010000010011101
1001101110111100101000001110001111111100101101000001100010110001001110
1111101111110111111101010110110111110111010000100011011110001110011110
1101011101110011101111011010111101101110010000111010000000100010011110
1010001000111111111110111111111100110011000001001010000000101000001110
1100010011010010011110111001111101010011010010101001000100101111001010
1110111011100111111010011011011010101110001101010100010110001111111100
0011000111010000000000001000000010000000000100101000011000011100001000
0010010010110001000000000111011000001010000111010011000110001000000000
0000000101110010000101010100000000100100100000100000100100001100000000
1010011000000110000101101000001110100101001110001000100110000000001010
0110100000010100000000000000001111010100111001001000100000110010010100
0000100000100010010010010000011000100100010000000111000010000010001101
0000101100000001000000000000000000100000101000110000000100011110110100
0011000101000010000100001101000001011001001000010000000000001100011010
0010110100010010000000111101010010100001001001101110010011111000110101
0010100101101000110001011000001011001001111000101010100101011000101010
0000111010010000010011000000101000100010000000000000000110110110110101
0100011011111000100100111010001000000011010111000001000101000001010100
1100000100000011110000000010000001001000010000010001010111001010001110
0000001011000000100000010000010010100001001011111100011110010000000010
0000100000001001100000101011101010000100001001110100011001000011100010
1000010011010000110000000010000001011001101101100001110001010100001100
0001000000111001001000000000010101100010010001100000000000100100001111
0100010000000100010000100100000010101110000000100000010111000100000100
1001000000000000100010000001011010011111101100100001011101100000000111
1100010000001001010011000010100000010111111111110010101010010011000001
1000100100010100110000010010111011011001111110100001110101110011110000
0100001100010000000100000100101001000110011111000010001010011101010001
0000101100000111000100100110000100100000100000000000100101000001011010
