000001100000110110000000110111111001111111111111110000110100
000010110000001000000001111101111001101110101111000000000000
000001010000000000000100111111111001111110110111000000000000
000000100000000010000100101101111001111111111111000000010000
010001111110000000000100111111111101100111111111001001000000
101010110000010000000000111111111101111111011101000100000000
110111010000000110000000010110101001011111111111000101000000
011011101111001000100000111111111101111111111111000000000000
000010010011011000010000111111011001111101111111000000000000
000010010001010000000000111111111001101011111111001000000001
000010011000000000000000111111111001111101111011000100000000
000000011100000001000000111011111101111111111011000000010000
100000000000001110000000111111111001111111111111000000100000
100001001100001000000100111111110101111111110111001011000001
010000011000110110000000111111111001111111101110000000000010
100000100000101000000001111110110111111101101111000010110111
100100100000101000000010111111101001111111111111000100000000
000000000001000000001101111111111001111111111001000000000100
000000010000000000001111101111010001101110111111010000000000
000000001000000000000111011111111001101111111111000100000000
000000000000000001100011111111110001111111111111100000000001
001110000000010001110001111101111001111011101111100000000000
000000000000000010111001011111111001111111101110000000000000
010000000000000101111110110111011000111111111111100000000000
111111011111111111101101001110100000010111111111000000000101
111011111111111111011111000010000000000111111111110000110101
011111011111111111111110100001100000000111111111000000110101
111111111110111111111111100001111001111111111110000000101100
101011111111111111111011110001100000010111111011000000100111
111111011111111011111111001110111001111111111111000000110100
111111110111111111011110101111011011100111111111000000110101
111111011111111101111111000101100010010111000111001001000001
111111111111101011010111000101100001111111101010100001110001
000011010001010100000000000000000001101111101110000000000000
000000000000000100000000000000110000110011111111010000000010
111111111111111111111110000101101100111110111101000000110111
111111011111111111111111000101101111011111111111000000010101
101101111011111111001111100111011011101111111111000000110101
111101111111111111111111000101001101110111111111010000110101
111111111011111111111011111111111101111000010111000000110100
111111110101111011111111111111111111111000001111001000110101
100111111111111111011111111111111110111000001111000000110101
111110111111111111111111111111101111111000000001000000110101
101111111111110011111001111111100011111100000111100000010111
110111111111101111111111111111101111111011000111010000110111
111111111100111110111111111101110111111111011000000000110101
111110111111111110111111111111111110111111011001000010100111
111111111111110111111101111011110011111111111010000000110110
100000000000000000001101010000001000000000010000010111000000
100000000000000000100000010000000010001000001000100011000100
000010000100010000000000000000010000000010000000000001000000
000001100010000010010000000000000000000000000000100000000000
000000000000010100000000000000000000000000000010110000100101
000010100000010000000000000000011000000000000000111000000000
100000000000100100000000011111101001011111101111000010000101
100100000001000100000000011001101001111111111101000000000101
000000000000000000000000000100000000000000000000000000000111
100000000000000101000000111111100001111111111111010010111000
000000000000001100000000000010000011000000011011000000001001
000000000100010100001000111010111001111011111110000010111010
