0000001110010000000000000000000000010000
0000010010000000000000000100000000010010
0000001001000111111011100001000000010010
0000000010000000000000000000100000010010
0000000100000000010000110000100100010010
0100001010000100000100001000000000010010
1010010110000011111111110000000100010000
1000101000000100000000000000000000010011
1101011000000000000000000001001000010010
0010000000000101100111110001001000010010
0000000000000101111111010101000000010010
1000000000000100001010000000100001110010
0000000000000001110111110000000110010010
0010010101110011111011010000000010010010
0010001000000100111111110010010000010010
0010001001101100000111010100000010010010
0010001001101110000011100000010000010010
0010101000101110000001100000000000010010
0010001000110110000000010000001000010010
0000011001101011000010110000000000011110
0010001001111111100100010000000000110100
0010001001101111110000010000000000011010
0010101001001010110100010000001000010010
0000101001101111001111100000000100010010
0000010000000000000000000110100011011101
0100000000100001000000001010010010111111
0000000000000010000000001101101000011010
0010000011100000000000000010101000010010
0001100000010000000000001011010111111011
0000000000000010100000000100100000010011
0000000011000000001000100011000011111111
0000101000001000000000010000100000000010
0000000000001101000000001100101000101001
0000000000010000000000001000101000110000
0000000000010000000010000100101011010000
1111111111111111111111111111111001101010
0000000000000000000101001110101010010101
0000000000000000000110001100001000001001
0111110111111111111101110111111100010000
0000000100000000000000001100111010001100
