01101101110100111110111000000100110101001010010011
10110111111010111110011000100100111111010000001001
11011011110111011110111001000100010010110101011111
01100010010111111101011000100001000000100010010111
10100111111111011100011110001000010101110010101111
11001001111011011110111000011100101010110010011010
01111001101111101111100100000100001100110001010101
11101110001000000000111010000010001000111010100111
11101110000111100010000010001101000001000000010111
11111100000000000111001001010110110011000100000111
01001111000001101010000010000110010010100001110110
10111010100011010011111010000101110000110110101011
01111110100101111000101000100000001100101010001111
00111110101110010101111001100000000001000000001110
11010010101010010011110011000011001111000000001100
11111100000111100010011010100110000100100010100001
11111110001010000100001011010010010100100110000101
11111110010001001000101010000010111000011000010010
11100110111100110000011000000010000000001010001111
00010010010101100000101100001000000000001010101011
10100111000111100101001111000101000000000110001111
11111101000101110010000000000000110010000010110101
11111101010111011111100000001000000011000111000011
00001010000000000001100001111100010000000010000000
00001001101100111100100000110100000101110000100000
00100000010001101000100100011101111000010011100110
01010000000011010000000110001101000010001000000100
00000100010000001000000111001000011001100000000110
00001100100000000001001101110000101010010001101110
11100110111100010000100111100011101000001110010100
00000001011000111110000000000100110100010000010111
00010000100100100000100001100100010010010011100100
11000100010100000100010001001110001000000011001000
11101000011100001100010101010011001111000000000100
01000111000010100100000001011100110110000000001000
11001010000010111000000010000010011011110000001100
01100100011000100000011000101001011100001000001101
11001000110001100000001010010000010100010100011000
00111111001110011000000010010000000100010110000001
01101111000100000100000011001011000101101100001100
10000001000010000111000000100100000010010001010000
00100000010100001000101000000100000001110000011000
10011101000110011011111101000101100000100001100111
00100010001000000000001001001001100000001010001110
00001001001100010001010011001001000000000010001010
10110110101000000100010000000110000001001100000000
01101100000111100011100000001000101111010101100110
00111011111011101010110001111111010110010011001000
10111101111111000111101001011010000000000011101001
11111011110110011011111000000010000010100010000010
