00001101111111001011101110111000000000111111100010
00010111101111110011000100001100000000111111100000
00000100000000001011101111111000010000111110100000
01000110000001001011100111111010000101101011100000
10000001111111111011001111111000100000111111100000
11110011111111110100000000000100000000111111100010
01010100000000001110101111111000011111111111100000
11001100000101001011001111111010010000111111101000
11001100000011011011101111111110000000101110100100
10001100001011001011101111011000100000111111101000
11001100010000111011001111111000000100111111110000
11001101000000101011111111111000000000101001101000
11001100110000111011101111111000000000111111100001
11011101110000110011100111111000000000111111100000
01001100001111010011101111111010000000111111110000
01001100101011101000101111111000000000111111101000
10111011111110010000111110001001000000111111100000
00000110000000000000010111111000100001111011100000
11111011111111100000011011111010101000011111100100
11111001111111100000001111011000000000110011100010
10110010110111111000000110111000000000110111000100
00000000000100001110001111111000000000111111100000
10101011111110111011010110110101010000101111100110
11111011111111111101111000100110000000111111111010
10111011111111111111111000000110000000111001100000
00111011111111110111010000000111000000011111100100
10111011101111110110111100011110000000111111100000
10111011111111110111111000101110000000111111111010
11111011111111111111110000110010000001111111100011
01000100100000000000001111110010000000111110100000
00010001100000100010000111111100000010111111100000
00000000000000001000001001000000001011110111100100
00001000010000000110000000000000000111111111100000
00100011000000000000001000000000001010111100100000
00000010000000000010000000000001010001111011100000
00010010001000000000000000000000100011111111110000
00000010000000000000000000000011110101111111100000
00010010000000000100000000001001101110111111101000
11111111111111111101111110111111111111001010110000
11101111011011111111110111111111111111000001101000
11111111111111111110011111111110111111100000000000
11101111111011111010111101111111110111000001000000
11111111111011111111111101111111101111100000000100
11011111011111111111111111111011101111010100000100
11111111111111111111011111111111111111110000000000
00000000001000100000000100010000000100100000000111
00000001010100010000000100010000000001010000000001
00000000100000000010101001000001000000000011010011
10000100000000000001001100011000000000000000010101
00000000000010000000000000001000000000000000011110
