000011110001000111111110001000010100000111111110000001100111111111111000000
000010000001111000101000000010001000100111111110000011101110111111110000000
000001001001000111101111000000001100100111101110000011111111111011101001000
000000101001111000000010000000000000000111111110000011111111111111111000000
110000000000000001011111000000000000000101010010000011011111111111111000000
101000000000000000000100000010000000000111101110010010111111011111111010000
100100000001111111111111100001000000000110001110100111111011111011111100110
100000000011101000000100000000000000000111111100000011101111111111110000000
001100000001001000000000100000100000000111110111000001111101111111111001000
000000000010111000000000000000000000000111111110000111111111111111111000000
000000010101011000000000000000010000001111111110000011111111111101111010000
111100111010111000100000000000000000000110111110011111111111111111110000000
010100110101011000000000001000000101111111110110000011111001111111001100000
010100100111100000000000000000000011001111011110010011010101111101111000010
010100111111100100100000001100000000000111110110000011111111111111111000000
101000100000001010001111010000100000000011111110010011111110111111101000000
101000100000000100000111000000100000000111111010001011111110111111011001000
101010100000000000100000000000010000010101111110000011111111111011111000000
111000100001001001000010000010000000000111110111000011111011001111111000001
100010100000000000000011000000001000000101011110000111011111010111111000000
111010100000000100000001000000000000100101101111000011111111111101011001000
101011110000000110000011000000000000000110110110000111111111111111111000000
101110100000000110110100000000010000100011000111000111111111101111111000000
001010100000000110011100000000000000000110111010000010111011111111111000000
000000101000000000000000000010111000000010111110000011111111101111111000000
000000000000000100000000001001011000000011111110000011111110111101111000000
100000000000101000000000010001011000000111111110000011011111111011111000100
000000000000001000000000000000011000000111111110000011101111111110111001000
010001000000000000100000100000111000000111110110000011111110101111111010100
000000100000000000000000011000000000000111101110001011111010111111111000000
000000001000000110000000100010001000000111100110000000111111011111110000000
100000000010000001000010111110000000000110011110000011111111111111101000000
011000000000000000010000111110100000001111110111000011111110111111111000001
101000000000100000000000000000000000011111111110000011111111111011011000000
000000000000010000000000000000000000011011111110000011111110111111111100000
000000000000110000000000000000000000000111111110000010111111111101111010000
011000000000100000001010000000000000011110111110000011111111111111110000000
000000000000100001000000000000000110101111111110000011111111111111110010000
000000000010110000000000000000001110110101111110000011110111111111110000000
111111111111111011111101001111111101111000101110010011111111111011110000001
111101111111111110100111111111111111110000010010010010111111011101111000000
111111011110111111111010011111101111011000000000000001101111111011101000000
111101011111101111101101111111101111111100001100000111111111111111101000010
110110011111111111110101111110011111111010001110000011101111111001111000000
111101110111010111011001111101010111111100110010000111111111101111111100000
111101111111111101111110111111111111111100110010000011111110111111111000000
111111101111111111111111111111111111111110011100000010101111111111111001000
000000001000000000101010000000001000000000000000011001111111111111111000000
000000100000000000000000000000000000000000000000001101111111111011111000000
000001000001010100000000000000000000000110000001001111110111101110111000100
000000000001000010000000000001000000000000000001110111111111111111111000000
000000100101000000010110000000000000000000101000111011111111101111111000011
011111110111111111111111111111011111111110111110011100001011001111111000100
111110111111111111111110111111011110111101111101111100010011101111101000000
111101111111101111101111110111111111111111111111111100000110111011111001000
001111101111111111111111111011111111111110101101111101000000100110101000001
011111111111101111111111111111111111110111111111101110000001011111111000001
111111011111011111011110111110111111111111111111111100100001111111110000000
111111110111001111111111111111111111111111111111111111100000111111111000010
101111111111111001111111101100110101111111111011111111001100110111111011100
111110111111111111001111111111011111111101111111111101110111011111111100000
111111111111111111011101011101111111111111110111101000101111100001111110010
111111111111111111101111111111111111111111111111111111101110100000101000000
110111011111111110111111110111111011111010101111011111011111100000101000100
111111111101101111110111101111111110111101101111111111111111100000011000000
111111111111111111111111111011111111111111111111101111101111110000011000000
111111111111011101110111111111111011111111111111111111111111111100010000000
110111111111011011111111111111101111111110011111111110101111110011101001111
101111101110111111111111111111011111000011111111111111111011111111010000000
000000100000100000000000000000000010000000001000000000000000110000000001001
000001000010000000000000000010000001010000000000000000000001010000000000101
001000001000000010001000000100000000000000000010000000100001000000010100011
000000100000000000000000001010000000000000000000010010000001000100010010011
000000100000010000000000000000000000000000100000000100000010010000010001100
000000000000000000100000000000001000000100000000000100011000000000010111100
