000011001111110000000011111101111111111100110
000010101111110001010001101111111001110111110
000001010011110001000011111111111111111110111
000000100111010100000110111110111111111111111
110000011110010000000011101111111111010101111
101000011111111000000011111111110111000111111
010100000111111000000011111011111101110111101
001011000110010000000001111110111111111111111
110011000011110001000011111011111111010111111
110111110010100000100011110011111111111111111
111111111101010010000011011111111111111111011
111101101010100000000011111110111111111111111
111001101101010000001011111111100111111111111
111111111010100000000011101011111111111111111
000001100000000100001101111111111111010000000
000100000000001010000011111100111111100000000
000000000010000101100111110111111111100000000
011000001000000010110011111111111111100000010
000000000100000011010011111111111111110001000
010000000000000001101101101111101111000000001
000000000000101000010011111111111111100000000
000100000000001010010011111011111111100000000
101111101111110111101101101001111011111111111
111011111111111111111110111000111111111111111
111111111101111111111111011111111111111101111
101101111111101111101101101101110011101111111
111111111011111101111111110111111011111111101
111111010011101111111000111011111111111111011
011111111111111011111100101101111111111111111
111011101110111011111110111110101000011111111
111111111111111111111111111111011101011111110
111111111111011111101111111110101110011111111
111110111111011111111111101111110111011011111
101111111111111111111101100110111001101111111
101111011111111111111111111110011000011111111
111111111111111111111111111110101100111111111
111100110111110111101111111110000101011111111
111110111111111000100011101111111011100111001
101100010111110000000011111111111111100100001
111111111111110000000011111111110111111010100
011101111111110000000011011111111111110101110
010111111111110000100011111111111111110010100
111111111101110000000011111011111111100111000
111111011111110001000011110111111111100010001
001111111111110000010011111111011111111000010
