011111100100011101001000100110100001010101110
100001000100110010000000000001000101011111011
100001100001100011010011001111011000010001111
100011010111111000101101100100110000011000111
100100111111111011110111010111111111000011010
111100010100110010010100100011101101100111101
101010000010111001011000010011001010111110010
000111001001111111001000001000000010111010110
000010010100111001001111000100101001000111110
110111001010110101000000001110101000001001101
000110100100001100010100001100010000001111011
001110010000001001000000001000101000000111111
011111111100011010001101100100100000010001010
110111111100101100100111111001000101110110111
100110111011110001011110100001001001001111110
100000010110010001111000110101101001111110101
011011010000100000000100000010001111011111100
101010111101001100010100111011101010111010011
000110000000010100010010000011011001111101001
001011100010001101100100000011000000111100111
100100111000101100000110111000010001000111110
000111001010111011011000111100101001011011101
001010001000011000101000101100000000011111100
001110001000110000000000000111100110010010111
100101000000111101001110001110000110001101111
000010100000010101001100001011100000010111100
001000010111010001001110110100100001011111110
101110001110100100000111101000000010001100010
101011100100000011110001110000010100111111111
011011100000011101110001010000001010111110011
100111001101100101000101011000000110110011111
001110000010000000101000000010000010111100111
001011101101001111100100000001000001101101000
010011000000010010000001100010100001111111101
000010110000000011000001100101110000011100110
110011001000011110101100001000001100101111101
000001110000010101110000000011111101011111111
111100110000110111110111011011110110100110111
010100110110001111110110101111011111100110100
110001101011011110111010111111011111111010011
010011111011011111001111011011100101111100100
111011001111101010101110111010101101100000011
101101011101011110011111111010110111111010000
111110111011111001011001101111110010110101001
011101000111010101110101100011110101110101010
