01000100100000000000000111111111000010000000000001
10010101001000000000011111111111000000000000000001
00000000000000000100000111111111000010000000000000
01001000000100000000000111111111000001000000001001
00010100000000000000101111111111000000001010000001
11001000000000000010001111111011000100000000000000
00000000000000000000000111111111001000000100000000
01000000001111010001000010111111001000000100000000
10000000000110110000000111111011001010000000000000
00000000000011110010000111111111000100010000000000
01000001000001010000000111111111000000001000000001
00010001100000011001000111111011000000000100000000
00000001110000110000000011111111000000000100000000
00000001011000110000000111111011001000000000100000
00000000110011010000000110111111100000100000000000
00000001111111100000100101011111000010000000000000
00000000000100000001111111111111100000000000000001
00100000000000000000110111100111010000000000000000
00000100010000000000001111111111000000000000000001
00000001000100001000000111011111000000100000100000
00001000000000011100011111011110001000011010001000
01000000000000001100101101111111000000000100000000
01001100000000001010110111111111000000100000000011
11111110111101111111111000010110000110000000000000
11111111111111101111101000101111000010000010000011
11111110111111011111111000001111000000000000000000
11111111111111101110011010000000000000000000000000
11111111111111111011111100000010000000000000000000
11111111111111111011111011000001010000000000010000
11111011011010111111111111000001000000010000000100
11111111111111111111111111010001000000001000000100
11111111111111111111011011001110100000000001001010
00000000000000101000000000000001011000000000000000
00000000000000000100000000001000101100001100100000
00000011100001000000100000000000110100110000000010
00000100010000000000000100000000011000101000000000
10100000100000010000000110000000000001100000000000
00010000000000000000000000000000000010101001000000
00000000000000100001001000000000001111010001000000
00000000010000000000100000000100001000100111000000
00001000001000000000100000000010010101000000000100
00000011000110000000010000000000010000010011100110
00001000000000000000100010000000000000010101000100
00000000000000000000000000000001000001110110111010
00000000000001000001000000000000010000000101010100
00000000000000000000000000001000000000000001101000
00010000000000000000100000000001000000000001010110
00000000000000000000000000000110000000001110101001
00000000000000000000001010000001001000000101001001
11011000001000001010001010000000000000000000000110
