0000110100110011111010000
0000111000010110110011001
0000000111110101111011000
0000011110000110110010000
1100001011001101111101011
1101000110011111010001001
0101100001000101111011101
1011010001010111000010000
0011110001000011011000110
0010101110010111111010010
1010000000011111001010101
1110010101101111111000111
0000110000110011001111001
0111111101110001101101101
1101010111111000111000111
1010111111111100110001111
1111101001010111000110101
1111111011010011000001110
1010101011111110000011011
0000100000001100100000011
1111001101101000101000001
0110111000001101011000010
0000001010110111110000001
0000100011010011011101001
0100111000111111101110110
