000101111000010110011111000000000100000000000
000010111011010111111011000000010010000000000
000001011000000011111011000100000000000000100
100000111101000011111111010000001000000000000
010000101111011011111110000000000011000000001
101000011001000111111111000000000000000000000
110110011010011111111111011010000010000010000
111101101000010111111010000000000000000000000
111111110000000111111111001001000000000000100
000110000010111111011101001000000000000000100
010010100100011111111101000000000001000000001
010111000000000111111111000000000000000000000
000000000100001111111110000000000100000000000
110010110110000111111111000010000000000010000
000010100110100111111111000000000000000000011
110001111111111000100101000010000100100010010
111111111111111000011011101000000000000000010
011111111111111000011110100000000000000000000
011111111011111100000011111110000010000000000
111111111111111011001111000010000000000001000
111111111111111011010111001000001100010000000
100111101111111101011011100001010000001000001
111111111001111011111100000010000000000000001
111101101111011110111100000000000000000000000
000000000000000011100100000111110111000000000
000100100000000000100000000110000000000000001
000000101100000010101000000010000011000000000
001000000000000000100000110000000000000000110
000000100000010100110010111000000000000000000
000000001000000000000100100000111011100000101
000000000000000000000000100001011100000000000
010000000000000000000100100001101100011111111
000100000000000000001000000001110111000100000
100000000000100100001000100000111011011101011
010010100000000000100000101001001100011011111
000010000010000000000000101001001100100000000
000000000000000100000000000001000001001000000
000000000000000000001000000000010110000000111
000000000000000000000100000000010110100001111
000000000000000000000000000000011100000000110
000000100000010100000000000000010010000000111
000000000000000000010000000000010110001000000
001000001100000000000000000101010010011110001
000000000000001110000000000100010110011110001
000010000010001000000110010001010110011010110
