010000101110111110110111001001001000000011101101001010101111100011100101011
100001000111100110101110001000000000001111100010100000010010011111001001010
000101011011101010111111111000000110001001110011010001101110011011000000000
001000100110110110011110000000000110011101000000000000000111110110000100000
000000001111011111010001011010011101000101111101011000000101111111101100010
011000101001001100111001010100100010001011111011100000100000011000110000000
100101000111101111101011000100000000111101100101001000000000000101001001100
001000001110001110110110000100001001010111001101000000011111111111001010011
101011010110111111011110010000000101001100100001001010010000010101100110010
110110111011000101011101000000000001111001000000101011000011011111010000011
111110111100101011110100000000001000110010000100000110101101111111001000111
011011100100100011010100000010000001111010000000000000101110101111101000100
111100101011010101111111000000100101010000110101100011001101111011001110000
100110001000101111101110011100001000001111000000000000000001010001100101001
101011111010010011011111001100000000000010000010010100100101110111011100110
110111111100110010111111010110001010001110001001000000000011111011110001100
111110111011011101000000000000010000010001100001011000011100011110001000101
000010101111111010110111110100000110101011101101001101110000111010000000111
111001110010110101010010001111001011001111010100010000111010111111111011000
101111011111101101100011010000100101001111000010001001000111111101100000010
011101101100111100000000111100001010110000110000001100100011111011010000100
111100011111111101000010001000010000000001000001000001000111101101000010111
111100111000111101110100110101001001110001100000101001010000111011111001110
101011100100101101010000000010100101101001100110010010000011111011000100011
001000000000000001001010010010011100000100000001101000100110000110000111000
001011001000010101011010101000101100110000011000000100101000001010010111000
111010000000011000101100010000100100101011000111000010110000010000111000000
000001110000011101101010000010001000000011001100000001011110000110001000000
000010000001000100100001100101000000101011010001000010001010000100111000100
100000000000000000100010000010000101000010010100000000100000100001000110001
000001000000100000010001011000001111000101000001010001000111011101000000000
000010000000000010000100100000000000000100010000010011001100110000101010110
100010010010010100101010110100100110000000001010000000010000000110010101010
001110001000100001010001111001101001010110100101110000000010001011000010010
001101000000000101101000000000101001001110000100001000000010010101001000101
000010011101100000110011000001100110010110000001000000000000001100000001100
000000100111000001001011011010000000001100000100111000011100100000010001101
000100110111100010001010010000000101000010001100110101111000001100100100000
011101101101010101110001001010000010100100110100000000000100000111011000000
010110111000010100110000100000110111101001100001100101000010111111000000000
110001010011011101110000001111000111010000100001010100001011110011000000010
111111110100010011110111001110100000000100000111000100001111111000111110101
111011101000100011001011000000000100001110001111101100000110101110010010001
001011000000100000101000010011010000001000001101110010100000000000100100011
100011010000000101000000010100001000010000110011010000000001000001000000111
100010110010100001100001001101000110111001110001000111100010000101100100111
011001000000001000010001001000001000000001101000001010001000111000000000000
101011111000100111000100101010100101000111111100110000111111111110100100010
010001000100100000000010100000000100110100110001010000001000110110100010001
001010000000001010100001000000110100110010011001100001101010111111001010010
100010101100000011011010100000000010100000100010000110001000100000010010000
000000000010001001001000010000000000010111100100001000110001100000000001000
100000001110100000000001001010010000000000010110001000101000100000000001010
001000000100100001010110000100110000010100000100010000110110011010100001000
101001000011001001101000111001000000010000010101010111001001001110110001000
010000011000000011100010001100001000110000000001000101000000000001100010101
101000010011100010100000010110010000110011000011111010100000100000000000101
101110010011101010010100100100110000101001100001000001000000011011000001000
111100010101000100111101100110100110000111100101010001000000000011010000000
100110010110111100011101000000100000000011001001000100100000000111111000010
100110010011101101111111000001010000100111100011111110001000000100001001100
011111011110111111111011001000110010000111000011110001000100000100100000100
011011010111100111111111010000100101010101100011010001100100000111000101001
010110111111001010110100100110101011011100100101110000100001111011001011001
111110010111101111101011110100001100001110100001110001100111001100000000101
111010111111111100111111000001100110001110001100010000010111001100001001101
100011001001010100110010001010010000010001010101100001110001010000000001101
000001000100001100101010011010001000101001100000001000100011000000001001010
010010110011101010100010001110010010001001000000010000000001100101010000111
100110001000111000000001110001001000010001010101000000000000001000000000101
000000011000100000100100110001010100000001100000111000010000000100000001011
110000100000010100100010110000001001100000000000000111100100101101110010011
000000100011001111001110000010010011100001001100000000011000110011101100011
110010011110001001010111000000011100000010011101010010000001000000011011101
100000010110010011000101000001000010100001111100100000011000001111101111110
