00110001100011010100000000111001001011101011110111110100110010111110111111010000
00011111110000000111100011000110111110110100000101110110000110100100000100000010
10000011010001111000101011110111111011011111011111101010000011001010101101010001
11001111011001100000001100011011000101101100011100000010010111101100000100000100
01010000110100100001000001011000110011110110111000000010001011100100010001000011
01010000010000000000010000111111111111100010000100110110011111100000001000000000
01110001110000010000000001001111000011111110010001101001001000110000001110001100
11110010110011110101100101000011000101101110001010000101101110000000101000000000
11001011000101011001011000000011010111011010001000101100100001000100000100000110
01111111000001101101011001000000100101111010100111001000100100101100001000111100
00010000000100101011001000110000000011011111011000010011010000000001000001101100
00001000101010000101010111010000000101010111010010010001100101100000001110010000
10000001000101001101000000010001110110100111010001100001010000000110011001000100
10110001110010000000100001011010111011001011011000001111111010101100000010000001
00111001011000010111010000001111101111011110100010010100000101110010010001000000
10100011100000101001011100010101011001101110100000000001010000001110010101010000
00100000111010010001001100101111111100101110000001010010010110100000110011001000
11000001010110100000110110101010010111011111110000000000110000101000000101010110
01000000001000100000001010000011010111111111010001010010000000010100000000000000
01001001111110111000011000101110000111011111010000010100011000001000010000000001
01100001000001000100001111000100100111111000000010000100111010101010000001100110
00000100110100110101001001100000000111111010000001001001010000000000000010000000
00110000111000011011110001101001001111001110001010001001101111000100000101010010
00010001000100011100100001110010010000101011010000000111101000000000100000000101
01100000000100000110100001110000011101111010010101000001000001110000010010010110
01101011010101000000111110100101000110011000010001000000000101011001010001110000
10100100001000001101011111000000000111101111010100010001000000011101010010110011
10111100001111010000000110000011111010111110010000001010000000000010001010000001
10011110000001101101001000000011000111111110010001110100110100010000011000000100
01100110000000111001100001000001111111101111001000011101010001000000010111101001
01110111100001101111000100011000011110111110000001000000001000110001110110100010
10110111100010111010001001011100010110110111000110001001010101100000011000000001
01101100010011101000100000010100000011110100010000100011001110100110000010000010
01101100100011011110000110010111001111011100111010100000000111100010010100101000
11100100000001111000001010010110010011111110000000000001100110010100000100101001
01010101110110101111111011101111010000100111110100010010111111000001111011110010
11101110101011100111111001111111111001111110010100000010010101100100000000000000
10111111111101110111111010101100111010010100000000000001001110000000000000001001
11011111010010011010110110111111101110000110011100000001000100000100011101111100
01101010111100100111110011011011111011001111010100000101100111010001000000001100
10110011111001111111111111111110011010010000100111010010011110100101000100100000
01111011001110111111001000111111111111110010010010001111000111100110000111001100
10101111111111111111011110111111001110110100101011001011011100100000000000110101
10100000001111000111000100100101000100010000000100000000001110010010001001001101
10001000010000110100000000000000010100001010000001100100000011111100101110010011
10111010001111000111000111111000110110110100000110011110000101111011101010000000
00111001101001000000001000000100010000100010000111101111000000101010111011010011
11110100010000000000000010100001000110111001011010101100110101011100000000001000
10100001010100100000101000000001010000001110011100100110100000000011000110000110
11100010010010001010010011001010000000001010101000011111010001010000001000001101
11100110100010000000000000001000110000000000101110001111000110000010010000011101
11000100001100101011000000101100000100001000010001000111000000011110110001101010
00100010110001000000011000010101000000000110011101100000101000011010110000010001
11000101100001100001100100001100000000010100111111110011000011111010010010101101
01111100001001001010000100010000100110001110011011110100110010010001111010010101
00000011001111010000011110100101101001110110001001110100110110101100100101110000
10000001110101000100101100001000001100010000000110001011011000100010000011000000
10010100001011011101110000001101000110001010000101000011100000001110000010001100
00001111000001000001101100000010100101001011000000001000100001111101000001000000
01010101010100101000001001001001111111111111010100100001000001001011000001100001
11111101000001001000101000000000111101011101100000100111000001000001000100110000
00111100100100100000001011000101010110010100110101000100001110110000000010001100
11011110010101101100100010000011110010001110111000000101101001001000000011000000
10000010000000100010000011101010001000010001110101011110001001001010100000000000
10110000010001010101100001100000000000000000111100011101011100110000111000001110
11011000110011010010001000100000101010101100100100010001011000000010111010000010
10100000000010110000100000010000110000000101011010111100110100010101100111011001
00000000001000000000000001100010000100011000010010000010001110000010111000100001
10100001000000001000000100000010000100000000111000011011000000011111010110010100
10001000000010111001000011101111010100100000001000111110000000001101100110000100
10100111010110000000000000011001000100100001111001000010000000001101000000011000
11110010100100010100001000000110011000101100100010000001000010000010110000010011
10000010000101001000010010110110100100000100111010000110110001100110110000110010
10101000001010111100101001000100000100100101001000010001101100100010000000101110
00000000011000000000100001100110011100101010000000010101000110000001000011010101
10100000010100010100001011100000000100100010101000101011000010000010101110101101
00000010011000001000000000000100011001110101000101110100010001001010001001010000
00010010111010000100100110001000000000110111000011100110010001001000110001110011
01001000100000000100101010100010100100000000101010010000000000001100000111000101
00101000000001000001000100110101001001000011101001101110000100000011000100110110
