01101000111100011011110010101111011111001001100010111111110000110000001000010010
10101100111111111111111111110010011001001011011011111011101110110100001000001100
11000000110001011011111111101101111111111111110010011011110001110100000101010010
00001001111111111011111111111011111001001100001001001010111111101010011100100010
11010010011111110101011011111101110001010110110011011011101111110010000010100010
01000011101010100000111101111011111110000001100011111011101011101000000100000010
00001100111101100011011111011110101110000000101000011010111101101000010000000110
00010100001111010111101111100110100110001011100010011011101001101110010010010011
11110110011011011011111111010001111111101111101000000111111110100001010010000011
11111010101100010111111111110101110101111011110010010111010101100010001010100010
11011111110000001101101000110011011101111110110011001001100111101101110101000000
11011011010011111111111111001111110111111111110001111010111101100000111000010010
01011101100100001011111101011110101110111111110010101011111011110001000000100000
01111011100100111110101011101001100111111111010100000111111011101000001000000000
01011110000101000101111101111011101010111101110000010001111101001110000001000100
11111001110101001011001101110110010101101001010011111001111110000000000110000101
11110000101111010010111001010111111110011010100000011011100011110000011001000100
01001001011101100001010000110111111101001111000110001011111011100001100000001110
11110011110111011000110011110000111111111001110000010111011011100000111011010010
11111011111110110100111011111101101101111011100111100111111010100001010000100100
11110101111111101011010110110111000111111111110110111001011110100110110010000001
11111110110110101111100110101001110001101101101010101010111111100010100100101001
01111111111111111001000101000111100010111001110110011010100111100001000000101000
01110111110110110000111011100011110110111111010010011011100111110011010101010110
11111011110101000011110101110100110101111111110111010110011011000101010101000001
01111111110111111011001110100001100010111001110011011111101111001010100000000001
11111101011001110111110111001011101111101010100000000001011010000101010110000100
01011110111010111111100010001110101100111011000010011000110000100000011000110010
10111110000111100001010000110011111111010001110011100011101111100100100000100000
10101011010110011101101010010010000111011011100011111111111101110100100001000111
11010111001110111100101100111101001110101011010111011111011011000000100100000101
10111100111101101101111101101010001001111111110010011110101111111011000100000000
00111111110111101111011111111000000010111111000000011001110000100000110011101110
11111100111100011110010110001000001100110000111000011011010101000001100000110101
11110110101010101111000000111011010000011110110000101010111101110000111000010000
10100111111111011111100110111110010000111011001000011001110111111001100000100001
10100111100111101010101101101110100000111110101011010011111110101110100101110000
11111000111101010111110010101101000000111101110110001001110011000000001010100000
00100000111111110011111111110011110111011110010011000011011111100000100110100010
00101000011111101011101111011101111111101110110010111010001111100000001000010011
11110001111111111111111111110111101111110010111100011000111110110001000001010001
00111000101111100100110110000001101011110011000010110111010001101010000000111111
01101001111111001101100110110111101110111101100010001111011101101101000000000000
11100101110111110111111111011111100101000110000010110011101111110010010010000100
10101111111110101011111011101101011011011010010001001011101111101100000011000010
01101000011111110010101111001011011001111000100000011110110111111010000000001111
01010010100000000000010000000000010110001000000001000010111100010000001001010010
00000000000001000101101010000010000001001000000011011110100100101000010001000100
11101101011010010101111111011111000011110111000100100100001001010010100010100101
01011100001100010001000011001110000010100000101100001110100111100100000000000001
11000100000110010001110000001100001000010101000010011101111010100011011100100000
11101111010100111010101111010111110110011101010100101001111101100010100100001000
11111111001110011100111101010111111101011010110101110110110110010101000000111000
10000000110001000011000011000111000000000110010111101011100101100010011011101000
11111111110111001111011111001111011010110111111101001100110111100000010001001001
11101101111011111111100101101110110111100111100000110100011111011000111011000000
11111111101111111101011101011101101111001001111101111110000011111111100000001110
10110010110111110111110010110110111111101110011000111011001010101000001100000001
01011111100111110111110011101111001010111011101010110001010001111001011100001101
01011010111100110000111101001101011110111011111101011111000001011101010100101000
01011100101011011111111111101011000111111001110001101011110001010001100001010100
00111111011111101110011111001111011101110111110011010111101110100100001010101011
11111111111111001111111100011101101110111111110101110110111001000000000000001010
11101000000010001000000100000101001100001001011010001001101110000000100000110011
00010111001001100000000001000001000110000110110100000001111100000100101110000110
01100001001000100000100010101100000010000010100001001000100101001001000010011000
00011001010000100000110101000001000010000101010010110100100000000000110111000010
00000000101010000101001110100001010100001010000000101000101110000100000100001000
00000000001100000110110001001110111110100000000010010001100010011010001101001000
00010011101100001011100110110000101000000001000100100111001100000010000000000011
11010000010101001010000000010000001001010000001000100101011001001000100110100011
00110100001000010000010110100011000010100000000000110000011100001011101000100101
00001001110000010010100000100000100001100001100010000101000001001110001001101101
00100000001000101010000110000100100010001000101100000111000010000010100010011000
00011000010010000001011000011000110111100100000010101100000101010000001110001011
10100001000100000010000100010000011010011100001000001000000010010100000001001111
01000000000000000100011000000000100000000100010000011110101101100101100011110101
01000010000000111101000100100110110000000101010110000000101010001000000110011000
10111111110100000110000100010100100000110100111000000000100001111010011000110001
00000001100000010000110011000110010100011100010011000010011001010000011110111010
