01101000001000011001010101100110010100001010011001111111010111001
10011010111110001000000001001011010000001100101001000111010111001
10010100100101100010100000111000010111001100010011001100111010010
01100110011001000001101001000000001100000010000011111111111011101
11000001100001001000001000010000100000010000010011010111110110010
00110010000000001101011000001010101100000100001011000011101111101
01010101000001011111000101001000001111000010000011111011111111111
00001010101000100111001100000110000011000010011001101011111111111
01101001011111000001001001000101101000001001100111111011110111111
01010000101111111100101100111010000111101001100001111011011110011
11010001110011000000000001000000010000100000110101011111011101011
01100000110011010010100001001000000000110000000011000111100110101
01000000111101000001010001010001000010010000001011110111111111011
00111010111110001001101111011100100010101011000010110111010100111
00100001010000000011110001011000010000010010001010111111110111111
10000010010100001000010100000100000001001001000011110111111101110
11001110010001010011111000100000001000000000100011011111100111111
00000111010000000000111010011100101000000000000001010110001101101
00100011000100101001010100001001101100000001000101110011010111110
10010111100011101010101010011010001000111000101011011111111000010
00110000010101101101011100101101000101000000110111111101101110110
10000100000010111110101011000101001101000100011111111101001110110
00011101110001001101110010010010110100001000010011111000010101110
10000011010001010010100000001100010100001101010011001011001101111
00000000000001000101011001101011000000001011000011111111101011111
11010010101111100000010010000000100101011110100111101111111111111
10100000010000001000100010011010110001010001001011110111011110111
00101000010011100101001000101111001110100010010000101101111111111
01100110010101100111100110110110100000100011110000100011101011111
10000001100001010100110100011001000101000010110011101111101101101
11000101010000000001001010111000000010010110010010001111111001011
01000000100010000010110010010100001001100001100011100111011101110
00001100100001000110001001101000011000100100100111110110101111111
11100000001000100000001100100000101111110100001000101011111101111
00010110100000001111010000010001110011110001010001011111000100011
10110110010000000010111101010100010000110101000011010000011111000
00100011010011000000000000010010011000110000000001110010010101011
00100011010000010000110001100101011000100100111111111111111101101
00000000011101000001000000011001111111011010100011101111110111110
00001000000110100001000001100010011110100100111110110101101111101
11100000110001010001001111000000000000100000111101110111011111101
01100100000000000000010101000010110101010000101011111110101011111
10010011000001100000000011011110000000100000001111111011101111010
00000000110001010010000110101001001100000000011001111101011111101
01000000111000001001100001001101100001111100000111011111111110111
10101001001000000000111100011110001001011001000101111111100111010
11000101000010100001010000100000010001011111000111010110011111101
00000000101000000010110001000000100001011010111001001101011100111
00111110100111111001111111100111100101110110101000111011000111101
11111111111110011111111111100101101111101111111100010110011100011
10010011110011110010111011111101110011111111010010001101011101111
10011010111011111111111010100000101111011111111011001111101101110
10110011111000101001111111010110011001100111110110110111111101001
11111000001111111101110011110111101001111101111101111000100110111
11011111111111111111000111101111111011101110111011011000111111110
11011111111111111011110111111111011001111011110110111000111011011
00111111100110111001100011011110110001110110110000011111000011101
11111011111011110011001001110011010111101001101101101011001001101
00110111011010010101110111111111110101011111101101111011010011011
11001111111111111110111101110101111111111011111111111110000001111
11111111110110101010110011111000100100111111111010000111101000111
11010111101010111110001111011111110111111111011010111011111100000
00010111100101111110111111111101110001111101101110110110110110001
00101011111011111011111111111011111010100110110101110111001110000
11010111111111101100000111111110111011011101101111101101111110100
