00000001000000110010010111110010000
00000010111011000100010001110110000
00011011111111001010001110111111100
00100111110011111100001111011001000
00100001000001110000011001111110000
00010000010101000000011101110110100
01110001111111110101101001001110010
10111010111011011000001011001101000
01110011010111111000111100110100111
01110111100010100001001111111000011
01100011000000010000100100110110001
00100110100000010010110001010010110
01110011110000011000001111101010010
01111111100000101000011101111100010
10011010110001011100110100111011100
10011011101110101100101110011011000
00110001100011110000000110110011001
01010010000000110010111101101011000
10100000000100000100001101111111100
00000010010000000000000111100100000
00000010101100110100001011111111100
11001100100101100100000101111010001
00111111110011010110100000110000101
10110100111011111111010000111010010
10110001010010011001100000111111110
11011111010111000111110000010000000
11101100111011101111111110000100010
11111100111101111010111111000011011
00111011010011110110110110000110000
01101111101001000011100010101011010
11101110001110111110110110011101001
00110001000000111110100010010110000
00100100100100100010101010000000011
00000010110111000000000110110100100
00000000111000001000011000010010100
