011001010011000100000000001001111101101000000
101110011011111010010010010000111101100000101
110011101001010001100000110111101110000000010
010011100111110000000010000100011100100010000
011100101101110011000001000001111111110011000
101100101110100000000110110110101000100100110
001111011011010000000001000110111001100001100
110000101111110010011001100000111110110000100
011011110110110100000110100010011100110000011
000111011011110000010010000011101011101100000
110101111101100010100000100010110110100000001
111110110110101100001000100010101100101000011
010111011111000110001011001011111001001000011
011110111100000100101010100000001001011010001
010000000001000101011101001001001001110101100
100000001001111010010110001101000101001000010
010010010010100100000000100000000101000110000
001010000000001000000000000000000000111000000
001000000010010000010011001001000110100000000
010000010100001100101000010010010001000011101
000000010001111000010110101110010001101000100
000001001000001100001010111000110001011000100
010101001100110100101100011010100100010101100
000010110000101000100000011100000001001110101
001001011011010010001100000001010010101101001
011001000000000000010111001000100000011101101
100000000000101100101111010100000001010100000
001101100000000100001001001010000011101101111
001001101111100000011010000100011100000110101
101010000100101100100000100000111101101000010
111011110111100000000110010001011010100000100
110110111010100000011100100011101010010100000
111111111101111000000000000011110110111100010
111110011011000110100010000011001010000000100
001010010110000000100000100100111101101100000
110010100100111110011101001101000010100000001
110111111111001001101000100101101011010000100
000010011000011001000110011000011000101001001
100000000101110101001101110101001010010100100
000001000100001010000011111110011010001000001
000110000000010010010001000010000000000000000
000010100000001000010010110100000000010000010
010001110000001000011111010110100100101000010
001001001001100100000000000101001000000001100
010000001011110000010001110110000001010100000
