01111001111110100000000001111000000000000000000100
10110010011111100000000011011111000000000001010000
11011100111110100000000011011000000001000000000000
11101100001100110000000011110111100000000000000000
10110010111111100000000011111111000000000110000000
00110000110110100000000011101101000000000100000000
01001000111111100000000011111101000001000000000000
10000000011111000000000001111000010100000000000110
10101110011101000010000011111011000000000000100000
11101111101010010000000011111111000100000100010000
11111011110100100101000011111110001010001010000000
11111111101010001010000011111111000100000010000000
11101111010100100000000011110101001001000000000000
01001011100000010000000011111101100000000000000000
11111110001010000001000011111011001000000000000011
00010000010001001010000011111000010000000010000000
00000000000100010101010010111000000001001000000000
00000000001000001010100011111000000010010000000000
00000000100100010101000011100001000000000000010000
00000000001000101010101001111000010000000000000010
00000000000000000101000111111100000000010000000000
00000000000000001000000001111100001001000000000000
00000000000000000001000011111000000001001000000000
00000000000000000000100011111000001000100010000000
01111110111111111110101101100000100001100010000001
11111111111111110111111110110000000000000000100000
10011111111111111111111111011110010010010000000000
11111011111111111101111101100101001000000000000010
11101111111101111101111100100100000000000000000000
01011110011111000000110000111000000000000001000001
01011000111100100000000000100001001000000000000000
01011110110111100010000000010010000000010000000000
00010000000001000000000010000000011111000000000100
00000001000000010001000000100000101111001000000010
00000000001010100000010100010010110101110000101000
00000001010100000000000000000000111011110010000000
00000000001000000100000000100000110101100001000000
00100010000010001000011010000000111110111000000000
00000000000000000000000110000000001111000000000001
00000000000000000100100000100001001101001000000100
00000000001000001000001000000000010001010000001000
00001100010000000000000000000000000000000011000000
00001000001100010000000110000000000100000101101000
01000000000000000000000000000100000010000110111010
00000000100000000000000001000000001000000011000100
01000000010000000010000000000000000000000001000100
00000000000000000000000000000000001000001011000100
10000001000000000000000000000000100000010000111011
00000001000000100001000000010000010000000001000100
00000000000000100000000010000100000000100000000100
