010110111111111111101100010111101110000000001100100010001011100110001100010
100010101101001111111011001011011111110010011000100011100110110000000010000
000101001110111011010000000101100100001000110000100001111001010010000000001
101001001110010011011101001010000111100101010000111000011111110000010001001
110001001101000110111000100010000000001000011010011101111111101100001001000
001110010000001001111100000000100110011001001000100101101111100010010010000
110000001001110110101100101111111101100100000000000100000000001101000000010
100001001101111111111001001011100101100000010010010000100000000001000001000
111110110011011111111100000111101111001000100011000001000001111010001100001
111110010010111101010110100011011101100010000001000010011000100100001110000
101100001100011111111000000011100011100101000001000011100000000000101001000
110010111000011111111110010101100000101000010101000000111011000001000000000
101000110100001111000100000101111011101111010100010000111111000100001001000
101100111111000000111111000011111010101000110101011000111000010101100100000
111001011111100101110100000111011111110101000100010000100111011110100100010
110010111111101000100011001110011011000000000010000111111010111110000000101
111110111011100000111000011000111111101000011010100100011011100000000000101
111101011111101000101100000100100011100000100000101010001101110101000001100
110011111011011111001101000101101100100000000010000001110110011100111000000
011111011111011010000101000011011111010000001000000101110111111001001001000
110111111011010011100000010101001101100101000111100101111110010000000001011
100101101101111001110010001110111011100101011000010001111100111010100101001
010000000101010100000101000000100011100000000111000000001111000010010010101
010100010000010100110010111000110100100100001010010000010000001011110011000
000010100100000000000001011111001111001100001000000000001101000100000000100
100000000001000010001001100001010101000001001100001110000001111000010100010
010100110000000110000101100000100000000001100000010101011000100000100011000
101000101001101101101100100000000000000001001001010011001110011110100010010
110110111110011100010100100000110001001100011010001100011011110110101000100
111000111111111000111000110000010010110010001000110011000110110000010000000
101001111011110011100111001010010000000000000011000011110011100100101000011
010000100100111110010101010011100100010010000010000001001101010000000001100
110000101100111110111100100000000011100000000001001011001100100000100011100
111101111100001010111001110000010011101000011000000001110110110000111000000
110101001010111111010110100001001101100011001100100001111100101000000100000
010100111110101111011110110010001110100011010010111011100111110011100000001
010100110111111011101111000001001111001000010001100001111101010000000101110
010001000000001000010000000001010000000011100010001000110010100000100100000
001011001001110010000000100010000100100011111001000000000000011101101000011
000100100010101000001101100010000000000011110110000111011010010100101000101
010000000100100000000000000001010011011100001000100000001000011001000101101
000101000010101000001100011100000011011100010000000100011010000101001101000
001000001000010001000000001000000000011100011010000110000001011011010000001
011110010001110010000100000010000101101101101100000010001000001101000010110
110011000000000010010101110111000110001010110101001101000100100100100100101
100000000001111000001010010000000010000100011010000110001000010011100010001
000010011000000110101011000010110001010100100100010010010000010000101010100
000000001111010000001010000100101000101000001000101110001000001010010110010
111101000000000011001000000001000011100010000001011110001000100010010100101
000110010000111000000101001101000001000000000010100111000110000100000000100
000110000000010001000000010010001001010000001001100110100011001100010000001
000011100000000110011000011010000000000101101101111011000010010000000010000
110000000110000101000000010101101001000100110111111100011110010010100000010
011011001010000100111100001101111111100100001000010100110101101110000011010
011011010011111100111100000000100111110000000000001001001001000001000010011
001110000101110110111101001010100110110101000010000011001101110001000000000
101111000101110111001110101110011010100111010101100010110111000101000000010
010111000000101001111110100101011111100000001000010011011001110101010100000
110111000001101110111010000111100101010101000000011110001000010001010000000
101111001001101011010010110010110001100000100000001001111100000000000001100
110111001100000111010100011011101111010000001000100001010100000010100101001
011100001000011101111100010111010101101110100110000110010110001110100100001
000010101000001100110101010100000010001010110001001001000000010010011010001
100010100100111101100000100110100000001101011000011001001100010000101110101
101001001000001100000111000110000001000000100101100011000000111000001010001
000000110001010001010001000000000001001011110100000000111110000000011000001
000000000010011000100101001110101101011100001110000010000000110100010000000
000101000000000000100011010001000100000000100001101000000110001001101000100
100010001110100000110000000010100100001101000010000000000000001111010000010
100000001100011000000100010000000010110011001001100000000100110100000010110
010001000100000000000011001100001000000000010111000101100000001110000100111
000110010010100001011101001000011000100011000000000001000001100000000000001
000000000000000111000010100010011000100110011010110000000001000100010110011
100000100000001000001000010100100000101000010001000011101000000000001110101
001100001000000110001110000000100001001110101100101000100000111111000011110
