0011010100010000100000011011110000001000010001100001100
0011011100001010000100010110001110000010000011001100001
1100101001000100000000000100011000010000100110100100000
1100111000100001100100000001111100011111000101100001100
0011010001110010010010000010010100000011110000110010000
1101101000000100010010011100111110010000100001001010000
0111010111110000000101001111001101100001000000100110000
1100001000110001000010011011111110000100100000000010110
0000001001101100011001010011110101000001000000100010001
0010101010111101100000001011110000110100010000111001010
0001101111000111000101011010011100100000000001000110000
1000101101001101010011000111111100010000000001010000000
0100000011010110101101000001111110000101000000101010001
0010010011111010000000100001011110001010011010000110000
0100100000101101000010100011111010100111100000110010011
0001000101110010010001000101111110100001101000000100001
1001000001001000000011100100010110010000000010000101001
0000110010010001001101000011101010010110001101011010100
0000000010001000010010010011010110011001000001010100000
0101001000101000010011000110110110001001100010011100110
0000110100010010101101100011110100000001000110010001010
0000001010111001110110111110001101000000000011000110011
0000000000000110100011011010110100010111000001001111000
1100010110100000001001100000111100000000010100001100001
1000011101100000000001100011110110010110100110100000000
0110011000010001100101000010111100001010010001000101010
1100101111110010011111101100010110000000100001100110000
1001001111011111011010001000100000001011000010011100001
1001010111011011010110111101001000010000010000000000000
1011110111111111101110111110000010010100011100100111000
0111011100111111010001010100100000001011110000011000100
0101111110111101101111111110000000000000001000001000001
0100010100001111111100001010010001011100010100101110111
0000001010000000000001000000000010010011110000011101101
0000001001100011000000000000000000001111010010010101111
0011010001010000111000101000110011001111100111101101110
1001000000000100001100000101001010110011011010111011001
0001000101001010010000101000010010110011001000000001000
0101100000000110010000101101001001111100111011010011100
0001101010001011001110100001001001111100000001110001000
0010110100000011000100001010001001010010000011111011011
1000100001000100000000010100111011101010000010001001001
0000000000000101010000000000010100001110000010111101101
0011000000000000010010011000010010010000000000001001001
0110000000000100100111001001000000111010111000110011100
1101010000110000011001100110000000010011100000101000100
1011101011001010000000001010010010011001101011011111111
0000100001010010011110000001001001101011101010101010010
0100010001001000010100110001001111011000111101110101100
0110001000100101101101110111010011110000001000101011010
0000111110101110010001100010010010001010100010110101110
1001000001000000100010100100010001111111111110101110010
1001000100000000010100000000001011110010001011101010010
0000000101000010000111000100000010110000100000110111101
0100000010001011100001010001000111101000111100100000010
