01111000111110101111111111111101111100111111000011111111100100000
10100000111111111011110111011011111111111111111011111111111011111
11010111011111101111111011011110111111111111000010111111111010111
10101000101111111110111101111111011111111111100011111101111011101
10010101111100111111111111111111101100111111001011111111100000000
00101000111100111111110111111111101111101111000011111111100000000
00100000111100111111011111111111111110011111101011111111100000000
00101000111100010111101111101111111111111111000011111011100000000
11011111010010011111110101111110011111111111010010111110110000010
11101111101100001110111111111111101111111111000011110111110000000
11111111010110111110111011101111111111011111000011111111100000000
11111111011011011111111111111111111111111111000011111111100011111
11110000101101110011111111011001111111101011000011111111111011111
01110000000110011111111110101111110111011110000001111101001011111
11111110001010011011101011011111111111111110000000111111100000001
01011111101111101110111000111111110100011111000011111111111011111
11111110111101110110111111111111111111111111000011111111111011010
10111111111101011011011111111111111111111101000011111111111011111
11111111111111111101001111011111111111111011100110111111100000001
11101111100111100110011111010110101111101111010011110111111011111
11111101111111111000001011111101111111011111000011110111100000010
11111110111111011101001110011111111111111111101111111111111011111
10111011011111111111110111011001011111111101000000111111111011111
11011111110111001111011010110111111111111111001111111111111011111
11101111011111101111111101111111111111111111000011110111101011111
11111111111110101111101010001110111111011111000011010111111011101
10011111111101011100100110011011111111111111000011011111101011011
11111110110110111111111110101010100111111111000011111111100011111
11111111111111111110111011110111010111111111000011111111111011111
10111111111101111111110111001010101111111111000011101111110011111
01111111111101111111010111111101001101110111000011111111011011111
11011111011111111110111110101010100111111111000111111111111111111
11101111011111111111110111110101010111110111000011011101111111000
11110011101111111110111111101000100111111101000011111111111011111
11111111111110101111111111100110000111111111000011111111111011111
11111111111111111111111111111111111011000000000011111111101111111
01110111111111101111111111111101111101000000000001111111111111111
01110101111111101111111111111111111110101000000111100011111010111
11111101110110101111011110111111111001010001000011101011111011111
11111011111101111110111111111111111000100100000010011001101011011
11111111111111111111111111111101011001000000000011110111101011111
11111111111101111101111111111111111000010010000011111111111011111
11111111111111111011110111111111101000000100000001111111111011111
11111111111110011111111111111111111000100000000011111111101011101
01010010000000000010010000000000000000000000001110111110100000000
01000000100000000001000000000000000000000000000111101111010000000
01001010000000000000010100000000000000000000100011111100100000010
00000000000000000010010100000001000001000000110011110111100000000
11111111111110011111110111111111111101111101111100010110110011111
11011111011111011101110111111111111111101111011100001011111011111
11111111111111111111111110011111011111101111111100000101111011110
11111111111111111111111111111011111110011111101110000101011011111
11111111101111111110011100111111111110110111111001000001111011111
11111110111111111111111111111111111110001111111110110010011111011
11101111111110111111111111111111011111101111110111000101111111111
11111111011111111111111111111111111111111111010101111010111011011
11111111111110111111111111111101111111111111101111101011001011101
01110000110010011101011101001111111011100110010011111111000001011
01110000000011011101011111101011111111111111000001111111100000111
10000000000000000000000000000001100110000000000000000110000000100
01110000000111011101011111111111111111111111000011111111100000111
01010000000111011101011111111111111110111111000011111111110000011
01110000000111010101011111011111011111101111000011111010101110010
01100000100111011101111110111111011111111110001011111111011011101
01110000000111110111011111111111011111111111000011011111111011010
