010011110101111100110111111110
101001101110011111011111011011
010110110011111010000010110111
001010111111011100100101001011
101100111101110101100011101111
110000011111111000010011011011
111110000101101000010101111111
101111001010110000000011011100
010111010000011000111111110111
110111100001111100110010111011
011101010000011000110110011010
101111100100001001010111111011
101011110100000010011110111110
111111011110001000011110110111
111101101111010011011110110111
110110000100000000110001101101
011000000000101000111101110111
010010000001001000110110101001
100110001110000111011110100111
110001101111111111101001111110
010000001000111010110101001011
110100101011111011101010010010
111011011111111001100101001100
110111111001000110011010010011
101010101101111111110000000111
111001111111111010010101000100
110111110111100101011010000011
101010111000111110110010110010
111111101111111010111101101100
011111101101011111101001101000
