0111110100001110000000101010100111111101011001010010000100010111011010
1001110100101010000110100010100011110010100011010110001111000011110011
1001101001000011101100011000101001100110011101000000011111000111111011
1110000000001010110100000100110001110011111111101101100011001111111110
1110010100000111010100011000010010111100001100000000010011000010100111
1100101100001000001000101001100101101111100000000001000000010101011101
0010010100100011010000111110000000111011101110010001010000000111111101
1100111001100000011000000010000001101111010110010110100100001101111110
0000000001011000001010000100000000111011011111100000010011000001001110
0010000110111000000101101000000001010101110111101110000011000111111101
0100001101010100000000001000000000111111110011000100000110001111011011
0000000011101001101001010000100101111100011101100001010111000101101010
1101010011010110000110110001001101110111100101101100000010000101001111
1000100000101000000010000000100101101101111100000110100101001010011111
1111101000001000001000111000000000100010111101110110000111000110011101
0010101000010000100110110000100111111110011000010011100010011111111111
0011000000010001001111001111000111111111111111111110000000101001101110
0001101100000000000100001011000001011111111001000000100010101101101101
0010010110010010100111011101011001011011000101001100100110110111110011
0111100001001001111011000011100011001000110110000000101000000111111111
0100000010001101101100110000100001010101111011010100010010011001010010
0000000001010000101100111100100110100100011011001000100010111101101111
1100011001001011000011011000100001010100101111001101010001000101110101
0010101000011011001011100011000111110111011010000000100110000001111101
1010111001100010111001100111100011111001101111110100000001000000111101
0001001010000000101001001011011000010001111101001111011101001111110111
1100001100000000110100011100110011011101111001000100101010000011111101
0000010000001000111100011100010101101111111000000100010011001110000011
1111010000010101000111101010011101001111001111111011010001010001100011
0001100000000000001000000111101111110011101100100010011000011011100111
0010000000001000001000000100110101110011101110100000100100000011111001
1000010000011101100001010001111000111101101001011000000000000101101111
1100100000000001100101011010010001110011111111100100000110111011111011
1111010101011101111110111011111010101101101100000110101001001111001110
1111111110111111100001011001011111010011101101010100100001000111011110
1101101011111001111010111110011110101000001000111110000101000001001111
1000111110110101111100001011100101010011111001110000000010011111101111
1010110101111101110011110011100101000000101001000000000000111111001111
0111011110101011111000010001111010101000111000001000100010001101111111
1001011111101100111010011111111111101000110000000000010111000111011001
0101011001101110110110101111011111101111000100000010001111100111111101
1011000111110111110111010111000010001011000000100000001011000010110100
1011101010010111110011111111111111111110000011000100100111010111011111
0011101111011110101100101100111011100000100001000000100110110111110111
0101001111100000100111111000101010000000001000000100000001101111111011
1111000011111010111011101110100110101100001100000010010111000111111111
0001000011011010100000001000111010011000010000011011000000000010011011
1100001100000011100010001000100100111000000000101111001001100110111111
0001000001001000101001100100100100010010000000110110100000000011111111
0101000101101110101010101111000011110000001010011001000000001111001110
1100000101000111100000000100110001010000100001111001010001100111110101
0001011000010001000000100100100000000000000000110110001011100001011111
0001000100000101011101010010001001100010001100001000011010000110001010
0010101010010000000010100101110000000001000001000010100110001100111011
0110000000000000000100000110010001000000110000010001100111001110011101
1110000100110110001000010100001010010001101101000000011000001111011111
0111100011111011011011010011000010001011111101000001111000111111101011
0111100011010110000000101101100001110001111011010011001000111101101111
0000000000000000111001000000000010000100100110010011000011011011111110
1000010000000001001011000000110010001100001100000000000011101111101100
0001000100100101110011000101010011001110000010000100011111110110110111
1011011101111011011101100101000101101111101111010110111111011000001100
1111101001100111001100000111011011101101111111111110101110111000011110
1111011111111001111111110110111111111111101111001111000111110000110001
0111101101010001111101111110111110001010110111011010010011111001001010
1111011101100111001110111110001010100011111111111011011100101011000101
1011011111111111110101011010001111111111101011111101111111110110100111
0001111111001111110101111110010101111110111101011111001101111110011011
1111100110111101101111000101110111111110001111111101110111101010101101
0110111001101111011101111111111110011111101111111011011111001001011110
