01111010101110101001110111100001000111111001110110001100000110101
10010000101110011110111100100011000101011001011111111011110111010
10011100011110110111111101100100001111011101111011011111101111011
11101111011010011101000010001110010010110001100101110111111110110
10110100001111111110110000001010001011110111001010111101011111111
00111010000001011111001011111100101011110111011111010011101110100
10010100000001011101100011101010010010111111101110101111111110101
00010000101111111111111111000001100101111010111001001110001111101
11000001011000000110100111100000000000010101010111011011001111100
00110000101000111111100011101010000100101011110111100011011011111
11111001110110011011111111000100000001111110010111101011101110000
11101001001000011011100111111010000011110111011101111101011101011
11111001001000010111000101001000000110011111100111111110011111110
00001111000000101011011101001000010000111111001100111010111101111
10101001010001011100011110101000101011111100110011100101001101111
01111111011110101110101111010110000000100001110101100010011111000
11011111011101110100010101110100000011100110001101111011110101111
01111111110010111010010011110010100101010111110101111111001101000
01101101111111010100001110100010001011101111011110110011011111101
10110111011111000000111110001000000110111111011111111111011110111
11101011111100010001010001100101101001101101100011011011011101010
11101001001001101101101000100100000001111100101100111110011111110
01100101001001110011010011101100000011101111111111110111111111111
11100001101111111011000001010010001011101101101010101111011101001
10010111111100110111001001000001000010100011000101101110110110011
10100111111111011100101110111010100111111011110111111111111100111
11100110110100101110111001010010000011011110110111111100010100111
00000100000100011100000101101101000010010110010111011111011011011
00011110010111100001001001010110100101000010010010111001011101110
00110100001000011000111000011000100010001000100111111100100111111
01011010010100010110000101101000011001110001100110110111011011101
11000001000000000000100010010000111000110110110111011111111101111
00000101000000100100100001001101000111010011110111101011011010110
00010010000001000000000000000011000010111100001101101100111011111
00101100000000100010100100000011000000011000011101100111110111101
11100001010010000101000001001000100011111001111111111110110110111
10111110000110101011001111110100110101010011011101011101101110010
11101101001100101110111101101010100110100011111011010110111111110
10011111011101111011111111000011010101010100010011101101011111111
11111111101111100101010001110011111110100100110010111101101101110
11100011011011100011111101100100011100000110100111000010111110111
00101110101111101111111100110001010000111000100110110101111010110
00001111011111001111001011111001100011001001100011001101101011011
11111110110111010111101111000010100111000010111001101010111001101
10110011010010110100111101100111100101011111000010110010101011111
11100101111100110111001001111001101111110001001110101110011011101
01101111000101001011011100000000011111000001010111100110110111010
11010110111111011111011011110111111110001100011011111100010101001
11101110111010100011101101111111100101111110111100111001011110011
01110101111110111101101011110101111111101011001100111000101111101
01011010011111111111011111101110111100110101111111011000111001110
01111100100111001111111001111111000111010100100111100011011111011
11101011101111001101110111111101110110110011010111100010110011101
10111011000110100101011111110111011111110110011100000010011111011
01110111111011011111111111010011101101001001111000011101100111111
01111110111100101111101101011011101010110110000010010010101111010
01110110001001001000001011000101011111011111101001101011011111001
01011010010111011011111111111011111101101101011110111100101110001
00111111111111110111111101011011110011111111110011110101110010010
11111111101111111111111111101101001111111000001111010111110011010
11111111111010010011011010010110111111101110111011011111111100001
01101001110111111110111100011111011001110011111101111111100100000
10011111110011101011011001101111111101111101110001101010000000010
01111000010111101001111011111101110111111110101010110111001100100
10101011010101101011001111110111011100101011110111011110110010000
