0111101110010011110001110111011100110100100100111101001011010000010111
1011000000100110100111001001010001000011001100001001001100000000001011
1101011111001100111011010110001010000001110001000100110100100100000000
1110110101000010000000000101000100001010000001100110000101001000000001
1001001101001010101111111011010111101001010000000000010100101000010111
0011001001001111110001111000101001010110010000000000000001010000111111
1010110011000000110100100000000000010001001000000011001101001001011111
1011100011110110110100100100100001001000100010110101000010010000001111
1010001100111100000000000001001101000001100010000100110100001000000110
0011111100111000010101110000010010001001100100010100001001011000010111
0100000111000110001010100111011111100000110010110000010011000001010101
1000000111000010010110001010101000001111101100000011100010011001011101
0010110011000010000000110000001110000010101000000100000100010001011111
0110010110100011000011000000100000100001000000001101000110001000011101
1101110100111100111010010001110011000000100000010000000000000000001110
1000010000000100011110100001000000000100000000011001000110000100011111
1110111100000010001000010010001100011000110000110000000010000000111011
1010011101010011000111110000100000111001011000011110101101011000101100
0010100000100011100011001000000000010000100001010101001010000001111110
0100101101010001010000100111000101000000000000000000001000001011011111
0110100000110111011000101001000000000100110010010011100000000011011110
1110110001000100011000000010001000010110000001001111100000000001010011
1000111101101001010110000010010000000101001000101000001000000000001111
1010110001001010110000000111100000100000000100011101011100100100010011
0100110000010000001010000110001010100001000100111101110110000011010101
1011000100100000000100011000100000100100001101010010010000000110001101
1010100000110000100101111000000000010011100001001001100001100100011110
1101100010100011000110010000000010010000110001011101101000100000111111
0000010100010110010000010100000011011010000001000010110000011000011110
1100100001100010000000100000001000000000000000110000001000010001010111
1010010010111000100001001000010001001000001101010000010000100000011101
1001100010101000100100000000000011010100000000111010001000001110011100
0010100001101010000000001001100100100011110101011101011010011011011001
0100110110100010000100000000101100101100000011100011100001000000011000
1000100000100100010000011100000011001000010010001001100100100100010101
1000011000000000111001000011100100000001010000001101100000001100110110
0001100101010000110000000000101001100010110100000111010100000110001110
1000010000010001000011100100000101000000000010011000001010001010100110
0101010000011000000001000010100010001000000001000001001010010000010011
0110101011010100010000101010000010010000000111000010000000110000110010
1010000111111010101010000011000010001000010011100010000000101010011111
0010110000100000110010000001000010111000101000001110000000111110101101
0100001000011000010000100100001000000000010010110000101000000100111110
1100000001010000000000011100001010001001000000011000010100000100011111
0000000110100000000010000000000001100101101001011110000111001000010110
0011000000000000001001000111101011000011100010001000001001100010111110
1001000100100000100000101000010101000000101000000110001000100010011001
1000000101100011111010011101011110000100001110000001111110100010111111
1100000000000101010001111011000110110100010111000001111100010010011111
1011000111001100011001011001000010011000010010100000101100000000011101
0001001000010000010011000100100101001001110010100000000000100000111011
1100001100010101001011011011000011111010000000011000011101010110010110
0010000010010000010011001011100001110000001000011100001000010001111011
0010100010100000000000011100101010001000000100011001000001001010110111
1100001001000000011100110001010110000110001001111101100100111001011101
0111101010001101010000011000000000101000000110011101001000000100011111
1000000100110101101000001000000010000110000010010000000000011011001011
1001011001100000010000000010000001000000000011000001010000001110101001
0010100000000000000000010011001000100001110001110010001000011011011111
1000010101011000010000000000110010000011010000001001101010100110101110
0001101011010100010100000000100110010100110010000000011011100100110011
0010000000000001000000010110000100111000011100000001000101011011101010
0000000000000000000110001100000110001100110001111001010011110100000111
0000001000111000001111001000010010000000000000000000101010100100110001
0000010000000000111000000001000000010101011001010010110001011101010111
1000111001111101101111011011111111110011101111111111111100101001100010
0100011100011111111110100111101111001000111101111110101111110100000110
1000111111111111011110101111111100111100111111011101011100110010101011
1100111111001011101111110011110000011111101111011011110110111110111100
1101111101111101100101111101011010100010110100111110111111101011100100
