0010001000000001001000100100011001111111010100110000101
0010011001101110001000001111011111000000111011111100101
1100110001001011110100010101011110111110111111111101001
0000110110000101100001010000101011101110110011100010010
0011001110110100000000111111110101011011100011101011111
0111001011000010101001100110111111011000111111100000100
1100110011000001000110101000000101111000111101100000000
0001100001000101010011011101101101011011011010110100101
0001111001000000000000111111110100100100100100011111111
0110011110010000010110010110011111011100100110111001000
0100100000011110000001111100111110111111111111111110111
0000100001101000010001110111110001001011011011110101110
0110000000110100000001011100010110101011111111110000000
0101100100101010000010010111011111111001111011100100000
0110010000100100100111111000011110011111011100001000000
1011001100000000010101111110011111000111111111101001001
0011010000000010011010111010010111101101111110110101100
0010000101010001101111110100000011110110111011110000000
1100010000000000110100110100111111011100010111111010001
0010001001000011011000111100111111110111100101100000011
0000001101000110110001101100111101010101110110001010001
0001010100111011010010110100011111110011110010100100011
1000111010110011111111001011000111110101011110000110111
0011100111111111111101000001011111101101011101000110110
0100101110101011100110100100101111011101111111010111011
1110110111111101011111001010001100111110111111011110010
0100110011010101100000100101010110011010110100110111111
0110100110010100000000110010001111111110111111111111001
0001110110110000001110001000011110101011010101111110110
1110110011111111101111010010101101011010111011110111110
1111010101100111001111011101110111010011011001110111111
0110111111101111101111111111111010101001110110101011110
0111010001101111111101111011101101101001111111101111111
1101111101010101111111111001011010100010001111111011111
1011001010101100110101110101100111011011011111101111010
1010111101100110011111101111011000100011101010101011010
1011111101111110101000011111110110100100010111101110011
1011000011100011111110111101000000001010101011110100110
1011100100111011010101000111111001110101110111010010011
1000100100111111100111111000101110110010010001111010110
0111111011101101110111001111010110010110000111111101101
1111011100111111111011111111111110101011000010101111011
0110011100111111110000111101011011110100000011101010100
1010011011101011101110111111100111101010100000011011101
0111110101111101111011101101010111111110111000011111110
0111111000111101011100011101111011101111101000001111101
1111111101111101111101000011111111111101111000010111111
1110000111111000111000001111111001000111100110100110010
0110100011100011001010000101100111111001111111000011001
0110000110110100100001111111111010101100110011110011110
0001100010100000001010111111111111111011011111111101110
0010100011010001100000001011011111110000110111101110000
1100110110110000100000110010111111000101101111100110000
0001100010110000000101111110111111111111010010110110001
1110100110100001001111101011001011001010110101101000010
