0001101100001101000010110
0000000010000010101110010
0000101010000010100000010
1000111010000101100100001
1011010001000000000000010
0001101110001001000100000
1011010010000010011100000
1000010011111010010100010
0111011101001000000101100
0000100110110100000110100
0000000101001110000010001
0000000101001000010010111
1000010110110011000100010
1001000001100010100001100
0110001100101100010000000
1001010000001000000000000
0111000000000100010000000
0000001100010010100010000
0100001000000000000010110
0101011111001000000000011
1100000001110000011001001
0000000010000100000010111
1000000011010100001001000
1110100100011000001101001
0001000000110000000111010
