00001001111000000110010111111011000
00001001100100000110000111111000101
00001110100111000011010111101101111
00001110110100001110111011110100110
11110111000101000100110110000011110
00111000000111001111110101111101101
00111001100010000011110111101101111
11001010100001000011011011011100011
11110011010000000111101111111111110
10010000100101101011011111111100101
10000000000011101101001010011111010
01111100010001011111111100110110010
00100110001001010110011111010110111
00101101011110010110111111111101011
00000000011000011100101111101011110
00000000000111101101110111001110111
00010100011100110001100011111011011
11011100101111110000111101011010111
11110111110111000001011111111000101
00100111111100011010001010101001101
00011110100101111100000110111111111
10111111010111010110000111111011011
00010001111111100111000111100111101
11101110110111110110111001011101111
11111011111011111011111000111010101
11110111110011111110011100111011001
11110110110101101011111011010011100
11010101111111001110110111100000000
11100111111001111111110111000000011
00110111111111010000101100000000001
10001000101110111100111011100000001
10101110101001101001111101100000001
01111110110010110111101110100000000
00111011101111111100110100001000001
01100111010011011111111111001111010
