0000010000111000000110111111111111111111111110000000001011111111100111
0000011101001000000111011111011111111111111110000000100001000111111111
0000101000000000001011111110100000001111111110000000000001000101111111
0000010000001000000111111010000010001010110110000000110011010101111010
0010001000100001000111111110111111111111111110000010000001010111111111
1101000100011000001111111111000111111111111110000010001111110111111111
0110100110011000000011111110100001001111111110000000001111011111111111
0100011001011000000010111111111110111111011110000000000101010111011111
0000001000011000001011111111110111110111111110010000001000111111111111
0100000100011010000111111110000001001011110110010000000001000110001111
1000100000001000100111111110000110001111111110000000000111011111011101
1000011111000000000111111111110111111111111110000000000001010111111101
1101011111100000000111111011111111111011111010000001001011111110111111
0000000000000011100110111110001000001110111110110111110011110111011001
0000000001000101010111111110000001001101111111111111110001010111110111
0000100000000110101111101110000010001111111011111111110001010111111111
0000000000100101011111111110000000001111110111111011111001010111111011
0000000000000010101101110110010000001111111111111111111001010111111111
0010010010000001110111101110000000001111111101000000000001110111111111
1101110001111111111011110011111111101111111111111111111111111111111111
1111111111111111101101100001100011101111111111111111111111111111111111
0111111011111011111110111101111111111111101111111110111111111101001110
1011111111111111111111010101111111111111111000101111110111110111111101
1111111111111110110101101111111111111111111111111111111111111101000110
1111111111111111101001010010111111111111111111111111110111111011111111
1110111111110111111001110001111111010111010111101111110110011101010110
1111111111111111111100011001111111111111011110111111111111111101101100
1100010110011000000111110110110001011111110111000010101111111011111111
1010101110011000000111111111011000101011111110000010001111011100010011
1100100110011000010101111111101100001101011110001000011111111111111111
1100100100001100000101111110110010001011111100001000001011111111111111
1100110110111000000101111110010010001110111011000000001110111111111111
1101110110111001000111111110001100000111110111010000001100110101100111
1100111011011010000111111111000000111111111100000000001011111111111111
1100110110011000000111111010100001001111111110000000001111111111111111
1100110110011000000001111111000001001111110110011000000111111111111111
1111111101111111111111111011111101110110100001111111111101111111111111
1110111110110111111111111111010111111011010001011101111111111011111111
1111111111111101111111111111101111111101101101111111101111111011111111
1110111111111011111111111111111011110110110011111101111111111110111101
1111111011111111111111111001101111111011000011111111110101111111111111
1111111111111111111110111111111111110101000101111111111111111111111111
1110111110111111011111111010111101100010000100110011111111111110111111
1111111111110110111111011111111011110010011011011110111111101111111110
1111111111111111110111011111110110110001100100111011011111111111111111
0000000000000011111111011101000110001111110100110110110001010111111111
0000000000000111110111111110000000001011111011011111000001010111111111
0000000011000111110111011010000010011111111111101110100001010111111111
0000000000000011110111111110011000011111110110110111110001010011110111
0000000000000111010111111110000000001111110101111011000001010111011111
0000110000000111110111111111100000001010111111111100000001010111111011
0000000000001111110110111110000000001111111010101100000101010111111110
0101000000000111110111111111000000001111111101011000010001010001111010
0001000000000111110111111110010000001101111111001000100001010111111111
1000011010001000110111010011111111101111011110000000000111000111111111
0000011100100000000111111111110110111111111110000001001011100011111110
1001011000101100000111111111111101110111011110000000001101000011101111
1111111101111111111111111011111001111111111111111111111110101011111111
1000010010001100001111111011011111111111111110000000000101011011110111
1001111110111111111111111111111111111111111011111111110000101011111111
1000001010101000000111011111111101111111111110000000000001110001111111
1111111111111111111111110110111111111001111111110111011000000010111111
1100111111111111111110101001011101111111111111111111011111110101101000
1111111110110111111111111111011111111110110111111111111111111010110000
1111111010011011111110101011011111111111111111111011111111111111001100
0111111110111111111110101101111101111111111111111111111101111101001100
0111111111111101111111101011011101111111111111110111111111011110110000
1110111111111011011111111111011111111111111111111101011111111100110011
1111111111001011111111011101111111111110111111111111111111111100000100
1110111111111111111110101001111111111111111011111110011011111100000100
