000111111011110010010001111000
001110100001111000110000110000
010011001010101000000110101111
110011101000011100000111000101
111101111101111001101100101011
101110010111110011111101110111
110110011111110000110011111101
100011100110110111101010110111
101110100000011111010011111110
000011110000111111111000110111
101001110000011111111111111111
110011100000110111101110111110
111011110101011010010100000011
110111111111100000111111101110
011110001110100100111011101111
000100011111001000101011101111
100001011111100001010111111101
000011011111000010000010010001
010011110111011100011010110111
110001101110111010100011110101
000011010111011100100010101011
001111000011110010000011101001
001100111011011111111100101011
100101101010011110010100110010
111011111111011110111111010110
110001111111000011110001101101
101010101011011110001110010011
001101111111011110110000110010
001011011111111100101011101100
001111110110101111111110011000
