00111100000000000000000000000000011100000110000000010000000000011011011000011000
00011110000000000000010000000001000000000000010000000000000000011111111001000000
10011110000000000000000000000010000000100000000000000000000000011101111000000000
11100110000001000000100000010000001010100000000001000000000000011111111000000000
11100110000010100000000000000001000000100000000000000000111110011111111000000100
11111001010000000000000000010000000000000100000101000001000000011101111000000000
01111000000000100000000001100000001000100100000000000010111110011011111000000000
00000100001011000001011000000001000000000000010001000000000000011111111100000000
00000000001111000010000000000000000000100000100000000001000000011111111100001000
00000100000011000000010000010000000100000000000000111011000000010111111000000100
00000001100111010000000001000000101000000000000001100100000000011111110100000010
00000000101011000000000000010000000000000001000011100000000000011111111001000000
00001001111100000000100001000000000001010001000101110000000000011110111000000010
00010001111100000000000000010010000000000000000000110101000000010111111000101000
00001010000000000111100000001000000000000001011000000000000000011111110111000000
00000000001000000010110000000010100000000001000010000010000000011111111100000000
00000000000000000001110000000000000000000000000000000000000100011111101000000000
00000000000000100000010010000000000000000000000000000000000000001111111111000000
00000000100000110000110001100000000000000000000000000000000000011111111010000000
00000001000000101000110000000001000000000000000100000100000000011111111010000000
00010000000010111011000000100000100001000000000001000000000000011101011100000010
01000001010000011111000000010000000010100000000001001000000000011111111000000000
00000001000000000000000000101100010100000000000000000000000001011111111000000100
00000000000000000000000000011110000000100100000000000110001000111101111000000100
00000000000000000100000000011010000000000100000000001000000000011111111000100000
00000010001010000010000000010000000000000000000000001000000000010111111000010000
00000010000000000010101000000110000001100001000000000000000010011111101000001000
00010100010101000000010111001000000000100000010000000000000000011101111000000000
00000000000000100000001110010010000000000100000010100000000010111110111000100000
00000000000000000000001100100000000000001000000001000000010100001111110000100000
00100000000001010000000110101000000000000100001000000100100000011111111001000000
01001001000000000001000000000000101011110000000000000000000000010111111000010000
00000000001000010000100000000001000101110000000011000000001000011110111000000100
10000000000000000000001000000000000110110101000000000010000100110111101000000000
10010010001000000000000000000001000000010001000000000010001000011101111000000001
10000000010000000000001000000000110001100000000000001000000010010111111000000000
00010000000000000000010000000001010000101000000000000000000000111111100000110000
00000000000010000000100000100001100100010000000010000001001010011111111001000000
00111010100000000000010100110001110110000010000000000000000000111011111000000000
00000000000010000000000000000001111001000000010101000000000110011111111000000000
00000000000000000000000000000100000010000000101110000000000001011111111000000000
10000110000000000000000110001010010000000011111010101000010000011111111000000000
10000000000000000000000000000000000000100100010010000001000000010111111010000001
00000000000110110000000000100000011000000100000000100010000010111011111000000000
00000000100000000000000000000000000000001100000000000000000001010110111010000001
01000001000000100000000000010000000000010110001111000000001000011111111000000000
00000000000000100000000000000010000000001100010110000000000000001111111000000001
00000100000010000001000000000000000000011000011010010010000000011111111001000001
00000000000100010000000000001000100001001110011100000000000000010111110000000000
00010101001110000000110000000100100000010000010000011110011000011110011000000100
00000000011111000000000000001000000000000101000000001011000000011111111001110000
10000000010011000000000000000000000000000000000101000010100100011111111000000000
00000000010000000000010011000000000100000100000001100010000000010010111111111011
00000000001001000001000100000010000000000000000001000010100000011011111111111111
00000010010000010000000100000000011000000001000101111100000010011111111111111111
00000100110001000000000000000000000001000010000000100000000110110101110000110000
00001010000000000000000000000010000000000000000000010100000101111111111000000000
00001010000000000000000000000100000000000100000001000000000011111011111000010000
00001010000000000000000100000000101001000000010001000000000001111111111000010000
00001010000000001000000000000100010000010000000000010001100001011111110000000000
00001010000000000000000000101000000101010001000000000011010001111111111100000000
00000000000000000000001000000000000000001000100000000000111110110111011000000000
00000000000000000000000100001000010010100001000000000001111011011111111000001000
11111111111111111011111111111011111111111111110111111111111111101101000111111111
11111111101110111111111110111110101011111101011101110110111110110000111111111111
01111101111111111111111111111111111111011110111111110011101111110000101011111111
11011011111111111111011011101111110111111111111111111110111111100000111111110111
11111111111101111111111111110111011111111111011110110111111111110000000111111111
01111111111111111111011111111111111111111111111110111111111110101110000101111111
11111111111111110111111111011111101101111111111111111111111111101010000111111111
11111111110111011111111111111011111101111111111101111110111011101110000111110011
00000001101000110100100000000000000000000000000000001110000010011011111010100001
00000000000000100111000000000000000000000010100000001110000000011111011100011011
01000000000100100100000000000010000001000000000100101110000000011111111000011111
00000000000001000000000010001100000010000000000000101111000000011111111100000011
10000000000000000000000001000001000010000000000000101111011000011111111011000111
10000000100001000000000000100000000000000000000000001110000000111101110011000101
00001000010000000000001100000000100000000000000001000110000000011111110001011001
00000000001010000000100000000000000000000000000000001110000000011111111011110000
00000000000000000000000000000000001000000010101100001110000000011111111111111100
