00010000101110100101111000100110111011011010000111110110100001000
00000111011111111101011111010111101101010011001000011100110011111
00010100111011111011010001100111111010111111001010111000110101110
10101001100011111001000111101011010111100110100111111111111010111
00010000011100100111110011111111010111111111000011111000101110000
01100000111101100011011110011111101001101101011001111110100000110
01000001111000111101111001101010111111111011000110110101110001100
01010010101101110111111110101110011100011011001101001111000000101
10110111011000101011001110110111111011110111000111001011111011110
01101110101100000010101101111010011111011111001111110111100001000
11101111110110110001111111010001110111110110000011111100101010010
11001101011011010111101101101111001111011011010001101101111011101
11110000001101001111001110110011111011110111100101011010011011111
01110101000110110101110110011111011101011010010001101001111101101
11111111101001011001100001010100010010001110010011011101101010011
01110011001101101110110111011111110111111100010001010110011010111
01110010100010110110110111000101111001100011000011110100110011101
11001011000111011011011110111110111011110100111101111010010111110
00101101110110011101010111010001101111111110100011101011010100011
11111111101111100110011010111101101110001111101011011111111001001
10001011011101111000001001111001111011110111100011101111000000100
11101111001001011111000100001111111110010110101100100111101001000
11000111111110000101100111011111111011000001110101100100111111110
01010101111111011110011001001111111011111010100001101101111011011
01011101101011011111001001011111100011010110001011001111111001110
01111010011100111010101110011111110010010111001010101011111000011
10111011110110000101100000011111111101110111000011111111100101001
01001100111011110111101011101000100011111110000010110001101011001
00011111010101010101111111110111100111101111100011111110110010001
11101101100101111101011111101010111100111111101110110111111101101
11111111110111010100011111101101000111011110110011101010111011011
01111100101111011011111111101010100111011011110001110111111011010
11100110101010011111111111111101000101011010011111111110000001101
10111011111011111100111101100100000101100000100011001111011001011
11100111110111001111111100100100000111111010000110100111111100111
01011011011101010011010000101111111011100100000100111111111000101
10111010111110110111111111011011001101000110011101110100110110111
11011110111111011110101110111011111110111100000001101111110011111
00111110101010011110100100111100011101000111000010111110010010110
11101011111111010110110111110111101001001101100011010110100011011
10101111010101110011000100011111101001010110100011111111011011111
00111100111010110111110011111110000111111000011111111110011011011
11111011111111101011110111111111101010101000000111011111100001001
01101111110110001001101001101101000000110000101011011111011011101
00010000000010000111111100001111010000011001001100101111000000011
00000100000101110100001000000011100010000100000101011111111000010
01100101010000000101010011000100100010000101100011111001001100010
10010011110010000100011000000100101110000110110001001001100101010
10111010111000101011100011111110111000111111001000010110100011010
10011101111111111111101110101011110011011111011100011010111100011
10111110011101001110111101111111101111101100101000000000001011111
11111110011010111101000000111101100110111111011011001101001101110
01111101101111100111100111101010110101101111111101010000011111111
11010111011100111001111110101101111111111111110010010001101101111
10010101110010010111110011101111111101111111110011000001011111110
00010011110101100011110111110101011101001011111100010110101010111
11111110111101101001011111111111001111010010010111000101010011110
01110010100111011111001111001111011111101101010001001010100001111
00011000101111110001011111010111011100001101011001111111000010001
00101000000001000110001000100100001010000000001101011110000000100
01011000101110111100001100011011000011111101000010101011101000001
11100010110111001101011110110111110001011111000110111110110000001
01110111100111011100101010000100101111101001000000111111110100001
01110100101010110110001111000011011011111100111111111111110000001
01010001000111111011000101111110111111011111100001101101011011110
