00000101111111011010111111111111110110100111111111
00010001010110011101111111100111101000000111101011
00010100011101001010110011011011101101001111100110
01101010001110010101010111011111111001101010000100
00010000001111111010101111111010011000100111111101
10100000011111000001111100111110011100000110111011
00010000110011101101011101111011100011011011111100
11000000011101001001001010111100111001110001100110
10000010001101110010111000111001011011100111011111
11100111001110011111001111110101010001100010111111
10111101110101101001111100011111111000000101101111
11111101111000101101111110101111110011010011100011
11011110010000011011111111110001110001000111111110
10101111101000111100101110000000111101100110111111
00001010101101000000011111100111111010101001101000
11011000110011001111111111011100011101100111001111
11101011011111010111101100101010111001100101100011
01010010010101011001101110000010001111100011001111
10101000110010011000101110000000101100100011111111
01010111011110011100001100011010000101100000101010
11101100101111011110011010101000101100110000111111
11110110101110110000100110010000000101100001110111
11001111111111111111100000111011010100000111111111
11011110011111111111010001100011100101110011111101
11111001010111110110110000101010001100100110010011
11111010010010110000000100010101111110100000100101
11001111110110101000101110011101101100100111001110
10111111111010010001011001100010111100100110111100
10111111101100011001101010100011111000100111010111
11010101011100110000000001100011001101010111110111
11111110001100101101001110011101111100101001000111
11110010111110100000001101101110011101101110111110
11110011001111101010100101111010011100110100110010
10011101111111111000001001011011101111100010111111
01111101101001111110100011111111110000001111011111
10100100000001010111111111110111110000011011000101
10000010100100100100000001000000010000111000111110
00110011110111011101010100000101010000101011111110
10011001110001111111110111111011110011001101111111
00000011000100000000100100000100100110000111110101
00110010000000100000000000000011001111100101111111
11101100101011011000001010111101101000111000011111
11111110110111010110001110111101011101010000001001
11101011101110111110011100101110001101111000010111
11101111011111101011111101010101110011111000001011
10001110110011000010111110011101111011111101001101
11001110111011110111101100110001011011101110110110
10111011111011010110111101111111011111111101011000
11100101111111011111111010101111111011101101101000
11001100111101011110111111001110011100111111110000
