011110000001001101100110111111
100100000000001111111101111110
100010000100001111111111111111
110000111111111011111101111110
101001111111111110111111101111
000010000101111011111001111110
000110010110011111111101111110
000110100010011110111100111110
000110000001101111111000011110
001111100000101111101111101110
000110110001111111110101111110
100111001010011011111111011110
000111001110000111111101011110
000111110011000111111101111110
111111111111000111011011110111
111010111110111000101111101111
011111111111111000100111110111
111101101111111000011111011111
111111111111110110011111101001
011111111011111001101011111111
011111111101111101110111011111
111110110111110111101011111111
101010000101001111111101010100
011111100111111111111110110000
111111110110011110110101011010
111101111011111011011111101101
111111111111110101111100110101
111111111111111111011110011011
111111111111111111011100100101
101010000000001111111100011110
