0110100000000000000000100000100000001110
1011111100000000000110110000000000001100
1101010111011011111001111111111111111111
0110110111111111111101111111011111111111
1101011010010000000111110000011000000110
0111101111111111111111111111111111111110
0100110011111111111111111111111111111111
0111010010111110011111101010101101111111
0011111101011011101111111110111110111111
0011011010100111101111110100011011111110
0001011101010111111111110000100011111111
0011111110100100001111010100000100001110
0011011110000010111111110000000001111111
0001011101110010110111100001100011111101
0011011111101101110111101111011101111111
0011011011100010111111101111111011111111
0011011011101111000111111111111100001111
0011011100101111000011111111111110001110
0011011111111001000111111111111100001110
0101111111111111101011001111111111111111
0100111111111111111101001111111111111100
0011111111111111111110100111110010110101
1111111111101111111001001111111011011111
0111111011111000111000000101111111111111
0011011110000011111110100100000111110111
0011011011010011111111111010010011111111
0011011110000011111111100101000011111111
0011011000000111111111110010100011111111
1010011110100101111111110001010011111111
0011111011000011111111110100101011111111
0011111111000011111110110000010111111111
0011011110010010111110011000001011110111
0011011011100101010111111111111101100000
0011011101101111000110111111111110110000
0011011111101111000111011111111111010000
0011011111101111000111111111111101100000
1111011111111111111110110111111000000100
1111111111111111111111111111111100001010
1011111111111011111100111111111100000101
0011001110101111100101111111111100000010
