011001101111111111111101111111111111111101111
101100011100000111111011010100000000111110000
110110000100000110011111111110000100011110001
011011001110101001011110111011011111011111111
001101000000101111111111110110000010011110000
100110101111111111111010111111011111001110111
100001000000100111011101110100000010011100000
010000001111110001010110111111111111110111111
110101010111011111010111111100000000001111101
111101011011010111111111111101001111111111011
100101011101100111110111110100000010111110100
100001011110100011111111110110000000011110000
100111110011010111111111110101000000111110010
100001011100101110111111111111011101111111011
100111001000010011111101110111111011111110000
111011101110110001100111111111111011101111111
111011101111111001110111111111111011111111111
110111111111101110110111111111111011101111111
110011000111111111010111111111111011111111111
111111111111111011101111101111111111111101111
111111100101111000010111111111111111101011111
101110111111111111111011011011111111111100000
011111011111110111111100101010111111011110000
111010101111111111111100110110111111011100000
101111111111111111111011011111111111111110001
111111111111111111101101101111111011011110000
101101011100010111111110110011110011111100001
111011111111111111111001110011100111111111111
101111010001011111111111111101111000100111111
100101010100111111111100111110111000111110111
100000010000001111111111111111011100111111111
100101010000011111111111111011101110011111101
100101010100011111111111110011110111011111111
101101010100010000011111100100111011011111111
100111110110001111111111111100011101011111111
100101010100011111111111111100001110011111110
110000010110111111111100101111100000011111111
111110110111111010110111111101111111101011000
111111101111111111111111111101111111110101110
111111111111111111110111111111111111101011110
011111011111111111101010110111111111110101100
100100011100010111111000000110111111111110100
100101011010000111111000000111111111101111000
100101010100110111111000000111101111101100001
101101011100010111111000101111111110100000010
