01100101100000010010110000010000010010011011011110010000000001110
10101111001000100100001001010110001001000111111010100110100100010
11010101011000000000000000100000101000100110011010000000000000000
00100111110000100011010001010000010011010101111000000001011000000
01000000100000001111100101010100001100011111110000000101101000101
11110010000100010011101000101000000000111010110100010000001000001
01010100001111111111010000010001111000011111101001010010000000110
11110000100100100101001011000100101010111101001000100100101000000
10011001010001101001110011001010000001111010101100000110011000100
00110000100001110000100011010000010000011111010001000000100000000
01100010000011000111100000000101000000110001111001000000010001011
00000111000000000000011011001000011001011011111000000110111010110
00000010001001000001000010010100100010011111101001000100100010111
00000010111010100111010011000100101011101111101010010001101100011
01010011110001000110000000110100100000010111111010010101000000000
10000110010000000100101110001011100001011111110100000000101001000
00001010100000000011000000110110001100110010111110000000100100101
01001011001001110001011110001010111011011111111001100110000000101
10011110001001101000111101100111111011001110100000001100000100000
00011111101011001100110011111011111100101101111010011001011001001
10001100111000010011000100010011101110010111011100010010001000001
10010010100101000111000000110100010000000111010011000000101000010
01000101000100010110000001000011100000110111110101001011100000100
00001000000000010110100000111011011111101111010011001001010100001
00000001110111010101000001000101111110011111011101000110000001100
01011001110101000011001010111011011111011110111000101010000000000
00100100000000101011010101000101000000100010011100101000010000011
11011010010010101001110101001100000111010110110010000000100100001
00000100100100010101000101010010111010110001110010000101110000011
01001001001011101010010010110000001100110110111000010100100000000
01000000100000011111101101001000110001011100001000010000001010001
00000010001000010011101111100000010100001011110100101010000001110
00100011000011110111101010001010001100111111010011011010011110001
10010010010100000111010111001011001110111111111001000100100000110
01101011000101001111100111001100110000001101100000000000000001100
00001000000000001001100111010101110011110100111010000001111011000
10010001000011000110100111011000010100001110111000100100001000101
01010000100101010110000101010010000100011111111100011011000010010
00100101101001001001001100101100110100010111011000110100101010001
10011111111110111100101011011110110101100011010000000000100000110
10001111110111010111000111000011111011000110100000100010100010000
01111011010011110111111111010110111111101011000000000011110000001
11101110110111111110111111110101110011111101001001000000000000110
11011011011111110101111110001001111001110110000001000010000100001
01011110101111111111001001011101011111001000000101000000010100001
11111100011100111101111111111101110111110000000000001000011001000
11110011101111101101100011100110010111100010000100000001010001100
10000100100000011000101010100001000001000000101011101001111100100
11100000000001101001010100011000100100000000000101000011001000001
00000010011010000100011110000000110000000011100110110011010100010
01000001000000000100000001100001000010101000000101011001000100000
10000110000001100001100000000110100001100000000001101100000100000
00000000000000000011001101100001100001000000010100110110110110001
01001001100110100110000010001100010010100000000000011011001100010
01000010100100000100101011000001100001001101000011001101101110000
00011000000001100001001100001000000101000100001111100110100100001
01001001010111011000011000011100010100111100000100001011001011101
00010000101100000001000100101000100100000100111101001000001110000
00011101100101010001110000000010100110100000010110000110110101000
01000000000001001010000100010000100000000001100101111111011011010
00000000000110000000000000000010100101101000000000001010110100110
10000000001000010001000010000001001100000000011000000000101100011
10001010100110001100001010000001011010010010001100000000100010001
11000010001111000000010000101001010001010010000001000100000111001
00001100001011001101100100111010100010100101100010001001100001110
