0100111011010011111110000100100111100110
1010101101110110100110000000010001101011
0101000110001110101100010100010111110010
0010111011111111111111001010000100011111
1101000111011011010111111000101111001110
1001000010101010100001000000011011010111
1101000100000000110000100110001101110011
0110101000111001110100011100000111111110
1011110000001111111111000000100111001110
1101100000111111111011010110001110011101
0101010101010001011100010000100011101111
1101100101101001110111101110000110110111
0011110111010110011111100000011011110110
0111000011001001111001101010001101101101
1111110011001001001111110000011110101111
1001100111110110010010000010000101011111
1111011111010100010101101101101110110111
1001101111111101101111010010000101110111
1011000011101110010010010001010100111101
1111100110111010110010000010011101011111
1101100011011011011101000100010000000010
0001110011011110110010100000000010111001
0000101000011110100001000111111101010011
0010100101100010011000000101110000000000
0001100100010100100000000101110000011000
1010001101010000100010111010011011000000
0001001001010101010100100100001100000011
0000000000000000101000111000001000101010
1000100010100000100000111000011000001000
0110010000001010001110111100101010001001
0000111001001110100100100111110000000001
1011101111010111111100100010000001110001
1010110111111010100001000100010000100011
1110111110101101010100100100000100001011
1110001100111110111001000001000110011010
0011011101011001111101101000000100100101
0101100111100111001101001001110001100110
1001110111111111111100000000000000011010
1111111110111011110110100011000011101100
0101011001110111111101100010011111010000
