01110110000000011111110000001011001000000011101011
10110100000000100101110000000000000000000010101011
11011011010000111111110111100000000000010011101011
11101000010000010101111100100000100000000011101011
00110010000000011110110000000000100000000011111001
11000000000000011111100000010000010000000111101111
10101000000000011111010000000000000000000011101010
00100000010000111011110000100000000000000011100001
00000000011110011111110000001000000000000011101011
00110001101110011111111000000000000000010011101010
00000000110111111111110000001000000100110011001011
00000000111010111001010000100000000000010001101010
00000000111101111111110100000000000000000001001010
00000000001010011100111000000000000000001011100011
01100001001110011111110000000000000000000111101001
10111111111111101110000000100000000100000001000100
10101111111111110100001011000100000000001001000000
11111110111011111010100000000000000010000000000000
10101111111010110101010000000000000000100010101011
11110111111110100010100000000000001000000111111011
11111101111011100101010000000000000000000001111011
11111011111111100010100001000000001000000000001000
00010000010001001000000001100000000100000100000000
00110000000010000000000000010010100001000100000100
00100000000000001000000000101000000011000000001000
00100000000000001000011000000100000000000000000000
00110001000100010000001010000111100000000000010100
00000100000000000000000100001000000000000000000000
10000000101000000000000010010101100100000000000000
00000000000000001000000001101001000000000000000000
10000000000000000000000100100000100000000000101010
10000000000000000000000000101100110000100000000000
00011000000000000000000100101011010000000000000010
00000100000000000000000000000001100010111101000000
10000000000000000001010000000000000001111100000000
00000000001000010000001000001000000001100100000001
00000000000000000100000010000000010000111100000001
00000000000000000000000110000000001100011101000000
00000000001000000010000000000001011110000100001000
00100000011100000000000000000000011011000110000100
00000000000001001000000000000000011011000100000000
00000100000000100001001100000000011111111000000000
11111111111001100011000000000000000000010000001011
10111111111111111001100000000000010001000000100110
11111111110101100011100000000010000000000001000101
00001000000000000001100000100000000000000000000100
11111110111110100011110010000010000000100010000011
00000100000000010000000100100000000000010001110000
11110110111111000011100000000010100000000011001000
11111101101001100011100000000000000110000010101000
