0111001000000000010000000000011110111100000001111110111000100000000000
1011100100100101000000000100001111011100000000111111111000000000001001
1101110000001000000000000000111111110100100000010111111001000010100101
1110010000000000000000000000011011111100000000111111011101000000000010
0110010000100000000001000000011110111100000000110111111001000000100001
0011100001000000000001100000011111111100001001111111110000000011100011
1000000000000000000000000001111110011110001010111111111000000000000001
0100000011101011111110001001011011111011111111111111111111111110000001
0000000101110011110110000000011111111101111111111101001111111000000000
0000010110110100000000000000011111111100000000011111011000000000000001
0100100111000100010000000000010011011100000100111111111000101000000000
0000000011001000001000100000011111110100000000111110111000100000000001
0010000100010000000000000000011111111100000100111111111000000000000000
0100000001100000000000000000111111101100000000111101111000100001000000
0000000110000000001110100000011111011011111111111111111111011110000000
0100000110000000001110000000011111111111111101111111111111111100000000
0000000110000000001010000000011110111000001000111111111101111100000000
1000000110100000001110001000000111111111110111111111111111111100000000
0000000100010011110110000000110101101111111111111111001111111100010000
0000000110000011011010000000011111111100000000111111111111111100000000
0000000110000011111100000010011111111111111101111101110111110100000110
0000110000000000000000111000011111111000001001101111100000000000000000
0000010000010010000001001110011111111100010010111111101010101001100000
0000000000000000000001001110011110111100000000111111111100100100000100
0000000100000000010001110110111111111100000000111111111000000001000000
0100000000000000000000111001011111111100011000111110011000000010000000
0000000000000000000010111001011110011100000100111111111000000001100100
0000001100000000000000000110011111111100000000111110111011010000001100
0010001000000100001000001000011011111100000010111101011000000000000000
1011111111111111101111111111101110110011111111111111101011111110100011
1111111111011111100111111111110111000011111111111111111111011110100011
1110111011011111111111111111011011000011111111110111011111101110100011
1111111111111111110111111111111101110111111111111010111111111110100011
0111010111111111011111101101101110110011111111111011110111111011100011
1011110111011101111111111101110011011011111111111111111111111110100011
1111111111111011110111111111110011100011111111111111111111111100010011
1101111111101111111111111111100000100011111011111111010111110111100001
1111111011111101011110111111100010000011111111111110111110111111100011
0000001100000011011010000000011111111100001011111111111111111100000010
0000000110000011011010000000011111111100011111111110101010100000000001
0010000110000011011010000000011111111100001011111111111111111100010000
0000000110000011011010100100011111111101000010111111111111111100000010
0000011110000011101011000100011111111111100111111111111111111100000000
0000000110101011011010000010011111110101001011111110101110111100001000
0000001110000010011000100000111111111111111100111111111011111100000100
1000010110000011011011000000011111111111101100111111111111111101001011
1101111110111111111111111111111111111111111111000100000111111110100011
1111111111111111111110111111111111111111111111000011100111111110100111
1101011111111111111111111111111011111111111111000000001111011110100011
1111111111111111111111111111111100111111111111100000001111101111100001
1111111101111011111101111111011111111111111111010000001111111110100011
0111111111101111111111111010111101111010111011010000011111111100100111
1110111100111111110111111011011011110111111111010000011101111110100011
1111111101111111110110011111101111111110111011000001100111111110000011
1111101111111111111100111111111110110111111111001111100111101110100011
0001000110000011111110010000001111111110111101111111111000010100000000
0000000110000011011110100001011111111111111111111111011000101100100000
0011100110000011111110000001011111111010111011111111111000100010000000
1000000110110101111110110000010111111111111111110111111011000100100000
0000000110000011111110000001011011111110111111111011110100000000000000
0000000110100011111100100000011111110110111111111111111010000000010000
0000000100000011111110010000011110111110111111111111111110100000000000
0010010100000010000000000100011111101100000000111110111001000000000101
0000010000000100000000101010000001001100000001000100000000000000001101
0010110000000000000000100010011111101100000000111111101010100000000111
0000000000000000001000000000000000010000100000000000000000001000000010
0100000000000000000000000001000000000000000101000000000000000001000111
0010000000000000000010010011000000000000000010010001000000000011101001
0001010000000000000010000000011111110110010001111011111000000000111000
0110111101010000000000000000011111111101000001111111111000000011101100
