00101000000101100000000110001100010111010111101110011111011011111100000001111010
00010110010010111000101100000000000110010111111101001111111100011010011111110110
10001011101010110010100000000100010001100111111001111101101011111110000010101110
01001110010000000100001001000000110100110011010111111011010111110110101000001111
10110011001011011000010000000010100000000000011011100000101111001110111000111100
01010010011101000101111000100000010001101110011111011001110001101111000000000100
01111100111011100010010000000000000000011110011110011110000111011011010110111101
00101000001011001001101100011000010000110101101111101110111110010000111100000001
00100010010111010000000000000010100010100011111011101001101111110101000000000100
01010110100001100000001000101000000010010011101001110010111111000110000011001000
00101111000000101110000000000010001000001101000110101111110111011110000000010101
10000100100001010101010001100100101110011110010111111011101011111110000000000000
01101011100000100010100001000010001010100011010110011101011111100111001111101110
10001111110100000010000001011100000001000011000101111101011110011110000010000110
11100010011010010111100100010010100001001111000101010111011111110010001100000001
01101000100100100001100010100001000010010001101101100001101011111110001100010010
01001001001000000001111110110001010001000011111110111111001110111110111011010010
00010100001100100010111010000100011000010110011010100111111101111100100001001000
00100010001011100101100111000010011000000011111011110110001100111110000110100010
00000101000100111010001001000001001001000001101011110110111111000110110100000100
01100101000010111110010010010001101100000001100111110111011101011011001010001001
00001110000100001100101000100001000010000010011110111111111010111110010110101000
01010101010000001101010011100110000001100110110010011101100111100010110101010000
11000001000000101010000001110101000110000111110011111110100101111110011000000110
10000000000000011110101000001110000010010001111000111111111110101110100010001000
00010000000111000011001100001111001101010001001111110111111111011010010001000000
00000100010100011000011100010010000000001111001111111111010101111110000001001000
00000001000001101000100100101100110011000001001011110110001111011110010100100011
10000001010001000000000011010111011000000011101001011101111011110110101000000010
10100000000101000100001111011010010100001010100101011111011111011111000111011101
00001000101010100010001011101100011100001111111111111011110111111110100000000011
00000000000000011001110101001000000100101011101101111000110111111100001010010000
00011000100100100000100000010000000011000111101101111111110111101110010001001011
10110101000000001110000000011110000000000011101101101110111111111110100100011000
00000000001110000111100001001010000001000110101001111110101011110001011100000000
11010000000100000000100101000111000010000011001111101001101011110111000000000000
11000000110110010000010110010000100100100111111110111001001011011100000000011100
10100100000001101001001001010000101000100011001111100111111101011110101000000100
00110101100010000000001000000001000011011111010111101110111000011110100100000000
11010011010100010100000011000000000000101100110110110111111001111110000000000010
00000110001100100000000000100111000000110100001111100100011001111010100001110010
11100111001100100100001100100010101010111001001011101111011010101011110000101000
11110110110111101110011100101111111111100001011111011011111111101011100001101101
11110001111011111011100111111011110111100110011110110111011101111101001010100110
11100001110000011011101110001111111010010000001111111001110000010110000001101101
01111110100110001110011110000010000010110011000011011101000100110111000010111000
11101111110000011111010011111011111111001111100000110111110100111110000011111111
11010111001111111000110001100111110111111011100011101111111111110101010011111100
10011111101110001111111101110010000111111111110101010011100011011100100100110110
01111101110101110011100101111111111101101110110110110100101101001110001111100111
00111001111101011111110111110011111111111101101101000010011110010110001100100111
10110110010111101011111111111111101010010011111011001101001101011010100011101111
11110111101111001000011110101111111110100110110100010100000111011101010001000110
11100011001011101111111111111100111001111101011101011001011111010110110010100110
11010011011100101111110111110110111001110111001110100000101111110110011001000100
11110100101111111100111011101110100111010111111110010100101010110111100111010000
01101101111100010101011111001011111101110010101111000011000011110111000011101111
11010101011011100101110011101111110001111111101100100100000111100010000011110110
11101001110111111111110011011100011111111111000101110111000000101000000001000110
01011011111011101111101111110111110001000011011101111110010000101100000011111110
10111011111111111001011011011111111110000110000110101111110000111010110011101110
10111110111110110101101101111111111111011011000111011110110000011011010001101110
10110100100110111110011110101011111100011111011100000011111110000010000100001111
11110011101101111110110101111111011111111001111110111111100011001010101111100010
11101110001101011110110111110111110011111111001011011000001111010110111100101111
10111100111111011111010110111111110111110001111111101111100100001011011011101110
01111110011111111011111111111110110101111110111001110111110011111100001001101100
00000110100010000000100000000100001100000111010100001001100001000100110100000000
00011001000000001101001010001010010001101110000010010101000010011001001101000100
01001011000000001001011101010000101000000100000100001110000011001101001110100001
01011001000010111000100100001001001001000001000001100010000000011110110010000100
01000011000010110011011000010100011000100000000011100001000000111001110000010000
01100010010011001010110010000101000000000001011101010101110110010100011001010001
11000000010010001100001001100100100000001010101101011011111111010110100010011101
11101010000010000010010000010000000000001111111111110100110111011110010000011010
11001010001000011000001000000101010010001000011110000001010100000000000111100000
10111010010010000100110010100100110010000110111100010000100111101110000001100011
01111110101011000001000100000100000011000011101111111110111111101110101001000001
11110000000011011010000100011010100000011001001011111100111111111100000000101000
00010011001000100000100000010110100000000010101001110000100000101000010011001100
