001011011101010111101011101010
000100101101110111111000100010
100001101000100111111110000001
010011011111110100001001101110
100100000101110100001010001010
101100000010001001010010001110
011000000011111000001000100001
100100000101000101101000010011
111100000010011100010100000000
110110010001111000000110000111
000101101001100100000000011110
110110110110000000000000000011
011110100110001110000100000000
110110101100000100000011100110
000001101100100100011110000010
111110011010111001100000000001
111000000000100001111010010110
111001010000000110011011100000
111000010000000110010000111000
011001001000001011100100101010
111110110000001011000001000010
001000001100101000010000000100
101011000100011011000001111111
100100000000010001001010001001
110100100000010001110010011101
000000010010000010100010100010
100111000010000000110011100001
000101000110010010000110100001
110111010111011010011010010001
001000110101000100000011101110
