01011111011110100100010001010100000101011000010111100111010111011111111110001100
10001000010000101111100001001000000001010000010111010000111111111111000100000110
00000100000000011101100001000001000100000011000000001101011111111001111000010000
10001100100011111101101111011001010000010000001001101110011110111111111100100101
11010000000000110110111001011110001011000010000000000010011000011011011010101001
10110010000010000001000000000001000101100011100100001111111110111110111011001100
10000101110000101110110110001011001101000000101010101111010111111011111001110001
10000010111000010111101001000000001001000110000111111011111111101111111000000010
00010011011000100110010010010001000100110010010101111001111111100111110100000001
11000011101000101011000100001011110100001011011111011101001111001011011011001110
10000001110000111111001110001101011101000011101101111111101011011111101000000101
10000000000001111100110000000000000000010001101100110111001110111111110001111110
10010100000001110101100000010101010000010011011001100110011111100110000100000000
00010000000110000111010000001101010110001101010000000111111001111001111010000001
11011010111110000010011001100001000000000010010111010100011110111110111101010111
00111001001110001001111001101000010100000010011111110011101011110011011100010000
01110010011100010100010101101000000001000000011111011010011010111111101000000001
11111011101111001001110000100001100110000000000110110100111001110111111000001100
01001011111001100000001000010000000000001000011110011111101011011111101010011000
01110101011011010100111001100100000001011011010111111111111010111111111001100100
01111011000110010101011100010111100010001000001110011111110111101100110100000010
10001010100101111101100100011011000000000001111110101111111111101111110000001101
00011001001000110011100111110101000000110001000100000001111101111011111000001010
00010010011000001000111001010101000110001101110000001111101001100110011111011111
00010010101000000000001000010100100010100101011010010101100111111101010010110010
11111001000000111001001100010110110000000010000010011111010111101110011001010110
00000000000000111101001000010001001100000110010101100011100111100110011110100100
10011000100010000010111111101000000100101101110010001111111111110110101011111100
01011010011001011000010000010001000010010010010101010110111111111111100000010010
10001000001011000001101111000001100010111000001000110111000111100110101001001011
00001010010000000000110001000000111000001100000000101111101100111110100000011010
00110110111011100100111100101100011101011100100111011110101111101101111011010110
00000000010000000100100011000110000110111110000010000101001111000100011100000001
00010000011011010000000001000011000011111110101000000101111110110100001101000111
00001011001000000000000000100011000111011111001110010011010010011101111000000000
10100110111001010100000100110001101001011100110000100011011111111110011000000000
00001000000001000100100110001100111000100010100101000001111010111111111000000000
11001111001000001001000000000001011100010010010010000100010111111110101010100100
00000100100000000000001010010100110010000100000100110110010101111111111100000100
11010000100110000001001000001101111101000111100001111101111101111111110001111011
10000000010001000011100100010111111100000111110001100011111111011011111000011101
00000001000001000000000110110011111100111011001000000111100101001110101001000101
00101101111010110001000001101000111011011100010010111011111111110000000000010000
00100100011111000001011110010000001000011100111001100101100101111101010101010000
00000110001100000000010100010001010110011001000000000010110111101111111100000001
11000000110011111011010110111000000101001011000101000110111011100110100000010001
00010010011110011010110010000100011000000101000011111111101011111001111010000000
11000101111100111111111000101001001010100000010011110101100110011111111000110011
11000011010000111111110011010001101001000010001100101111011110110111011001001000
11010001111010111001000000101001000010011001011100011111111111001111001010110000
10010011101110010101010000100110000100111011001110011001011110110010110011001010
01000001111100111111100011001101001000110010001101101110011101001111111010101101
00110111111000001011110101010011000000010010001011110110111111111010111010000010
10110110011111100111110111011111110001110101011111011000010010101110111110100110
10011111001111011011110101111111001100101110111011011000010000101011101111101001
10100111111101010011111111110110111110011111001111100000000111111111001101110111
01000101101001010111111110111011010010011111111101001000000010101111111011111001
11111111100011101101111001011000011111111010110011111110000001111101111110111110
01111101111111111111011100011011110110011010011011111000000111110101111111111100
11110111110110100000111011111111110101111111100111111001001001011111111111110110
11110111111110111011110011111101111111001010111111101101101001110010110011000101
11100011111011010110111111111101100101111111111001011001011110111111111111001000
01110111100111111101111111111111010111110011111010101111111011000111010011001110
11111110001101111111001010011010011111111011001110101001011111001000101101110110
11111111011101101011111011001011001111111101101101011111110101010000111111010101
11010101101110101111110111111111111111110101110111010101111101100000110111101111
11011111111110111111011101111110000111111100110111111111100111100001110011000111
11111011111101011111011010001001001010111001101111010011111101100010011100100011
10110111101101101111111000011111001011111100111100111110111111011110011111111110
10111111110101110101111111100001101110111001101110111100111111101111101100110110
10111111011001111111001101110101111111101100101111011111111101011001110101000101
11010000100010110000100100100000110000100001100000000111011101011101111001001110
10001100010001000010000110110001000001000000001001111110111111101110100001001010
00000110010100100001000101010101010000010101000010100011101111111110101110010110
00011010000100000001000010110000000001010000000101010111111100010101110000000011
00100010000100110010000111011011000000011011010101000001111100011000110001000110
10001100010100000110011100010110000000011000000010110010111001100100100110000011
11010100011100100101010101110001010001101100000000010101011110111110111101010011
01000001010100100000101111001111010000010000000100101101010100110111110111111101
00011010101001101000010100000100110000011100110100010011100010001111001000101110
