00011100010110010101111111101011001011000000000000110111100001101
00001110000101011111001011110101010010000001110001001100010001101
00001111110010001101111100101110010001100001011000111010001110101
10001011100011011111011110011110011100011000000101011111001000111
11110110000001001011101110111111011010001001011111110111010001000
11101011100111011011001111011000000110101001000011101011000001001
01111100000000111011111111011100101100010100100011101010110001111
00110100001101111111110001111111011001001000100101010111001001100
00110100000111101111011011110011100110000110000100110101100000000
10100000001001011111111101011100000010100001000101110101100001101
00000001010001001110111001101011101000001011100101101001101001001
11000101100000101101100111110110000100000100011111010101100110011
10110100100000111111111111111110000100000000000001101110011011110
01011101111000111011110111101111000100000000000100110111101000000
00000011100111011110110110110111010000100000010000100111000000011
11010111010011100101010001100011110000010111111101011101111100011
01111111111111100101000101111101001110001011111010001010001100101
11110001111110111001010111111111011001000111111100000010010001111
01011111111011100000110111111011111010010100011100011010100110111
11111111110111011100011011011111110001110111011010001001101110110
10101011011111100010001111111001111100010100110100010001100101101
10110011111011110111001011111110100100001110110110010010011101111
11111110111010000001110101111111100001111111111111111011100101101
10111110010111101110101001011111000000011110111111110100100111011
11011110100111100111110000010110000001001111011101011110110100011
11000111111111011111111100011110100101001110111111100001000101110
11101001101111111110111000010111101000101010001001110101100111001
01011111110110101111111111101111011100001011011101011111010111100
10111111011011001111111101010111001000101011110111110111011001110
01111011010111101101011111111000000000001111111111111100110101101
10111001101111110111011111111000000101011101111111111000110100111
11001001101001111111101100111000001100001011011111101011100001111
00000010101000010011111001100000010110011010101011000101001000000
01111001000000110111100000010000101100110100110101110110000001000
10011011001000001110100000111001010000100000000100000000000010100
00010110100111001000110001010011110001100011000100000010000101110
11001100110000001010000000000000100001000000001001001100000001001
10100001000000000101001011000010000110101000000010000110011000000
00100100010000100001001000101000011101011000111100001010000001000
00010010000000010011101100000010110000100010100110001011000001010
00011101001000001000011111111111100001100000101100101011101000001
00000010100100010111111111000110010000000010000111010011101000000
00000000101000011101011111111101100100010100001001110111100100000
01101100011000011101001010011111000100000000001100010111100000011
01000011001000011100111101001110110000111000010101110011101100111
01101000000100111111111111011111010000100000100000111000010100100
00101000000100011111001111110111100010101011000111101011110000101
00011001111101010110111111011111011100111101101011101101100100101
00001110000100001001011101001111100001010100001101110101001001001
01011111011110010000001111111111110010000110101110001111000001110
10101110111011100000001101101111010000001010111110000011010110111
10111001110101010010111110111110010000000111110010001001000100101
01110110001010011011001010010111000010111000011101010000100100001
11011001110111110000000110111100110011000011000111000000000101111
10111111000011101110011010011001010101111111101001100000101101011
10011101111101110001101001111001100000011111101111110000110101110
10000010111101010011101110100111000000001111101100001011001101011
01001010000010010100010010011110000001000000011000100001001001100
00110001001011011001010000001000100001001100100010000010110111011
00100000000100011011111111110110000100000010110100111111101000011
00100000000110000011000100110000001000000000000000100000001000100
11001111011010000100111101111101010110110000000011000111111000110
11110011010010001111111001011111001100000000111101110101010011001
00010010000110110111010111001011000100010001100001100111101101000
11110110011100111110111110100111000010001001101110111110101100100
