011101011101111110111110111111111100100000000000001000100000
101111111110111111111111111111111101000000000000000000100011
110110011111111010111011111111111111101111110011111111111110
111011011111111111111101101111111111111111111011111111111111
011100011111111111111111111111111111111111111101111111111110
110100010000000000111111111111111100000000000000000000100000
010000001000110000111111110101111100000000000000010001000000
111111001111111111111101110111111111111111111111111111111111
111110110111111111110101111111011111111111111111111111111111
111110011000000000111111110111100111101001111111111111001111
011110011001100100111111111111111110111111111111111111111111
101110011010110000111111111111101111111111111110111111111111
111110111011001000110110111111111111111101111111111111111111
111110111001000100011111110111111011101000111011111111111111
111110011000100100111111111111111111101110011111111110111111
110110011010011010011111110111110111111111011111101111111111
111110011000000100111111111110111111111111101111111111111111
010110011000000000001111011111111111111110111011111111111111
111111111111101010011100101111111111111111011011111111111111
111111111111111110101101001111101111111110011111111111111101
111111110111011111110110100111111111111111110111111111111111
110111111111111111111011011111101111111111111111111111111111
111011100111111111001101000111111111110111101111111111111111
011111111111011111010110010111110011111111111111111111011111
111111111111111110101000010111111111101100111111110110111011
111011111111111111000101101111110111111111111111110111111111
111111001011101011110100010111111010011111111111111111111111
111111111111111111111111111011011111011110011111111111111101
111111011111111111111111111101010011111111100011110101111111
111111111111111101111111111110101110111111101101111111111100
111111110111111111111111111001000011011111111111011111011111
111111111010111111101011111110001011111111110111101011110110
111111111011111011111110101101010111111111110001101110101101
111111111111101111111110110101001011101111010101111111111111
001110011111111111111111111111111101110101000001000000000000
011110011101111111111111110110111110111010100100000100000000
101110011111111111111111110011011111011110000001000010000000
000110011011100111111111011111111011100010000000000001000001
001110011111111111111101111111111101100101000000100001000000
001110011011101111111111111111111110101010100000000000000101
001110011011001111111111011111111101110101100000000000010000
001110011111100110101111011011111110001010100000100000000000
001110011111110011001111111011111001000111000000000100011000
001110011111111101111101111100111100000000001110100111101011
000110011111111111110111111101100000000000010111011101111111
000010011111101110011111111101110101000000011011110010000010
001100011111111111111111111110110000000000011101110000000000
001110011110111111111111111111111110100000001110101101111111
001110011111111111111111111111011100001001010111011111111111
001110111111111011111111111111100100000000001110100101111111
101110011111111111111111001101111100000000001001100010100000
001110011111111111111111111111101101000000111001110011110000
001110011111111111111111111101111100100000010100101101110001
001110111111110111111111011111110100011000011001110110110010
111111011011111111111110111111011100000000011001111111011100
001110011011111111111111111111110100000010101001110111101001
001110011111111111111111111111101100000000111001110000110110
001110011111111111111111011111111100000100001001110000101010
011110011111111111101111111010110100000000011101110001001100
010100011111111111111111111110101100010100011001110010010000
