00011010001011011001101000000001001010101110011001
00010010010101010111101101000000001010010100110111
00011111011100001111010100000001111110111111001111
11101100011110110111111001000000011111001111111101
10110111111111110011000101001110101101100110111010
00111001011010111111000000010001011110001111110011
11101001101111111111011100000010101111111111101010
00101110101011001000110010001000000011000101011001
00001011010001011110111110001011011011101110111011
01111100101111100110110101100111111110111000111011
10111111010011010001100100001000001111110010111111
01111010010010001010111101100101111001100101111111
10011111011101101110010001001000101010110010101100
11001011111010110011011000000001111011011100111010
00011110010011011001001100011010110111110010111111
11011110101001100001011010010010111111110111110101
10100111100110100111110100000000100000101011111110
01110110110010001001000010100000011100001111000111
01111110110111001001101101010001111100111101111111
11111110001001111110010100000000111111101111011011
11010001111100001010001000100000111101011111110101
00110011110111011001000100100100101101101011111010
11010010100101110010100010101000001101110111101010
01101010111100101011010000000000000111011111111111
00000001100000010100001000000100100110010011001110
01011000010110000010000000110000110111111101001111
00000000010100000100111001010000111110011111110000
00000100000000110010000001100100110101110111011111
00001001101010100000001000000101110001010101011011
00001000010100000000010010011010110111000111101111
00001010110000110000000000000100100110110111111111
10100100110101000010000000001000011101111110100110
00101010010111111011110011111110001110001011011110
00110100110101110111100001111101001000001111010111
11111110111111010111111000100001110110101111101111
00111110011000110111111111110111101000000011111111
11110111111011110001000111100110101000001011111111
00011011101101110001111101011101000000110100111111
10101010111110111011011001010011001001011111111011
01100010011011110010101111111011000001100111010101
10110110110001001111110101100001111010100011101111
11111111100101010111101101111111011001110011101010
10111110101010111101111110110111111110111101000011
00110111000100011111111111111110111110111110100100
01011110111111111010111100100111001111101101000100
11011101111101111011110100111010110111110000000010
10111011111111101011011111011110101111101100000000
01110000001110111110100111010111111111011001100011
01101110111101101111011111011111111111101110010100
11110101111100110111100101011110011111111010000100
