011010001011100010100001001000010000111101011
101000011011110101101111011110000010111010110
110101001111000100000100011001000110110110011
001011100111111000011110000000010000100111110
100100010100101010100101101010000111100100011
001100000000101001101110011110010111110011000
000100010101010000100001001100011000111110011
010010100111000010100011011111100001000111101
111000000001100110000101000000000000001111001
001110110000010011000110100110000001001000001
111100010001100010010001001010010001010101001
111100111010000101000000000011010101001010000
110111001010010001000010011110001100100001010
010100100100100010000100001100001010011111111
000111000000000010100101000010001110110110000
011000001001000001000010100010001101101011100
100010011110011001111100101010001000010100000
010001000101100110101100010000000101110000100
110011110000001011011111111010101010000101010
000100000010000010100111001000111110010000000
010101000000000011100101110111001100000111000
011111001100011011111000101010110011010101000
010101010100100100110000000110110111000001000
110010111010001000111000111010000100000010100
000010000100000110101101000100000000000100001
011001010000100001101001000011001100100010000
111011110010110010110101000110000000000000000
010001110100110000001010101010100000010101000
010011010111101110101111011100110110001110100
001000010001000000001000010000001001000001011
000000010000000000110110000110010111100000100
100101100011000000010110000010100000100011000
000000100000111110111000010001000001010000000
001011000001101101011011010010100011100000001
011011000000011000110110000010100101010000000
000011010111000101000110000001101110100000001
111111100000101101000000010000110101000110101
111001100010011011010100000100001010000011101
110000101101010100000000000010000000000100111
101110111010011010101100100110000000101000000
011101111001011100001001010010010000110000011
100101011010110100101110000101010000010000111
010100010000010101000001000010100000111001010
111110100000110000100000000001000000001011101
101010111110010000000000100001000101111011010
