000111111111100010000010111111
000000000000000000000011011110
000000100100001000000011111111
100000000000000000001111110111
100001101111111111011111111111
100010110111111111011101111101
101011011110111111111111111101
100001100110101111011011111111
100010100001111111110111111111
101011110000111111111111101011
100011110000011111111111111111
100011001000011111111111111011
100011111100011001111111111111
000011101111101000110101110111
001011111111110000101111111111
000011111111000000101111111111
100011111111000000001111111110
000011111111100000000011110011
000000101111111100011111111111
000011111111110000100111011111
000111110111101110100011111101
000111101111111110110011111111
111110111111101111111101101000
011111111111111111111110100000
101111111111111111101111010101
111111111011111111111100101000
111011111111101110111110010000
111111111010111110111100100011
111110011111111111110100000100
101111111111111101111100100100
