0100010100000000000100000100000010000001011111111110110
1011111000000100000000101010000000000000011111111111110
0101101000000010010000000010000000000000011111101111111
0110000011111111111111111111111111111111111101111111111
0110010100001000000000010000010000000000011001111110011
1100101010111111111101110111100111111111111101111110111
0110010100000000000000001001000001010000011111111111111
1000101000000000010000000000011001010000111101111111110
0001010000000011111111111110111111011111111110110110111
0001000000110100011111111111011111111110011111010111011
0001010001000000000000011111111100000000001111111111111
0001010001000000000000000000001011111111111111111111011
0001110000000100000000000000000011111111111011111111111
0101010001001000000000000000000100000010001111111111111
0011010010000001110000111101111111111111011111110111111
0001010010000010111010011111111111111011011111010111111
0001010010000011011000111110111111111110111111111111111
0011010111000011101111011111111011111111111111111111001
0001010011000001110111011111111111011011011111111101111
1001010011000000011011011111111111111111111111111101111
0001000011000001011101111111111111111101110111111111111
0001010011000000011110111111111111111111111000010101111
0101010011000010100011010111011011111111111111100011111
0001110011100011111111101110101011111111111111111111111
0101001011100011111111010111110011111101110110011111111
1001010011100011111111111011000011110111101111111111101
0111010011100001111111111101000111111111111111111111011
0001011001100011011111101110100011101111101101111011111
0001010010100011111111011001010001111110111111111101011
0001100111100011111111101000100010111111111111111011111
0001000111110011111111110000000111111111011111111111111
0001010011100111101111000010001011111111111111111111111
1001010011011011111111111111011100111111111111111111111
0001011111011011111111111111101100001100111111111111111
0001010001011011110111111111111110001011011111101111111
0001011111011011111111111110111110000111110011111110111
0001010011011011111111111011111111100011111111111111111
0001010011011010110111111111111111010001111111111111111
0001010011011111111101110111111110111000001101111111111
1001010010011011011111111111011110111100111101111110111
0001010110011000110111111111110111011101001111111101111
1111111111011011111111111010111111111101001000011111110
1111111111111111111101110111111111101111110110000100110
1111011111110111111110111111111111101111101010011101111
1110001011111111111110111110111111111100101101011111111
1111111101111111111110110111111111111111100010011101011
1111111110111110111110110111111111111111100000011111011
1101111111111111111111011111111111011111110111101110000
1111111100111100111110011111111111111111110111110111001
1111111111111111111111011110101111111111111111111011110
1111111111111111110010111111011111111111010010111101111
0111001101111111111111111111111111101110110111101110100
1111011110101111101111111101011111111111111110000111010
1111111111111111101111111011111111111111111111100110101
0011111011111111111111111111111111111111100111101010010
