0001111000001111111110000010000111111110
0000110010000000000000000001000111111111
0001101010010000000001000000000100111111
1010100111000001000000000000000111111111
1111010100110010000000001000011111111110
1100101000101111111111101010001111110111
1010010000001111110100000000000111110111
0001100000110100000000001000000011011111
0111000000010000000000000000010011111100
0001000000110001000000000010000111011111
0000110101000100000000000000011011111110
0010100111000000000000000000100011111111
1000011000000001011110001000000110101111
1000011100100010100110000110000111011011
1000111000000100001010000010000111111111
1001011001001000001010000000000111111111
1000011000000100000110000000000111111010
1000011000001000001000000000100111111011
1000010000001011010000000000100111101110
1000011000001100100010001000000111111111
1000010000001111100100011000010111001010
0010010000000000000000011011010100111111
0000010000000000000000000100000111111101
0000000000000000000011000010010111111111
0000110100001000000111000010000111111111
0000000000000100000000100000000111111111
1000010001000110000001011000000110111111
0100000000000000000001000000011011111110
0000000000010000011000000000001111111111
0000100010100000000011010001001111111111
0000110000100000000000000001110111111111
1111111001001111111111111110111001011110
1101111111111111111110111111111000101111
1101111111110111111110111101111100011111
1111111010111011111101111111111010001101
1111111111110111110101111111111101000001
1111100111111111111111111111111111100111
1111111111111011001101111111111111101011
1111111101111111111111011111111111001101
0111011101011111010101111110111011111110
