01100010011001000100001100110110101
10100100001100101111111100000111101
11011010011010000111101000110011100
00101000100010011111001001000111011
00110111011011001100111111101111001
01001001010110000111001001100011101
10101000000000001100111000001001111
00001100100101101011000001100111111
00010001001100111111111010100011101
10101100000010000110010011101111110
11101000100110101100111110110110101
01000101101010011011111011001100111
00111100011101101110101001111111101
10001001000010101111011111111110111
01000001101011001110111101111011101
00010000100100001100011101111111111
01011011101111110001001111101110101
11111110111011110010010100111101011
01110101110111100101001011111111100
01110101100101001010011110110011001
01101010101110100000001111001011111
01001010111101110101000111111001110
11111110101111111011100000000101111
11001000001001111101110011010011101
00001000111101001011110101000110001
00011101010111111010110110111100011
10101101111011111111010001011111110
10100000001011110111010101100111110
00001010010111111110110001100110111
11011001011111011110001011111011000
11111101111011111011100110111101000
01111111110010110111111100110110110
11100111111111111010111100111001001
00010011010101010100111001111001001
11011111101111111101101111001000110
