011011100000001100000000001000000001100001101111111100000000
100001001000000000000000000000000100100000001111111000000000
100010100100000000000000000000010000000000001110111000000000
000001010101100000000000000000010000000000101101110000000000
101000100000000000000000000000010100000000001111110010000000
110100110101100000010100000000000000000000011111111000001000
101011010101100100000000000000001000000001000111111000000000
000101101110100000000000000000010000010000001011111100100100
010000010111100000101000000010000000000000001111111000010000
001101111011000000000000000000000001001000001111110001001000
000000011101100000000000000000000000000000001111011000000000
000101101110100000000010001000110010010000101111111001000000
000101111011000000000000100000000001101110111111111000000000
000000000000001001101001000110111110000000001111111000000000
100000000000010100011000000110110110000001001111101000000010
100000100000001000010000000111111111000000010111111100000010
000000000000000000010000001010010110000000001110111010100000
000000000000010000111010000100100000010000011110111000000010
000000001000010001000100100000000000000000001110111000000001
000001000000001111001100000110111110000000001111111000000000
000000001000011001010000100010010110000000011110111010001000
000001000000000000110001111000000000000000011111101000010000
000000000001000001000001011000000000000000001111111010100000
000000000000010000000110010000000000000000001111111010000000
000000000000100000101100001000000000000000001111111010000010
000000000000000000000111000000100000001000001111111000000000
100000000001000010000110100000000001000000001111111010001000
000000000000011101010000000010101110000000101111011000100010
000000001000011110011000000100010110000000001111111001100000
000000000000000100000000000000011010000000001101011000000000
000000000001011101010000010100001110010010001110111000000000
001110010001011110011000000011000011000010011111111100001010
000000100000010100010000000101100000000000001111111001000000
010010000000011110011000000110100011000000001111111000000000
000000000001011110011000000111110100000000001111101000010010
100000000100100100000000001000010100101100000111111100000000
110000000000100000000000000000000001011100001111101000001000
000000010001000001000000000000100000101110001101111010100000
000000000100100000000000010000000001110110101110111000000000
000000000000100000000000000000000001111000001011111110000000
000000000000100000000000000000110000011001011111101000000000
100000100000001000000000000000000000000010101111011000100000
100100000001100000000000000100000000001001011111111100000000
000001000000100101001100000000010000000010101111111100000000
111111011111111011111111111111111110111111110110010000000001
111111101111111111111111111111111111111011111010101000001100
111011111111111111111111111110111111101111111101000000101000
110111111111111100010111111111011111110111110010100110000000
111111111101111111111111111010111111111110110101000000000100
111111111111110111111011111111111101011101111000001000001000
111001111011111111111111111111111111111111110100010000000000
100000010000000100000000000000010001000100110001000011000110
000010000000000010001011101000000000010100000001000101100100
000000000101000000000000000010001000000000000000000110111000
000000010000000010000010000110000000010001000010000011011000
000000001000000000000100000000000010000000000000000001100000
000001000100000000001000001000010000100000000110010001100000
000000010000000000000000000000000000000000000100100110000010
000000000000001101000000100100010010000000000000000100000100
000000000000000000100000000000000000000000001000000000000000
