0010111111111111100111111
0000100111111111111111111
1000101011111110110111111
0000011111111111110111111
1110001110111101010110011
1001001111011111110111111
1011110001111111111111111
1101110011111001110111111
1111110101111110111111111
1111011110001101010000000
1111101110000100000000000
1111111110000101110111111
1111111111000011100000000
1111111011110000111111011
1111011010001000100000000
1101111101011000111111111
1111011110011111001111111
0111111111010101000011110
0100001010000101100110111
1111111110010101101001110
1111111110010101111000101
1111011110010101110100001
1111011110010001111110001
1111111110010101111100001
1111111110010101101011110
