000101011111111100100011000000
000011110111111100000000000000
000011001110101100000000000000
100001110000000000110000000000
011000111011111100000100100000
111100111111111010010000001000
010111010000100010101010110000
110111100000100010111000100000
101011000000101100000000000000
111001000000110101000000000000
111011000000110100100000000000
110011000000001001001000000000
111011111110010100010010000000
110011000110100001000000000001
111011001001000000000000000000
111010001110100000000000000001
000001110000000000110000000000
000000000101010000011000010001
100100110010000010001000110000
000101010000100011001000000000
000000110001000001110000010100
000010000000000000000000110111
100000100000100000000000001101
100000000000000000000000000011
000010110000000000100100011111
000000100000000001101100100010
000001000000000000000010100011
000000000000000000001110100011
000000000000000000000101111100
000000000000010101000111101100
