000110101000000000001000000010000000000000000010011101000000
001011100000000100010100010000000000010000100010001101000010
010001111000000000000000000000000001010001000010010101000000
100000001000000000000000000000010000011001000010011100000000
110000110000000000000000000000000000000000000010011100000010
011000010000000000000000010001000000000000000011111000010000
111010001000000000000001100000000000001000100010011100000000
001011001000000000000000000000000000000000000011011100000011
101100110000000000000000000000000000001000001001011100000000
000000000000011111100000000000100100000000010011011100000000
000000000000011111111000000100001000000000100010011110000000
000000000000000111000100000000000000000000000010011100000000
000000000000001101000000100000000000000000010010011100000000
000000000110001101100111111111111111101000100010111100000000
000000000110110111000000000010000000000100010000011100000000
010000000111111011011000001000010000000000001010011100010000
000000000111001100000000000100000000001000000010011011000111
000000000111111100000010000000111110111000100010111010000000
000000000110010000011110111011111111111100000010011100000011
010000000010000100101101101101011011111000000010011110000000
100000000010000100110111111111111111111000011010011100000000
010000000001010000111000101101001100100000000000011100000001
000000000000010001101000010111000000000001000010011100010000
000000100000010000011000001111000000100110000000011110100000
000000100000110000111100001011000000010000000000001100000001
010001000000010000101010000111000000000001000010011100000010
000000000000010100111101100101000100000000100010011000000100
000000000010010010011111011000000000010000000010011100000000
100000000000011000101011110001000000000000000010011100000011
000001000000010000111111111010000000000000000010011100000000
000000000100010001101000000000000111011100010010011100100000
000100000000010101111000000000000011111001001010000001000000
000000000010010001111100000000000001011000000010011100000001
000000000100010001101100001000100010111001000010011110000100
000000000000010001111000000000110100111010000010011100000000
001000000000010000111000000000111000001000100010011100000010
000000000000010001111101000000010110011001000010011100000000
011100000000000001111000100100111110101000010110011100100001
000100101000010011111000000000111111110000011010011100001000
000000000000001000100001000000100000000000011110111111000010
000000000000000000000001000000000010000000000111111011101000
001100000000000000000010010000010100100000111111111110000000
010000100010010001000000001000000001000001000111111110000010
000000000100101000001000000000100000011101001110010100001100
000000001000000100001000000000010000001101010110011100000100
000000000000000000000000000000000000010111111010111100001000
111111110111110111111010011111111111111111111101101000000000
000001011100000000000000000000000000000011100010110110000001
000001000000010001000000000000000000000111100111011100000000
101111111111111111111111011111101111111111111101101000000000
110111111111111111111111111111101111111111101110110010101000
111110111111111100111111110111101111111101111101100000000000
000000000010000011010001000000000100000111100001001000000000
111000000000000010000000000000010000000110000000000000110000
000000000000000000000001000000100000010010000000001001000000
000001000000000100000010000000000000000000000000000001001011
000000000000000000000000000000000000001010010100001000010101
000000000000000010000000001000000100000000011000000000001010
010010010000000010100000010010000001000100100000000000010101
000000010000000010100100100010001000010000000001000000011010
