0110110110101100100111000000001110011000
1001111110110000011000001011000010000111
1000011110100000000100101000100001010010
0100011110010011011101010100110000100000
1100011100000000000011000100101001101010
1111100001000010000001010011000000001000
0111100011110101011111010000000010111010
1111100000111101111111001000000000100001
1111001001010100101101111101010000010101
0000011010100011101001100011010010010000
1110001101010001110110110000000000100000
0101001110100010011110100000001100010101
1000000100000011101011010001000100000000
1000001110000011111110110000100101110000
0001010001011101111100110001101000000100
0001001101101110101011101010101010000011
1000000111101111000001111000011001000010
0101001100110110001011010100110000011001
0101001111011111010101100000011100000110
1011001110110110001000110000000010001011
1000101100111101010001111000010000100001
1001111111001001111010010110100101000100
0010000011110111101110000110001000010000
0001011010101110110111001010011110000001
0110000110000001100010010010111011000000
0001100010000000010001100000101110011000
0100010001000001000001111000001101111001
0100010011001010000000000000011101111111
0011100000000111010001001100010100100001
0001000011000000111010011001100100110100
1000100000010011101000111111000101101111
1000000000011100001001010111111000000010
1100001001000001000100011100000000110001
0010100000000100100001001011001000010011
0001101100100100000010000011111010001111
1010001011010100010000100111010011000111
1000111000000000010100000111001000100011
0100000010010010001001000001011000110011
0110101000000001101100000001001101111100
0100000110010001010110010011101011111100
