01111111001110000110110000001000010
10110010000100100100000011010111000
11011000110011000101000000001001001
11101110101100001001100000001110100
10110100000010000100010100010011001
10011010101000010010011001000000010
11010100011100001000011000011101001
10000000001100101001100000101101111
00110100011100000000101100010100010
00100010101000000000110010001101000
10010111110101011011110010110000010
11010011101000000000111010001000000
10101000000000001010111111010111011
00100000001000101001101001100011100
01000001000001010010110111110011111
00000100001000101111000000001100100
00010011001011010010101100000100010
11101000000000010000000100001000000
10000100001010111000101111111001111
00110001001001010000100111010000101
10010001111111101011000100110000110
10001110011110100000000011101000000
00000110100111001010000000100111000
00001000100010101111100011111010010
01000000011110100011010100001000010
01000100000011100011010100101001011
00000001001001100010111101011001011
01001010101010100011100100100001011
10110011010100010110010111100000111
01010011110010011000001000000001101
01011000000011100000001100000001011
01101011010011100010001001110110000
00010001000001110011100000001100010
10000101101010101010100111111010101
00101011000010100011000001111110010
