001000100000011111100000100101000001010000011111111000000000
000111111110111111110000001110000000100000111111111010100000
100000000001011111110000000100000000000000011110010000010000
010001110001101111110000000000000010000000011111111000000000
010001100000111111111001100001000000010000011111111000000001
010110000001011111110000000111001011101100001011101010000001
110110000100011010100000000000000000000000011101111000011010
010100000011111111100000000000100000000111011111111000100000
010000000101101111110000100000000000000000011110111000000000
010000101001111111110010000000000000000000001111011000100100
010000010000111111110000111010000000000000001111111000000000
001101011100111111010000000000000010000000011111101000000000
010110011111011111110000000000100000000100011111111000000000
111011110111100001100000000000000100001100011111111000010000
111111111111100010110000000000000010000000011111111000010000
111111011111100000000000000010000001000010011111111000000000
111111111111101000000000000100000010000000011111111100001000
111111011111110000000000000100000000100000011111111010000000
111111111110111000010000000000000000001000000000001010000000
011111001111101000100011111110001000010000011111111000000000
000010000000000000000101100000010000101000000000110001001000
000000000000000000001010110000111101110101100000001000010000
000000000100000000010100110001101111111101100000000000001000
000010000000000000011000010000111111111101100000000000010001
100010001010000000011110000000101111111001100000000000100000
000000000010000000010111000001111111111101000000010000010001
010000000010000000010000000011100001010000011111111000000000
111001000000000011010000000011000100010000000000100000000000
010001000010000100010000001101000000000000000010110000000000
100011000000000000000010011110100000000000011111011000000000
000000010000100000000111111001001001111101100000000000000000
000000000000000000001101010000000010111101100000000000000000
000001000000000000010111110000100000000000000000001010000000
000000000000010000000111110100000001000000000000000000000000
000101000001001010000011110000010000100000000000101100000000
100001000000000100000111111000100100000000000010000000000010
010001000000000001001111110000110010011101100000000000000001
100010000000000000010111111100110000100010100000000001000000
000001000000010000101011110000110000100000000001010000000010
000001010000110000000111010000110000100000110100010000010000
000000010000000100000000000000000000010000100000000000000000
000000010000000000000111110000110000100000100000100000000000
010000000000000000000111100000110000110111000000000000000001
111110111001111111010000001001000000000100001101101010100000
111111111111111111010000001001000000000000010110000000000000
111110111111111111010000001001000000000100011010000000000001
111111011111111111010000001011000001000000001101100000000010
110111110111111111010000001001000000001000010010011000000101
110111111011111111011000001110000010000001010010000000001000
111110111110111111011000011011000000001100000001001100000000
110111111111111111110100001001001010000000010001010000000001
000000000000000010000000000000000010000000000000010001111111
010001000000000001100000000000001000000000010000000001101111
000000000000000000001000000000000000010000000000000110010111
010000010100000000000000100000000000000000010000000110001101
001000100000011000000101010000000000000100000000000101000001
000000100000000010001010000000000000000000000000100110100100
000000000100000000000000000000000000000000000001000111101011
000000100000000000000000000000000001001000000010000111000101
000011000000000000000001010000000000100000100101001111110110
