00101011001010000001111111110110001
00000101101011110100001111111110000
10000111111111111000011011111110000
00000111011111101000011111101010000
10000001000000000000001111111111000
01110000000010000001001111111111000
10110000111110100111011101111110000
11111000111111111000001111111110000
01100011000111110000101101011110000
00110011000010000000001111111110000
11110011000001010000001111111110000
00110011100000101000001111101101110
11110111110001011001000111111110000
01110001101010111000001111111100000
01110011100101011010001111111100000
01100001101011100010001111111110000
00110001000111100001001110111110100
01000010000000000000001111111110000
00000010000000110000001110111111000
10000110000010001000000111101110000
10000000100000000000001111011111000
10110010000000000000001111111110000
11111111111101111110110000100110000
11011111111111111111110000011110010
11111101011111111111110000011111111
11111111111111110101110000001010000
11111111011111111111011000000000000
11101111111011111110110110000111111
01111111111111111111110111000000110
11101111111111111111111110010010000
11111111111010011111111111010100001
00001100000100000010100010010000001
00000000000100001000000010011000001
00000000000100000000000110011000000
10000000000000000000000010010011100
