000110000010101001100100111000010101100111111101101101011110
000000010000000101001001100111001101111111111111001010011110
000011010000001000011001111011111011111011101011101111100100
100001101100010011001010001001000011111000011110111001100110
101000110010010000000000111101000011111111110111110101100011
001100000011010001010000001110000010111011101001001110110111
000110010100110001100001011111011011011010011101111110001011
011010100001000111001010101010111111110010011100110011110101
000100000110010000010001000001010111111111110110110111111111
000100101001001010111000000000110010111111111001111111111011
100011001000001000011000101010011111011111111111101001011111
000001010100001110101101000010000001110011001111111010110000
100000100000010001000010000111000111001111110011111010111111
000111101000101000001001100100000101110110011111001101010100
101000000111010110000110000001110001011101011111111110011111
010000010001001000011001010100101110011001111111011111111010
000100010101001000001111000000100110101011001111101001111111
110101110000100000011111010010000100101111111111001101111101
100000100101000000010110110000001111010011001111101111100011
001001001110000101100100001100011111111111111101101001110111
011100010111010111000101001000100110010011101111010111101101
100000000001001011111010011000001101100001101111110111111011
000100010000101011100100100110000111111101110110001011110101
011000101001010111001000100000000111101110010011111110100011
111010010010010000100011001010111110101110111110011111000001
101010100000000101100100001001110000111010011011101111101111
101111110010000000011100110101010111011101011111010010110011
010011100000110100010010001001001111010111110101101110001111
011001110011100001000010100000111111001111011011001111100111
011110101000101000000000011100000011111011111001011100001110
001000010100001110001000110010000111111100101110011100011111
101000111110001000010000111010001111110111011111010111111011
011000110010000100110100100110010110011011011001111110111111
110000011010110111111111101110111010111100111101111111011001
001111111110100110111011101111111101100110101011110101111011
111110111011111000110111001111110010001001111111101111111111
111111011101010011010111110001110110011110011111110111110010
011111111111011100111010011101111100100001100111111000111111
011111101110101111010011111011101101100101111011001111011110
110010001110111001010011101110110110101011110101111001001011
111011111111110011111001110111011010100101111000011101111101
111011001111101111111110001111011001011110111100011011011101
111011001110100101011110100101100111011111000000100110111110
110110111110111101010011111111011101101111001000000011111011
111101110111011111111100111011111111101011010110011101111011
110110111011011111111110101100110101110101001011001111100000
011110001011111111101111111010110011111000001101110100111011
111011100111111111111101011111011111111100000110000111001110
101110111111101010110101010100001111110100100010010111010001
000110111101101100001101101001111110110111001010100111110001
111101100111111111110011110111101101011111001100000110000111
101011101100011101101101110111111111101010101111111001101110
011001111101101100101111111110011101101001110101111001100110
101110011110010111111110110010010111101111011101110110111000
001111011101100111111111011010011011110010111110010111011011
110001011111111111010110001000111111111011111010110001101010
110000101110101111001100010101111111011111111011000101110011
111101011010111011011010010111101001011011100001001110000000
110111101110101110110101011111111011111100111011001110111001
000011111110101011111111111110111111010111011010111000101010
