001001101111111110000001110100100000000000110111111111111101
000001010110110110000100110110100000000000101111111101100110
100000111111111110010000110100100000000000111110111100011111
000000100011101110011000100100100000000010111111111011111111
000000101110111010000000110100100100010000111111111111111111
110000011111111110000100110100000000001010101111111111111011
101110000111110110000010010101010000000000111111111111111111
011001000111110110000011110000100000000000111011111111111111
101011000111111010000001111100000000000000111111111111110111
111011111000011110100000110100100000000100111111111011111111
111111111000001110000000110100100000000001011101111111111111
101101111000000000000000111100100000100000100110111101110101
111111111000000100000000000000000000000000100000000111111111
111011111100000110000010110111100000100000111101111111111101
101111001110000110000000000000000000000000000000000111110111
111101110110111010000000000001000000000000010000000100111111
111111111110011100010000110000100000001000111111111111111111
000000000000000000001110000000011111111000001010010011111111
000000000100000000000101000001000000000001000000000111110111
001100000000000010000011000000001010000000000000000111111111
000100000000000001000000000000000111000000001000000010111111
010001000000000001100011010000000000000000000000000111111111
000000110000010001010101010001000000100000000000100111111011
100000011000000000110110000000110001000010000000000111001111
111111011111010010000000000011000000001000111111011110110111
111011111111010010000110000010100001000001011111111111111111
000000001001000000000000000001001000010000000010000101011101
111111101111010000000000000000101000000000111111101110111000
010000000000010000000000110001100001001000111111111111111111
000000100000010100100010101010100000000000100111111111111111
111110010111010010000001010111000000100000101011111111111111
000000100000000001000001000000000011000100000000000111111111
000000000000000001010000001100000100000000100000001110111111
000010000000000001001000000000001000000000000010000111111111
000000000000000001011000000000010001000010000000000111111011
000000000000000001001001010010010010000000000000000111111111
000000000001010001000010000000100000000001111101111101111111
000010000000000001000000001000000000001000111111111110111111
000001000000000011000000100010000000010001111110111111111111
000000000100000000000000000000010000000001111111011111111101
000101000000000000000001000000000010000001111111111111101110
000000000010000000100000010000000000101110010000000111111111
111111111101110010000000100111101000111110000001111111111111
101110111110010110000000110110000000111111000000011111110111
011111111110010011001000110110100000111110000001111101101001
111111101111010010000000110111000000111110000000101111110111
111111111101000011000000111111100100011110000000001110111111
110111111110010010000000110111100000110110101000011111101111
111111111111010010000010010111100000111010101100010111011111
111111111111010011000000110011100000111110111001101111011111
111111111111010010000000110111101000111110111111010111111111
111011111011111110110111111111111111111111111111111010001010
100111111110111011111111110111111111011111110111111100000011
110111111111111011110111011011110111101111111101111000100100
110111111111111111111110110111111111111111111111001001000011
101111111111111111111110111111111111111101110110111000000000
101111110110110111011111011111111111111111101011111100000101
111110111111111111111101111011111101111111110111111001001011
011111111110101111111111110011111111111011110111111110100101
101111111111111111111111111011111111111101111111111010101110
