01100010011101111111101000000000000
10101100111011111111110000000000000
11011101111111111111100000000010100
00101000111010110111100001101000000
01110100000001011110000000000000000
01101010000000011111010000000000000
10000100010000011011000000000000000
00100000000000011111000000001000101
01110000010000111111100101000000000
11110010100000111101000001000001000
11110000000101111011000000000000000
10100000001011011111100000001100000
01110000000100010111100000000010100
11101000001100011011000000000000000
11110000111000011100100100000000000
11111111111111101110100000000000000
11101111111101110011000000000010000
11111101110110110011010010000000000
11111111101111011100000001000000000
11110111111111001100000000010000000
11110000100110110000000100000000000
01000100000000000100001110010000100
10000000000000000000010100100000000
00000000100000100000111010100000000
00000000000000000100010100110000000
00010000110000000010000000000000000
00010000000000000000001110000100000
00000000000000000001010010000000000
00010001000100000000000000000110000
00000000000100000000000000101011000
00100000000010001000000000001100111
00000000010000000000000000000100010
00100001000010000000010000000010010
00000000000000000000000000000011101
00000001000000000000000000000010010
