0001011111111111011111111111011110000000100100100000000
0000111111111011111111111111111110000010000000000000000
0000100111111111111011111111111110000000001000000000000
1000011110110111111111101111111111101111100000001000001
0110001111111111111110110111111110000101000000000001000
1101000111111111111110111111111110000000010000001100100
1101100111111111010111111111111111111110100001000010001
1111111011111111111101111101111111110111100010000100001
1111111100110101111111111111011110111111111110000000101
1110111100001111111111111110011011101111100000000000001
1111111110001111111111111101111111111111100000000000001
1111111110000001011111101010000011110011110000001010001
1110111101100010011111111011111111010111100000000000001
1011111111100010101001110000000011111111001000000000000
1111111101101101111111110000000001111101100000000100001
1111111111110010000011111111111111111111101000000000101
0111110111100110010111111111111111111111100001001000001
1111111111111010100011111111011111011111100000000000001
1111110111111110000010111010111110111011100001000000011
1101111111111010100000001111111111111111100000000000001
1111111011111011111000111011111111011011100000000000001
1111001111111111110000111111110111111111100000100010001
1111111111111111111011011011101111111111110000000000001
1110111111101111111011101111111111111111101000000000001
1111011111111001111111110000011110111111100000000000011
1111111111100001110101010001001101101111000000000101001
1111111011011001111111110000000010111111100100100000001
1111111110101001110111110100101011111111110000000000001
0111111100101001101111110001000011111111101000000000001
1111111111101001111111011000000011111111000000100010000
1111111111101001111110111101000111110110100010000001001
1111111110101001111111111100001001111111100000000100001
1111111111111101111111111011111001111111100000000000001
0001001101111111110111110101111110011000100000010000001
0001001111110111101101111111111110000011000000000010001
0000001110111111111111111011111111001001110001100001001
0001001011100111111111111111110111010010100000001001011
0001101111101111110101111111111110000001100100000000001
0101001111111101111111111111111110101001110000010000001
0001100111111111111111111111110110110110110000001000011
1001001111111011111111111011101111011111000100000000000
0000010010010000000000100001000000010011000111101000000
0010000010000101000000010000100000000000000000100000000
1000000010000000000000000010000000000100110000000010000
0000000110000000000000000000001000000000010001110000000
0000001000000000101000000000000000010000010010100010101
1000000000000000000001000010010000010000011011000000000
0000000000000000000000000000000001000010000010000011111
0001010000010000100000000000000000001001010000000001111
0000010100000010000000000100000100000000000000000000011
0000001000010000000001000000010000100000000101010000001
0000100000000000000000000100001000011000000000011000001
0000010010000001000000000000000000000000000001011000010
0000000000000000001000001000000000001001000000011100100
0001001111111011111111111111101111111111000001011111000
