011110000000000001000111111111
101010000001000000100000000000
110010000001000000100001000000
100010000100110000000000000000
111100011100111000001101111111
000000111100110000000000101101
000001001000111000000001000010
000011000100111100011000101000
000011100100111000100000010000
000111011000111100011000000000
000000000000010000000100000000
011000000000010000000100100000
000111111100001100011100010001
000111111111000100011000000000
000010111100100100011000010000
000000010100111001100010000000
000000000000000000010100001000
100000000000000100011000000000
011000001000000100011000000000
000000010100111011101000000000
000010010100111001110000000000
100010000011100010000000101110
100000000000000100000000001101
101010100000000000000000000101
100011010001000000000100001111
100010001000101000000000000111
100011010000000010000110100011
100011000000000000000111110011
100010100000000000000100111101
100011000000100000000011111110
