0101001000010010000110010
1001010110100000001100110
0001011000010010001100101
1110001100001000110111111
0000000000001101010111110
0110000000101001111111110
1011000101110011100010000
0101001001100100000100001
0100000000010010000111000
0000001100111000100100100
0100011101000000010000111
1010001011001110100000000
0001110001010101000110100
0000100100011010001010110
1010001010010100010100101
0000111000001000010000000
0001011001010000001010000
0001110000100011000000111
0110010000000100100101011
1111110111001010001000001
1001111010001100100001010
0001110010000000001010001
0111110001101110010000011
1101110000100100011010101
0011000100100010011101110
