00101011000111100011010101010001110111011111011000001000101001000
00011110000010011111111010101100110010100101111001111001000100011
10010110001001101000111000110110000001101000000111011011001000001
01100100000000101111111000100000100000110111111100001100001001100
11000101011000111010111000000111000111000100010010100011010000010
01111000101000010101101100101001000011001000001000110000110010000
11100001101010111011111000010000000101111000000111000010010010000
10001010011000101111011000000010000100000100000111110100100000100
00000110001010011011100110000010001101000000000000001010000000001
00001001000001101101111100100110000110001000000001111010101011000
00101111100101000010111010110001001111001000101000010110000001000
10000000001001011011011000101000001110000000010000100000000000010
11000010100000010010111010010000000011000011011010100011001000000
10100000011100000010111101100001000011111100101000000000010001000
10111011010000001011111010000011010011111010110000100000000100010
01001110100110001101111101000101011011111100001011000110000101100
01111011110100110000101100000000000001101011111101001011001000001
01010101010000010001111000000101010111111101001100010000001100000
11011011101111100000110010000000011001101111101001000010010001000
11010111110100110100101110001001100110111001111101110000000000011
01111110111011111111011011100001100010110110110000111011101100100
11111011011111110110101000000000011110111101111101000000100100001
01111111011111111101110101000001001010011110111010111001000100010
10000100110001011001001000101001110000000001110011000000000000000
01000000101010100011100000110100010010000000001000010011100101100
10000000000001010000101000010000000101010010000110010000011101011
01110100011101000000100110000110100000100000010101000000000010100
10100010001010000000000011000110100000101100010000000000000100000
01000100000100000001000100000110000100000000100000100001110111111
01101000010000010100000010111010000011100010111000001000100100100
00101001110000100000000000111101100000000011101100011000011001111
10001100001001110101101100000010000011101101001100001100000100000
11010000000000000001100100110010001111001001100000011000001000010
11000000000000110110010110000000000110010000100011101010001000100
00000000101100010010011000000000100111011111011001000011001000001
10001011111100000101010001001000111001111111100000011001000000000
11001100011111110101111010000101111000111111011001110110100001011
10101110101011111110000001000101101100011111010000001000011000001
01110010000001111111110000110101000110000101001001000010100111110
10010010000001110101111001000000011111001010100001111001001011100
10100110011001111111011000010001101111010010100000110000101010000
11011001000001010110111000010001001111100000001010100000000001101
10010000000010101010101001000110001111011000010000010000010000001
11010000000010001111010100000011101111100000010101000101111001100
01010000001001101011111100001110110100011000001010010000001101011
11011000000110101001111100110100001011000011001110011111010000001
11010100001011011111011010000111001010100100110100000000010000000
00110011000000001101010001100011000000000001011000011001000100010
00101011000010010000001101000000010000000100110000010001000100110
01100011010000011011010100100000011010110001000000000011000001000
01001101010110100001101000001000010010011100000000000111100000000
01100101011000000101101011000010100110011010110110001101001001000
11110000110000001000101000000111110101010000010100010111000110100
00010001001000010000000000000001000010000001010000111001000000000
00101010111010011010100010000000011010100000010001101000010110010
01101000000010001000101010001000001100010001010111111100100000110
10000101010000000000110010001100000010101001000000100001000111111
00001110000001000010000001001010000001000011011000000010000111001
10110000010010001100100001000010111001011001100000010000000001011
01000000000000110100111011011101000000100000100110001010110010101
00000110010000000000000000101000000000111000000000001010110100011
10010000011001010010000011001010000010110101100001010000111000001
00010001000000010000100010101110010000110101000010001001100100010
01001000000100100001001001001010100010100000100110000011101010101
01100000100000001001010001001010001011000110110000000000111111010
