00000111010000000000010000011111111000010000000001
00001010001000001010000000101011111000000001100000
00010001000100000000000000111111111000000000000100
00100000000000000000000100101111111000000000010000
01000000001000100000000000111111111001100000000000
10000000100010000000000000011101010000000000000000
11000000000000000000000000110011111000000000000001
10100000000000000000000100111111111000000000100000
00000100000000011000000010011111101000010000000100
10000000000000101000000000111101111001000000000000
01001000000001111000000000110111110000001000000000
00100000000001011000100000111100111000000000000001
00000100000001011000000000111011111100000000000000
00000000001110001100100000101111111000000001000000
00001000011000011000000100110110111000000000000010
00000000101110101000000010111111111000000000001000
01000000111111110100000000101101111000000000000000
00000000000001001000000111111111111000000100100001
01000000000000000000011100111111111100000000010000
00000000000000000000001111111011111000000000010001
00000000000101000000000110111111111000000100010100
10000000000000000010001011111101101000001000000110
00000000000000000011010111111111111100000000000100
00010001000000100111101011111111111010001000000000
00000000100000010101111101111111111000000001100000
00000000000000000101011110111111111000000000000000
01111011011111111111111111000111111000000000001000
10101111111110110111111111001100110100000000000100
11111101110111011111111111010001111000000001000000
10111101111101111110111111110001100010001001100000
11111011101011110111101111100000011000001001000000
11111111111011011111111111101100000000000100010010
11111011111111111111111111111100001000000000010000
11111111011111111111101111111010000000000000000000
11111011110111111111111111101010100000000010000000
00000000000010000010001000010000000000100101000000
00000000000000000000000100000100000001010111110000
00001000010000000000000000000000000010001011100000
00001000000000000000000000000000000100000111000000
10000000100000000000000000000000000010000011001100
00000000001000000000010100000110000001000001000000
00000000000000000100100000000001000110100010000000
00000000000000000000000000000000001011110100000000
01000000000001000000000010001110000111111000000000
01000001000000000100000010000100000011000000001011
00010000000000000011100000000001100010000000000001
00000000000000010000000000100000000000010000100011
00100000100000000000111000010000000000010000000000
00000000000000100000010000000001000000000000101001
10000010000100000101000000000000000000000000111010
