0111010100000010000000000100100001111011111111010000000000000101111111
1001010100000001000000010000000001011111010110000000101111001001111110
1000100100000000000001000000000001111111111110100000000111000110111111
1100001010000000001100110000000001111111111111000000100100001011111111
0010011011011110000000000000000011111111111111100000000111000111101111
1100100100001000000100001000000010000111101001000000000000000101111110
0001100100000100010000001010000000111111111111000000001001100111111111
1110011011100000000000000000000001101111111111001000000111000101011111
0001100101100000001000000000000001111110111111000000110111001010111111
0000100110111000000000100000000001110011111111000000001111000111110111
0000000111000010000000000000100001111111111111000100000111000111111111
0000100001001000000000000000000001111111111111000000000111000011111111
0000110001010111000001000000000001111111111111000100000111000111111111
0000101000001010000000000000000101111110111111000000000101000111011011
1000100000101100000000010000000001111111111111000000000101000111111101
0100000000001000111110110000000001101101111011010000000000000111111111
0000000000000001011111000010001001111011101111000100000000010111111111
0000001000000001101111000000000111111111111111100000000010000111111111
0001000010000001110111000000010001111111101111000000000000000101111100
0001010000000001111011100000000001111110111111001000000000000011110111
0000000000000001111101110000000101111111111101000000000000000111110011
0010000000001000111110110000000000111111111111101000000000000011111101
0001000001000001000111010000000001111101111111000000000000000111101111
0101000000000011000011101001000011110111111111000000010000100111110110
0000011000000000000000010110100001111111111101001000000000000111111111
1000000000000000000000001011010001111111111111000010010001000110011111
0000001000000000100000001101100000111101111111100000000000000011111100
0000000000000000000000010110101001111111111111000000000000001101111111
1000000000100000000000001011011001111111111111000010000001000101111111
0000000000000000001000000100101101101011100000000000000000001111111011
0000000000000000100000000001110000111101111110000100000001000111111111
0000000000000100010010000000010001111111110111000100110010010111110111
0000110000000000010000010000000001111111111111111010010100000101111111
1111100111111111111110111101110110110011101000000000001000000111101110
1011101111111111111111111111111111010101101100000000000000000110110101
1111101011111110111111111111101111101110101000000100000111100111110111
1111101110111111111111101111111110010011111111000000000111000111111111
0111111110111111011111111111101110110011101110100000000000000111011111
1111111111111110111111011101110111011101101100010000001111010110111111
1111111101111011111011111111111111101110110000000000000111000111111111
1011111111111111111111111111111111111111010100000000001111000111111111
1111101111111111010111111111101110001001101000000000000111000111111001
1011111111111111111111111111101011111110010110000110001111000101111111
1111101111111110111111111111101110101110101011000000000111000011101111
1111101111111111111101110111101110001100001100100000000111010111111101
1001111111111111111111111111100110001000000100000010000111000110111111
0010100000000000010001000010000010000100000010010100001001100111101111
1000000000000001000000000000000010000010000000101110000000000111011111
0000000100000000000101001000000010000000000000010110100000000110011101
0000000000101000100000000000001100010000001000111011100000000001011111
0000000000000000000000000100100010000000001001011101010100000111111111
0000000000000000000000000000000000000000000000000110001000000111111111
0101000010000000000000000000000100000000000000001100010000000111111111
0000000010000000000000010100000110000000000000000010100100000111111110
0100001001000000000000000000000001000010101000100001000000000110111111
0111100111111110000000000000000010011011111111000010010010111101111111
0110100111111000010000000000000100011011111111000000000100101111111111
0110101111111110000000000100101000011011111111100000000000011110111111
0000001000000000000000010000000000010000000000100000000110011111111111
0000000000000000100000000000000100000010000010000000000101101011111111
0101000010000000000000000001010000000000000000000000000111110111111110
1010111101101111111010111101111111111111111011111011111111101000001101
0011101011111111110111111110011101111111110111111011111011111000010111
1101111101111111111111111011111111011101111110110111110110111000010101
1111111011111011111111111011111111111011111111100011111111111000001010
1111011111111111111111011111111110111111111011011111111111111011001000
1111111110111111111001101111111011001111111111111111111111111100110111
1111111111111011111101111111101111111111101111111111111111111111001011
1111111111111101110110111101111111011111101101110111111111111010101101
1011101111111111110111101101111110111111111111111111101111110111001110
