001101010000000000000000000001000000000101001111111110000000000000000001100
000100110100000000000000110001000010000000001100111110000000000000000010010
100001110000001000100000000000000100001000011011111100001001010000000010010
110010111101010000001001000000010000000000101101111100000000100000000000100
000100101101010000100001110000000000000001001111111110110000000010000000001
101000100010000100000000000010001000000001001111111111000010010000001000100
011111010000000000000000000000010000000000001111111110010000000101001000010
111100100000000000001000001000000010000000001111111110000000000100010000001
000110000000001100000000000000000010100000001111111110000000000000100000000
010110000010111000010001000000000000000000001111110110000000000000001001000
000001000100001000000100001000100000000000001111110110000000001010001000000
000110000000011100000010000000000000000000001111111110010000000000000000000
000000000100001101101000000000000001010000001111111010010000000000000000000
000110000101000101001000000000000000000100001110111110000000000000000000000
001000001111100101000100000000010000101000001111111110010000010000000000000
000001001001111000000000000000000001010000001111011110000011001011000000010
000000000000000000001010000000000001000000001110111110000000000001000000100
000000000000111000000110000000000000000101001110101011010000000000010000000
001010000000100000001101100000000000000100101111111010000000000000000000000
000000000100000000001110000000000010000000001111111110000000000000000000000
000100010000110010110100000100000000000000001110111110000000000000101000100
000000000010001001111000000011000100010000011111000100000100010000000100000
000000000001000011010000000011000000000000000111011111011000000000000100010
000110000100000000100000011001010000000000001011111110000000100011000000100
010010000000000000100000010000010001000000001101011110000000010000000100000
010010000000000000000001101100000000000000001111110110010000000000100000000
000000010010000000000001010000000000000000001011111110000100000000000000001
000000000000000000001000010000001010000000001111111010110000000010110000000
000001000000000000000110000000000100100001001111111110000000000010010000000
110000000000000000000111000000000100000001001111110110000000000000000000000
000000000010000000000000000000001100000010001111111110100000100000000000000
000100100000001000000001100000001100000000001111111100101000000000010000000
000001000000000000000000000100110000000000001111111110100000001101101010000
001000000000000000000100000011110000100000101111111010000000000010100000000
010000011000000000010000000100000000010000011111011111000000000000010000000
000000000000100110000000100000000000001000000111110110000000000000001000010
000000001000001000000000000010000100011000001111111110000000010000001000011
000000000000100100000100000000000010100000001110110110000000000000000000000
001000000000001000000000000000000001100000001111111111000000100000000010000
100000000000010001100000000000000000000001011111111110000000000100010000101
000000000000000000000000000000100000000000011111111110010000000000000001000
100011000000000001000000000011000000000100011111111110000000000000001000000
000100000000000000100000000000000100000000001111110110000000000000000000110
001000000000000000000100000000000010000111001111111010100100000010011111111
111111111111111111111101111111111110111111110000101111111000001001111111111
110111111111111111111110110111111111111111110000011101011000011000110111111
101011111111111111111111011111111111111111110000000010001000101101111001111
101111111111101100110111111111111111101111110000000011011001001001111111111
111111111111111011111001011111111101111111111000001111011000001000111111111
111111111111111110111011111111111111111111110100000111111000001001111011011
111111111001111111111011101110111110101111011100100111010000000001111111011
111111111111011110011111111011111011111111101100111001011000001001111111011
110011111111111111111011111111101111111111111011111001011000001001111111101
000001000000000001000010000000000010001000001101111110001011100100000000000
000010000000000000000000000100111000000000011000010000000011100000000000000
000010100001101001000010010100000000000010001101111110000011100000000000000
001000000000000000000010000000010000000000001111110111000000100000000000000
000000000000000000000100001000000000000000010000000000000010001000101000000
000001000000000100000000000000000000000000000000000001110101100000010000100
001000000000000100000000000000000000000000000001000001110010000000000000010
000100000000000000000001000000100000001000000010000001111010000000000000000
001001000000001000000100100000000000100000000100000000000000000111100000001
000000000010000100000000000000001000000000001111110110000100000000000000010
000000110000000000000000000000001000000100000010000001000000010011000100000
000010000010000100000001000110000100000000010000000000000000010100000100000
000000100000000110000001000000001000000000001011011110000000010100100000000
000000001000000000001000010100001100000000001111111110000100010001000000000
000000010000000001000000000110010010000100011111111110000010000000001101101
000001100110000000001000000000001001100001011011111110000100000000010110110
000000000000000000000110100000000000000000011101101110000000000110011010101
011000000000000000000000000000001000001000011101111110000000000000001101111
100000000100000000000000000000000000000010011111111110000000000000010010000
100101000000000010001001000000000000000100111111100010000010000000011110000
011000100000000100000010000000000001100000111111111100000001001000001010000
000010010000000000000000001000000000100100011111111110000000010000010110000
