0001111000001001111000000
0000100000000011111000000
0000100000000001111000000
1000000000000001111001100
1110001100000001101100000
1000001000000001111011010
1000110000000001111000000
0000100010101111110010000
0000000100001001010000000
0000000000000110001000010
0000000100000111101000000
0000000000000111001000000
1000000110000011111010001
0000000101110011111000000
0100000101111101110000100
1111111110111110000011000
1111111100101110011000000
1111011110001110101100000
1111111001111100110000000
0000100000000000010010100
0000010100001001000101111
0001010000000001000010100
0001000000000010000111010
0000010001000000000010100
0000000000001000000010000
