0011011110010000001110111100111001001000010001011101111
0001010001100111001001010110011010011011010001111000111
1001011010101110101011000011101111111110110011011010001
1110100010000001001111001010111111101111110101000111101
0001000001001110101110000011111111011011100100100101111
1110000010010011000011010011001100010111100000000111111
1010000000011000100011000000010000000000000000101111111
1000000011010011010011101000000011000100000110101010011
1011010101101100011101100000010000000000100000001100010
0100100110001100010001000010100111010010011011110010110
0110000010001000001001010010001000010100110000111111111
1000011100001100111111011001100111100001001101101100111
0010101011110000101111000000110001111001111001101111010
0110100011010011001101111100000000100000000010011011011
0110110100000100110111111101110110100100011100000101110
0101010100000100011011011111000101000101000101000011011
0010101000011010011110010011000010100001010001110100111
0000000111010011101101100000000001001001000110001110011
1111100010111101110100000111011111011111100100101001011
1001100010011110111010100011101100110011110111000110101
1011111100011011100101010111111101111111110011001111011
0111011111111111010010011011111110010111111001101000100
1000000110000110010100001001000011001000010010101001111
1100010000110111100011001001001011000100000000000101111
1001000100010111000001110001010010000010010000001110011
1100000000000111001010000001000010000101000001000100010
0111110001100001101111000000100001011011110000010011111
0010110000010011101111111100110100111111000000001111111
1011100001011010000111000011000101111111110011000010110
1101101010001010001011001001001011110101010000000111111
1111110000100000001111010000010111110000111110011111100
0011110001010011001111000001101010100000000010001101111
0111100101010010101001111100011101111011110000001110001
1011100101011001011010110010111010111001111100010111101
0011000000011110100110000001111111000110011101011111100
0110110001101000001111000011111011000110000000010111111
1111100000001000011010100011100011000000111111001111001
0011010100100011001011010101110000110001110011110001111
0111110001000000001111001011100010110001110000000001011
0101110000011001111111000111110011000110010011000011111
0011110010101000001111000010101011001110011000000011011
1111000001101010100111101010111011101111100101001111101
0000000001011010000001000000001001101000100001111010101
0001100100010011011100000000001001101000010010111111110
0010000101000100010110100000101100001101000101100111100
1111000001011001100111000100100000101101011010010010100
0100101101111000101001100000000000000100001110011011011
1110000001100100100000000010001001110100001101100110111
1110001110111100011011101001001110101000011100100001000
1001111010111010110110011101011111111000010110010000000
0011011101101101010110001011111011111001111111110001011
1001111000101111001010110011011101111111110110101010110
1101111001110010100101110011111101110101011111010001000
1100111111111111111010111111110100010111100100110011001
1111111100110101111110111011010111011111111000110010010
