01000011111111100000011011111111001110000000000000000000000000000000000111111111
10001001111101110000011111111101101110000000010000000000000000000100111101111011
00010001011111010000000000000110011110000000000000010000000000100001000000000000
00100010101001110000011101111010111110000100001010000000010000000001010111111111
01000100000000000100000010000111011110001000000000000001000000000010000000010100
00001000000000000100000000000011111110000000100000000000000000000000000000000000
10010000000110100111000000100111111110111000000001111100000000010000000000000000
11100000000011100000100000000111111100000000000000000000000000010010100000000000
11010000000010000000001000100111111110000100000110110000000000010000000000000000
11100000000001100010000010000111111110000000000000100011000001000000000000000000
11110000000001100000000000000111101110000000000000001000010000000000100000100000
11100010000001100000000000000110011100000100000000000000001000000000000000000001
10100011100001110000000010000111111110001000001000000000000000000000000000000000
11110001011110111010000000000111111110001000001000000000000000001000000001000000
11010011011111000011100000000011111110000000000000000000000000000000010000000000
01110000000011000111010010000111101110000000000000000000000010100100010010101000
00000000000001000011110000010111111111000100000000000000000001110000000011010000
00001110000000010011100000000111111110000000000000001000100000000000000001000000
00000010010001111101100000001111111011000111110011101110000000000000000000100000
00000010000000111110000000010011111110000000011000000000010000000000000000100000
00000001000000101110000001000111111110010010000000000000000000010000010000010000
11010000000000011000000111111111111110000000000000010000000000000010000111111111
11010000100000000000000010111111111110000000000000000000000000000000000111111011
01010000000000000000010000100110111110000000010010000000000000000000000111101111
11001000010010010000011000111111111110000001000011000010000100000000000010101000
11010000000000000000110000111001111110000010000100001001100000000000000000000000
11010010100000000000011111010110111111001000000000001000000000100000100100111101
11010000000000001001011011101111111110000001000000001000000000010001000111011111
11010000000000000010011011010111111110010000000000000010010000000110000111111111
11101011111111011110111110111001011100000000000000100010000100000000100111111100
10111111111111111111111110111000101101000010000101000000010011000000110101011111
11001111111011111111111011011100001011101010111111111110000000010000000111110111
01010111111011111111111111111010001110000000000000000000001001000000000010111111
00111111110111101111111111111100000110010000000010000000000000000010000111111111
11111111111111111111111111111111100000000100000000000000000000000000000111011111
11111111111111111101111111111110110000000010100000001000000000000000000111101111
11111110111011111111111111111001110000100001000000000000100000010110000111110111
00000000000000001010000000100011000000101100000000000010000000000000000000000000
00000010000000000000000000000001000011001101000000001100000000000000000000000010
00000010000000000000100000001000010000000010000000000001000000000000001000010000
00001010000011000000000000100001000001100110110111110110110000000000000000100000
00010000100100001010000000000000001001101011111111111110000000000010000000000000
00000000000000000010100001000011000100011100011101111110000000010000000000000000
00000000000000000010000010010000000010100100011110000000100000010010000000000000
00000100000000000010000000000001000100001100010011111110000001000010000000000000
01000000000000000011000100000001000000001111101010010100000000000000011100000001
00010000000011000001000000000001000000000111010011111110000001000000000000000000
00000000100000000000000001000011000000001111000011111110011010000000000000000000
00010000100000000010000110000001010000001101111101101010000000000001010000000000
00000010000000000010000010000011000000001110101110001010001000000000000000000000
00000010110000000010000000000101000000001110101110000100000100000000000000000000
00100010100000000000010000000001000000001110111100000110000100001000000010100010
00000010001000000110000001110001000100100110101111000010001000000110100001000010
00000010000000000010000000000001000000101110111100110000000000000000000000010000
00000000010000000010000010001101000001001110101111011000101000000000000000000001
00001000010000000000000001000000000000010000000000000000010011100000000000000000
00000000000000000100000001000000000010001001000000000010000100100000000000000000
00010000001000000001000000001010000000001000000100000001000010100000000000010000
00000000000100000000000000000000100000000000000101001010000000111111111000000001
00000000000000000000000010000100000000000000000000110000100000000000000000000000
00000000000000010000000000000010000000000000000100000001010000100000001000000000
00000000010000001000000000000010100000000000101000000001000000111111111000000000
00100000000000011000000000100000000000000000000000000001111011011001111000000001
00000011100000001000100000010001000010000011000000000000001001100011110010000010
00000000000001000000000000000000000000000000000000010000001001100101110000000001
01000000000000010000000000001000000010000000000000001000001001001001011100001000
00001001000000000000010000001000010010000101100000001000001001010000101000001010
00110000000000000000000000010000000000000000000010000000001001111100101000000000
01000001001000000000000000100110000000000000000000001000001001111011001000000010
01010000000000110000100000000010000000000000010010000000001001111100001000010100
01000000000000000000000000000000000000010000010000000000001011100111110000000001
11010000000000000000011100111111011110000000010000000000000000000100000000100111
10010000000000011000011110011101111110000000000000010000000000010000000000011001
11010000000001001100011100011111011110000000000000001000000000000000000000001101
11010000001000010011011110101101110110001000000000010000000000000000000100001111
11011000000000001000111000111111111010010000000000000100010000000000010010000011
11010000000000010000011110111110111100000000000000000000000000000110000011100111
10011000000000000000010100111111111110000000000000000000000000000000010101101011
11010000000000000000011100011011111110100000000000011000000000010010100100111100
11010000000100000000011100111011111110000000010000000010001000101000001111111100
