011100111111111000000001111111
101110000000000111111111111111
110111000000000111111111111111
111011111111111111111111111111
011100000000000000000001111111
001100111111111000000000110000
100101011010000111111111111111
100101101101000111111111111111
100101110110101111111111111111
100101011011010111111111111111
100101101101010111111111111111
100101010110100111111111111111
100101001001011111111111111111
100101000110101111111111111111
100101001000110111111111111111
011100111111111000101111111111
011100111111111000011111111111
011100111111111000001111111111
011100111111111100001111111111
011100111111111010001111111111
011100111111111111110011111111
011100111111111111110001111111
011100111111111111111001111111
111110111111111111111110110100
111111111111111111111111011000
111111111111111111111111101000
111110111111111111111110110110
111110111111111111111111001000
111110111111111111111110001001
111110111111111111111110000010
