000101100011101000000000000000000111111111111111111111111111
000011110000000000000000111111111111111111111111111111111111
000010110000000000000000111111111111111111111111111111111111
100001010000000000000000000000000111111111111111111111111111
011000010000000000000000000000000111111111111111111111111111
110100010000000000000000000000000111111111111111111111111111
111000010000000000000000111111111111111111111111111111111111
011111100000000000000000111111111111111111111111111111111111
000000000001111000000000000000000111111111111111111111111111
000000000001010000000000000000000111111111111111111111111111
100000000000101000000000000000000111111111111111111111111111
100000001100011000000000000000000111111111111111111111111111
100000001010011000000000000000000111111111111111111111111111
000000001101100000000000000000000111111111111111111111111111
100000001011100000000000000000000111111111111111111111111111
000000000000000000011111000000000111111111111111111111111111
000000000000000000001111000000000111111111111111111111111111
000000000000000000001011000000000111111111111111111111111111
000000000000000000000111000000000111111111111111111111111111
000000000000000100000101000000000111111111111111111111111111
000000000000000111000001000000000111111111111111111111111111
000000000000000110110010000000000111111111111111111111111111
000000000000000111100101000000000111111111111111111111111111
000000000000000111111010000000000111111111111111111111111111
011000110000000000000000000010111111111111111111111111111111
011000110000000000000000000010110111111111111111111111111111
011000110000000000000000000001111111111111111111111111111111
011000110000000000000000000001100111111111111111111111111111
011000110000000000000000110000011111111111111111111111111111
011000110000000000000000001100001111111111111111111111111111
011000110000000000000000111100001111111111111111111111111111
011000110000000000000000111010001111111111111111111111111111
011000110000000000000000101011110111111111111111111111111111
111111111111111111111111111111111000110111111111111111111111
111111111111111111111111111111111000001100111111111111111111
111111111111111111111111111111111000001001111111111111111111
111111111111111111111111111111111100010111111111111111111111
111111111111111111111111111111111100100011111111111111111111
111111111111111111111111111111111011000111111111111111111111
111111111111111111111111111111111110101011111111111111111111
111111111111111111111111111111111100111101111111111111111111
111111111111111111111111111111111101111110111111111111111111
111111111111111111111111111111111111111111011010000111111111
111111111111111111111111111111111111111111101100000111111111
111111111111111111111111111111111111111111110110001111111111
111111111111111111111111111111111111111111011011001111111111
111111111111111111111111111111111111111111101101110111111111
111111111111111111111111111111111111111111000110000111111111
111111111111111111111111111111111111111111000010010111111111
111111111111111111111111111111111111111111000010100111111111
111111111111111111111111111111111111111111001100000111111111
111111111111111111111111111111111111111111111111111011101101
111111111111111111111111111111111111111111111111111101110110
111111111111111111111111111111111111111111111111111110111000
111111111111111111111111111111111111111111111111111111011011
111111111111111111111111111111111111111111111111111011101110
111111111111111111111111111111111111111111111111111101110111
111111111111111111111111111111111111111111111111111110011000
111111111111111111111111111111111111111111111111111010111000
111111111111111111111111111111111111111111111111111100101000
