0010110111111111000000000000000111111100000000000000000
0001101111111111000000000000000111111100000000000000000
1000000111111111000000000000000111111100000000000000000
0100011111111111000000000000000111111100000000000000000
1100011111111111000000000000000111111100000000000000000
1001101111111111000000000000000111111100000000000000000
0101110111111111000000000000000111111100000000000000000
1111111000101111000000000000000111111100000000000000000
1111111000011111000000000000000111111100000000000000000
1111111000000101000000000000000111111100000000000000000
1111111100001111000000000000000111111100000000000000000
1111111010000011000000000000000111111100000000000000000
1111111110100111000000000000000111111100000000000000000
1111111111101000000000000000000111111100000000000000000
1111111110111001000000000000000111111100000000000000000
1111111111111010000000000000000111111100000000000000000
0000000000000000000110000000000111111100000000000000000
0000000000000000000101100000000111111100000000000000000
0000000000000000000010000000000111111100000000000000000
0000000000000000110011100000000111111100000000000000000
0000000000000000101100100000000111111100000000000000000
0000000000000000010100100000000111111100000000000000000
0000000000000000010111000000000111111100000000000000000
0000000000000000000000000000111111111100000000000000000
0000000000000000000000000000011111111100000000000000000
0000000000000000000000000000011111111100000000000000000
0000000000000000000000000000011111111100000000000000000
0000000000000000000000000000011111111100000000000000000
0000000000000000000000010000011111111100000000000000000
0000000000000000000000011111100111111100000000000000000
0000000000000000000000011111100111111100000000000000000
1111111111111111111111111111111000111000000000000000000
1111111111111111111111111111111000011100000000000000000
1111111111111111111111111111111000011100000000000000000
1111111111111111111111111111111100000000000000000000000
1111111111111111111111111111111111000100000000000000000
1111111111111111111111111111111111000100000000000000000
1111111111111111111111111111111011011000000000000000000
0000000000000000000000000000000000000000001111100000000
0000000000000000000000000000000000000000001111100000000
0000000000000000000000000000000000000000000101100000000
0000000000000000000000000000000000000000000010000000000
0000000000000000000000000000000000000011000001000000000
0000000000000000000000000000000000000011100010100000000
0000000000000000000000000000000000000011010100000000000
0000000000000000000000000000000000000011101000100000000
0000000000000000000000000000000000000011100101000000000
0000000000000000000000000000000000000000000000000010111
0000000000000000000000000000000000000000000000000001111
0000000000000000000000000000000000000000000000000001111
0000000000000000000000000000000000000000000000010000111
0000000000000000000000000000000000000000000000001100010
0000000000000000000000000000000000000000000000011110001
0000000000000000000000000000000000000000000000011111000
0000000000000000000000000000000000000000000000011110100
