0010101100000000000000000000000000000000
0001110100000000000000000000000000000000
1000011100000000000000000000000000000000
0100111111111111111111110000000000000000
1101011100000000000000000000000000000000
0111101100000000000000000000000000000000
1011110111111111111111110000000000000000
1111111011111111111111110000000000000000
0001001100001101111111110000000000000000
0001001100000111111111110000000000000000
0001001100000101111111110000000000000000
0001001100000010000000000000000000000000
0001001110000011111111110000000000000000
0001001111100011111111110000000000000000
0001001101011101111111110000000000000000
0001001111101110001101100000000000000000
0001001111101110000011010000000000000000
0001001111101110000011010000000000000000
0001001111101111000100110000000000000000
0001001111101111001000110000000000000000
0001001111101110110001110000000000000000
0001001111101111110010110000000000000000
0001001111101111001111000000000000000000
0001001111101110111111000000000000000000
0000000000000000000000000010111000000000
0000000000000000000000000000111100000000
0000000000000000000000001000000000000000
0000000000000000000000000000001111111111
0000000000000000000000001100000100000000
0000000000000000000000001100000111111111
0000000000000000000000001101000111111111
0000000000000000000000000101111000000000
0000000000000000000000000001011000000011
0000000000000000000000000001011000001111
0000000000000000000000000001011000001101
0000000000000000000000000001011000000111
0000000000000000000000000001011001100000
0000000000000000000000000001011001110011
0000000000000000000000000001011011010100
0000000000000000000000000001011011110100
