01000011111100000000111110000000001111111111111111111111111111111
10101111111100000000111111111111111111111111111111111111111111111
01010011111100000000111111111111111111111111111111111111111111111
00100001111000000000111110000000001111111100000000011111111111111
01000011111100000000111110000000001111111100000000011111111111111
01000011111100000000111110000000001110000000000000011100111111111
11101101110000000000111111111111111111111111111111111111111111111
11111110110000000000111111111111111110000011111111111111111111111
11111111011100000000111111111111111110000011111111111111111111111
11111111101000000000111101111111111111111111111111111111111111111
11111100110100000000111111111111111111111111111111111111111111111
11101100101000000000111111111111111110000011111111111111111111111
00000000000001100000110010000000001110000000000000001111111111111
00000000000010101100111110000000001110000000000000011111111111111
00000000000011011011111110000000001110000000000000011111111111111
00000000000000101001011000000000001110000000000000011111111111111
00000000000001110110111110000000001110000000000000011111111111111
00000000000001001010111110000000001110000000000000011111111111111
00000000000000101100111110000000001110000000000000011111111111111
00000000000000110000111110000000001110000000000000011111111111111
11111111111111101111010101111111111111111111111111111111111111111
11111111111111111111101011111111111111111111111111111111111111111
11111111111101111111010101111111111111111111111111111111111111111
11111111111101101111101001111111111111111111111111111111111111111
11111111101111101111010001111111111111111111111111111111111111111
01100011111100000000111110111110001111111100000000011111111111111
01100011111100000000111111011111011111111100000000011111111111111
01100011111100000000111111101111101111111100000000011111111111111
01100011111100000000111111110111101111111100000000011111111111111
01100011111100000000111111111011101111111100000000011111111111111
01100011111100000000111111111101101111111100000000011111111111111
01100011111100000000111110111110111111111100000000011111111111111
01100011111100000000111110011111001111111100000000011111111111111
01100011111100000000111110100001001111111100000000011111111111111
11111111111111111111111111111111110101100011111111111111111111111
11111111111111111111111111111111111010000011111111111111111111111
11111111111111111111111111111111110101110011111111111111111111111
11111010011000000000111111111111111010101111111111111111111111111
11111010011000000000111111111111111011010011111111111111111111111
11111010011000000000111111111111110010101011111111111111111111111
11111010011000000000111111111111110001010011111111111111111111111
11111010011000000000111111111111110001000011111111111111111111111
11100011111100000000111110000000001111111101110000011111111111111
11100011111100000000111110000000001111111110110000011111111111111
11100011111100000000111110000000001111111111010100011111111111111
11100011111100000000111110000000001111111111101000011111111111111
11100011111100000000111110000000001111111100010101011111111111111
11100011111100000000111110000000001111111100101010011111111111111
11100011111100000000111110000000001111111100000101011111111111111
11100011111100000000111110000000001111111100001010011111111111111
11100011111100000000111110000000001111111100000000011111111111111
11111111111101111111111111111111111111111111111111101100011111111
11111111111111111111111111111111111111111111111111110101011111111
11111111111111111111111111111111111111111111111111111010011111111
11111011111111111111111111111111111111111111111111100100011111111
11111011111111111111111111111111111111111111111111101000011111111
11111111111111111111111111111111111111111111111111100000011111111
11111111111111111111111111111111111111111111111111111111101110011
11111111111111111111111111111111111111111111111111111111110111100
11111111111111111111111111111111111111111111111111111111111011100
11111111111111111111111111111111111111111111111111111111111101111
11111111111111111111111111111111111111111111111111111111101110011
11111111111111111111111111111111111111111111111111111111101110011
11111111111111111111111111111111111111111111111111111111110011100
11111111111111111111111111111111111111111111111111111111110011100
