01110100111111100000000000000000111111111011100111111111111111111
10111010010010000000000000000000111111111011100111111111111111111
11011110011111100000000000000000111111111011100111111111111111111
11101111011111100000000000000000111111111011100111111111111111111
01110100111111100000000000000000111111111011100111111111111111111
10111011011110000000000000000000111111111011100111111111111111111
01110101011111100000000000000000111111111011100111111111111111111
00010110011111100000000000000000111111111011100111111111111111111
10001000001010100000000000000000111111111011100111111111111111111
11111111001110000000000000000000111111111011100111111111111111111
10111111110110000000000000000000111111111011100111111111111111111
10111111011011100000000000000000111111111011100111111111111111111
11111111111101000000000000000000111111111011100111111111111111111
10111011000110100000000000000000111111111011100111111111111111111
10111011100101000000000000000000111111111011100111111111111111111
00000000000000001111000000000000111111111011100111111111111111111
00000000000000010100100111111111111111111011100111111111111111111
00000000000000011000110111111111111111111011100111111111111111111
00000000000000010000000111111111111111111011100111111111111111111
00000000000000010000010111111111111111111011100111111111111111111
00000000000000001100000000000000111111111011100111111111111111111
00000000000000000101000000000000111111111011100111111111111111111
00000000000000000000000111111111111111111011100111111111111111111
00000000000000001111001011011000111111111011100111111111111111111
00000000000000001111001101101000111111111011100111111111111111111
00000000000000001111001110110110111111111011100111111111111111111
00000000000000001111001011011010111111111011100111111111111111111
00000000000000001111001101101101111111111011100111111111111111111
00000000000000001111001110110110111111111011100111111111111111111
00000000000000001111001001011010111111111011100111111111111111111
00000000000000001111001001101101111111111011100111111111111111111
00000000000000001111001000010010111111111011100111111111111111111
11111111111111111111111111111111011011100000000011111111111111111
11111111111111111111111111111111101101000000000011111111111111111
11111111111111111111111111111111110110001011100111111111111111111
11111111111111111111111111111111011011110000000011111111111111111
11111111111111111111111111111111101101001011100111111111111111111
11111111111111111111111111111111110110001011100111111111111111111
11111111111111111111111111111111100100000000000011111111111111111
11111111111111111111111111111111000100000000000011111111111111111
11111111111111111111111111111111001011000000111011111111111111111
00000000000000000000000000000000000000000000010111111111111111111
11111111111111111111111111111111001011000000001111111111111111111
11111111111111111111111111111111001011000000001011111111111111111
11111111111111111111111111111111001011001000011011111111111111111
00000000000000000000000000000000000000001100100111111111111111111
00000000000000000000000000000000000000001011100111111111111111111
11111111111111111111111111111111001011000110011011111111111111111
11111111111111111111111111111111111111111111111100001111111111111
11111111111111111111111111111111111111111111111100000111111111111
11111111111111111111111111111111111111111111111100000101111111111
11111111111111111111111111111111111111111111111100000001111111111
11111111111111111111111111111111111111111111111110000011111111111
11111111111111111111111111111111111111111111111111100011111111111
11111111111111111111111111111111111111111111111111001101111111111
11111111111111111111111111111111111111111111111111111110111111111
11111111111111111111111111111111111111111111111111111111000011110
11111111111111111111111111111111111111111111111111111111000001111
11111111111111111111111111111111111111111111111111111111000001101
11111111111111111111111111111111111111111111111111111111000000011
11111111111111111111111111111111111111111111111111111111100000111
11111111111111111111111111111111111111111111111111111111111000011
11111111111111111111111111111111111111111111111111111111111010011
11111111111111111111111111111111111111111111111111111111110111101
11111111111111111111111111111111111111111111111111111111011111110
