001011100000000000000000000000000000000000001111111000000000
000011000000000000000000000000000000000000001111111000000000
100010100000000000000000000000000000000000001111111000000000
000001010101100000000000000000000000000000001111111000000000
111000100000000000000000000000000000000000001111111000000000
110100110101100000000000000000000000000000001111111000000000
101011010101100000000000000000000000000000001111111000000000
000101100111100000000000000000000000000000001111111000000000
000000000111100000000000000000000000000000001111111000000000
000101111011000000000000000000000000000000001111111000000000
000000011101100000000000000000000000000000001111111000000000
000101111110100000000000000000000000000000001111111000000000
000101111011000000000000000000000001111111111111111000000000
000000000000000001101000000110110110000000001111111000000000
000000000000000000011000000110110110000000001111111000000000
000000000000000000010000000110110110000000001111111000000000
000000000000000000010000000110110110000000001111111000000000
000000000000010000101000000000000000000000001111111000000000
000000000000010001000000000000000000000000001111111000000000
000000000000001110001000000110110110000000001111111000000000
000000000000011001010000000110110110000000001111111000000000
000000000000000000000001111000000000000000001111111000000000
000000000000000000000001011000000000000000001111111000000000
000000000000000000000110000000000000000000001111111000000000
000000000000000000000100001000000000000000001111111000000000
000000000000000000000110000000000000000000001111111000000000
000000000000000000000110100000000000000000001111111000000000
000000000000011110011000000000101110000000001111111000000000
000000000000011110011000000000010110000000001111111000000000
000000000000000000000000000000001010000000001111111000000000
000000000000011110011000000100000110000000001111111000000000
000000000000011110011000000010000110000000001111111000000000
000000000000000000000000000101000000000000001111111000000000
000000000000011110011000000110110010000000001111111000000000
000000000000011110011000000111110100000000001111111000000000
000000000000100000000000000000000000111000001111111000000000
000000000000100000000000000000000001011100001111111000000000
000000000000100000000000000000000001101110001111111000000000
000000000000100000000000000000000001110110001111111000000000
000000000000100000000000000000000000111000001111111000000000
000000000000100000000000000000000000011001011111111000000000
000000000000100000000000000000000000000010101111111000000000
000000000000100000000000000000000000000001011111111000000000
000000000000100000000000000000000000000010101111111000000000
111111111111111111111111111111111111111111110110000000000000
111111111111111111111111111111111111111111111011000000000000
111111111111111111111111111111111111111111111101000000000000
111111111111111111111111111111111111111111110110100000000000
111111111111111111111111111111111111111111110001010000000000
111111111111111111111111111111111111111111110000101000000000
111111111111111111111111111111111111111111110000010000000000
000000000000000000000000000000000000000000000000000011000110
000000000000000000000000000000000000000000000000000101100100
000000000000000000000000000000000000000000000000000110111001
000000000000000000000000000000000000000000000000000011011000
000000000000000000000000000000000000000000000000000001100000
000000000000000000000000000000000000000000000000000001100001
000000000000000000000000000000000000000000000000000110000010
000000000000000000000000000000000000000000000000000100000100
000000000000000000000000000000000000000000000000000001001000
