011100011111111111111111111111111100000000000000000000000000
101111111111111111111111111111111100000000000000000000000000
110110011111111111111111111111111111111111111111111111111111
111011011111111111111111111111111111111111111111111111111111
011100011111111111111111111111111111111111111111111111111111
010100011000000000111111111111111100000000000000000000000000
010000001000000000111111111111111100000000000000000000000000
111111001111111111111111111111111111111111111111111111111111
111111110111111111111111111111111111111111111111111111111111
111110011000000000111111111111111111111111111111111111111111
111110011001100100111111111111111111111111111111111111111111
111110011010110000111111111111111111111111111111111111111111
111110011011011001111111111111111111111111111111111111111111
111110011001101100111111111111111111111111111111111111111111
111110011000110100111111111111111111111111111111111111111111
111110011010011010111111111111111111111111111111111111111111
111110011000000100111111111111111111111111111111111111111111
111110011000100000111111111111111111111111111111111111111111
111111111111111111011100101111111111111111111111111111111111
111111111111111111101101000111111111111111111111111111111111
111111111111111111110110100111111111111111111111111111111111
111111111111111111111011010111111111111111111111111111111111
111111111111111111001101000111111111111111111111111111111111
111111111111111111010110010111111111111111111111111111111111
111111111111111111101000000111111111111111111111111111111111
111111111111111111000101000111111111111111111111111111111111
111111111111111111100000000111111111111111111111111111111111
111111111111111111111111111011010011111111111111111111111111
111111111111111111111111111101110011111111111111111111111111
111111111111111111111111111110101111111111111111111111111111
111111111111111111111111111011010011111111111111111111111111
111111111111111111111111111110101111111111111111111111111111
111111111111111111111111111001010111111111111111111111111111
111111111111111111111111111001011011111111111111111111111111
001110011111111111111111111111111101110101000000000000000000
001110011111111111111111111111111110111010100000000000000000
001110011111111111111111111111111111011110000000000000000000
001110011111111111111111111111111111101110000000000000000000
001110011111111111111111111111111101110101000000000000000000
001110011111111111111111111111111110111010100000000000000000
001110011111111111111111111111111101110101000000000000000000
001110011111111111111111111111111110001010100000000000000000
001110011111111111111111111111111101000101000000000000000000
001110011111111111111111111111111100000000001110100111111111
001110011111111111111111111111111100000000010111010111111111
001110011111111111111111111111111100000000011011110000000000
001110011111111111111111111111111100000000011101110000000000
001110011111111111111111111111111100000000001110100111111111
001110011111111111111111111111111100000000010111011111111111
001110011111111111111111111111111100000000001110101111111111
001110011111111111111111111111111100000000000000110000000000
001110011111111111111111111111111100000000011001110011110000
001110011111111111111111111111111100000000011001110101110001
001110011111111111111111111111111100000000011001110110110010
001110011111111111111111111111111100000000011001110111011100
001110011111111111111111111111111100000000011001110111101101
001110011111111111111111111111111100000000011001110000110010
001110011111111111111111111111111100000000011001110000110010
001110011111111111111111111111111100000000011001110001001100
001110011111111111111111111111111100000000011001110010010000
