01100001111111111111111111100000000
10010000000000001111111111100001001
10010110000000001111111111100001001
01101000000000001111111111100000000
00010100000000001000000000100000000
00101000000000001111111111100000000
00100000000000001111111111100001001
10000000110100001111111111100001001
10000001011000011111111111100001001
10000001101011001111011111100001001
10000000110100001111111111100001001
10000001001000001110111111100001001
10000000010000101111111111100001001
10000000010000111111111111100001001
10000000000011001111111111100001001
10000000100001001010011111100001001
11111111111111110100011111100001001
11110111111111101010011111100001001
11110111111111110101011101100001001
11110111111011100010011111100001001
11110111101111100000000110000001001
11110111111111111111001110000001001
11110111111111111111010110000001001
11110111111111111111111010000001001
11110111111111111101111101100001001
11110111111111111111000010000001001
11111111111111111111000010000001001
00000000000000000000000000000011011
00000000000000000000000000000010111
00000000000000000000000000000000111
00000000000000000000000000011000011
01100011111111111111111111110000011
00000000000000000000000000001100001
00000000000000000000000000011111000
01100011111111111111111111111111100
