00001010100000110000000000000000000000000000000011111111100000000000000000000000
00000101100000000000000000000000000000000000000011111111100000000000000000000000
00000101000000000000000000000000000000000000000011111111100000000000000000000000
00000001000000000000000000000000000000000000000011111111100000000000000000000000
10000010100000000000000000000000000000000000000011111111100000000000000000000000
01100010100000000000000000000000000000000000000011111111100000000000000000000000
10001100010000000000000000000000000000000000000011111111100000000000000000000000
01110000000000000000000000000000000000000000000011111111100000000000000000000000
11001100000000000000000000000000000000000000000011111111100000000000000000000000
00000010000010010000000000000000000000000000000011111111100000000000000000000000
00000000000001100000000000000000000000000000000011111111100000000000000000000000
00000000000001000000000000000000000000000000000011111111100000000000000000000000
00000000010000010000000000000000000000000000000011111111100000000000000000000000
00000000001100100000000000000000000000000000000011111111100000000000000000000000
10000000001001000000000000000000000000000000000011111111100000000000000000000000
10000000010010000000000000000000000000000000000011111111100000000000000000000000
00000000000000000000111110000000000000000000000011111111100000000000000000000000
00000000000000000000001010000000000000000000000011111111100000000000000000000000
00000000000000000000000100000000000000000000000011111111100000000000000000000000
00000000000000000000000100000000000000000000000011111111100000000000000000000000
00000000000000001000011110000000000000000000000011111111100000000000000000000000
00000000000000001000101010000000000000000000000011111111100000000000000000000000
00000000000000001100110000000000000000000000000011111111100000000000000000000000
00000000000000001011100010000000000000000000000011111111100000000000000000000000
00000000000000001100110100000000000000000000000011111111100000000000000000000000
00000000000000000000000000000101110000000000000011111111100000000000000000000000
00000000000000000000000000000011110000000000000011111111100000000000000000000000
00000000000000000000000000000011110000000000000011111111100000000000000000000000
00000000000000000000000000000011110000000000000011111111100000000000000000000000
00000000000000000000000001000000010000000000000011111111100000000000000000000000
00000000000000000000000000111000000000000000000011111111100000000000000000000000
00000000000000000000000001111000000000000000000011111111100000000000000000000000
00000000000000000000000001111000000000000000000011111111100000000000000000000000
00000000000000000000000001111100000000000000000011111111100000000000000000000000
00000000000000000000000000000000000011111111111111111111100000000000000000000000
00000000000000000000000000000000000001110111111111111111100000000000000000000000
00000000000000000000000000000000001000111000000011111111111111111100000000000001
00000000000000000000000000000000001100001000000011111111111111111100000000000000
00000000000000000000000000000000001110011000000011111111111111111100000000011100
00000000000000000000000000000000001110101000000011111111111111111100000000000011
00000000000000000000000000000000001011110111111111111111111111111100000000000000
00000000000000000000000000000000001100001000111111111111100000000000000000000000
00000000000000000000000000000000001100001000011111111111100000000000000000000000
00000000000000000000000000000000001100001000001111111111100000000000000000000000
00000000000000000000000000000000001100001100000111111111100000000000000000000000
00000000000000000000000000000000001100001110000111111111100000000000000000000000
00000000000000000000000000000000001100001111000011111111100000000000000000000000
00000000000000000000000000000000001100001111110011111111100000000000000000000000
11111111111111111111111111111111111111111111111100000110111111111100000000011100
11111111111111111111111111111111111111111111111100000101111111111100000000000000
11111111111111111111111111111111111111111111111100000011111111111100000000000000
11111111111111111111111111111111111111111111111100000011111111111100000000000000
11111111111111111111111111111111111111111111111100000000011111111100000000000000
11111111111111111111111111111111111111111111111111000011111111111100000000000000
11111111111111111111111111111111111111111111111110110100011111111100000000000000
11111111111111111111111111111111111111111111111101110100011111111100000000000000
11111111111111111111111111111111111111111111111111110100011111111100000000000000
00000000000000000000000000000000000011111000000011111111100010110000000000000000
00000000000000000000000000000000000011111000000011111111100001001100000000000000
00000000000000000000000000000000000011111000000011111111100000011100000000000000
00000000000000000000000000000000000011111000000011111111110000110000000000000000
00000000000000000000000000000000000011111000000011111111101000001100000000000000
00000000000000000000000000000000000011111000000011111111110010000000000000000000
00000000000000000000000000000000000011111000000011111111110110000100000000000000
00000000000000000000000000000000000011111000000011111111101101000100000000000000
00000000000000000000000000000000000011111000000011111111101101011000000000000000
00000000000000000000000000000000000000000000000000000000000000000000000111100000
00000000000000000000000000000000000000000000000000000000000000000000000011000000
00000000000000000000000000000000000000000000000000000000000000000000000001100000
00000000000000000000000000000000000000000000000000000000000000000000000001100000
00000000000000000000000000000000000000000000000000000000000000000000000001100000
00000000000000000000000000000000000000000000000000000000000000000010000000100000
00000000000000000000000000000000000000000000000000000000000000000011000000000000
00000000000000000000000000000000000000000000000000000000000000000011111000100000
00000000000000000000000000000000000000000000000000000000000000000010111101000000
00000000000000000000000000000000000000100000000010000000000000000000000000000111
00000000000000000000000000000000000000100000000010000000000000000000000000000111
00000000000000000000000000000000000000100000000010000000000000000000000000011001
00000000000000000000000000000000000000010000000000000000000000000000000000011001
00000000000000000000000000000000000010010000000000000000000000000000000000011110
