01110000111111111111111111100000000011111111111111111111111111111
10110000111111111111111111100000000011111111111111111111111111111
11011110111111111111111111100000000011111111111111111111111111111
11101111000000011101000011100000000011111111111111111111111111111
00110100111111111111111111100000000011111111111111111111111111111
00111010000000011111100011100000000011111111111111111111111111111
00110100000000011111100011100000000011111111111111111111111111111
00010000111111111111111111100000000011111111111111111111111111111
11101001011000011111100011100000000011111111111111111111111111111
11101001101100111111100011100000000011111111111111111111111111111
11101001110110011111100011100000000011111111111111111111111111111
11101001011000011111100011100000000011111111111111111111111111111
11101001001001011111100011100000000011111111111111111111111111111
11101001000010011111111111100000000011111111111111111111111111111
11101001010000011111100011100000000011111111111111111111111111111
11111111111111101110011111100000000010111000110111111111111111111
11111111111111110100011111100000000011111111111111111111111111111
11111111111111111010011111100000000011111111111111111111111111111
11101111111111110101011111100000000011111111111111111111111111111
11111111111111100010011111100000000011111111111111111111111111111
11101111111111100000011111100000000011111111111111111111111111111
11101001000001011111101000000000000011111111111111111111111111111
11101001000001011111110110000000000011111111111111111111111111111
11101001000001011111101000000000000011111111111111111111111111111
11111111111111111111101000100000000011111111111111111111111111111
11111111111111111111100000000000000011111111111111111111111111111
11111111111111111111100010000000000011111111111111111111111111111
00000000000000000000000000001101000010111000110111111111111111111
00000000000000000000000000010110101110111000110111111111111111111
00000000000000000000000000011011000010111000110111111111111111111
00000000000000000000000000001101010010111000110111111111111111111
00000000000000000000000000010110111110111000110111111111111111111
00000000000000000000000000001001010010111000110111111111111111111
00000000000000000000000000000011101110111000110111111111111111111
00000000000000000000000000001001010010111000110111111111111111111
00000000000000000000000000001001010010111000110111111111111111111
11111111111111111111111111111111111101010011111111111111111111111
11111111111111101111111111100000000010100011111111111111111111111
11111111111111111111111111111111111101010011111111111111111111111
11111111111111111111111111111111111110100100110111111111111111111
11111111111111111111111111111111111100000000110111111111111111111
11111111111111101111111111100000000000010000110111111111111111111
11111111111111101111111111100000000011100001110011111111111111111
11111111111111101111111111100000000011100010111011111111111111111
11111111111111111111111111111111111111111111011011111111111111111
11111111111111111111111111111111111111111111101111111111111111111
11111111111111101111111111100000000011100001110111111111111111111
11111111111111111111111111111111111111111100011011111111111111111
11111111111111111111111111111111111111111111111101100000011111111
11111111111111111111111111111111111111111111111110100100011111111
11111111111111111111111111111111111111111111111111011000011111111
11111111111111111111111111111111111111111111111100100000011111111
11111111111111111111111111111111111111111111111100100010011111111
11111111111111111111111111111111111111111111111101000000011111111
11111111111111111111111111111111111111111111111100001001011111111
11111111111111111111111111111111111111111111111100000010111111111
11111111111111111111111111111111111111111111111100000001011111111
11111111111111111111111111111111111111111111111111111111101110000
11111111111111111111111111111111111111111111111111111111110110000
11111111111111111111111111111111111111111111111111111111111011010
11111111111111111111111111111111111111111111111111111111111101100
11111111111111111111111111111111111111111111111111111111100110001
11111111111111111111111111111111111111111111111111111111100010010
11111111111111111111111111111111111111111111111111111111100100100
11111111111111111111111111111111111111111111111111111111100001000
