0000111100000000000000000000000000111111110000000000000000000000000000
0000101111111111000101111100000000111111110000000000000000000000000000
0000011100000000000000000000000000111111110000000000000000000000000000
0000011100000000000000000000000000111111110000000000000000000000000000
1100000011111111000101100000000000111111110000000000000000000000000000
1011000011111111000101100000000000111111110000000000000000000000000000
1111000011111111000101100000000000111111110000000000000000000000000000
1111000011111111000101100000000000111111110000000000000000000000000000
0100111101101000000101100110000000111111110001011000000000000000000000
0100111110111100000101100000000000111111110000000000000000000000000000
0100111111010001000000011010000000111111110000000000000000000000000000
0100111101101010000101100000000000111111110000000000000000000000000000
0100111111010100000000000000000000111111110000000000000000000000000000
0100111101001010000000000000000000111111110000000000000000000000000000
0100111100010100000000000000000000111111110000000000000000000000000000
0100111100100000000000000000000000111111110000000000000000000000000000
0000000000000000000011100000000000111111110000000000000000000000000000
0000000000000000000010100000000000111111110000000000000000000000000000
0000000000000000000001000000000000111111110000000000000000000000000000
0100111111010000000001100000000000111111110000000000000000000000000000
0000000000000000110000000000000000111111110000000000000000000000000000
0100111111010000101100000000000000111111110000000000000000000000000000
0100111111010000110100000000000000111111110000000000000000000000000000
0100000000100000000000000110000000111111110000000000000000000000000000
0100000000100000000000000010000000111111110000000000000000000000000000
0100000010000000000000010010000000111111110001011000000000000000000000
0000000010100000000000011100000000111111110001011000000000000000000000
0000000000000000000000000000001011111111110000000000000000000000000000
0000000000000000000000000000000101111111110000000000000011111100001000
0000000000000000000000000000000010111111110000000000000011111100001000
0000000000000000000000000001000001111111110000000000000000000000000000
0000000000000000000000000000100000111111110000000000000011111100001000
0000000000000000000000000001010001111111110000000000000000000000000000
0000000000000000000000000001101010111111110000000000000011111100001000
1111111111111111111111111111111111000110010001011010000011111100001000
1111111111111111111111111111111111000001110001011000000011111100001000
1111111111111111111111111111111111000001000001011000000011111100001000
1111111111111111111111111111111111100000000001011001010111111100001000
1111111111111111111111111111111111100000110001011000000011111100001000
1111111111111111111111111111111111011000100001011000000011111100001000
1111111111111111111111111111111111010011010001011000000011111100001000
1111111111111111111111111111111111110010100001011000000011111100001000
0000000000000000000000000000000000000000000010111000000000000000000000
0000000000000000000000000000000000000000000001111000000000000000000000
0000000000000000000000000000000000000000001000111000000000000000000000
0000000010000000000000000110000000111111110100110000000000000000000000
0000000000000000000000000000000000000000001111001000000000000000000000
0000000010000000000000000110000000111111111111000000000000000000000000
0000000010000000000000000110000000111111111110100000000000000000000000
0000000000000000000000000000000000000000000000000000111100000000000000
0000000000000000000000000000000000100000000000000000001100000000000000
0000000000000000000000000000000000000100000000000000010000000000000000
0000000000000000000000000000000000000000000000000100001000000000000000
0000000000000000000000000000000000000100000000000101000100000000000000
0000000000000000000000000000000000000000000000000110100100000000000000
0000000000000000000000000000000000000100000000000110011000000000000000
0000000000000000000000000000110101111111110000000000000000100100000000
0000000000000000000000000000110101111111110000000000000000011000000000
0000000000000000000000000000110101111111110000000000000010011100001000
0000000000000000000000000000110101111111110000000000000001100100001000
0000000000000000000000000000110101111111110000000000000001100100001000
0000000000000000000000000000110101111111110000000000000010111000001000
0000000000000000000000000000000000000000000000000000000000000000011111
0000000000000000000000000000000000000000000000000000000000000000010111
0000000000000000000000000000000000000000000000000000000000000000001111
0000000000000000000000000000000000000000000000000000000000000011000001
0000000000000000000000000000110101111111110000000000000000111110100011
0000000000000000000000000000000000000000000000000000000000000011100001
0000000000000000000000000000000000000000000000000000000000000011101001
0000000000000000000000000000000000000000000000000000000000000011111110
