0011111100000000000000000000000000000111111111000000000000000111111111
0000000100000000000000000000000000000111111111000000000000000111111111
1000111100101111000000000000000000000111111111000000000000000111111111
1000011100000000000011110101000000000111111111000000000000000111111111
1010011100000000000011110101000000000111111111000000000000000111111111
1011101101010000000011110101111111111111111111000000000000000111111111
1011110000010000000011110101000000000111111111000000000000000111111111
1111110000000000000011110101000000000111111111000000000000000111111111
0000000000111111000000000000111111111111111111000000000000000111111111
0000010000100000000000000000111111111111111111000000000000000111111111
0010000011011111000000000000111111111111111111000000000000000111111111
0000011010101111000000000000111111111111111111000000000000000111111111
0010000010110000111100000000111111111111111111000000000000000111111111
0010000010110000011100000000111111111111111111000000000000000111111111
0010000010110000000100000000111111111111111111000000000000000111111111
0010000010110000000100000000111111111111111111000000000000000111111111
0000000000001000001000000000000000000111111111000000000000000111111111
0000000000001100001100000000000000000111111111000000000000000111111111
0000000000001100110000000000000000000111111111000000000000000111111111
0000000000001111010000000000000000000111111111000000000000000111111111
0001111100000000000000001111000000000111111111000000000000000111111111
0001111100000000000000001011000000000111111111000000000000000111111111
0001111100000000000000000111000000000111111111000000000000000111111111
0001111100000000000000000111000000000111111111000000000000000111111111
0000000000000000000011000001000000000111111111000000000000000111111111
0001111100000000000010110011000000000111111111000000000000000111111111
0000000000000000000011110101000000000111111111000000000000000111111111
0001111100000000000011111110000000000111111111000000000000000111111111
0000010011111111000000000000000101111111111111000000000000000111111111
0000010011111111000000000000000011011111111111100010000000000111111111
0000010011111111000000000000000010111111111111000000000000000111111111
0000010011111111000000000000100001111111111111000000000000000111111111
0000010011111111000000000000011000001111111111000000000000000111111111
0000010011111111000000000000110100001111111111000000000000000111111111
0000010011111111000000000000101100000111111111000000000000000111111111
0000010011111111000000000000111100001111111111000000000000000111111111
0000010011111111000000000000111111010111111111000011000000000111111111
1111111111111111111111111111111111111000101111000000000000000111111111
1111111111111111111111111111111111111000010111000000000000000111111111
1111111111111111111111111111111111111000001111000000000000000111111111
1111111111111111111111111111111111111100000011000000000000000111111111
1111111111111111111111111111111111111010000011000000000000000111111111
1111111111111111111111111111111111111101000011000000000000000111111111
1111111111111111111111111111111111111111000000000000000000000111111111
1111111111111111111111111111111111111111111001000000000000000111111111
1111111111111111111111111111111111111111111010000000000000000111111111
0000000000000000000000000000010000000000000000000011000000000111111111
0000000000000000000000000000000000000000000000000011000000000111111111
0000000000000000000000000000000000000000000000000001000000000111111111
0000000000000000000000000000000000000000000000000001000000000111111111
0000000000000000000000000000010000001000000000110000000000000111111111
0000000000000000000000000000000000001000000000111100000000000111111111
0000000000000000000000000000000000000000000000000000000010011111111111
0000000000000000000000000000000000000000000000000000000001111111111111
0000000000000000000000000000000000000000000000000000000001111111111111
0000000000000000000000000000000000000000000000000000000000000111111111
0000000000000000000000000000000000000000000000000000100000010111111111
0000000000000000000000000000000000000000000000000000011000101111111111
0000000000000000000000000000000000000000000000000000011001000111111111
0000000000000000000000000000000000000000000000000000111010000111111111
0000000000000000000000000000000000000000000000000000111001000111111111
1111111111111111111111111111111111111111111111111111111111111001011111
1111111111111111111111111111111111111111111111111111111111111000101111
1111111111111111111111111111111111111111111111111111111111111100011011
1111111111111111111111111111111111111111111111111111111111111010001101
1111111111111111111111111111111111111111111111111111111111111101000111
1111111111111111111111111111111111111111111111111111111111111111100111
1111111111111111111111111111111111111111111111111111111111111110111011
1111111111111111111111111111111111111111111111111111111111111111011100
1111111111111111111111111111111111111111111111111111111111111111111100
