000010111000000000000001100000111100000000000
000001111100101111100010000111111111100000000
000001111000000000000000000000111100000000000
000000111000000000000000000000111100000000000
100000011000000000000000011000111100000000000
011000000000111111100010000000111100000000000
111100011000000000000000000000111100000000000
111110101000000000000000011000111100000000000
111110110000000000000001100000111100000000000
010000000000001111100010000000111100000000000
000000000000101000000000000000111100000000000
000000000000010000000000000000111100000000000
010001000010011000000000000000111100000000000
000001000001100111100010000000111100000000000
010001000110100111100010000011111100000000000
010001000100011000011100000100111100000000000
010001000100011000001100000000111100000000000
010001000100011000000110000000111100000000000
010001000100011000000000000000111100000000000
000000000000000100001110000000111100000000000
000000000000000110010010000000111100000000000
000000000000000111010010000000111100000000000
010001000100011001011100000000111100000000000
100000001000000000000000111000111100000000000
100000001000000000000001011000111100000000000
000010010000000000000001100000111100000000000
000010010000000000000001100000111100000000000
010000000000000100000000000001111100000000000
010000000000001000000000000000111111100000000
010000000000001000000000000100111111100000000
111111111111111111111111111111010110000000000
111111111111111111111111111111101010000000000
111111111111111111111111111111010110100000000
111111111111111111111111111111101011000000000
010000000000000000000000000011111100100000000
010000000000000000000000000011000100000000000
010000000000000000000000000011001010000000000
000000000000000000000000000000000000000001111
000000000000000000000000000000000000000000110
000000000000000000000000000000000000000000000
000000000000000000000000000000000000000000001
000000000000000000000000000000000000010000011
000000000000000000000000000000000000011000011
000000000000000000000000000000000000011001101
000000000000000000000000000000000000010011110
