0100001111111111111101101
1010011111000000001101101
0101001100111111111101101
0010111111000000000000000
0001011111000000000000000
0101101010111111111101101
1111110100111111111101101
1111101011111111111101101
1101110100111111111101101
1101100100111111111101101
1010011111000011110000000
1010011111000011110000000
1010011111000010110000000
1010011111000001000000000
1010011111111000110000000
1010011111110100000000000
1010011111111010010000000
1010011111111010100000000
1110011111000000000000111
1110011111000000000000111
0000000000000000000000111
1110011111000000000000011
1110011111000000001110011
0000000000000000001111101
1110011111000000001111110
