0001011111111111111111111111111110000000000000100000000
0000111111111111111111111111111110000000000000000000000
0000110111111111111111111111111110000000000000000000000
1000011111111111111111111111111111111111100000000000001
0110001111111111111111111111111110000000000000000000000
1111001111111111111111111111111110000000000000000000000
1101110111111111111111111111111111111111100000000000001
1111111011111111111111111111111111111111100000000000001
1111111100010001111111111111111111111111111110000000001
1111111100001111111111111111111111111111100000000000001
1111111100001111111111111111111111111111100000000000001
1111111110000001111111110000000001111111100000000000001
1111111101100011111111111111111111111111100000000000001
1111111101100011111111110000000001111111100000000000001
1111111101101101111111110000000001111111100000000000001
1111111111111110000111111111111111111111100000000000001
1111111111111110000101111111111111111111100000000000001
1111111111111110000011111111111111111111100000000000001
1111111111111110000010111111111111111111100000000000001
1111111111111111100000001111111111111111100000000000001
1111111111111111011000011111111111111111100000000000001
1111111111111111110000111111111111111111100000000000001
1111111111111111111001011111111111111111100000000000001
1111111111111111111011101111111111111111100000000000001
1111111111101001111111110000011101111111100000000000001
1111111111101001111111110000001101111111100000000000001
1111111111101001111111110000000011111111100000100000001
1111111111101001111111110000000011111111100000000000001
1111111111101001111111110000000011111111100000000000001
1111111111101001111111111000000011111111100000000000001
1111111111101001111111111100000111111111100000000000001
1111111111101001111111111100001001111111100000000000001
1111111111101001111111110011111001111111100000000000001
0001001111111111111111111111111110001011100000000000001
0001001111111111111111111111111110000111000000000000001
0001001111111111111111111111111110000001100000000000001
0001001111111111111111111111111111000010100000000000001
0001001111111111111111111111111110100001100000000000001
0001001111111111111111111111111111101001100000000000001
0001001111111111111111111111111111110110100000000000001
0001001111111111111111111111111111011111000000000000000
0000000010000000000000000000000000000000000011100000000
0000000010000000000000000000000000000000000000100000000
0000000010000000000000000000000000000000000000000000000
0000000010000000000000000000000000000000010001100000000
0000000000000000000000000000000000000000010010100000000
1000000000000000000000000010000000000000011011000000000
0000000000000000000000000000000000000000000000000011111
0000000000000000000000000000000000000000000000000001111
0000000000000000000000000000000000000000000000000000111
0000000000000000000000000000000000000000000000010000001
0000000000000000000000000000000000000000000000011000001
0000000000000000000000000000000000000000000000011100010
0000000000000000000000000000000000000000000000011100100
0001001111111111111111111111111111111111000000011111000
