0000111110011000000111111111111111111111111110000000001111111111111111
0001011000000000000111111111111111111111111110000000000001010111111111
0000101000000000000111111110000000001111111110000000000001010111111111
0100010000000000000111111110000000001111111110000000000001010111111111
1010001000000000000111111111111111111111111110000000000001010111111111
1101001110011000000111111111111111111111111110000000001111111111111111
1110110110011000000111111110000000001111111110000000001111111111111111
1000011001011000000111111111111111111111111110000000000001010111111111
1000011000011000000111111111111111111111111110000000000001010111111111
0000000100010000000111111110000000001111111110000000000001010111111111
0000000000001000000111111110000000001111111110000000001111111111111111
1000011111000000000111111111111111111111111110000000000001010111111111
1000011110100000000111111111111111111111111110000000001111111111111111
0000000000000011100111111110000000001111111111111111110001010111111111
0000000000000101010111111110000000001111111111111111110001010111111111
0000000000000110101111111110000000001111111111111111110001010111111111
0000000000000101011111111110000000001111111111111111110001010111111111
0000000000000010101111111110000000001111111111111111110001010111111111
0000000000000001110111111110000000001111111110000000000001010111111111
1111111111111111111011010011111111111111111111111111111111111111111111
1111111111111111111101100001111111111111111111111111111111111111111111
1111111111111111111110111101111111111111111111111111111111111101001110
1111111111111111111011010101111111111111111111111111111111111111111111
1111111111111111111101101111111111111111111111111111111111111101001110
1111111111111111111001010011111111111111111111111111111111111111111111
1111111111111111111001110001111111111111111111111111111111111101001110
1111111111111111111100011001111111111111111111111111111111111101001110
1100110110011000000111111110110001011111111110000000001111111111111111
1100110110011000000111111111011000101111111110000000001111111111111111
1100110110011000000111111111101100001111111110000000001111111111111111
1100110110011000000111111110110010001111111110000000001111111111111111
1100110110011000000111111110010010001111111110000000001111111111111111
1100110110011000000111111110001100001111111110000000001111111111111111
1100110110011000000111111111000000111111111110000000001111111111111111
1100110110011000000111111110100001001111111110000000001111111111111111
1100110110011000000111111111000001001111111110000000001111111111111111
1111111111111111111111111111111111110110100001111111111111111111111111
1111111111111111111111111111111111111011010001111111111111111111111111
1111111111111111111111111111111111111101101101111111111111111111111111
1111111111111111111111111111111111110110110011111111111111111111111111
1111111111111111111111111111111111111011010001111111111111111111111111
1111111111111111111111111111111111110101101101111111111111111111111111
1111111111111111111111111111111111110010010001111111111111111111111111
1111111111111111111111111111111111110010010011111111111111111111111111
1111111111111111111111111111111111110001000101111111111111111111111111
0000000000000111110111111110000000001111111110111100110001010111111111
0000000000000111110111111110000000001111111111011101000001010111111111
0000000000000111110111111110000000001111111111101110100001010111111111
0000000000000111110111111110000000001111111111110111000001010111111111
0000000000000111110111111110000000001111111111111011000001010111111111
0000000000000111110111111110000000001111111110011100000001010111111111
0000000000000111110111111110000000001111111110101100000001010111111111
0000000000000111110111111110000000001111111111010000010001010111111111
0000000000000111110111111110000000001111111111000000100001010111111111
1000011000101000000111111111111111111111111110000000000111010111111111
1000011000101000000111111111111111111111111110000000001011100011111111
1000011000101000000111111111111111111111111110000000001101100011111111
1111111111111111111111111111111111111111111111111111111110101011111111
1000011000101000000111111111111111111111111110000000000111011011111111
1111111111111111111111111111111111111111111111111111111000101011111111
1000011000101000000111111111111111111111111110000000000001110011111111
1111111111111111111111111111111111111111111111111111111000000011111111
1111111111111111111110101001111111111111111111111111111111111101101000
1111111111111111111111111111111111111111111111111111111111111110110000
1111111111111111111110101001111111111111111111111111111111111111011100
1111111111111111111110101001111111111111111111111111111111111101101100
1111111111111111111111111111111111111111111111111111111111111110110000
1111111111111111111111111111111111111111111111111111111111111100110011
1111111111111111111111111111111111111111111111111111111111111100000100
1111111111111111111110101001111111111111111111111111111111111100000100
