000011010000000011111111000000000000111111111000000001111111100000000000000
000011110000000000000000000000000000111111111000000000000000000000000000000
000010100000000011111110000000000000111111111000000001111111100000000000000
000001100000000011111110000000000000111111111000000001111111100000000000000
111000110000000011111110000000000000111111111000000001111111100000000000000
110100110000000011111110000000000000111111111000000001111111100000000000000
011111010000000000000000000000000000111111111000000000000000000000000000000
110011100000000011111110000000000000111111111000000001111111101001000000000
000000000000011100000000000011111111111111111000000000000000000000000000000
000000000000010000000000000000000000111111111000000000000000000000000000000
000000000000001100000000000011111111111111111000000000000000000000000000000
000000000000000100000000000011111111111111111000000000000000000000000000000
000000000000000000000000000011111111111111111000000000000000000000000000000
000000001100001100000000000000000000111111111000000000000000000000000000000
000000001010010000000000000011111111111111111000000000000000000000000000000
000000001011010000000000000011111111111111111000000000000000000000000000000
101111010000000000011110000000000000111111111000000000000000000000000000000
101111010000000000010110000000000000111111111000000000000000000000000000000
101111010000000000001111001100000000111111111000000001111111100000000000000
101111010000000011000010000000000000111111111000000000000000000000000000000
101111010000000010100000000000000000111111111000000001111111100000000000000
101111010000000011100000000000000000111111111000000001111111100000000000000
101111010000000011110000001100000000111111111000000001111111100000000000000
100000000000000000100000000100000000111111111000000000000000000000000000000
000000000000000000000000001100000000111111111000000000000000000000000000000
000000000000000000000000001100000000111111111000000000000000000000000000000
000000000000000000100010110100000000111111111000000000000000000000000000000
000000000000000000100011111000000000111111111000000000000000000000000000000
000000001011101100000000000000101111111111111000000000000000000000000000000
000000001011101100000000000000000001111111111000000000000000000000000000000
000000001011101100000000000010001111111111111000000000000000000000000000000
000000001011101100000000000000000001111111111000000000000000000000000000000
000000001011101100000000000010100111111111111000000000000000000000000000000
000000001011101100000000000010101011111111111000000000000000000000000000000
000000001011101100000000000010101101111111111000000000000000000000000000000
000000001011101100000000000011111110111111111000000000000000000000000000000
111111111111111111111111111111111111000011111000000001111111100000000000000
111111111111111111111111111111111111000010110000000001111111100000000000000
111111111111111111111111111111111111000001011000000001111111100000000000000
111111111111111111111111111111111111000000111000000001111111100000000000000
111111111111111111111111111111111111110001101000000001111111100000100000000
111111111111111111111111111111111111101010110000000001111111100001000000000
111111111111111111111111111111111111110111001000000001111111100000000000000
111111111111111111111111111111111111111101001000000001111111100000000000000
111111111111111111111111111111111111101110110000000001111111100000000000000
000000000000000000000000000000000000000000000000111110000000000000000000000
000000000000000000000000000000000000000000000000001110000000000000000000000
000000000000000000000000000000000000000000000000001100000000000000000000000
000000000000000000000000000000000000000000000100001110000000000000010100000
000000000000000000000000000000000000000000000100000010000000000000010100000
000000000000000000000000000000000000000000000111100110000000000000000000000
000000000000000000000000000000000000000000000111101000000000000000000000000
000000000000000000000000000000000000000000000110111000000000000000010100000
101111010000000000101110000000000000111111111000000000010100100000000000000
101111010000000000101110000000000000111111111000000000001011100000000000000
101111010000000000101110000000000000111111111000000001000001000000000000000
101111010000000000101110000000000000111111111000000000100010000000000000000
101111010000000000101110000000000000111111111000000001000001100000000000000
101111010000000000101110000000000000111111111000000000101000000000000000000
101111010000000000101110000000000000111111111000000000110100100000000000000
101111010000000000101110000000000000111111111000000001100101000000000000000
000000000000000000000000000000000000000000000000000000000000000110100000000
000000010000000000000000000000000000000000000000000000000000000011100000000
000000000000000000000000000000000000000000000000000000000000010000100000000
000000000000000000000000000000000000000000000000000000000000011001000000000
000000010000000000000000000000000000000001000000000000000000001010100000000
000000000000000000000000000000000000000010000000000000000000011101000000000
000000000000000000000000000000000000000000000000110010000000000000000010111
000000000000000000000000000000000000000000000000000000000000000000000001111
000000000000000000000000000000000000000000000000110010000000000000000000001
000000000000000000000000000000000000000000000000000000000000000000010000111
000000000000000000000000000000000000000000000000000000000000000000001000011
000000000000000000000000000000000000000000000000000000000000000000011010001
000000000000000000000000000000000000000000000000000000000000000000011011000
000000000000000000000000000000000000000000000000000000000000000000011111100
