00111100000000000000011111100000001111110000000001101011000000000
00001100000000000000000000000000001111110000000001101011000000000
10010100000000000000000000001100111111110000000001101011000000000
10100000000000000000011111101100111111110000000001101011000000000
11000100000000000000011111101100111111110000000001101011000000000
11101000000000000000011111101100111111110000000001101011000000000
00000000011111000000000000000000001111110000000001101011000000000
00000000000111000000000000000000001111110000000001101011000000000
00000000001111100000100000000000001111110000000001101011000000000
00000010000101000000000000000000001111110000000001101011000000000
00000010100011100000100000000000001111110000000001101011000000000
00000011110000100000100000000000001111110000000001101011000000000
00000011101001100000100000000000001111110000000001101011000000000
00000011111010100000100000000000001111110000000001101011000000000
00000000101111000001000000000000001111110000000001101011000000000
00000000000000000011000000000000001111110000000001101011000000000
00000000000000000001000000000000001111110000000001101011000000000
00000000000000000000100000000000001111110000000001101011000000000
00000000000000010000100000000000001111110000000001101011000000000
00000000000000111000100000000000001111110000000001101011000000000
00000000101111000111000000000000001111110000000001101011000000000
10011100000000000000000011001100111111110000000001101011000000000
10011100000000000000000000101100111111110000000001101011000000000
10011100000000000000000000001100111111110000000001101011000000000
10011100000000000000010001001100111111110000000001101011000000000
10011100000000000000010010001100111111110000000001101011000000000
10011100000000000000001000001100111111110000000001101011000000000
00000000000000000000000000000010111111110000000001101011000000000
00111100000000000000011111100001111111110000000001101011000000000
00111100000000000000011111100001011111110000000001101011000000000
00000000000000000000000000010000111111110000000001101011000000000
00000000000000000000000000001100011111110000000001101011000000000
00111100000000000000011111111010011111110000000001101011000000000
00111100000000000000011111111111101111110000000001101011000000000
11111111111111111111111111111111110001110000000000000000000000000
11111111111111111111111111111111110000010000000000000000000000000
11111111111111111111111111111111110000010000000001101011000000000
11111111111111111111111111111111111000010000000000000000000000000
11111111111111111111111111111111111000010000000001101011000000000
11111111111111111111111111111111111111100000000000000000000000000
00000000000000000000000000000000000000000001011100000000000000000
00000000000000000000000000000000000000000000100000000000000000000
00000000000000000000000000000000000000000000001000000000000000000
00000000000000000000000000000000000000001000000100000000000000000
00000000000000000000000000000000000000000100010000000000000000000
00000000000000000000000000000000000000001000101100000000000000000
00000000000000000000000000000000000000001010010100000000000000000
00000000000000000000000000000000000000001001011000000000000000000
00000000000000000000000000000000000000000000000000011001000000000
11111111111111111111111111111111110010100000000000001111000000000
11111111111111111111111111111111110010100000000000000111000000000
00000000000000000000000000000000000000000000000010000011000000000
11111111111111111111111111111111110010100000000011000011000000000
00000000000000000000000000000000000000000000000001100001000000000
11111111111111111111111111111111110010100000000001111000000000000
11111111111111111111111111111111110010100000000011111100000000000
00000000000000000000000000000000000000000000000000000000011011000
00000000000000000000000000000000000000000000000000000000101101000
00000000000000000000000000000000000000000000000000000000110110101
00000000000000000000000000000000000000000000000000000000011011010
00000000000000000000000000000000000000000000000000000000101101111
00000000000000000000000000000000000000000000000000000000110110111
00000000000000000000000000000000000000000000000000000000001011000
00000000000000000000000000000000000000000000000000000000000111000
00000000000000000000000000000000000000000000000000000000001011000
