011000111111111000011111111111
101101111111111000011111111111
110100111111111000011111111111
011010111111111000011111111111
000101111111111000000111111111
010010111111111000000111111111
111111000011111000011111111111
111111000010110000011111111111
111111000001111000011111111111
111111000001111000011111111111
111111110000111000011111111111
111111101100001000011111111111
111111111110011000011111111111
111111111110101000011111111111
111111101111110000011111111111
000000000000000000111111111111
000000000000000000111111111111
000000000000000000000111111111
000000000000000110001111111111
111100111111111110001111111111
111100111111111110110111111111
111111111111111111111000001011
111111111111111111111000001011
111111111111111111111000000111
111111111111111111111000000111
111111111111111111111000000101
111111111111111111111110000001
111111111111111111111001110001
111111111111111111111111100000
111111111111111111111111111100
