000110111111111111111111110111
000001111111111111111111000000
000001001111111111111111000000
100010111111111111111111000000
100100111111111111111111000000
011000101111111111111111000000
110111011111111111111111000000
110110101111111111111111000000
111111110000010111111111000001
111111110001111000000000000000
111111110001111000000000000000
111111110110111000000000000000
111111110111001000000000000000
111111111111001000000000000000
111111110111110111111111000000
111111111000001000011111000000
111111111000001000011111000000
111111111000001000001111000000
111111111000001000001101000000
111111111000001110000011000000
111111111000001111100010000000
111111111000001111100001000000
111111111000001111011001000000
111111111000001111110110000000
100000000000000000000000000111
100000000000000000000000000111
000000000000000000000000000000
100000000000000000000000110011
100000000000000000000000110101
100000001000000000000000110110
