00001010100100000000000000000000000
00000101000000000000000000000000000
00000010000000000000000000000000000
00000001000000000000000000000000000
10000111110011111111111111111000000
01001011000001111111111111111000000
10101101101111111111111111111110000
01011110000001111111111111111000000
10001010000110000000000000000000000
00001000000110000000000000000000000
00000010000010000000000000000000000
10000010110000000000000000000000000
00001010111000000000000000000000000
00001111000000001001100000000000000
00001111000000000111000000000000000
00001111000000000110000000000000000
00001111000001000000100000000000000
00001111000000110010100000000000000
00001111000000110100000000000000000
00001111000001100000111111111000000
00001111000001001101011111111000000
00001111000000000001100010100000000
00001111000000000001100001111000000
00001111000000000001100000011000000
00001111000000000001110000100000000
00001111000000000001101000011000000
00001111000000000001111010011000000
00001111000000000001101101100000000
00001111000000000001101101100000000
00000010000000000000000000000000001
00000010000000000000000000000000001
00000000000000000000000000000000000
00000000000000000000000000000000000
00000000000000000000000000000000000
00000000000000000000000000000110000
