001110000000000000000111111111
001000000000000000000000000000
110000000000000000000000000000
100010000100111000000000000000
100100011100111000000111111111
000000101100111000000000000000
000001001100111000000000000000
000010000100111100011000000000
000011100100111000000000000000
000111111000111100011000000000
000000000000011000000000000000
000000000000010000000000000000
000111111100001100011000000000
000111111111000100011000000000
000111111110100100011000000000
000000010100111001100000000000
000000000000000000000000000000
000000000000000100011000000000
000000000000000100011000000000
000000010100111001101000000000
000000010100111001110000000000
100010000000000000000000101111
100010000000000000000000011111
100010000000000000000000000001
100010000000000000000100001111
100010000000000000000010000111
100010000000000000000110100011
100010000000000000000110110010
100010000000000000000110111100
100010000000000000000111111000
