01110011111011111110000000111010001111111111111111
10100011111011111110000000111111111111111111111111
11011011111111111110000000111111111111111111111111
10100011111100101100000000111111111111111111111111
00100011111100101100000000111010001111111111111111
00000011111000101100000000111010001111111111111111
11111101100011111110000000111111111111111111111111
11111110110011111110000000111111111111111111111111
11111111010011111110000000111111111111111111111111
11111101100111111110000000111111111111111111111111
11111100000111111110000000111111111111111111111111
00111000011000101100000000111010001111111111111111
11100011111001110000000000111111111111111111111111
11100011111010111000000000111111111111111111111111
11111111111111010000000000111111111111111111111111
11100011111011101100000000111111111111111111111111
11111111111101010000000000111111111111111111111111
11111111111100010000000000111111111111111111111111
11100011111000000000000000111111111111111111111111
00000000000000000000110000111010001111111111111111
00000000000000000001010001111010001111111111111111
00000000000000000001101100111010001111111111111111
00000000000000000000010000111010001111111111111111
00000000000000000000010000111010001111111111111111
00000000000000000000000001111010001111111111111111
00000000000000000000100010111010001111111111111111
11111111111111111111111111011101001111111111111111
11111111111111111111111111101101111111111111111111
11111111111111111111111111110110101111111111111111
01110011111011111110000000111010001111111111111111
11111111111111111111111111001101101111111111111111
01110011111011111110000000110010111111111111111111
01110011111011111110000000011011011111111111111111
01110011111011111110000000010001101111111111111111
11111111111111111111111111111111110111000011111111
11111111111111111111111111111111111011000011111111
11111111111111111111111111111111111101100011111111
11111111111111111111111111111111111110110011111111
11111111111111111111111111111111110011001011111111
11111111111111111111111111111111110001000011111111
11111111111111111111111111111111110000100111111111
11111111111111111111111111111111110000001011111111
11111111111111111111111111111111111111111101110001
11111111111111111111111111111111111111111110111010
11111111111111111111111111111111111111111111011110
11111111111111111111111111111111111111111111101100
11111111111111111111111111111111111111111101110101
11111111111111111111111111111111111111111100111010
11111111111111111111111111111111111111111101100100
11111111111111111111111111111111111111111110001000
