01110001111111111000000000000000000
10110100111111111000000000000000000
11011000111111111000000000000000000
11101100111111111000000000000000000
00110100111111111000000000000000000
01011010111111111000000000000000000
00000100111111111000000000000000000
10000000111111111000000000000000000
11111111011110100000000000000000000
11111111101111000000000000000000000
11111111110111001000000000000000000
11111111111011001000000000000000000
11111111111101010000000000000000000
11111111011110110000000000000000000
11111111100001011000000000000000000
11111111000011101000000000000000000
11111111001100110000000000000000000
00000000000000000011010000000000000
00000000000000000101101000000000000
00000000000000000110110100000000000
00000000000000000011011010000000000
00000000000000000101101010000000000
00000000000000000010110101000000000
00000000000000000001001011000000000
00000000000000000000110101000000000
00000000000000000000001110000000000
00000000000000000000000000011010010
00000000000000000000000000101101100
00000000000000000000000000110110000
00000000000000000000000000011010011
00000000000000000000000000101101100
00000000000000000000000000010010110
00000000000000000000000000010011010
00000000000000000000000000100101101
00000000000000000000000000000100010
