011111111111111111111111111100000001111100000000000000000011111111111111111
101001111111000000000011010000000001111100000000000000000011111111111111111
110001110110000000000011010000000001111100000000000000000011111111111111111
100001111111111111111111111100000001110000000000000000000011111111100000000
100001111111111111111111111100000001111100000000000000000011111111100000000
111110101000000000000011010000000001111100000000000000000011111111111111111
111111011000111111111111111100000001111100000000000000000011111111111111111
111110101000000000000011010000000001111100000000000000000011111111111111111
110111110111000000000011010000000001111100000000000000000011111111111111111
111110001001000000000011010000000001111100000000000000000011111111111111111
111110001001111111111111111100000001111100000000000000000011111111111111111
110110001110000000000011010000000001111100000000000000000011111111111111111
100110100010011011001111111100000001111100000000000000000011111111111111111
100110100010101100000011010000000001111100000000000000000011111111111111111
100110100010110100110011010000000001111100000000000000000011111111111111111
100110100010011011010011010000000001111100000000000000000011111111111111111
100110100010100101100011010000000001111100000000000000000011111111111111111
100110100010100110101111111100000001111100000000000000000011111111111111111
100110100010001011011111111100000001111100000000000000000011111111111111111
100110100010001100100011010000000001111100000000000000000011111111111111111
100110100010100001100111010000000001111100000000000000000011111111111111111
100110100010100001101011100000000001111100000000000000000011111111111111111
111111111111111111111101100100000001111100000000000000000011111111111111111
111111111111111111111110111100000001111100000000000000000011111111111111111
100110100010100001100111011000000001111100000000000000000011111111111111111
111111111111111111111001101000000001111100000000000000000011111111111111111
100110100010100001100001110000000001111100000000000000000011111111111111111
100110100010100001100011000000000001111100000000000000000011111111111111111
000000000000000000000000000001111101111100000000000000000011111111100000000
000000000000000000000000000010111101111100000000000000000011111111100000000
000000000000000000000000000011011111111100000000000000000011111111100000000
000000000000000000000000000011101111111100000000000000000011111111100000000
000000000000000000000000000011110111111100000000000000000011111111100000000
000000000000000000000000000011111011111100000000000000000011111111100000000
000000000000000000000000000000111101111100000000000000000011111111100000000
111111111111111111111111111111111110100000000000000000000011111111100000000
111111111111111111111111111111111111001000000000000000000011111111111111111
111111111111111111111111111111111110000000000000000000000011111111111111111
111011111111111111111111111111111110100000000000000000000011111111100000000
111011111111111111111111111111111110000000000000000000000011111111100000000
000000000000000000000000000000000000000001110101000000000011111111100000000
000000000000000000000000000000000000000010111010000000000011111111100000000
000000000000000000000000000000000000000011011110100000000011111111100000000
000000000000000000000000000000000000000011101110100000000011111111100000000
000000000000000000000000000000000000000001110101100000000011111111100000000
000000000000000000000000000000000000000010111011000000000011111111100000000
000000000000000000000000000000000000000001110101100000000011111111100000000
000000000000000000000000000000000000000010001110100000000011111111100000000
000000000000000000000000000000000000000000111011000000000011111111100000000
000000000000000000000000000000000000000000000000000001111111111111100000000
000000000000000000000000000000000000000000000000000000101111111111100000000
000000000000000000000000000000000000000000000000000000011111111111100000000
000000000000000000000000000000000000000000000000000000000011111111100000000
000000000000000000000000000000000000000000000000010000111111111111100000000
000000000000000000000000000000000000000000000000011001001111111111100000000
000000000000000000000000000000000000000000000000010101000011111111100000000
000000000000000000000000000000000000000000000000011101100111111111100000000
000000000000000000000000000000000000000000000000011101101011111111100000000
111111111111111111111111111111111111111111111111111111111100001011111111111
111111111111111111111111111111111111111111111111111111111100000101011111111
111111111111111111111111111111111111111111111111111111111100000100111111111
111111111111111111111111111111111111111111111111111111111100000011111111111
111111111111111111111111111111111111111111111111111111111110000011111111111
111111111111111111111111111111111111111111111111111111111101100000011111111
111111111111111111111111111111111111111111111111111111111110011000111111111
111111111111111111111111111111111111111111111111111111111111011000011111111
111111111111111111111111111111111111111111111111111111111110111010011111111
111001111111111111111111111100000000110000000000000000000011111111100001111
111001111111111111111111111100000000110000000000000000000011111111100001011
111001111111111111111111111100000000110000000000000000000011111111100000111
111001111111111111111111111100000000110000000000000000000011111111100000000
111001111111111111111111111100000000110000000000000000000011111111111000011
111001111111111111111111111100000000110000000000000000000011111111110100011
111001111111111111111111111100000000110000000000000000000011111111111101100
111001111111111111111111111100000000110000000000000000000011111111111101100
