01101111111111000000000000000000111111111111111111
10101111111111000000000000000000111111111111111111
11001111111111000000000000000000111111111111111111
00000001111111111111111000000000111111111111111111
11100111111111111111111000000000111111111111111111
11101011111111111111111000000000111111111111111111
11101101111111111111111000000000111111111111111111
11111110001111111111111000000000111111111111111111
11111110000011111111111000000000111111111111111111
11111110000011111111111000000000111111111111111111
11111111000111111111111000000000111111111111111111
11111111001011111111111000000000111111111111111111
11111111111101111111111000000000111111111111111111
11111111111110111111111000000000111111111111111111
00011111111111000101111000000000111111111111111111
00011111111111000010001000000000111111111111111111
00011111111111000000111000000000111111111111111111
00011111111111100001110000000000111111111111111111
00011111111111010000001000000000111111111111111111
00011111111111100100110000000000111111111111111111
00011111111111101101001000000000111111111111111111
00011111111111101101001000000000111111111111111111
00011111111111111010110000000000111111111111111111
00000000000000000000000000111111111111111111111111
00000000000000000000000000011111111111111111111111
00000000000000000000000000011111111111111111111111
00000000000000000000000100000100111111111111111111
00000000000000000000000111000111111111111111111111
00000000000000000000000111000011111111111111111111
00000000000000000000000111110011111111111111111111
00000000000000000000000111011101111111111111111111
00000000000000000000000111011110111111111111111111
11111111111111111111111111111111000011111111111111
11111111111111111111111111111111000010111111111111
11111111111111111111111111111111000001011111111111
11111111111111111111111111111111000000111111111111
11111111111111111111111111111111110000100111111111
11111111111111111111111111111111101000111111111111
11111111111111111111111111111111110111000111111111
11111111111111111111111111111111111101001111111111
11111111111111111111111111111111111101010111111111
11111111111111111111111111111111111111111011100000
11111111111111111111111111111111111111111101111000
11111111111111111111111111111111111111111110111000
11111111111111111111111111111111111111111111011110
11111111111111111111111111111111111111111011100000
11111111111111111111111111111111111111111011100111
11111111111111111111111111111111111111111000101011
11111111111111111111111111111111111111111000101101
11111111111111111111111111111111111111111000001110
