011001101111111111111111111111111111111111111
101100010000000111111111110100000000011110000
110110000000000111111111110100000000011110000
011011001111111000011111111111111111111111111
001101000000000111111111110100000000011110000
100110101111111111111111111111111111111111111
100001000000000111111111110100000000011110000
010000001111111001110111111111111111111111111
100101010111011111111111111100000000011111111
100101011011010111111111111111111111111111111
100101011101100111111111110100000000011110000
100101011110100111111111110100000000011110000
100101010011010111111111110100000000011110000
100101011100100111111111111111111111111111111
100101011000000111111111110111111111111110000
111011101111111011100111111111111111111111111
111011101111111101110111111111111111111111111
111011111111111110110111111111111111111111111
111011111111111111010111111111111111111111111
111111111111111011101111111111111111111111111
111111101111111000010111111111111111111111111
111111111111111111111011011011111111111110000
111111111111111111111101101011111111111110000
111111111111111111111110110111111111111110000
111111111111111111111011011111111111111110000
111111111111111111111101101111111111111110000
100101011100010111111110110011111111111110000
111111111111111111111001110011111111111111111
100101010100011111111111111101111000111111111
100101010100011111111111111110111000111111111
100101010100011111111111111111011100111111111
100101010100011111111111111111101110011111111
100101010100011111111111111111110111011111111
100101010100011111111111111100111011011111111
100101010100011111111111111100011101011111111
100101010100011111111111111100001110011111111
100101010100011111111111111111100000011111111
111111111111111111111111111111111111101010000
111111111111111111111111111111111111110101010
111111111111111111111111111111111111101011110
111111111111111111111111111111111111110101100
100101011100010111111000000111111111101110100
100101011100010111111000000111111111100111000
100101011100010111111000000111111111101100001
100101011100010111111000000111111111100000010
