00001011000000000001111111111110001
00000111111111111000001111111110000
00000111111111111000001111111110000
00000111111111111000001111111110000
10000001000000000000001111111111000
01110000000000000000001111111110000
11110000111111111111011111111110000
11111000111111111000001111111110000
01110011000101111000001111111110000
01110011000010100000001111111110000
01110011000001010000001111111110000
01110011100000001000001111111110000
01110011010000011000001111111110000
01110011101000111000001111111110000
01110011110001011000001111111110000
01110011101011101000001111111110000
01110011100111110000001111111110000
00000010000000000000111111111110000
00000010000000000000001111111110000
10000010000000000000001111111110000
10000000000000000100001111111110000
10000010000000000100001111111110000
11111111111111111111110000100110000
11111111111111111111110000011110000
11111111111111111111110000011111111
11111111111111111111110000001010000
11111111111111111111111000000000000
11111111111111111111110110000111111
11111111111111111111110111000000000
11111111111111111111111110010010000
11111111111111111111111111010100000
00001000000000000000000010010000001
00000000000000000000000010010000011
00000000000000000000000010010000100
10000000000000000000000010010001100
