000110111111111111111111111111111111111000000001111111111111
000001111111111111111111111111111111111000000001111111111111
000001010111111111111111111111111111111000000001111111111111
100010111111111111111111111111111111111000000001111111111111
100100100111111111111111111111111111111000000001111111111111
011000000111111111111111111111111111111000000001111111111111
110110001111111111111111111111111111111000000001111111111111
111100001111111111111111111111111111111000000001111111111111
110100110111111111111111111111111111111000000001111111111111
111111111000011111111111111111111111111000000001111111111111
111111111000010111111111111111111111111000000001111111111111
111111111000001111111111111111111111111000000001111111111111
111111111000000111111111111111111111111000000001111111111111
111111111110000111111111111111111111111000000001111111111111
111111111101000011111111111111111111111000000001111111111111
111111111111110011111111111111111111111000000001111111111111
111111111111111101111111111111111111111000000001111111111111
111111111111111110001101111111111111111000000001111111111111
111111111111111110000111111111111111111000000001111111111111
111111111111111110000011111111111111111000000001111111111111
111111111111111111000000111111111111111000000001111111111111
111111111111111111100001111111111111111000000001111111111111
111111111111111110110000111111111111111000000001111111111111
111111111111111111110100111111111111111000000001111111111111
111111111111111111111111011111111111111000000001111111111111
111111111111111111111111100010111111100000000001111111111111
111111111111111111111111100001010011111000000001111111111111
111111111111111111111111100000101101001000000001111111111111
111111111111111111111111110000001111111000000001111111111111
111111111111111111111111101000010011111000000001111111111111
111111111111111111111111110100001111111000000001111111111111
111111111111111111111111111001000111111000000001111111111111
111111111111111111111111110110100111111000000001111111111111
111111111111111111111111110110111011111000000001111111111111
111111111111111111111111111011111101100000000001111111111111
111111111111111111111111111111111110110000000000101111111111
111111111111111111111111111011111111001000000001111111111111
111111111111111111111111101011111101000000000001111111111111
111111111111111111111111101111111100100000000001110111111111
000000000000000000000000000000000000000011001100011111111111
000000000000000000000000000000000000000101100101111111111111
000000000000000000000000000000000000000110111011111111111111
000000000000000000000000000000000000000011010001110111111111
000000000000000000000000000000000000000001100001111111111111
000000000000000000000000000000000000000101000001111111111111
000000000000000000000000000000000000000110000011111111111111
000000000000000000000000000000000000000001000101111111111111
111111111111111111111111111111111110111011111110100111111111
111111111111111111111111111111111111111011111111001111111111
111111111111111111111111111111111110111111111110001111111111
111111111111111111111111111111111111110111011110110111111111
111111111111111111111111111111111111111111111111111011100000
111111111111111111111111111111111111111111111111111101110000
111111111111111111111111111111111111111111111111111110111001
111111111111111111111111111111111111111111111111111111011110
111111111111111111111111111111111111111111111111111011100111
111111111111111111111111111111111111111111111111111001100100
111111111111111111111111111111111111111111111111111000111010
111111111111111111111111111111111111111111111111111000110100
111111111111111111111111111111111111111111111111111001010000
