0010111000000000111111110000000001111111000000000000000
0001011000000000111111110000000001111111000000000000000
1000101000000000111111110000000001111111000000100000000
0100011000000000111111110000000001111111000000000000000
1010001000000000111111110000000001111111000000000000000
1101001000000000111111110000000001111111000000000000000
1111110000000000111111110000000001111111000000000000000
0000000011100000111111110000000001111111000000000000000
0000000101100000111111110000000001111111000000000000000
0000000110110000111111110000000001111111000000000000000
0000000111011000111111110000000001111111000000000000000
0000000001101100111111110000000001111111000000000000000
0000000000110001111111110000000001111111000000000000000
0000000000010010111111110000000001111111000000000000000
0000000000000100111111110000000001111111000000000000000
0000000000001000111111110000000001111111000000000000000
1111111111111111011110100000000001010000000000000000000
1111111111111111101101000000000001111111000000000000000
1111111111111111110111110000000001111111000000000000000
1111111111111111111011110000000001111111000000000000000
1111111111111111101101010000000001111111000000000000000
1111111111111111011110110000000001010000000000000000000
1111111111111111101101010000000001111111000000000000000
1111111111111111001111100000000001010000000000000000000
0000000000000000000000000111010011010000000000000000000
0000000000000000000000001011101001010000000000000000000
0000000000000000000000001101110001010000000000000000000
0000000000000000000000001110111101010000000000000000000
0000000000000000000000000111010101010000000000000000000
0000000000000000000000001011101001010000000000000000000
0000000000000000000000000101010011010000000000000000000
0000000000000000000000000001100001010000000000000000000
0000000000000000000000001000001001010000000000000000000
1111111111111111111111111111111110111100000011000000000
1111111111111111011110100000000001010100000000000000000
1111111111111111111111111111111111101010000000000000000
1111111111111111011110100000000001010111000000000000000
1111111111111111011110100000000001101011000000000000000
1111111111111111011110100000000000011100000000000000000
1111111111111111011110100000000000001100000000000000000
0000000000000000000000000000000000000000000101100000000
0000000000000000000000000000000000000000000011100000000
0000000000000000000000000000000000000000000001100000000
0000000000000000000000000000000000000000100000000000000
0000000000000000000000000000000001000000010001100000000
0000000000000000000000000000000001000000111010100000000
0010000000000000000000000000000000000000111011000000000
0000000000000000000000000000000000000000000000000001010
0000000000000000000000000000000000000000000000000000111
0000000000000000000000000000000000000000000000000000011
0000000000000000000000000000000000000000000000000000101
0000000000000000000000000000000000000000000000010000010
0000000000000000000000000000000000000000000000001010001
0000000000000000000000000000000000000000000000011101000
0000000000000000000000000000000000000000000000001110100
