0110000000000000001111000000000000000000000000001111111
1011010000000000001111000011111111111111110000001111111
1101011000000000001111000011111111111111110000001111111
0110100000000000001111000011111111111111110000001111111
0001000000000000001111000011111111111111110000001111111
0110000000000000001111000000000000000000000000001111111
0010000000000000001111000000000000000000000000001111111
0000000011000000001111000000000000000000000000001111111
0000000101100000001111000000000000000000000000001111111
0000000110000000001111000000000000000000000000001111111
0000000010000000001111000000000000000000000000001111111
0000000000001100111111111100000000000000000000001111111
0000000000010000001111000000000000000000000000001111111
0000000000010001011111111100000000000000000000001111111
0000000000000000111111111100000000000000000000001111111
0000000000000100011111111100000000000000000000001111111
0000000000010010011111000000000000000000000000001111111
0000000000010111101111000000000000000000000000001111111
1111111111111111110101000111111111111111110110101111111
1111111111111111111010100011111111111111110000001111111
1111111111111111110101110011111111111111110000001111111
1111111111111111111010111011111111111111110000001111111
0000000000010111000111010000000000000000000000001111111
0000000000010111000011101000000000000000000000001111111
0000000000010111000001010100000000000000000000001111111
0000000000010111001000001000000000000000000000001111111
0111100000000000001111000001101101111111110000001111111
0111100000000000001111000010110011111111110000001111111
0111100000000000001111000011010101111111110000001111111
0111100000000000001111000001101101111111110000001111111
0111100000000000001111000010010111111111110000001111111
0111100000000000001111000010111010000000000000001111111
0111100000000000001111000001001101111111110000001111111
0111100000000000001111000011111010001000110000001111111
0111100000000000001111000011111010000111101100011111111
0111100000000000001111000011111010000111000000001111111
0111100000000000001111000011111011000000010000001111111
0111100000000000001111000011111010110011110001111111111
0111100000000000001111000011111010110101110000001111111
0111100000000000001111000011111010110110110000001111111
0111100000000000001111000011111011100111010000001111111
0111100000000000001111000011111011001111100000001111111
0000000000000000000000000000000000100000000001111111111
0000000000000000001000000000000000100000000000101111111
0000000000000000001000000000000000000000000000111111111
0000000000000000000000000000000000000100001000011111111
0000000000000000001000000000000000000100001110011111111
0000000000000000000000000000000000100100001011101111111
1111111111111111111111111111111111111111111111110000010
1111111111111111111111111111111111111111111111110000001
1111111111111111111111111111111111111111111111110000001
1111111111111111111111111111111111111111111111110000000
1111111111111111111111111111111111111111111111110000000
1111111111111111111111111111111111111111111111111000001
1111111111111111111111111111111111111111111111110110010
