0101111111111000000000000
1001100000000000000000000
0000011111111111111000011
1100100000000000000000000
1101011111111111111000011
1010100001101111111000011
1010100000110111111000011
1010100000011111111000011
1010100000001111111000011
1010110000001111111000011
1010111000000111111000011
1010101100000111111000011
1010110111000111111000011
0010111111111010110000000
0010111111111100110000000
0010111111111000101000011
0010111111111111010000000
0010111111111110101000011
0010111111111001010000011
0000000000000000000000111
0000000000000000000000101
0000000000000000000000000
0000000000000000000110001
0010111111111001011100001
0010111111111001011110110
