0111000111111111000000000000000000000000000000111111111000000000000001
1011100111111111000000000000000000000000000000111111111000000000000000
1101111111111111000000001001000000000000000000111111111000000000001000
1110111111111111000000000000000000000000000000111111111000000000000000
0111010111111111000000000000000000000000000000111111111000000000000000
0011101111111111000000000000000000000000000000111111111000000000000000
0011010111111111000000000000000000000000000000111111111000000000000000
1111111011010000000000000001000000000111111111111111111000000000000000
1111111101100110000000000010000000000111111111111111111000000000000000
1111111110110100000000000111000000000111111111111111111000000000000000
1111111011011000000000000000000000000000000000111111111000000000000000
1111111101101001000000000000000000000000000000111111111000000000000000
1111111000110000000000000000000000000000000000111111111000000000000000
1111111011000000000000000000000000000000000000111111111000000000000000
1111111010000000000000000000000000000000000000111111111000000000000000
1111111000010000000000000000000000000000000000111111111000000000000000
0000000000000000011010000000000000000000000000111111111000000000000000
0000000000000000101100010000000000000000000000111111111000000000000000
0000000000000000110101100000000000000000000000111111111000000000000000
0000000000000000011011000000000000000000000000111111111000000000000000
0000000000000000100100100000000000000000000000111111111000000000000000
0000000000000000001100000000000000000000000000111111111000000000000000
0000000000000000001010000000000000000000000000111111111000000000000000
0000000000000000010000000000000000000000000000111111111000000000000000
0010000000000000000000000001000000000000000000111111111000000000000000
0000000001000000000000000000000000000111111111111111111000000000000000
0000000011000000000000000000000000000000000000111111111000000000000000
0010000101000000000000001000000000000111111111111111111000000000000000
0000000000000000000000000000000011011000000000111111111000000000000000
0000000000000000000000000000000011001000000000111111111000000000000000
0000000000000000000000000000000000110000000000111111111000000000000000
0000000000000000000000000000000000110000000000111111111000000000000000
0000000000000000000000000000110000010000000000111111111000000000000000
0000000000000000000000000000110000001000000000111111111000000000000000
0000000000000000000000000000001100001000000000111111111000000000000000
0000000000000000000000000000101110001000000000111111111000000000000000
0000000000000000000000000000110001110000000000111111111000000000000000
0000000111000000000000000101000000000000101111111111111000000000000000
0000000111000000000000000101000000000000011011111111111000000000000000
0000000111000000000000000101000000000000000010111111111000000000000000
0000000111000000000000000101000000000100001101111111111000000000000000
0000000111000000000000000101000000000010000110111111111000000000000000
0000000111000000000000000101000000000110100101111111111000000000000000
0000000111000000000000000101000000000100111001111111111000000000000000
0000000111000000000000000101000000000111010001111111111000000000000000
0000000111000000000000000101000000000110101110111111111000000000000000
1111111111111111111111111111111111111111111111000001100000000000000000
1111111111111111111111111111111111111111111111000001011000000000000000
1111111111111111111111111111111111111111111111000000111000000000000000
1111111111111111111111111111111111111111111111000000101000000000000000
1111111111111111111111111111111111111111111111000000010000000000000000
1111111111111111111111111111111111111111111111110000001000000000000000
1111111111111111111111111111111111111111111111101100001000000000000000
1111111111111111111111111111111111111111111111011010000000000000000000
1111111111111111111111111111111111111111111111011101100000000000000000
0000000000000000000000000000000000000000000000000000000000010110000000
0000000000000000000000000000000000000000000000000000000000010110000000
0000000000000000000000000000000000000000000000000000000000001110000000
0000000000000000000000000000000000000000000000000000000000001110000000
0000000000000000000000000000000000000000000000000000000110000000000000
0000000000000000000000000000000000000000000000000000000001100000000000
0000000000000000000000000000000000000000000000000000000111100000000000
0000000000000000000000000000000000000000000000000000000111100000000000
0000000000000000000000000000000000000000000000000000000000000000001101
0000000000000000000000000000000000000000000000000000000000000000000111
0000000000000000000000000000000000000000000000000000000000000000000011
0010000000000000000000000000000000000000000000000000000000000001000001
0000000000000000000000000000000000000000000000000000000000000001100001
0000000000000000000000000000000000000000000000000000000000000000110000
1000000000000000000000000000000000000000000000000000000000000001111100
