00010100000000001111111111111111000000001111110000000000011111111
00010010000000001111111111111111000000001111110000000000011111111
00001010000000001111111111111111000000001111110000000000011111111
11000110000000001111111111111111000000001111110000000000011111111
00100010000000001111111111111111000000001111110000000000011111111
10010010000000001111111111111111000000001111110000000000011111111
01111100000000001111111111111111000000001111110000000000011111111
00000000001011011111111111111111000000001111110000000000011111111
00000000000101111111111111111111000000001111110000000000011111111
00000000000011111111111111111111000000001111110000000000011111111
00000001000010001111111111111111000000001111110000000000011111111
00000000100000111111111111111111000000001111110000000000011111111
00000001011000011111111111111111000000001111110000000000011111111
00000001110000011111111111111111000000001111110000000000011111111
00000000110100001111111111111111000000001111110000000000011111111
00000001110111001111111111111111000000001111110000000000011111111
11111111111111110001011111111111000000000000000000000000011111111
11111111111111110000011000000000000000001111110000000000011111111
11111111111111110000101111111111000000000000000000000000011111111
11111111111111111000010000000000000000000000000000000000011111111
11111111111111110010001111111111000000000000000000000000011111111
11111111111111111101001111111111000000000000000000000000011111111
11111111111111111110110000000000000000001111110000000000011111111
11111111111111111010110000101111000000001111110000000000011111111
11111111111111111010110000011111000000001111110000000000011111111
11111111111111111010110000000101000000001111110000000000011111111
11111111111111111010110100001010000000001111110000000000011111111
11111111111111111010110010000001000000001111110000000000011111111
11111111111111111010110110100011000000001111110000000000011111111
11111111111111111010110111000011000000001111110000000000011111111
11111111111111111010110110101101000000001111110000000000011111111
11111111111111111010110111011110000000001111110000000000011111111
00000000000000000000000000000000000011110000000000000000011111111
00000000000000000000000000000000000001000000000000000000011111111
00000000000000000000000000000000000000110000000000000000011111111
00000000000000000000000000000000000000010000000000000000011111111
00000000000000000000000000000000100000110000000000000000011111111
00000000000000000000000000000000110000010000000000000000011111111
00000000000000000000000000000000101010000000000000000000011111111
00000000000000000000000000000000101111000000000000000000011111111
11111111111111110100001111111111000000000000110100000000011111111
11111111111111110100001111111111000000000000101100000000011111111
11111111111111110100001111111111000000000000010100000000011111111
11111111111111110100001111111111000000000000001100000000011111111
11111111111111110100001111111111000000001100000100000000011111111
11111111111111110100001111111111000000001010000100000000011111111
00000000000000000000000000000000000000000101000000000000011111111
00000000000000000000000000000000000000001111110000000000011111111
00000000000000000000000000000000000000000000000000011011111111111
00000000000000000000000000000000000000000000000000001110111111111
00000000000000000000000000000000000000000000000000000110111111111
00000000000000000000000000000000000000000000000010000001011111111
00000000000000000000000000000000000000000000000011000001111111111
00000000000000000000000000000000000000000000000001100011011111111
00000000000000000000000000000000000000000000000011100101111111111
00000000000000000000000000000000000000000000000010011110111111111
00000000000000000000000000000000000000000000000011101011011111111
11111111111111111111111111111111111111111111111111111111100001101
11111111111111111111111111111111111111111111111111111111100000010
11111111111111111111111111111111111111111111111111111111100000010
11111111111111111111111111111111111111111111111111111111100000000
11111111111111111111111111111111111111111111111111111111110000101
11111111111111111111111111111111111111111111111111111111110001000
11111111111111111111111111111111111111111111111111111111101100001
11111111111111111111111111111111111111111111111111111111110001010
