01100001111111111111111111111111111110001101000000
10100001111111111111111111111111111110001101000000
11000001111111111111111111111111111110001101000000
00000101111111111111111111111111111110001101000000
00000100000000011111111111111111111110000000000000
00011010000000011111111111111111111110000000000000
00000100000000011111111111111111111110000000000000
11110000111001011111111111111111111110000000000000
11110001011110011111111111111111111110000000000000
11110001101110011111111111111111111110000000000000
11110001110111111111111111111111111110001101000000
11110000111001011111111111111111111110000000000000
11110000111001011111111111111111111110000000000000
11110001001110011111111111111111111110000000000000
11110000001000011111111111111111111110001101000000
11111111111111101101000111111000000000001101000000
11111111111111110110000111111000000000001101000000
11111111111111111011110110100000000000001101000000
11111111111111101101000111111000000000001101000000
11111111111111110110000111111111111110001101000101
11111111111111100100000111111111111110001101000000
11111111111111100100000111111111111110001101000000
11111111111111100000000001010000000000001101000000
11111111111111111111110011000000000000001101000000
11111111111111111111110101000000000000001101000000
11111111111111111011111110110000000000001101000000
11111111111111111111110001001111111110001101000000
11111111111111111011111001001111111110001101000000
11111111111111111011110000110000000000001101000000
11111111111111100001110000110010111110001101000000
11111111111111100001110000110100111110001101000000
11111111111111100001110000110000000010001101000000
11111111111111100001110000110110011110001101000000
11111111111111100001110000110110101110001101000000
11111111111111100001110000110110110110001101000000
11111111111111100001110000110110111010001101000000
11111111111111100001110000110111111100001101000000
00000000000000000000000000000000000000010101000000
00000000000000000000000000000000000000011111000000
00000000000000000000000000000000000001100111000000
11110000001000111111111111111111111110100011000000
11110000001000111111111111111111111111110011000000
00000000000000000000000000000000000000111100000000
11110000001000111111111111111111111111111100000000
00000000000000000000000000000000000000000000000101
00000000000000000000000000000000000000000000000011
00000000000000000000000000000000000000000000000010
00000000000000000001000000000000000000000000100001
00000000000000000000000000000000000000000000011001
00000000000000000001000000000000000000000000110110
