00001011000000111111111111111110000000111111111100101100000000000
00000011100011111111111111111110010111111111111100101100000000000
00000111000000111111111111111110000000111111111100101100000000000
00000100000000111111111111111110000000111111111100101100000000000
10000011000000111111111111111110000000111111111100101100000000000
00110001000000111111111111111110000000111111111100101100000000000
11101001000000111111111111111110000000111111111100101100000000000
11101110100011111111111111111110010111111111111100101100000000011
01000001000100111111111111111110000000111111111100101100000000000
00000000000001111111111111111110000000111111111100101100000000000
00000000000001111111111111111110010111111111111100101100000000000
00000000100001111111111111111110000000111111111100101100000000000
01000001000000111111111111111110010111111111111100101100000000000
01000001011100111111111111111110010111111111111100101100000000000
11111111111111000011111111111110010111111111110000000000000000000
11111111111111000010011111111110010111111111110000000000000000000
11111111111111000000111111111110010111111111110000000000000000000
11111111111111000000001111111110010111111111110000000000000000000
11111111111111110000111111111110010111111111110000000000000000000
11111111111111100000011111111110010111111111111100101100000000000
11111111111111101010001111111110010111111111111100101100000000000
11111111111111111011001111111110010111111111111100101100000000000
11111111111111111111110000111110010111111111111100101110000010000
11111111111111111111110000111110010111111111111100101100000000000
11111111111111111111110000001110010111111111111100101100000000000
11111111111111111111110000000000010111111111111100101100000000000
11111111111111111111111100010110010111111111111100101100000000000
11111111111111111111111100100010010111111111111100101100010101011
11111111111111111111111110000110010111111111111100101100000000000
11111111111111111111111110101010010111111111111100101100000000000
11111111111111111111111110111100010111111111111100101100000000100
00000000000000000000000000000000010010111111110000000000000000000
00000000000000000000000000000000001010111111110000000000000000000
01000001001011111111111111111111000101111111111100101100000000000
00000000000000000000000000000000100011111111110000000000000000000
01000001001011111111111111111110010011111111111100101100000000000
01000001001011111111111111111111101101111111111100101100000000000
01000001001011111111111111111110011110111111111100101100000000000
11111111111111111111111111111111111111000110111100101100000000000
11111111111111111111111111111111111111000011111100101100000000000
11111111111111111111111111111111111111000001011100101100000000000
11111111111111111111111111111111111111100000111100101100000000000
11111111111111111111111111111111111111110000111100101100000000000
11111111111111111111111111111111111111011000001100101100000000000
11111111111111111111111111111111111111110110001100101100000000000
11111111111111111111111111111111111111111110001100101100000000000
11111111111111000001111111111110010111111111110000111100000000000
11111111111111000001111111111110010111111111110000010100000000000
00000000000000000000000000000000000000000000000000001100000000000
00000000000000000000000000000000000000000000000000001000000000000
11111111111111000001111111111110010111111111111000010100000000000
00000000000000000000000000000000000000000000001100101100000000000
11111111111111000001111111111110010111111111111011010000000000000
11111111111111000001111111111110010111111111111110110000000000000
00000000000000000000001000000000000000000000000000000000010010000
00000000000000000000000000000000000000000000000000000000001110000
00000000000000000000000000000000000000000000000000000000001100000
00000000000000000000000000010000000000000000000000000010000100000
00000000000000000000000000000000000000000000000000000001100010000
00000000000000000000000000010000000000000000000000000001110010000
00000000000000000000001000000000000000000000000000000011001100000
00000000000000000000000000010000000000000000000000000000000000000
00000000000000000000000000000010000000000000000000000000000000011
00000001000000000000000000010000000000000000000000000000000000101
00000001000000000000000000010000000000000000000000000000000000110
