011111111111111111111100000000000000011111110111000000000000000000111111111
101101111111110000000000000001001001000000000000000000000000000000111111111
110101111111110000000011111111001001000000000000000000000111111111111111111
111011111111110000000011111111001001000000000000000000000111111111111111111
100101111111111111111111111111001001011111110111000000000111111111111111111
111110111010101111111111111111001001011111110111000000000111111111111111111
111111011101011111111111111111001001011111110111000000000111111111111111111
111111101101101111111111111111001001011111110111000000000111111111111111111
111111110110001111111111111111001001011111110111000000000111111111111111111
111110111011001111111111111111001001011111110111000000000111111111111111111
111111001100101111111111111111001001011111110111000000000111111111111111111
111110110100011111111111111111001001011111110111000000000111111111111111111
111111010010001111111111111111001001011111110111000000000111111111111111111
111110100001001111111111111111001001011111110111000000000111111111111111111
100011111111110000101100000001001001011111110111000000000000000000111111111
100011111111110000010100000001001001011111110111000000000000000000111111111
100011111111110000001000000001001001011111110111000000000000000000111111111
100011111111110000001000000001001001000000000000000000000000000000111111111
100011111111111000000000000001001001000000000000000000000000000000111111111
100011111111110100000100000001001001000000000000000000000000000000111111111
100011111111111011000000000001001001011111110111000000000000000000111111111
100011111111111100010000000001001001000000000000000000000000000000111111111
001111111111110000000000110110000000000000000000000000000000000000111111111
001111111111110000000000001010000000000000000000000000000000000000111111111
001111111111110000000010000100000000000000000000000000000000000000111111111
001111111111110000000010000110000000000000000000000000000111111111111111111
001111111111110000000001000010000000000000000000000000000111111111111111111
001111111111110000000010110010000000000000000000000000000111111111111111111
001111111111110000000011011100000000000000000000000000000111111111111111111
011111111111111111111100000000001001111111110111000000000000000000111111111
000000000000000000000000000000000101100000000000000000000000000000111111111
000000000000000000000000000000000010100000000000000000000000000000111111111
011111111111111111111100000001000001111111110111000000000000000000111111111
000000000000000000000000000000100000100000000000000000000000000000111111111
000000000000000000000000000000010000000000000000000000000000000000111111111
011111111111111111111100000001101000111111110111000000000000000000111111111
000000000000000000000000000001111101000000000000000000000000000000111111111
100011111111111110001000000001001001000011110111000000000000000000111111111
100011111111111110001000000001001001000001110111000000000000000000111111111
100011111111111110001000000001001001000000110111000000000000000000111111111
100011111111111110001000000001001001010000100000000000000000000000111111111
100011111111111110001000000001001001011000010000000000000000000000111111111
100011111111111110001000000001001001011110000000000000000000000000111111111
100011111111111110001000000001001001011101000111000000000000000000111111111
000000000000000000000000000000000000000000000000111111011000000000111111111
100011111111111110001000000001001001011100010001110000000000000000111111111
100011111111111110001000000001001001011100010001010000000000000000111111111
100011111111111110001000000001001001011100010110000000000000000000111111111
000000000000000000000000000000000000000000001100001111011000000000111111111
000000000000000000000000000000000000000000001110001111011000000000111111111
000000000000000000000000000000000000000000001000110001111000000000111111111
000000000000000000000000000000000000000000001000110000011000000000111111111
000000000000000000000000000000000000000000001000110000011000000000111111111
000000000000000000000000000000000000000000001000111000111000000000111111111
000000000000000000000000000000000000000000000000001001000000000000111111111
000000000000000000000000000000000000000000001000111111001000000000111111111
000000000000000000000000000000000000000000001000111111010000000000111111111
001111111111110000000000011110000000000000000000000000000000010011111111111
001111111111110000000000011110000000000000000000000000000000001111111111111
001111111111110000000000011110000000000000000000000000000000001111111111111
001111111111110000000000011110000000000000000000000000000000001111111111111
001111111111110000000000011110000000000000000000000000000100000001111111111
001111111111110000000000011110000000000000000000000000000011100101111111111
001111111111110000000000011110000000000000000000000000000011101000111111111
001111111111110000000000011110000000000000000000000000000111100001111111111
001111111111110000000000011110000000000000000000000000000111111010111111111
111111111111111111111111111111111111111111111111111111111111111111000011111
111111111111111111111111111111111111111111111111111111111111111111000001111
111111111111111111111111111111111111111111111111111111111111111111000000111
111111111111111111111111111111111111111111111111111111111111111111000000011
111111111111111111111111111111111111111111111111111111111111111111100000000
111111111111111111111111111111111111111111111111111111111111111111110000011
111111111111111111111111111111111111111111111111111111111111111111111000011
111111111111111111111111111111111111111111111111111111111111111111111101100
111111111111111111111111111111111111111111111111111111111111111111111101100
