0110011111111111111111000000000011010111111111111111111
1011111111111111111111000000001111111111111111111111111
1101011111111000000000000000000011010111111111111111111
0110111111111111111111000000001111111111111111111111111
0101011111111000000000000000000011010111111111111111111
1111101110100111111111000000000011010111111111111111111
1111110111010111111111000000000011010111111111111111111
1111111011100111111111000000000011010111111111111111111
1111111101110111111111000000000011010111111111111111111
1111101110110111111111000000000011010111111111111111111
1111110111010111111111000000000011010111111111111111111
1111101011101111111111000000000011010111111111111111111
1111100000010111111111000000000011010111111111111111111
1101011111111011100000000000000011010111111111111111111
1101011111111101101000000000000011010111111111111111111
1101011111111110110000000000000011010111111111111111111
1101011111111111011101000000000011010111111111111111111
1101011111111001101100000000000011010111111111111111111
1101011111111010110110000000000011010111111111111111111
1101011111111000111010000000000011010111111111111111111
1101011111111000001100000000000011010111111111111111111
1101011111111000100000000000000011010111111111111111111
0000000000000000000000011110000011010111111111111111111
0000000000000000000000101100100011010111111111111111111
0000000000000000000000110101100011010111111111111111111
0000000000000000000000111011000011010111111111111111111
0000000000000000000000100100000011010111111111111111111
0000000000000000000000001100100011010111111111111111111
0000000000000000000000011001010011010111111111111111111
0000000000000000000000000000100011010111111111111111111
0101000000000000000000000000000111000111111111111111111
0101000000000000000000000000001011101111111111111111111
1111111111111111111111111111111101101111111111111111111
1111111111111111111111111111111110110111111111111111111
0101000000000000000000000000000111010111111111111111111
1111111111111111111111111111110001100111111111111111111
0101000000000000000000000000000110000111111111111111111
1111111111111111111111111111111111111011101100111111111
1111111111111111111111111111111111111101110010111111111
1111111111111111111111111111111111111110110101111111111
1111111111111111111111111111111111111111011011111111111
1111111111111111111111111111111111111011101100111111111
1111111111111111111111111111111111111100110101111111111
1111111111111111111111111111111111111101011010111111111
1111111111111111111111111111111111111010100100111111111
1111111111111111111111111111111111111001101000111111111
1111111111111111111111111111111111111111111111000101101
1111111111111111111111111111111111111111111111000010111
1111111111111111111111111111111111111111111111000001100
1111111111111111111111111111111111111111111111100000011
1111111111111111111111111111111111111111111111010000010
1111111111111111111111111111111111111111111111101000011
1111111111111111111111111111111111111111111111111000011
1111111111111111111111111111111111111111111111010111101
1111111111111111111111111111111111111111111111110101110
