00101111111111000000000000000000000000000011111111111111111111111110000011101110
00010111111111000000000000000000000000010111111111111111111111111110000011101110
10001001111111000000000000000000000000000011111111111111111111111110000011101110
01000100000000000000000000000000000000010011111111111111111111111110000000000000
10100011111111000000000000000000000000000011111111111111111111111110000011101110
11010010000000000000000000000000000000000011111111111111111111111111100100000000
11001101111111000000000000000000000000000011111111111111111111111110000011101110
11101010001011000000000000000000000000000011111111111111111111111110000000000000
11101010000111000000000000000000000000000011111111111111111111111110000000000000
11101010000101000000000000000000000000000011111111111111111111111110000000000000
11101011000001000000000000000000000000000011111111111111111111111110000000000000
11101010110001000000000000000000000000000011111111111111111111111110000000000000
11101011100000000000000000000000000000000011111111111111111111111110000011101110
11101011111100000000000000000000000000000011111111111111111111111110000000000000
00000000000000000011111000000000000000000011111111111111111111111110000000000000
00000000000000000011001000000000000000000011111111111111111111111110000000000000
00000000000000000000111000000000000000000011111111111111111111111110000000000000
00000000000000000000111000000000000000000011111111111111111111111110000000000000
00000000000000110000110000000000000000000011111111111111111111111110000000000000
00000000000000110000001000000000000000000011111111111111111111111110000000000000
00000000000000101110001000000000000000000011111111111111111111111110000000000000
00000000000000101110001000000000000000000011111111111111111111111110000000000000
00000000000000111101110000000000000000000011111111111111111111111110000000000000
00000000000000000000000001010100001100000011111111111111111111111110000000000000
00000000000000000000000000101100000000000011111111111111111111111110000000000000
00000000000000000000000100001101000100000011111111111111111111111110000000000000
00000000000000000000000010011000000000000011111111111111111111111110000000000000
00000000000000000000000100101100000000000011111111111111111111111110000000000000
00000000000000000000000011110100000000000011111111111111111111111110000000000000
00000000000000000000000111011010000000000011111111111111111111111110000000000000
00000000000000000000000000000100010100000011111111111111111111111110000000000000
00000000000000000000000001000000000100000011111111111111111111111110000000000000
00000000000000000000000000000000001100000011111111111111111111111110000000000000
00000000000000000000000000000010000000000011111111111111111111111110000000000000
00000000000000000000000100000000100000000011111111111111111111111110000000000000
00000000000000000000000101000011100000000011111111111111111111111110000000000000
00000000000000000000000000000000000000101111111111111111111111111110000000000000
00000000000000000000000000000000000000001111111111111111111111111110000000000000
00000000000000000000000000000000000010001111111111111111111111111110000000000000
01010000000000000000000000000000000000000011111111111111111111111110000000000000
00000000000000000000000000000000000011100111111111111111111111111110000000000000
01000000000000000000000000000000000011101011111111111111111111111110000000000000
11111111111111111111111111111111111111111100001111111111111111111110000011101110
11111111111111111111111111111111111111111100001111111111111111111110000011101110
11111111111111111111111111111111111111111100001111111111111111111110000011101110
11111111111111111111111111111111111111111100000011111111111111111110000011101110
11111111111111111111111111111111111111111111100111111111111111111110000011101110
11111111111111111111111111111111111111111111101011111111111111111110000011101110
11111111111111111111111111111111111111111111111101111111111111111110000011101110
11111111111111111111111111111111111111111111111110001101011111111110000011101110
11111111111111111111111111111111111111111111111110000010111111111110000011101110
11111111111111111111111111111111111111111111111110000010101111111110000011101110
11111111111111111111111111111111111111111111111111000101011111111110000011101110
11111111111111111111111111111111111111111111111111001001011111111110000011101110
11111111111111111111111111111111111111111111111110110000111111111110000011101110
11111111111111111111111111111111111111111111111111001100001111111111001011101110
11111111111111111111111111111111111111111111111110110010001111111110000011101110
11111111111111111111111111111111111111111111111111101110001111111110000011101110
11111111111111111111111111111111111111111111111111111111110001101100000011101110
11111111111111111111111111111111111111111111111111111111110000110110000011101110
11111111111111111111111111111111111111111111111111111111110000011100000011101110
11111111111111111111111111111111111111111111111111111111111000001000000011101110
11111111111111111111111111111111111111111111111111111111111100000010000011101110
11111111111111111111111111111111111111111111111111111111110110000010000011101110
11111111111111111111111111111111111111111111111111111111111011000110001111101110
11111111111111111111111111111111111111111111111111111111111110001010000011101110
11111111111111111111111111111111111111111111111111111111110100111100000011101110
00000100000000000000000000000000000000000000000000000001000000000000011100000000
00000100000000000000000000000000000000000000000000000000000000000000011100000000
00000000000000000000000000000000000000000000000000000000000000000001101100000000
00000000000000000000000000000000000000000000000000000001000000001001110100000000
00000100000000000000000000000000000000000000000000000000000000001001111000000000
11101010000010000000000000000000000000000011111111111111111111111110000000001100
11101010000010000000000000000000000000000011111111111111111111111110000000000111
11101010000010000000000000000000000000000011111111111111111111111110000000000010
00000000000000000000000000000000000000000000000000000000000000000000000000000010
11101010000010000000000000000000000000000011111111111111111111111110000010000001
11101010000010000000000000000000000000000011111111111111111111111110000011000001
11101010000010000000000000000000000000000011111111111111111111111110000001110001
00000000000000000000000000000000000000000000000000000000000000000000000001001110
