01100000000000001111111001100111111
10100101000000001111111001100111111
11011010000000001111111001100111100
00101100000000001111111001100111111
00110111000000001111111001100111111
01011010000000001111101001100111111
00101100000000001111111001100111111
01001000000000000001111001100111111
00000000011100001111111111111011111
00000000101110001111111111111111111
00000000110111101111111111111111111
00000000111011111111111111111111111
00000000011101001111111111111101100
00000000001110101111111111111111111
00000000001101011111111111111111111
00000000000100101111111111111111111
11111110111111110110011111111111111
11111110111111111011111111111111111
11111110111111111101101111111111111
11111111111111110110011111111111111
11111111111111110110011111111111111
11111011111111111101101111111111111
11111111111111111111110111000111111
00000000111111111111111011100111111
00000000111111111111111101100111111
11111111111111111111111110111111111
11111111111111111111110111011111111
00000000111111111111110001101111111
00000000111111111111110001110111111
11111111011111111111111111111010100
11111111111101111111111111111101000
11111111111111111111111111111010110
11111111111111111111111111111101011
11011111111101111111111111111001100
11011111111101111111111111111000100
