001001111111111110000000000000111111111111111
000111111111111110000000000000111111111111111
100000011111111110000000000000111111111111111
010001111111111110011110000000111111111111111
010000111111111110011110000000111111111111111
110100001111111110011110000000111111111111111
110110011111111110011110000000111111111111111
111110101111111110011110000000111111111111111
111111110000111110011110000000111111111111111
111111110000110110011110000000111111111111111
111111110000011010011110000000111111111111111
111111110000001100011110000000111111111111111
111111111100011110011110000000111111111111111
111111111110100110011110000000111111111111111
111111111011100110011110000000111111111111111
111111111101111010011110000000111111111111111
111111111110111100011110000000111111111111111
000000000000000000101000000000111111111111111
000000000000000001000110000000111111111111111
000111111111111110001111111111111111111111111
000111111111111111010111111111111111111111111
000111111111111110111011111111111111111111111
000111111111111110111101111111111111111111111
000000000000000000011110001011111111111111111
000000000000000000011110000111111111111111111
000000000000000000011110000101111111111111111
000000000000000000011111000011111111111111111
000000000000000000011110110011111111111111111
000000000000000000011111101100111111111111111
000000000000000000011111111100111111111111111
111111111111111111111111111111000111101111111
111111111111111111111111111111000011111111111
111111111111111111111111111111000001111111111
111111111111111111111111111111100000000000000
111111111111111111111111111111110001110000000
111111111111111111111111111111111010011111111
111111111111111111111111111111111010011111111
111111111111111111111111111111011011101111111
111111111111111111111111111111111001110010111
111111111111111111111111111111111001110001111
111111111111111111111111111111111001111001111
111111111111111111111111111111111001110110011
111111111111111111111111111111111001111110011
111111111111111111111111111111111001111111100
111111111111111111111111111111111001111111100
