00000101000000000000000000111111111000000000000000
00000010000000000000000000111111111000000000000000
00000001000000000000000000111111111000000000000000
00000000000000000000000000111111111000000000000000
00000000000000000000000000111111111000000000000000
10000000000000000000000000111111111000000000000000
01000000000000000000000000111111111000000000000000
10100000000000000000000000111111111000000000000000
00000000000010111000000000111111111000000000000000
00000000000010101000000000111111111000000000000000
00000000000001111000000000111111111000000000000000
00000000000001011000000000111111111000000000000000
00000000110001111000000000111111111000000000000000
00000000001110001000000000111111111000000000000000
00000000111010011000000000111111111000000000000000
00000000101110101000000000111111111000000000000000
00000000111111110000000000111111111000000000000000
00000000000000000000110111111111111000000000000000
00000000000000000000011101111111111000000000000000
00000000000000000000001111111111111000000000000000
00000000000000000100000110111111111000000000000000
00000000000000000110000011111111111000000000000000
00000000000000000011000111111111111000000000000000
00000000000000000111101011111111111000000000000000
00000000000000000101111101111111111000000000000000
00000000000000000111011110111111111000000000000000
11111111111111111111111111000101111000000000000000
11111111111111111111111111000010110000000000000000
11111111111111111111111111000001111000000000000000
11111111111111111111111111100001100000000000000000
11111111111111111111111111010000011000000000000000
11111111111111111111111111101100001000000000010010
11111111111111111111111111111100001000000000000000
11111111111111111111111111111010000000000000000000
11111111111111111111111111101011100000000000000000
00000000000000000000000000000000000000100111000000
00000000000000000000000000000000000000010111000000
00000000000000000000000000000000000000001011000000
00000000000000000000000000000000000100000101000000
00000000000000000000000000000000000010000011000000
00000000000000000000000000000000000001000011000000
00000000000000000000000000000000000110100000000000
00000000000000000000000000000000000111011000000000
00000000000000000000000000000000000111111000000000
00000000000000000000000000000000000000000000001011
00000000000000000000000000000001000000000000000001
00000000000000000000000000000000000000000000100011
00000000000000000000000000000000000000000000000000
00000000000000000000000000000001000000000000101001
00000000000000000000000000000000000000000000111010
