0001101111111111111111111101011111111100
0001011111111111111111110000011111101100
0000111111111111111111110000011111111100
1100001111111111111111110000011111111111
1010001101111111111111110000011111111111
0110000001111111111111110000011111111111
1111100011111111111111110000011111111111
1111100011111111111111110000011111111111
1111001101111111111111110000011111111111
1111111110001001111111110000011111111111
1111111110000101011111110000011111111111
1111111110000010111111110000011111111111
1111111111000001111111110000011111111111
1111111110100000111111110000011111111111
1111111110010000111111110000011111111111
1111111111101000111111111111011111111111
1111111111011111011111110000011111111111
1111111111111111100011110000011111111111
1111111111111111100001010000011111111111
1111111111111111100001110000011111111111
1111111111111111110000010000011111111111
1111111111111111111100110000011111111111
1111111111111111110101010000011111111111
1111111111111111111111100000011111111111
1000000000000001000000000001110011111111
1000000000000001000000000001011110111111
0000000000000001000000000000111111101100
1000000000000001000000001100111111111111
0000000000000000000000001011011111111111
1111111111111111111111111111101100011111
1111111111111111111111110111110100011111
1111111111111111111111110111111010011111
1111111111111111111111111111100100011111
1111111111111111111111111011100000111111
1111111111111111111111111111100001011111
1011111111111111111111111101111111101111
1111111111111111111111111111111111110101
1111111111111111111111111111111111111010
0001111111111111111111111101111111110100
0001111111111111111111111101111111111000
