01111010101111111111100000011111111
10111011101111111111110111011111111
11011100000000111111100000011111111
11101101000000111111110000011111111
11110110100001111111100000011111111
00111000000000111111100000011111111
11001001000000111111100000011111111
01010010000000111111100000011111111
11001000010000111111100000011111111
00000000100000111111100000011111111
11000000000001111111100000011111111
11000000000001111111100000011111111
11000000000000111111100000011111111
11001000001100111111100000011111111
11111111111111001101100000000000000
11111111111111000010100000000000000
11111111111111100101100000000000000
11111111111111101001100001100000000
11111111111111010001100000011111111
11111111111111101110100000000000000
11111111111111111111000000000000000
01010000000000000000000010100000000
00000000000000000000000001000000000
01000000000000000000000000100000000
01000000000000000000010000000000000
01000000000000000100001000100000000
00000000000000000100010101000000000
11111111111111000010000000000011001
11111111111111000010000000000001110
11111111111111000010000000000000111
11111111111111000010000000010000001
11111111111111000010000000011000111
11111111111111000010000000001101010
11111111111111000010000000001101101
11111111111111000010000000010111010
