00010110011000011111111111111111100000000000000000000000000000000
00001010000000011111111111111111100000000000000000000000000000000
00000100000000011111111111111111100000000000000000000000000000000
10000010011000011111111111111111100000000011110000000000000000000
01000100000000011111111111111111100000000000000000011000000000000
10101010011000011111111111111111100000000000000000000000000000000
11010100000000011111111111111111100000000000000000011000000000000
00000000000011111111111111111111100000000000000000000000000000000
00000000000010111111111111111111100000000000000000000000000000000
10010100000001111111111111111111100000000000000000000000000000000
10010100000000111111111111111111100000000000000000000000000000000
00000000000001011111111111111111100000000000000000000000000000000
00000001100001111111111111111111100000000000000000000000000000000
00000001010110111111111111111111100000000000000000000000000000000
00000001111011011111111111111111100000000000000000000000000000000
11111111111111100001011111111111100000000111010000011000000000000
11111111111111100000101111111111100000000000000000011000000000000
11111111111111100000010111111111100000000000000000011000000000000
11111111111111100000001111111111100000000000000000011000000000000
11111111111111110000010111111111100000000000000000011000000000000
11111111111111101000001111111111100000000000000000011000000000000
11111111111111110101000111111111100000000110101001011000000000000
11111111111111111010100111111111100000000000000000011000000000000
11111111111111111111111011111111100000000000001001011000000000000
11111111111111111111111100011111100000000000000110011000000000000
11111111111111111111111100010111000000000000000000011000000000000
11111111111111111111111100001111000000000000000000011000000000000
11111111111111111111111111000011100000000000000000011000000000000
11111111111111111111111110100011100000000000000000011000000000000
11111111111111111111111111100000100000000000000000011000000000000
11111111111111111111111111111000100000000000000000011000000000000
11111111111111111111111111111000100000000000000000011000000000000
11111111111111111111111110011111000000000000000000011000000000000
00000000000000000000000000000000000001110000000000000000000000000
00000000000000000000000000000000000010010000000000000000000000000
00000000000000000000000000000000000001111000000000000000000000000
00000000000000000000000000000000001000010000000000000000000000000
00000000000000000000000000000000010100101000000000000000000000000
00000000000000000000000000000000010101001000000000000000000000000
00000000000000000000000000000000011110001000000000000000000000000
00000000000000000000000000000000000101110000000000000000000000000
00000000000000010000010000000000000000000000110000000000000000000
00010000000000010000010000000000000000000000100000000000000000000
00010000000000010000000000000000000000000000010000000000000000000
00010000000000000000010000000000000000000110000000000000000000000
00010000000000010000000000000000000000000101000000000000000000000
00000000000000000000010100000000000000000000000001000000000000000
00000000000000000000000010000000000000000000000001000000000000000
00000000000000000000000010000000000000000000000000000000000000000
00000000000000000000010100000000000000000000001100000000001111111
00000000000000000000000000000000000000000000000000000010110000000
00001010000000011111111111111111100000000000000000000001010000000
00001010000000011111111111111111100000000000000000000001010000000
00000000000000000000000000000000000000000000000000000000100000000
00000000000000000000000000000000000000000000000000100000000000000
00000000000000000000000000000000000000000000000000011000000000000
00000000000000000000000000000000000000000000000000100100000000000
00000000000000000000000000000000000000000000000000111000000000000
00000000000000000000000000000000000000000000000001000000000011011
00000000000000000000000000000000000000000000000001000000000010111
00000000000000000000000000000000000000000000000001000000001100010
00000000000000000000000000000000000000000000000001000000001000011
00000000000000000000000000000000000000000000000001000000000100001
00000000000000000000000000000000000000000000000001000000001111001
00000000000000000000000000000000000000000000000001000000001101110
