01111010011111111101111000000000111111111111111111
10111010011111111111111100000000111111111111111111
11011101011111111111111100000000111111111111111111
11101101011111111111111100000000111111111111111111
11110110111111111111111100000000111111111111111111
00111010011111111111010000000000111111111111111111
11001101111111111111111100000000111111111111111111
00110010111111111111110100000000111111111111111111
00001011011111111111111100000000111111111111111111
11111111101110100011111100000000111111111111111111
11111111110111000011111100000000111111111111111111
11111111111011001011111100000000111111111111111111
11111111111101111111111100000000111111111111111111
11111111101110110011111100000000111111111111111111
11111111110011000011111100000000111111111111111111
11111111100011000011111100000000111111111111111111
11111111100110000111111100000000111111111111111111
11111111100010001011111100000000111111111111111111
01111111111111111101000000000000111111111111111111
11111111111111111110100100000000111111111111111111
11111011111111111101001000000000111111111111111111
11111111111111111100000000000000111111111111111111
11111010111111111100100000000000111111111111111111
01111011111111111101000000000000111111111111111111
00000000000000000000000001100000111111111111111111
00000000000000000000000010110000111111111111111111
00000000000000000000000011010000111111111111111111
00000000000000000000000001101100111111111111111111
00000000000000000000000000010100111111111111111111
00000000000000000000000000011010111111111111111111
00000000000000000000000000000100111111111111111111
00000000000000000000000000000000111111111111111111
11111111111111111111111111111111011101000111111111
11111111111111111111111111111111101110000111111111
11111111111111111111111111111111110110100111111111
11111111111111111111111111111111111011000111111111
11111111111111111111111111111111011101101111111111
11111111111111111111111111111111100110110111111111
11111111111111111111111111111111001011010111111111
11111111111111111111111111111111000001100111111111
11111111111111111111111111111111000010000111111111
11111111111111111111111111111111111111111011000010
11111111111111111111111111111111111111111101100010
11111111111111111111111111111111111111111110111101
11111111111111111111111111111111111111111011011100
11111111111111111111111111111111111111111001100000
11111111111111111111111111111111111111111001100000
11111111111111111111111111111111111111111001100000
11111111111111111111111111111111111111111110000001
11111111111111111111111111111111111111111001000010
