00011001111111111111111111111111111
00000111111111111111111111111111111
00000011111111111111111111111111111
10001001111111111111111111111111111
10010001111111111111111111111111111
01000011111111111111111111111111111
01100101111111111111111111111111111
11111110001101000000011111111111111
11111110000011000000011111111111111
11111110000001000000011111111111111
11111111000011000000011111111111111
11111111000000000000011111111111111
11111110101000111111111111111111111
11111111111000000000011111111111111
11111110000010000010111111111111111
11111110000010000001011111111111111
11111110000010000000011111111111111
11111110000010000000011111111111111
11111110000010100000111111111111111
11111110000010010000111111111111111
11111110000010100011011111111111111
11111111111111111111100010110000000
11111111111111111111100001000000000
11111111111111111111100000100000000
11111111111111111111110000110000000
11111111111111111111101000001111111
11111111111111111111110110010000000
11111111111111111111110010101111111
11111111111111111111100001010000101
11111111111111111111100001010000011
11111111111111111111100001010000011
11111111111111111111100001010000001
11111111111111111111100001011000000
11111111111111111111100001010110001
11111111111111111111100001011111010
