01000000000110110000000000111111111
10100000000110110000000000111111111
01011000000110110000000000111111111
00101011111111111111111111111111111
00110100000110110000000000000000000
00001011111111111111111111111111111
00010101011111111111111111000000000
00010110110111111111111111000000000
00010101011111111111111111000000000
00010111100110110000000000000000000
00010110100110110011111111000000000
11111111111011010011111111111111111
11111111111101101011111111111111111
00010111100110110011111111000000000
11111111111011010111111111111111111
11111111111101101011111111111111111
00010111100010010111111111000000000
00010111100000101011111111000000000
00010111101111111101100100000000000
00010111101111111110110000000000000
00010111101111111111010010000000000
00010111101111111101101000000000000
00010111101111111100010000000000000
00010111101111111110000000000000000
00010111101111111100100001000000000
00010111101111111100000010000000000
11110100000110110000000000000011111
11110100000110110000000000000010001
11110100000110110000000000000001111
11110100000110110000000000000001111
11110100000110110000000000110000000
11110100000110110000000000101100011
11110100000110110000000000101100001
11110100000110110000000000101101000
11110100000110110000000000111101100
