0000111101111110000000001111111111111111111111111111111111111111000000
0000010111111110000000001111111111111111111111111111111111111111000000
0000001111111110000000001111111111111111111111111111111111111111000000
0000001001010100000000001111111111111111111111111111111111111111000000
1000010111111110000000001111111111111111111111111111111111111111111011
1100100011111100000000001111111111111111111111111111111111111111000000
1011000111111110000000001111111111111111111111111111111111111111000000
1110101011110000000000001111111111111111111111111111111111111111000000
0110111101111110000000001111111111111111111111111111111111111111000000
1111111110110000000000001111111111111111111111111111111111111111000000
1110111111011000000000001111111111111111111111111111111111111111000000
1111111111101110000000001111111111111111111111111111111111111111000000
1110111010110000000000001111111111111111111111111111111111111111000000
1111111010010000000000001111111111111111111111111111111111111111000000
1110101010010000000000001111111111111111111111111111111111111111000000
0000000000000000110100001111111111111111111111111111111111111111000000
0000000000000001011010101111111111111111111111111111111111111111000000
0000000000000001101100001111111111111111111111111111111111111111000000
0000000000000000110111101111111111111111111111111111111111111111000000
0000000000000001011011011111111111111111111111111111111111111111000000
0000000000000000101100001111111111111111111111111111111111111111000000
0000000000000000001100001111111111111111111111111111111111111111000000
0000000000000000101000001111111111111111111111111111111111111111000000
0000000000000000000100001111111111111111111111111111111111111111000000
1111111111111111111111110111000011111010111111111111111111111111000000
1111111111111111111111111011000011111010111111111111111111111111000000
1111111111111111111111111101010011111111111111111111111111111111000000
1111111111111111111111111110101011111010111111111111111111111111000000
1111111111111111111111110001011011111010111111111111111111111111000000
1111111111111111111111110010100011111111111111111111111111111111000000
1111111111111111111111110001100011111010111111111111111111111111000000
1111111111111111111111110000000011111010111111111111111111111111000000
1111111111111111111111111111111101111001111111111111111111111111000000
1111111111111111111111111111111110111101111111111111111111111111000000
1111111111111111111111111111111111011101111111111111111111111111000000
1111111111111111111111111111111111101110111111111111111111111111000000
1111111111111111111111111111111111110110111111111111111111111111000000
1111111111111111111111110010010001111000111111111111111111111111000000
1111111111111111111111111111111100011000111111111111111111111111000000
1111111111111111111111110010010011100000111111111111111111111111000000
1111111111111111111111111111111111111111010000011111111111111111000000
1111111111111111111111111111111111111111101000011111111111111111000000
1111111111111111111111111111111111111111010000011111111111111111000000
1111111111111111111111111111111111111111000010011111111111111111000000
1111111111111111111111111111111111111111000101011111111111111111000000
1111111111111111111111111111111111111111000010011111111111111111000000
1111111111111111111111111111111111111111000000011111111111111111000000
1111111111111111111111111111111111111111111111100001011111111111000000
1111111111111111111111111111111111111111111111100000111111111111000000
1111111111111111111111111111111111111111111111100000111011111111000000
1111111111111111111111111111111111111111111111100000011111111111000000
1111111111111111111111111111111111111111111111110000001011111111011001
1111111111111111111111111111111111111111111111101100000111111111000000
1111111111111111111111111111111111111111111111111110000111111111000000
1111111111111111111111111111111111111111111111111111000111111111000000
1111111111111111111111111111111111111111111111111010111011111111000000
1111111111111111111111111111111111111111111111111111111100010111000000
1111111111111111111111111111111111111111111111111111111100001011000000
1111111111111111111111111111111111111111111111111111111100000000000000
1111111111111111111111111111111111111111111111111111111110000111000000
1111111111111111111111111111111111111111111111111111111101000000000000
1111111111111111111111111111111111111111111111111111111110010011000000
1111111111111111111111111111111111111111111111111111111111010101000000
1111111111111111111111111111111111111111111111111111111111010110000000
0000100000000000000000000000000000000000000000000000000000000000000111
0000100000000000000000000000000000000000000000000001000000000000000011
0000100000000000000000000000000000000000000000000001000000000000000001
0000000000000000000000000000000000000000000000000000000000000000100000
0000100000000000000000000000000000000000000000000000000000000000110001
0000100000000000000000000000000000000000000000000001000000000000111010
