0111101000000000011101011111111111111111
1011100000000000011101011111111111111111
1101110000000000011101011111111111111111
1110110000000000011101011111111111111111
1111011000000000011101011111111111111111
0011100000000000011101011111111111111111
1000100000000000011101011111111111111111
0000000011100000011101011111111111111111
0000000101110100011101011111111111111111
0000000110111000011101011111111111111111
0000000111011010011101011111111111111111
0000000011101000011101011111111111111111
0000000001110110011101011111111111111111
0000000010001011011101011111111111111111
0000000000101101011101011111111111111111
0000000000000110011101011111111111111111
0000000000000000011101001111111111111111
1111111111111111101010101111111111111111
1111111111111111110110001111111111111111
1111111111111111101010101111111111111111
0000000000000000011101011111111111111111
1111111111111111100010101111111111111111
0000000000000000010101001111111111111111
1111111111111111000010001111111111111111
1111111111111111111111110110010011111111
1111111111111111111111111011100011111111
1111111111111111111111111101101111111111
1111111111111111111111110110010011111111
1111111111111111111111110110011011111111
1111111111111111111111111001101011111111
1111111111111111111111110010110011111111
1111111111111111111111110010000011111111
1111111111111111111111111111111101110000
1111111111111111111111111111111110111001
1111111111111111111111111111111111011001
1111111111111111111111111111111111101110
1111111111111111111111111111111101110110
1111111111111111111111111111111100011010
1111111111111111111111111111111100011100
1111111111111111111111111111111101100000
