001000100000011111110000000000000000000000011111111000000000
000111111110111111110000001110000000000000011111111000000000
100000000000011111110000000000000000000000011111111000000000
010001101000111111110000000000000000000000011111111000000000
010001100000011111110000000000000000000000011111111000000000
010110000001011111110000000111000000000000011111111000000000
110110000000011111110000000000000000000000011111111000000000
010000000011111111110000000000000000000000011111111000000000
010100000001111111110000000000000000000000011111111000000000
010000000001111111110000000000000000000000011111111000000000
010000010000111111110000000000000000000000011111111000000000
000001011100111111110000000000000000000000011111111000000000
010100011111011111110000000000000000000000011111111000000000
111111111111100001110000000000000000000000011111111000000000
111111111111100000110000000000000000000000011111111000000000
111111111111100000110000000000000000000000011111111000000000
111111111111100000000000000000000000000000011111111000000000
111111111111110000010000000000000000000000011111111000000000
111111111111111100000000000000000000000000000000000000000000
111111111111111101000001111110000000000000011111111000000000
000000000000000000000111110000000000000000000000000000000000
000000000000000000001010110000111111111101100000000000000000
000000000000000000001100110000111111111101100000000000000000
000000000000000000011000010000111111111101100000000000000000
000000000000000000011110000000111111111101100000000000000000
000000000000000000011111000000111111111101100000000000000000
010000000000000000010000000011000000000000011111111000000000
010001000000000000010000000011000000000000000000000000000000
010001000000000000010000001101000000000000000000000000000000
000001000000000000000000001110000000000000011111111000000000
000000000000000000000111110000000001111101100000000000000000
000000000000000000000111110000000010111101100000000000000000
000000000000000000000111110000000001000000000000000000000000
000000000000000000000111110000000001000000000000000000000000
000000000000000000000111110000010000100000000000000000000000
000000000000000000000111110000101100000000000000000000000000
000000000000000000000111110000110010011101100000000000000000
000000000000000000000111110000110000100010100000000000000000
000000000000000000000111110000110000100000100000000000000000
000000000000000000000111110000110000100000100000000000000000
000000000000000000000000000000000000010000100000000000000000
000000000000000000000111110000110000100000100000000000000000
000000000000000000000111110000110000111111000000000000000000
111111111111111111010000001001000000000000001101000000000000
111111111111111111010000001001000000000000010110000000000000
111111111111111111010000001001000000000000011010100000000000
111111111111111111010000001001000000000000001101100000000000
111111111111111111010000001001000000000000010010111000000000
111111111111111111010000001001000000000000000111000000000000
111111111111111111010000001001000000000000000001001000000000
111111111111111111010000001001000000000000000001010000000000
000000000000000000000000000000000000000000000000000001011111
000000000000000000000000000000000000000000000000000000101111
000000000000000000000000000000000000000000000000000100010110
000000000000000000000000000000000000000000000000000010001111
000000000000000000000000000000000000000000000000000101000001
000000000000000000000000000000000000000000000000000110100111
000000000000000000000000000000000000000000000000000111101011
000000000000000000000000000000000000000000000000000111101101
000000000000000000000000000000000000000000000000000110111110
