0110000111111111111110100
1011110111111111111111111
1101100111111111111111111
0110100111111111111110101
0111010000000001000101111
0100101000000001111111111
0000010000000001111111100
1111000011100011111111111
1111000101110011111111111
1111000110111001111111111
1111000111011101111111111
1111000011100011111101111
1111000001100101011111111
1111000000101001111111111
1111000110010001111111111
1111111111111110110001111
1111011111110111011101111
1111011111111111101101111
1111011111111110110011111
1111111111111110110011111
1111011111101110001101111
0110111111111111111110010
1111111111111111111110011
0110110111111111111111100
0111110111111111111110100
