0110100000000000000000000000011111110010101000011111111
1011010000000001000000000000011111110000000100011111111
1101100000000000000110000000011111110000000001111111111
0110111000000000000000000000011111110010101000011111111
1011000000000000000000000000011111110010101000011111111
0101000000000000000000000000011111110000000000011111111
0001000000000000000000000000011111110000000000011111111
0000000011011000000000000000011111110000000000011111111
0000000101110000000000000000011111110000000000011111111
0000000110110110000000000000011111110000000000011111111
0000000011011000000000000000011111110000000000011111111
0000000111101000000000000000011111110000000000011111111
0000000100110110000000000000011111110000000000011111111
0000000001001010000000000000011111110000000000011111111
0000000001001100000000000000011111110000000000011111111
0100000000000000000010000000011111110000000000011111111
0000000000000000000010000000011111110000000000011111111
0000000000000000000000000000011111110000000000011111111
0000000000000000000000000000011111110000000000011111111
0010000000000000000000000000011111110000000000011111111
0010000000000001100000000000011111110000000000011111111
0000000000000000000000001111111111110000000000011111111
0000000000000000000000001001111111110000000000011111111
0000000000000000000000000110111111110000000000011111111
0000000000000000000001100001011111110000000000011111111
0000000000000000000001010001111111110000000000011111111
0000000000000000000001010000111111110000000000011111111
0000000000000000000001101100111111110000000000011111111
0000000000000000000001110111011111110000000000011111111
1111111111111111111111111111100000110010101100011111111
1111111111111111111111111111100000010010101000011111111
1111111111111111111111111111100001110010101000011111111
1111111111111111111111111111100001110010101000011111111
1111111111111111111111111111100110100010101000011111111
1111111111111111111111111111110111010010101000011111111
1111111111111111111111111111111110100010101000011111111
0000000000000000000000000000000000000010111000011111111
0000000000000000000000000000000000000001011000011111111
1001100000000000000000000000011111111001000000011111111
0000000000000000000000000000000000000110111000011111111
1001100000000000000000000000011111111001011000011111111
0000000000000000000000000000000000001101101000011111111
1001100000000000000000000000011111111101110000011111111
0100000000000000000000000000010000000000000001111111111
0000000000000000000000000000000000000000000000111111111
0010000000000000000000000000000000000000000100111111111
0010000000000000000000000000000000000000000111011111111
1111111111111111111111111111111111111111111111100010110
1111111111111111111111111111111111111111111111100001011
1111111111111111111111111111111111111111111111100000111
1111111111111111111111111111111111111111111111110000000
1111111111111111111111111111111111111111111111101000011
1111111111111111111111111111111111111111111111110100001
1111111111111111111111111111111111111111111111111101001
1111111111111111111111111111111111111111111111101101110
