000101111111111111111111100000
000010111111111111111111100000
000001100111111111111111100000
100000010111111111111111100011
010000011111111111111111100000
101000001111111111111111100000
111000001111111111111111100000
110110001111111111111111100011
110011110111111111111111100000
111111111000111100000000000000
111111111000011111111111100000
111111111000001100000000000000
111111111100010000000000000000
111111111110101100000000000000
111111111111010100000000000000
111111111111011000000000000000
111111111010000000001011100000
111111111010000000000111000000
111111111010000000000101100000
111111111010000000000011100000
111111111010000010000000110001
111111111010000001100001100000
111111111010000011010000100000
111111111010000011110100100000
111111111010000010111111010000
000000000000000000001000100111
000000000000000000000000000001
000000000000000000000000010011
000100010000000000000000010100
000100010000000000001000011100
