0001110000000000011011111111000000011111111111111111111000101111111111
0000011000000000000011111111000000011111111111111111111000111111111111
0000101111000100000011111111001101111111111111111111111000111111111111
1000011000000010110011111111000000011111111111111111111000111111111111
1010001111000100000011111111001101111111111111111111111000111111111111
1101001111000100110111111111001101111111111111111111111000111111111111
0111110000000000000011111111000000011111111111111111111000111111111111
0010110001001100000011111111000000011111111111111111111000111111111111
0010110000010000000011111111000000011111111111111111111000111111111111
0010110100001000000011111111000000011111111111111111111000111111111111
0000000000000100000011111111001101111111111111111111111000111001111111
0000000010000000000011111111000000011111111111111111111000010111111111
0000000101000000000011111111000000011111111111111111111000000001111111
0010110100100000000011111111001101111111111111111111111000111111111111
0001000000000000111111111111000000011111111111111111111000111111111111
0000000000000000001011111111000000011111111111111111111000111111111111
0001010000000010001111111111000000011111111111111111111000111111111111
1001010000000010000111111111000000011111111111111111111000111111111111
1000000000000011100111111111000000011111111111111111111000111111111111
0000010000000010111011111111000000011111111111111111111000111111111111
1111111111111111111100011111001101111111111111111111111000111110000000
1111111111111111111100010001001101111111111111111111111000111110000000
1111111111111111111100001110001101111111111111111111111000111110000000
1111111111111111111111000100001101111111111111111111111000111110000000
1111111111111111111110100011001101111111111111111111111000111110000000
1111111111111111111110110000001101111111111111111111111000111110000000
1111111111111111111110101001001101111111111111111111111000111111111111
1111111111111111111111001010001101111111111111111111111000111111111111
0000000000000000000000000000000011111111111111111111111000111110000000
0000000000000000000000000000000010011111111110000011111000111110000000
0010110000100100000011111111000001111111111111111111111111111111111111
0010110000100100000011111111000001111111111111111111111111111111111111
0000000000000000000000000000110001011111111111111111111111111110000000
0010110000100100000011111111101110111111111111111111111000111111111111
0010110000100100000011111111101101011111111111111111111111111111111111
1111111111111111111111111111111111100001111111111111111111111111111111
1111111111111111111111111111111111100001111111111111111111111111111111
1111111111111111111111111111111111100000101111111111111111111111111111
1111111111111111111111111111111111100000011111111111111111111111111111
1111111111111111111111111111111111111000011111111111111111111111111111
1111111111111111111111111111111111111100001111111111111111111111111111
1111111111111111111111111111111111111011000111111111111111111111111111
1111111111111111111111111111111111111111100011111111111111111111111111
1111111111111111111111111111111111111111110011111111111111111111111111
1111111111111111111111111111111111111111111101100011111111111111111111
1111111111111111111111111111101111111111111110110011111111111111111111
1111111111111111111111111111101111111111111111010011111111111111111111
1111111111111111111111111111101111111111111101101011111111111111111111
1111111111111111111111111111101111111111111100010011111111111111111111
1111111111111111111111111111101111111111111100000011111111111111111111
1111111111111111111111111111111111111111111111111101110000111111111111
1111111111111111111111111111111111111111111111111110110011111111111111
1111111111111111111111111111111111111111111111111111011100111111111111
1111111111111111111111111111111111111111111111111111101110111111111111
1111111111111111111111111111111111111111111111111100110000111111111111
0000000000000000000000000000001110111111111111111100110010111110000000
0000000000000000000000000000001110111111111111111101010100111110000000
0000000000000000000000000000001110111111111111111101000000111110000000
1111111111100111111111111111111111111111111111111111111111010001111111
0111111111110111111111111111111111111111111111111111111111101111111111
1111111111100111111111111111111111111111111111111111111111010001111111
1111111111010111111111111111111111111111111111111111111111010001111111
1111111111010111111111111111111111111111111111111111111111010001111111
1111111111111111111100000011001101111111111111111111111000111110111000
1111111111111111111100000011001101111111111111111111111000111111011010
1111111111111111111100000011001101111111111111111111111000111111101100
1111111111111111111100000011001101111111111111111111111000111111110111
1111111111111111111100000011001101111111111111111111111000111110011011
1111111111111111111100000011001101111111111111111111111000111110101100
1111111111111111111100000011001101111111111111111111111000111110001100
