0000100000000000000000000
0000010000000000000000000
0000000000000000000000000
0000010000000000011111111
1000010000000000011111111
0101100000000000011111111
0000000101110011100000000
0000001001010000000000000
0000000000110000000000000
0000001100111000000000000
0000001011010000000000000
0000001111101110000000000
0000000001010010000000000
0000000000010011100000000
0000001000011100100000000
0000001000000100000000000
0000001000000110000000000
0001110000000000000010111
0001110000000000000001011
0001110000000000000001001
0001110000000000010000011
0001110000000000001100100
0001110000000000010001011
0001110000000000011010101
0001110000000000011110110
