000101010000000000000000000000
000011110000000000000000000000
000010100000000000000000000000
100001111000100000000011111111
011000010000000000000000000000
110100110000000000000000000000
011101011000100000000011111111
110111101000100000000011111111
000100110001110000000011111111
000000000001110000000011111111
000000000000010000000011111111
000000001100000000000000000000
000100111100010000000011111111
000000001110100000000000000000
000000000000000000111100000000
000000000000000001000100000000
000000000000000000111100000000
000000000000000100000100000000
000000000000001010001100000000
000000000000001010000000000000
000000000000001010100100000000
000000000000001111101000000000
000100111110100000000001110000
000100111110100000000010110000
000100111110100000000011011000
000100111110100000000011101101
000100111110100000000000110010
000100111110100000000000010010
000100111110100000000000001101
000100111110100000000000010010
