00001110000000000000011111111000000000000001111111000000000000000000000111111111
00001110000000000000011111111000000000000001111111000000000000000000000111111111
00000010000000000000011111111000000000000001111111000000000000000000000111111111
00000010000000000000011111111000000000000001111111000000000000000000000111111111
11000110000000110101111111111000000000000001111111000110000000010110000111111111
11001011111111000000011111111111111100111111111111001111110011100000000111111111
11111100000000000000011111111000000000000001111111111100000000000000000111111111
00000100101111000000011111111000000000000001111111000000000000000000000111111111
00000101001110000000011111111000000000000001111111000000000000000000000111111111
00000100000011000000011111111000000000000001111111000001110011100000000111111111
00000101100011000000011111111000000000000001111111000000000000000000000111111111
00000101100011000000011111111000000000000001111111000001110011100000000111111111
00000101111100000000011111111000000000000001111111000000000000000000000111111111
00000101011100000000011111111111111100111111111111000001110011100000000111111111
00001000000000010101111111111000000000000001111111000000000000000000000111111111
00001000000000100101111111111000000000000001111111000000000000000000000111111111
00000000000000000011111111111000000000000001111111000000000000010110000111111111
00001000000000110001111111111000000000000001111111000000000000000000000111111111
00000000000000001001111111111000000000000001111111000000000000010110000111111111
00001000000000111110011111111000000000000001111111000000000000000000000111111111
00001000000000111110011111111000000000000001111111000000000000010110000111111111
11111111111111111111101110000111111100111110000000000001110011110110000111111111
11111111111111111111110110000111111100111110000000000001110011110110000111111111
11111111111111111111111011101111111100111110000000000001110011110110000111111111
11111111111111111111111101110111111100111110000000000001110011110110000111111111
11111111111111111111100110100111111100111110000000000001110011110110000111111111
11111111111111111111100111000111111100111111111111000001110011110110000111111111
11111111111111111111100010001111111100111110000000000001110011110110000111111111
11111111111111111111100100010111111100111110000000000001110011110110000111111111
00000100000001000000011111111011000000111111111111000000000000000000000111111111
00000100000001000000011111111101101000111111111111000000000000000000000111111111
00000100000001000000011111111110110000111111111111000000000000000000000111111111
00000100000001000000011111111011000100000001111111000000000000000000000111111111
00000100000001000000011111111001001000000001111111000000000000000000000111111111
00000100000001000000011111111010010000000001111111000000000000000000000111111111
00000100000001000000011111111000100000000001111111000000000000000000000111111111
00000000000000000000000000000000000000101110000000000000000000000000000111111111
00000000000000000000000000000000000000001110000000000000000000000000000111111111
00000100000001000000011111111111000010010111111111000000000000000000000111111111
00000100000001000000011111111111000000101111111111000000000000000000000111111111
00000100000001000000011111111111000011010011111111000000000000000000000111111111
00000100000001000000011111111111000011110011111111000000000000000000000111111111
00000100000001000000011111111111000011111101111111000000000000000000000111111111
11111111111111111111100000100111111100111110010111000001110011110110000111111111
11111111111111111111100000100111111100111110001111110011110011110110000111111111
11111111111111111111100000100111111100111111000111000001110011110110000111111111
11111111111111111111100000100111111100111110100110000001110011110110000111111111
11111111111111111111100000100111111100111111111001000001110011110110000111111111
11111111111111111111100000100111111100111111111000000001110011110110000111111111
11111111111111111111100000100111111100111111110100000001110011110110000111111111
00000010000000000000000000000000000000000000100000001110000000000000000111111111
00000010000000000000000000000000000000000000100000001100000000000000000111111111
00000110000000000000000000000000000000000000000000110010000000000000000111111111
00001110000000000000000000000000000000000000000000110010000000000000000111111111
00001100000000000000000000000000000000000000100000101100000000000000000111111111
00000100010101000000011111111000000000000001111111000000001111100000000111111111
00000100010101000000011111111000000000000001111111000000000111100000000111111111
00000100010101000000011111111000000000000001111111000000000011100000000111111111
00000000000000000000000000000000000000000000000000000001000000000000000111111111
00000000000000000000000000000000000000000000000000000001100011100000000111111111
00000100010101000000011111111000000000000001111111000001110101100000000111111111
00000100010101000000011111111000000000000001111111000001110110100000000111111111
00000100010101000000011111111000000000000001111111000001110111000000000111111111
00001000000000001010111111111000000000000001111111000000000000000010100111111111
00000000000000000000000000000000000000000000000000000000000000000001011111111111
00001000000000001010111111111000000000000001111111000000000000000000111111111111
00001000000000001010111111111000000000000001111111000000000000010000000111111111
00000000000000000000000000000000000000000000000000000000000000001000011111111111
00000000000000000000000000000000000000000000000000000000000000010100001111111111
00000000000000000000000000000000000000000000000000000000000000001101001111111111
00000000000000000000000000000000000000000000000000000000000000001101110111111111
11111111111111111111111111111111111111111111111111111111111111111111111000010111
11111111111111111111111111111111111111111111111111111111111111111111111000001011
11111111111111111111111111111111111111111111111111111111111111111111111000001011
11111111111111111111111111111111111111111111111111111111111111111111111000000001
11111111111111111111111111111111111111111111111111111111111111111111111100000101
11111111111111111111111111111111111111111111111111111111111111111111111011000111
11111111111111111111111111111111111111111111111111111111111111111111111100011011
11111111111111111111111111111111111111111111111111111111111111111111111111001101
11111111111111111111111111111111111111111111111111111111111111111111111111111110
