000101111000001111111100000000000000001000000
000010111101111111111111111111111111111000000
000001101000001111111100000000000000001000000
100000010000001111111100000000000000001000000
010000010000011111111111111111111111111000000
101000001000001111111100000000000000001000000
111000001000001111111100000000000000001000000
110110000110111111111111111111111111111000000
111001100000001111111100000000000000001000000
010000010001111111111111111111111111111000000
000000010001111111111100000000000000001000000
010000000110111111111111111111111111111000000
010000010111001111111111111111111111111000000
010010010111001111111111111111111111111000000
111111111111110000111111111111111111111000000
111111111111110001000111111111111111110000000
111111111111110000111111111111111111110000000
111111111111110100000111111111111111110000000
111111111111111010001111111111111111110000000
111111111111111010001011111111111111111000000
111111111111111010110111111111111111111000000
111111111111111111101011111111111111111000000
010010010101111111111100001100000000001000000
010010010101111111111100001010000000001000000
010010010101111111111100000111111111111000000
010010010101111111111100000001111111111000000
010010010101111111111111000111111111111000000
010010010101111111111110101001111111111000000
010010010101111111111101101000000000001000000
010010010101111111111100111100000110111000000
010010010101111111111100111100000011111000000
010010010101111111111100111100000001111000000
010010010101111111111100111100000001011000000
010010010101111111111100111101000000001000000
010010010101111111111100111101100000001000000
010010010101111111111100111100111000111000000
010010010101111111111100111101110001011000000
010010010101111111111100111101111001101000000
111111111111111000011111111111111111110000010
000000000000000000000000000000000000000000111
000000000000000000000000000000000000000000111
000000000000000000000000000000000000000000000
000000000000000000000000000000000000000110001
000000000000000000000000000000000000001110001
000000000000000000000000000000000000000110110
