000100000000000000000000000000000000011111111
000011110111111111100011111111000000011111111
000011110111111110000011111111000000011111111
100000000000000000000000000000000000011111111
011001000000000000000000000000000000011111111
011010110111111110000011111111000000011111111
011001001000000000000000000000000000011111111
011001001111111111100100000000000000011111111
000000110111111110000000000000000000011111111
011001011000111110000011111111000000011111111
011001011000001110000011111111000000011111111
011001011000001110000011111111000000011111111
011001011100011110000111111111000000011111111
011001011100101110000011111111000000011111111
011001011111110010000111111111000000011111111
011001011111110010000011111111000000011111111
011001011111111100000011111111000000011111111
010000010000000000000100000000000000011111111
010000010000000000000100000000000000011111111
000000000000000000000100000000000000011111111
000000000000000000000000000000000000011111111
000000010000101001110000000000000000011111111
011001000111111110000000011111000000011111111
011001000111111110000000011111000000011111111
011001000111111110000000000000000000011111111
011001000111111110000011000111000000011111111
011001000111111110000011000111000000011111111
011001000111111110000011011001000000011111111
011001000111111110000011011001000000011111111
011001000111111110000011011110000000011111111
000000000000000000000000000000000100111111111
000000000000000000000000000000000011111111111
000000000000000000000000000000000001111111111
000000000000000000000000000000100001011111111
000000000000000000000000000000010000111111111
000000000000000000000000000000011100111111111
000000000000000000000000000000111011011111111
111111111111111111111111111111111111100001111
111111111111111111111111111111111111100001111
111111111111111111111111111111111111100000111
111111111111111111111111111111111111100000011
111111111111111111111111111111111111111000000
111111111111111111111111111111111111111100001
111111111111111111111111111111111111111110000
111111111111111111111111111111111111111110100
