01000011111111100000011111111111111110000000000000000000000000000000000111111111
10101011111111110000011111111111111110000000000000000000000000000000000111111111
01010011111111100000000000000111111110000000000000000000000000000000000000000000
00101011111111100000011111111111111110000000000000000000000000000000000111111111
01010100000000000000000000000111111110000000000000000000000000000000000000000000
00001000000000000000000000000111111110000000000000000000000000000000000000000000
11110000000110100011100000000111111110000000000000000000000000000000000000000000
11110000000011100000000000000111111110000000000000000000000000000000000000000000
11110000000010000000000000000111111110000000000000000000000000000000000000000000
11110000000001100000000000000111111110000000000000000000000000000000000000000000
11110000000001100000000000000111111110000000000000000000000000000000000000000000
11110010000001100000000000000111111110000000000000000000000000000000000000000000
11110011100001100000000000000111111110000000000000000000000000000000000000000000
11110001011110100000000000000111111110000000000000000000000000000000000000000000
11110011011111000000100000000111111110000000000000000000000000000000000000000000
01000000000000000111100000000111111110000000000000000000000000000000000000000000
00000000000000000011100000000111111110000000000000000000000000000000000000000000
00000000000000010011100000000111111110000000000000000000000000000000000000000000
00000010000000011101100000000111111111000111111111111110000000000000000000000000
00000010000000011110000000000111111110000000000000000000000000000000000000000000
00000010000000111110000000000111111110000000000000000000000000000000000000000000
11010000000000000000000101111111111110000000000000000000000000000000000111111111
11010000000000000000000010111111111110000000000000000000000000000000000111111111
11010000000000000000010001000111111110000000000000000000000000000000000111111111
11010000000000000000001000111111111110000000000000000000000000000000000000000000
11010000000000000000010100111111111110000000000000000000000000000000000000000000
11010000000000000000011011011111111110000000000000000000000000000000000111111111
11010000000000000000011011101111111110000000000000000000000000000000000111111111
11010000000000000000011011110111111110000000000000000000000000000000000111111111
11111111111111111111111111111001011110000000000000000000000000000000000111111111
11111111111111111111111111111000101110000000000000000000000000000000000111111111
11111111111111111111111111111100001001101011111111111110000000000000000111111111
11111111111111111111111111111010001110000000000000000000000000000000000111111111
11111111111111111111111111111100000110000000000000000000000000000000000111111111
11111111111111111111111111111111100000000100000000000000000000000000000111111111
11111111111111111111111111111110110000000000000000000000000000000000000111111111
11111111111111111111111111111110110000000000000000000000000000000000000111111111
00000000000000000010000000000001000000001100000000000000000000000000000000000000
00000000000000000000000000000001000000000100000000000000000000000000000000000000
00000000000000000000000000000000000000000000000000000000000000000000000000000000
00000000000000000000000000000001000001000111111111111110000000000000000000000000
00000000000000000010000000000000001001101011111111111110000000000000000000000000
00000000000000000010000000000001000000001100011101111110000000000000000000000000
00000000000000000010000000000001000000001100011110000000000000000000000000000000
00000000000000000010000000000001000000001100000111111110000000000000000000000000
00000000000000000010000000000001000000001111001010000000000000000000000000000000
00000000000000000010000000000001000000001111010011111110000000000000000000000000
00000000000000000010000000000001000000001111100011111110000000000000000000000000
00000000000000000010000000000001000000001101111101111110000000000000000000000000
00000000000000000010000000000001000000001110101110001010000000000000000000000000
00000000000000000010000000000001000000001110101110000110000000000000000000000000
00000000000000000010000000000001000000001110101110000110000000000000000000000000
00000000000000000010000000000001000000001110101111000010000000000000000000000000
00000000000000000010000000000001000000001110101110110000000000000000000000000000
00000000000000000010000000000001000000001110101111111000000000000000000000000000
00000000000000000000000000000000000000000000000000000000010011100000000000000000
00000000000000000000000000000000000000000000000000000000000100100000000000000000
00000000000000000000000000000000000000000000000000000001000010100000000000000000
00000000000000000000000000000000000000000000000000000000000001111111111000000000
00000000000000000000000000000000000000000000000000000000100000000000000000000000
00000000000000000000000000000000000000000000000000000001010000100000000000000000
00000000000000000000000000000000000000000000000000000001001000111111111000000000
00000000000000000000000000000000000000000000000000000001111011011111111000000000
00000000000000000000000000000000000000000000000000000000001001100011110000000000
00000000000000000000000000000000000000000000000000000000001001100001110000000000
00000000000000000000000000000000000000000000000000000000001001100001011000000000
00000000000000000000000000000000000000000000000000000000001001110000101000000000
00000000000000000000000000000000000000000000000000000000001001111100001000000000
00000000000000000000000000000000000000000000000000000000001001111010001000000000
00000000000000000000000000000000000000000000000000000000001001111100001000000000
00000000000000000000000000000000000000000000000000000000001001100111110000000000
11010000000000000000011100111111111110000000000000000000000000000000000000101111
11010000000000000000011100111111111110000000000000000000000000000000000000011001
11010000000000000000011100111111111110000000000000000000000000000000000000001101
11010000000000000000011100111111111110000000000000000000000000000000000100000111
11010000000000000000011100111111111110000000000000000000000000000000000010000011
11010000000000000000011100111111111110000000000000000000000000000000000111000111
11010000000000000000011100111111111110000000000000000000000000000000000101101011
11010000000000000000011100111111111110000000000000000000000000000000000100111100
11010000000000000000011100111111111110000000000000000000000000000000000111111100
