00011100000000000000000000000000000001111110000011011111111111111111101011111111
00001111111111111111000000000000000001111110000011011111111111111111101111111111
00000011111111111111000000000000000001111110000011011111111111111111111111111111
10001000000000000000000000000000000001111110000011011111111111111111111111111111
11010111111111111111000000000000000001111110000011011111111111111111111111111111
11001011111111111111000000000000000001111110000011011111111111111111111111111111
01101100011011111111000000000000000001111110000011011111111111111111111111111111
01101100001110000000000000000000000001111110000011011111111111111111111111111111
01101100000101111111000000000000000001111110000011011111111111111111111111111111
01101110000011111111000000000000000001111110000011011111111111111111111111111111
01101111000001111111000000000000000001111110000011011111111111111111111111111111
01101101100011111111000000000000000001111110000011011111111111111111111111111111
01101111010101111111000000000000000001111110000011011111111111111111111111111111
01101110111110000111000000000000000001111110000011011111111111111111111111111111
01101110111110000011000000000000000001111110000011011111111111111111111111111111
01101110111110000000000000000000000001111110000011011111111111111111111111111111
01101110111110000000000000000000000001111110000011011111111111111111111111111111
01101110111111000001000000000000000001111110000011011111111111111111111111111111
01101110111111100001000000000000000001111110000011011111111111111111111111111111
01101110111111100110000000000000000001111110000011011111111111111111111111111111
00000000000000000000000011100000000001111111111111111111111111111111111111111111
00000000000000000000000111110000000001111110000011011111111111111111111111111111
00000000000000000000000111100000000001111110000011011111111111111111111111111111
00000000000000000000011011110000000001111110000011011111111111111111111111111111
00000000000000000000111101010000000001111110000011011111111111111111111111111111
00000000000000000000111110010000000001111110000011011111111111111111111111111111
00000000000000000000111100010000000001111111111111111111111111111111111111111111
00000000000000000000010111100000000001111111111111111111111111111111111111111111
00000000000000000000000000000111010000011100000011000000011111111111111111111111
00000000000000000000000000001011100001111110000011011111111111111111111111111111
00000000000000000000000000001101101001111110000011011111111111111111111111111111
00000000000000000000000000001110111011111110000011011111111111111111111111111111
00000000000000000000000000000111011101111010000011011111111111111111111111111111
00000000000000000000000000001001100001111110000011011111111111111111110011111111
00000000000000000000000000000011100111111110000011011111111111111111111111111111
00000000000000000000000000000000101001111110000011011111111111111111111111111111
00000000000000000000000000000001001001111110000011011111111111111111111111111111
11111111111111111111111111110111111110100001111111111111111111111111111111111111
11111111111111111111111111110111111111011001111111111111111111111111111111111111
11111111111111111111111111111111111110100001111111111111111111111111111111111111
11111111111111111111111111111111111110100101111111111111111111111111111111111111
11111111111111111111111111111111011110001001111111111111111111111111111111111111
11111111111111111111111111110111111110000001111111111111111111111111111111111111
00000000000000000000100000110000000001111110111100011111111111111111111111111111
00000000000000000000100000110000000001111111011100011111111111111111111111111111
00000000000000000000100000110000000001111111101100011111111111111111111111111111
00000000000000000000100000110000000001111111110110011111111111111111111111111111
00000000000000000000100000110000000001111111111010111111111111111111111111111111
11111111111111111111111111111111111111111110001101111111111111111111111111111111
11111111111111111111111111111111111111111110000010011111111111111111111111111111
00000000000000000000100000110000000001111110000110011111111111111111111111111111
11111111111111111111111111110111111111111111111111101110011111111111111111111111
11111111111111111111111111110111111111111111111111110101011111111111111111111111
11111111111111111111111111110111111111111111111111111001111111111111111111111111
11111111111111111111111111110111111111111111111111110001011111111111111111111111
11111111111111111111111111110111111111111111111111101110011111111111111111111111
11111111111111111111111111110111111111111111111111100100011111111111111111111111
11111111111111111111111111111111111111111111111111111111100001011111111111111111
11111111111111111111111111111111111111111111111111111111100000100111111111111111
11111111111111111111111111111111111111111111111111111111100000100111111111111111
11111111111111111111111111111111111111111111111111111111100000001111111111111111
11111111111111111111111111111111111111111111111111111111110000011011111111111111
11111111111111111111111111111111111111111111111111111111101100010111111111111111
11111111111111111111111111111111111111111111111111111111110001101111111111111111
11111111111111111111111111111111111111111111111111111111110011010011111111111111
11111111111111111111111111111111111111111111111111111111111110110011111111111111
11111111111111111111111111111111111111111111111111111111111111111101010011111111
11111111111111111111111111111111111111111111111111111111111111111110101111111111
11111111111111111111111111111111111111111111111111111111111111111101010011111111
00111111111111111111111111111111111111111111111111111111111111111110101111111111
11111111111111111111111111111111101111111111111111111111111111111101010011111111
01111111111111111111111111111111101111111111111111111111111111111101010011111111
11111111111111111111111111111111111111111111111111111111111111111111111100010011
11111111111111111111111111111111111111111111111111111111111111111111111100001101
11111111111111111111111111111111111111111111111111111111111111111111111100001010
11111111111111111111111111111111111111111111111111111111111111111111111110000111
11111111111111111111111111111111111111111111111111111111111111111111111101100011
11111111111111111111111111111111111111111111111111111111111111111111111101010011
11111111111111111111111111111111111111111111111111111111111111111111111110111100
11111111111111111111111111111111111111111111111111111111111111111111111111011100
