010010011111111111111111111111111111111111111111110000000011111111111111111
101100011111111111111111111111111111111111111111110000000011111111111111111
010010001010101111111111111111111111111111111111110000000011111111111111111
010011011111111111111111111111111111111111111111110000000011111111111111111
101100011111111100001001111111111111111111111111110000000000000000011111111
000100011111111111111111111111111111111111111111110000000011111111111111111
000000011111111111111111111111111111111111111111110000000011111111111111111
110111101110001111111111111111111111111111111111110000000011111111111111111
111111110110111111111111111111111111111111111111110000000011111111111111111
110111111011001111111111111111111111111111111111110000000011111111111111111
111111111101101111111111111111111111111111111111110000000011111111111111111
110111100110001111111111111111111111111111111111110000000011111111111111111
111111101010011111111111111111111111111111111111110000000011111111111111111
110111101000101111111111111111111111111111111111110000000011111111111111111
111111111111110100111111111111111111111111111111110000000011111111111111111
111111111111111011001001111111111111111111111111110000000000000000011111111
111101111111110101001001111111111111111111111111110000000000000000011111111
111101111111110110111111111111111111111111111111110000000011111111111111111
111101111111111001001001111111111111111111111111110000000000000000011111111
111101111111111001001110000000000011111111111111110000000011111111111111111
111111111111111111110111110000000011111111111111110000000011111111111111111
111101111111111001011010001111111111111111111111110000000011111111111111111
111101111111111001011100101111111111111111111111110000000011111111111111111
111111111111111111101000001111111111111111111111110000000011111111111111111
111111111111111111101010000000000011111111111111110000000011111111111111111
111111111111111111101000000000000011111111111111110000000011111111111111111
111111111111111111100111000110100111111111111111110000000011111111111111111
111111111111111111100111001011010011111111111111110000000011111111111111111
111111111111111111100111001101100011111111111111110000000011111111111111111
111111111111111111100111000110110011111111111111110000000011111111111111111
111111111111111111100111001011000011111111111111110000000011111111111111111
111111111111111111100111000101001011111111111111110000000011111111111111111
111111111111111111100111000000010011111111111111110000000011111111111111111
111111111111111111100111001000000011111111111111110000000011111111111111111
111111111111111111111111111111111101100011111111110000000011111111111111111
111111111111111111111111111111111110100001111111110000000011111111111111111
111111111111111111111111111111111111011101111111110000000011111111111111111
111111111111111111111111111111111100101001111111110000000011111111111111111
111111111111111111111111111111111100110011111111110000000011111111111111111
111111111111111111111111111111111100100001111111110000000011111111111111111
111111111111111111111111111111111110001001111111110000000011111111111111111
111111111111111111111111111111111111111110001011110000000011111111111111111
111111111111111111111111111111111111111110000111110000000011111111111111111
111111111111111111111111111111111111111110000111110000000011111111111111111
111111111111111111111111111111111111111111000000100000000011111111111111111
111111111111111111111111111111111111111110110000100000000011111111111111111
111111111111111111111111111111111111111111110001010000000011111111111111111
111111111111111111111111111111111111111111110010010000000011111111111111111
111111111111111111111111111111111111111111111100010000000011111111111111111
111111111111111111111111111111111111111111110011100000000011111111111111111
000000000000000000000000000000000000000000000000000000110100000000000000000
000000000000000000000000000000000000000000000000000000011100000000000000000
000000000000000000000000000000000000000000000000000000011100000000000000000
000000000000000000000000000000000000000000000000000000000000000000000000000
000000000000000000000000000000000000000000000000001000001100000000000000000
000000000000000000000000000000000000000000000000001110001100000000000000000
000000000000000000000000000000000000000000000000000110110100000000000000000
000000000000000000000000000000000000000000000000001110111000000000000000000
111101111111111001011111111111111111111111111111110000000000010011111111111
111101111111111001011111111111111111111111111111110000000000001011111111111
111101111111111001011111111111111111111111111111110000000000000111111111111
111101111111111001011111111111111111111111111111110000000010000010111111111
111101111111111001011111111111111111111111111111110000000001000001011111111
111101111111111001011111111111111111111111111111110000000000100000111111111
111101111111111001011111111111111111111111111111110000000011110000111111111
111101111111111001011111111111111111111111111111110000000011101000111111111
111101111111111001011111111111111111111111111111110000000011110111011111111
111111111111111111111111111111111111111111111111110000000011111111100010110
111111111111111111111111111111111111111111111111110000000011111111100001001
111111111111111111111111111111111111111111111111110000000011111111100000111
111111111111111111111111111111111111111111111111110000000011111111110000011
111111111111111111111111111111111111111111111111110000000011111111101000001
111111111111111111111111111111111111111111111111110000000011111111110100001
111111111111111111111111111111111111111111111111110000000011111111110110000
111111111111111111111111111111111111111111111111110000000011111111101111100
