000101110000000000000000000000000000011111111111111111000011111111000000000
000010110000000000000000000000000000011111111111111111000011111111000000000
000000000000000000000000000000000000011111111111111111000011111111000000000
100001010000000000000000000000000000011111111111111111000011111111000000000
010000110000000000000000000000000000011111111111111111000011111111000000000
100100010000000000001111111100000000011111111111111111000011111111000000000
110010010000000000001111111100000000011111111111111111000011111111000000000
110111100000000000000000000000000000011111111111111111000011111111000000000
000000000001111110100000000011111111111111111111111111000011111111000000000
000000000001011100000000000000000000011111111111111111000011111111000000000
000000000000111100000000000000000000011111111111111111000011111111000000000
000000001100110100010000000011111111111111111111111111000011111111000000000
000000001011001111010000000000000000011111111111111111000011111111000000000
000000001111000100000000000000000000011111111111111111000011111111000000000
000000001110100000000000000000000000011111111111111111000011111111000000000
000000001111110011010000000000000000011111111111111111000011111111000000000
000000001000100100010000000011111111111111111111111111000011111111000000000
000000000000100100010000000011111111111111111111111111000011111111000000000
000000001000000000010000000000000000011111111111111111000011111111000000000
000000000001100111100000000011111111111111111111111111000011111111000000000
000001100000000000000000111100000000011111111111111111000011111111000000000
000001100000000000000000111100000000011111111111111111000011111111000000000
000001100000000000000000001100000000011111111111111111000011111111000000000
000001100000000000000000010100000000011111111111111111000011111111000000000
000001100000000000001100001100000000011111111111111111000011111111000000000
000001100000000000001101000000000000011111111111111111000011111111000000000
000001100000000000001110100100000000011111111111111111000011111111000000000
000001100000000000001111101000000000011111111111111111000011111111000000000
000000001001000011010000000000010111011111111111111111000011111111000000000
000000001001000011010000000000001111111111111111111111000011111111000000000
000000001001000011010000000000000110111111111111111111000011111111000000000
000000001001000011010000000010000111011111111111111111000011111111000000000
000000001001000011010000000001000001111111111111111111000011111111000000000
000000001001000011010000000011110000111111111111111111000011111111000000000
000000001001000011010000000011110000111111111111111111000011111111000000000
000000001001000011010000000011011000111111111111111111000011111111000000000
000000001001000011010000000001101111011111111111111111000011111111000000000
111111111111111111111111111111111111100010111111111111000011111111000000000
111111111111111111111111111111111111100001011111111111000011111111000000000
111111111111111111111111111111111111100001010011111111000011111111000000000
111111111111111111111111111111111111110000101111111111000011111111000000000
111111111111111111111111111111111111101100111111111111000011111111000000000
111111111111111111111111111111111111110011001111111111000011111111000000000
111111111111111111111111111111111111111101001111111111000011111111000000000
111111111111111111111111111111111111111011110111111111000011111111000000000
111111111111111111111111111111111111111011111011111111000011111111000000000
111111111111111111111111111111111111111111111101101001000011111111000000000
111111111111111111111111111111111111111111111110110000000011111111000000000
111111111111111111111111111111111111111111111111010100000011111111000000000
111111111111111111111111111111111111111111111101101001000011111111000000000
111111111111111111111111111111111111111111111110010100000011111111000000000
111111111111111111111111111111111111111111111100101010000011111111000000000
111111111111111111111111111111111111111111111100000100000011111111000000000
111111111111111111111111111111111111111111111110010000000011111111000000000
000000000000000000000000000000000000000000000000000000011111111111000000000
000000000000000000000000000000000000000000000000000000101011111111111111111
000000000000000000000000000000000000000000000000000000110011111111000000000
000000000000000000000000000000000000000000000000000000100011111111000000000
111111111111111111111111111111111111111111111111111111111101110100111111111
111111111111111111111111111111111111111111111111111111111110110110111111111
111111111111111111111111111111111111111111111111111111111111011000111111111
111111111111111111111111111111111111111111111111111111111111101000111111111
111111111111111111111111111111111111111111111111111111111100110000111111111
111111111111111111111111111111111111111111111111111111111111000010111111111
111111111111111111111111111111111111111111111111111111111101000100111111111
111111111111111111111111111111111111111111111111111111111100000000111111111
000000000000000000000000000000000000000000000000000000010011111111000011111
000000000000000000000000000000000000000000000000000000010011111111000011111
000000000000000000000000000000000000000000000000000000010011111111000001011
000000000000000000000000000000000000000000000000000000010011111111000000100
000000000000000000000000000000000000000000000000000000010011111111110000111
000000000000000000000000000000000000000000000000000000010011111111111000111
000000000000000000000000000000000000000000000000000000010011111111110111001
000000000000000000000000000000000000000000000000000000010011111111111011001
000000000000000000000000000000000000000000000000000000010011111111111011110
