0000010000011100000000000000000000000000000000000000000000000011111111
0001111000000000000000000000000000000000000000000000000000000011111111
0000101000000000000000000000000000000000000000000000000000000011111111
0100111000000000000000000000000000000000000000000000000000000011111111
0111011000000000000000000000000000000000000000000000000000000011111111
1101101000000000000000000000000000000000000000000000000000000011111111
0111110000000000000000000000000000000000000000000000000000000011111111
0000000000111100000000000000000000000000000000000000000000000011111111
0000000000010100000000000000000000000000000000000000000000000011111111
0000000000001100000000000000000000000000000000000000000000000011111111
0000000100001100000000000000000000000000000000000000000000000011111111
1000000110000000000000000000000000000000000000000000000000000011111111
1000000101100000000000000000000000000000000000000000000000000011111111
1000000111100000000000000000000000000000000000000000000000000011111111
0000000000000000010110000000000000000000010000000000000000000011111111
0000000000000000001001000000000000000000000000000000000000000011111111
0000000000000000000110000000000000000000000000000000000000000011111111
0000000000000010000011000000000000000010000000000000000000000011111111
0000000000000001000110100000100000000000000000000000000000000011111111
0000000000000010101001000000000000000000000000000000000000000011111111
0000000000000010111001000000000000001001100000000000000000000011111111
0000000000000001010110100000100000000000000000000000000000000011111111
0000000000000000001001000001100000000000000000000000000000000011111111
0000000000000000000000000011100000000000000000000000000000000011111111
0000000000000000000000000011100000000000000000000000000000000011111111
0000000000000000000000000001000000000000000000000000000000000011111111
0000000000000000000000011000100000000000000000000000000000000011111111
0000000000000000000000111100000000000000000000000000000000000011111111
0000000000000000001001111010000000000000000000000000000000000011111111
0000000000000000000000000000000010110000000000000000000000000011111111
0000000000000000000000000000000001110000000000000000000000000011111111
0000000000000000000000000000000001110000000000000000000000000011111111
0000000000000000000000000000010001110000000000000000000111111111111111
0000000000000000000000000000001110010000000000000000000000000011111111
0000000000000000000000000000011110010000000000000000000000000011111111
0000000000000000000000000000011111100000000000000000000000000011111111
0000000000000000000010000000000000000001110000000000000000000011111111
0000000000000000000000000000000000000000110000000000000000000011111111
0000000000000000010000000000000000000000000000000000000000000011111111
0000000000000000000010000000000000001000000000000000000000000011111111
0000000000000000000010000000000000001100010000000000000000000011111111
0000000000000010000000000000000000001100100000000000000000000011111111
0000000000000000000000000000000000000000000000101011110000000011111111
0000000000000000000000000000000000000000000000010100000000000011111111
0000000000000000000000000000000000000000000000001000000000000011111111
0000000000000000000000000000000000000000000000000100000000000011111111
0000000000000000000000000000000000000000001000000000011000000011111111
0000000000000000000000000000000000000000000100000100000000000011111111
0000000000000000000000000000000000000000001010000000000000000011111111
0000000000000000000000000000000000000000000101010000000000000011111111
0000000000000000000000000000000000000000001000000000000000000011111111
0000000000000000000000000000000000000000001000000000011000000011111111
0000000000000000000000000000000000000000001000000000011000000011111111
0000000000000000000000000000000000000000001000100001101000000011111111
0000000000000000000000000000000000000000000000100001110000000011111111
0000000000000000000000000000000010000000000000000000000011000011111111
0000000000000000000000000000000010000000000000000000000101100011111111
0000000000000000000000000000000010000000000000000000000110111011111111
0000000000000000000000000000000010000000000000000000000011010011111111
0000000000000000000000000000000010000000000000000000000001100111111111
0000000000000000000000000000000010000000000000000000000001000011111111
0000000000000000000000000000000010000000000000000000000000010011111111
1111111111111111111111111111111111111111111111111111111111111101010000
1111111111111111111111111111111111111111111111111111111111111110100000
1111111111111111111111111111111111111111111111111111111111111101010011
1111111111111111111111111111111111111111111111111111111111111110100000
1111111111111111111111111111111111111111111111111111111111111100000000
1111111111111111111111111111111111111111111111111111111111111100000000
1111111111111111111111111111111111111111111111111111111111111100100000
1111111111111111111111111111111111111111111111111111111111111100100000
