0000101000000001111111000010111111111111111111111111111
0000111111111111111111000000001111111111111111111111111
0000010000000001111111000010111111111111111111111111111
0000001111111111111111000000001111111111111111111111111
1100011000000001111111000000001111111111111111111111111
0110101000000001111111000010111111111111111111111111111
1101110000000001111111000010111111111111111111111111111
0101000000001111111111000000001111111111111111111111111
0101000000001001111111000000001111111111111111111111111
0101000000000111111111000000001111111111111111111111111
0101000000000111111111000000001111111111111111111111111
0101000000000011111111000000001111111111111111111111111
0101000110000011111111000000001111111111111111111111111
0101000101100001111111000000001111111111111111111111111
0101000101111001111111000000001111111111111111111111111
1111111111111110011101000010110000000001111111111111111
1111111111111110000110000010110000000001111111111111111
1111111111111111000011000010110000000001111111111111111
1111111111111111000011000010111111111111111111111111111
1111111111111111100011000010110000000001111111111111111
1111111111111110111100000010111111111111111111111111111
1111111111111111011100000010111111111111111111111111111
0000000000000000000000000001110000000001111111111111111
0000000000000000000000000001000000000001111111111111111
0000000000000000000000000000010000000001111111111111111
0000000000000000000000000000000000000001111111111111111
1010011000000001111111000000111111111111111111111111111
0000000000000000000000110000100000000001111111111111111
1010011000000001111111100011001111111111111111111111111
1010011000000001111111101010001111111111111111111111111
1111111111111110001011000010110000101011111111111111111
1111111111111110001011000010110000011011111111111111111
1111111111111110001011000010110000001011111111111111111
1111111111111110001011000010110000000101111111111111111
1111111111111110001011000010111000000101111111111111111
1111111111111110001011000010110100000101111111111111111
1111111111111110001011000010111110000011111111111111111
1111111111111110001011000010110001110001111111111111111
1111111111111110001011000010111110001001111111111111111
1111111111111111111111111111111111111110000111101111111
1111111111111111111111111111111111111110000111101111111
1111111111111111111111111111111111111110000011111111111
1111111111111111111111111111111111111110000000011111111
1111111111111111111111111111111111111111100000101111111
1111111111111111111111111111111111111111110001011111111
1111111111111111111111111111111111111111110010011111111
1111111111111111111111111111111111111111110100011111111
1111111111111111111111111111111111111110011011101111111
1111111111111111111111111111111111111111111111110010111
1111111111111111111111111111111111111111111111110000001
1111111111111111111111111111111111111111111111111000001
1111111111111111111111111111111111111111111111110000000
1111111111111111111111111111111111111111111111111000010
1111111111111111111111111111111111111111111111111000100
1111111111111111111111111111111111111111111111111110000
