0010111111111111111111111
0001110111111111111111111
1000101011111111111111111
0100011111111111111111111
1110001111111111111111111
1101000111111111111111111
1011100001111111111111111
1101110011111111111111111
1111110101111111111111111
1111111110001011100000000
1111111110000110000000000
1111111110000101111111111
1111111111000011100000000
1111111110110000111111111
1111111111101000100000000
1111111111011000111111111
1111111111011111011111111
1111111110010101100011110
1111111110010101100010111
1111111110010101100001110
1111111110010101111000101
1111111110010101110100011
1111111110010101111110001
1111111110010101111101001
1111111110010101101011110
