0000111100000001111111111101011111111111111111111111111
0000111100000001111111111101011111111111111111111111111
0000101100000001111111111101011111111111111101010111111
0000011000000001111111110000000000000000101111110111111
1110000100000001111111111101011111111111111111111111111
1101000000000001111111111101011111111111111111111111111
1111000100000001111111111101011111111111111111111111111
1110101000000001111111110000000000000001111111111111111
0000000000011101111111110000000000000001111011111111111
0000000000011101111111110000000000000001011111111111111
0000000000001101111111110000000000000001111111111111111
0000000011000011111111110000000000000001111111111111111
0000000011100011111111110000000000000001111111111111111
0000000011100011111111110000000000000001111111111111111
0000000000011101111111110000000000000001111111111111111
1111111111111110000111111101011111111111111111111111111
1111111111111110000101111101011111111111111111111111111
1111111111111110000011111101011111111111111111111111111
1111111111111110000000001101011111111111111111111111111
1111111111111111100001111101011111111111111111111111111
1111111111111111010000011101011111111111111111111111111
1111111111111111110100111101011111111111111111111111111
1111111111111111110101011101011111111111111111111111111
1111111111111111110111101101011111111111111111111111111
1110111000000001111111110010010000000001111111111111111
1110111000000001111111110001111111111111111111111111111
0000000000000000000000001000010000000001111111110111111
1110111000000001111111110100111111111111111111111111111
0000000000000000000000000101001111111111111111111111111
1110111000000001111111111111001111111111111111111111111
1110111000000001111111110101110010111111111011111111111
1110111000000001111111110101110001010111111111111111111
1110111000000001111111110101111000111011111111111111111
1110111000000001111111110101110100001011111111111111111
1110111000000001111111110101111010000111111111111111111
1110111000000001111111110101111110001111111111111111111
1110111000000001111111110101111011010111111111111111111
1110111000000001111111110101111100111011111111111111111
1110111000000001111111110101111111111101111111111111111
1110111111111111111111111111111111111110100111111111111
1111111110111111111111111111111111111111011011111111111
1110111111111111111111111111111111111110100111111111111
1111111111111111111111111111111111111110100111111111111
1111111101111111111111111111110111111111011011111111111
1101111111111111111111111111111111111111111101010111111
1111111111111111111111111111111111111111111110100111100
1101111111111111111111111111111111111111111101010111111
1111111111111111111111111111111111111111111110100111000
1100111111111111111111111101111111111111111100000111111
1111111111111111111111111111111111111111111111111011000
1111111111111111111111111111111111111111111111111101111
1111111111111111111111111111111111111111111111111110111
1111111111111111111111111111111111111111111111101011000
1111111111111111111111111111111111111111111110101011000
1111111111111111111111111111111111111111111110101011000
