011100010011000000000000000011111111100000000
101110001111110000000000000011111111100000000
110111101111110000000000000011111111100000000
111011101111110000000000000011111111100000000
011101101001000000000000000011111111100000000
001110001111110000000000000011111111100000000
001110001111110000000000000011111111100000000
100000001111110000000000000011111111100000000
011111110110100000000000000000000000000000000
011101111011010000000000000011111111100000000
111101111101100000000000000011111111100000000
111111110110100000000000000000000000000000000
011101111011010000000000000011111111100000000
011101110100100000000000000000000000000000000
000000000000000001111000000000000000000000000
000000000000000000001110001100000000000000000
000000000000000000111000000000000000000000000
000000000000001000010000000000000000000000000
000000000000001010010000000000000000000000000
000000000000001011100000000000000000000000000
000000000000001110000110001100000000000000000
000000000000000100001000111100000000011111111
000000000000000100001000011000000000011111111
000000000000000000000000011100000000011111111
000000000000000000000100000100000000011111111
000000000000000000000111001100000000000000000
000000000000000100001111010000000000000000000
000000000000000100001101110000000000011111111
111111110110100000000000000000001110100000000
111111110110100000000000000000000101100000000
111111110110100000000000000000000011100000000
111111110110100000000000000000000010000000000
111111110110100000000000000010000101100000000
111111110110100000000000000011001001100000000
111111110110100000000000000010110001100000000
111111110110100000000000000001101110100000000
111111110110100000000000000011101111000000000
000000000000000000000111100100000000000001011
000000000000000000000111100100000000000000101
000000000000000000000111100100000000000000111
000000000000000000000111100100000000000000000
000000000000000000000111100100000000010000010
000000000000000000000111100100000000001100001
000000000000000000000111100100000000010101000
000000000000000000000111100100000000011100100
