001001110000000111111111000000000100111011111111111111111000
000010110000000111111111000000000100111011111111111111111111
100001110000000111111111000000000100111011111111100100111111
000000110000000111111111000000000111111111111111111111111111
010000110000000111111111000000000100111011111111111111111111
101000010000000111111111000000000111111111111111111111111111
111110000000000111111111000000000111111111111111111111111111
111111000000000111111111000000000111111111111111111111111111
000000000001111111111111000000000100111011111111111111111111
000000000001111111111111000000000100111011111111111111111111
000000000001111111111111000000000100111011111111111111111111
000000001110011111111111000000000100111011111111111111111111
000000001110011111111111000000000100111011111111111111111111
000000001111101111111111000000000100111011111111111111111111
000000001111110111111111000000000100111011111111111111111111
111111111111111000101111000000000111111111111111111111111111
111111111111111000010111000000000111111111111111111111111111
111111111111111000010011000000000111111111111111111111111111
111111111111111100001101000000000111111111111111111111111111
111111111111111011001011000000000111111111111111111111111111
111111111111111100110111000000000111111111111111111111111111
111111111111111110101001000000000111111111111111111111111111
111111111111111111011000000000000111111111111111111111111111
111111111111111111111100000000000111111111111111111111111111
000000000000000000000000000001111100111011111111111100111111
000000000000000000000000000001111100111011111111111101100110
000000000000000000000000000000110100111011111111111111111111
000000000000000000000000000000011100111011111111101110111111
000000000000000000000000000000001100111011111111111111111111
000000000000000000000000110000101100111011111111111111111111
000000000000000000000000111001011100111011111111111111111111
000000000000000000000000111100101100111011111111111111111111
000000000000000000000000110111110100111011111111111111111111
111111111111111111111111111111111011010011111111111111111111
000101110000000111111111000000000101100011111111111111111111
000101110000000111111111000000000110100011111111111111111111
111111111111111111111111111111111011010011111111111111111111
111111111111111111111111111111111100101111111111111111111111
111111111111111111111111111111111000010111111111111111111111
000101110000000111111111000000000000011011111111111111111111
111111111111111111111111111111111111111101110011011111111111
111111111111111111111111111111111111111110111100011111111111
111111111111111111111111111111111111111111011100011111111111
111111111111111111111111111111111111111111101111111111111111
111111111111111111111111111111111111111101110011111111111111
111111111111111111111111111111111111111101110011111111111111
111111111111111111111111111111111111111110011101011111111111
111111111111111111111111111111111111111110011110011111111111
111111111111111111111111111111111111111100011100011111111111
110111111111111111111111111011111111111111111111101100111111
110111111111111111111111111111111111111111111111110110111111
111111111111111111111111111111111111111111111111111011111111
110111111111111111111111001111111111111111111111101101111111
110111111111111111111111011011111111111111111111100110111111
111111111111111111111111111111111111111111111111111111010000
111111111111111111111111101111111111111111111111111111100100
111111111111111111111111101111111111111111111111111111000000
011111111111111111111111111111111111111111111111111111010000
011111111111111111111111111111111111111111111111111111000001
011111111111111111111111101111111111111111111111111111000010
