0011111111111110000000011111111111111111
0011111111111110000000011111111111111111
1100111111111110000000011111111111111111
1100011111111110000000011111111111111111
1110011111111110000000011111111111111111
1111101111111110000000011111111111111111
1111110111111110000000011111111111111111
1111111011010000000000011111111111111111
1111111101101000000000011111111111111111
1111111110110000000000011111111111111111
1111111011010010000000011111111111111111
1111111101101100000000011111111111111111
1111111010010110000000011111111111111111
1111111000011010000000011111111111111111
1111111000101100000000011111111111111111
0000000000000000111010011111111111111111
0000000000000001011100011111111111111111
0000000000000001101001011111111111111111
0000000000000001110110111111111111111111
0000000000000000101000111111111111111111
0000000000000001001001011111111111111111
0000000000000000010010011111111111111111
0000000000000000001100011111111111111111
1111111111111111111111101100010111111111
1111111111111111111111110110000111111111
1111111111111111111111111011110111111111
1111111111111111111111101101100111111111
1111111111111111111111100110000111111111
1111111111111111111111100110000111111111
1111111111111111111111110100001111111111
1111111111111111111111100000010111111111
1111111111111111111111111111111011010000
1111111111111111111111111111111101101000
1111111111111111111111111111111110110010
1111111111111111111111111111111011011100
1111111111111111111111111111111101101100
1111111111111111111111111111111010110111
1111111111111111111111111111111000111010
1111111111111111111111111111111001001101
1111111111111111111111111111111000001010
