000111111111100000000011111111
000000000000000000000011111111
000000000000000000000011111111
100000000000000000000011111111
100001111111111111111111111111
100010010111111111111111111111
100010001111111111111111111111
100011000110111111111111111111
100010100001111111111111111111
100011110000111111111111111111
100011110000011111111111111111
100011101000011111111111111111
100011111100011111111111111111
000011111111100000111111111111
000011111111100000111111111111
000011111111100000101111111111
000011111111100000011111111111
000011111111100000000011111111
000011111111111100011111111111
000011111111111010100111111111
000011111111111110100011111111
000011111111111110110011111111
111111111111111111111101101000
111111111111111111111110110010
111111111111111111111111010101
111111111111111111111101101000
111111111111111111111110010001
111111111111111111111100100010
111111111111111111111101000100
111111111111111111111100101000
