0101000000000000000000000000000111111111
1011100001101111111000000010101111111111
0101000000000000000000000000000111111111
1110000000001111111000000000101111111111
0100010000000000000000000000000111111111
0000100000001111111000000000000111111111
0000000010110000000000000000000111111111
0000000000010000000000000000000111111111
0000001000010000000000000000000111111111
0100000000111111111000000000000111111111
0100001001011111111000000000000111111111
0000001111100000000000000000000111111111
0101010001100010011000000000000111111111
0101010001100000111000000000000111111111
0101010001101000001000000000000111111111
0101010001100000110000000000000111111111
0101010001100101011000000000000111111111
0101010001101101101000000000000111111111
0101010001101110110000000000001111111111
0000000000000000000000111100000111111111
0000000000000000000000011000000111111111
0000000000000000000000000100000111111111
0000000000000000000100000100000111111111
0000000000000000000110000100000111111111
0000000000000000000110000000000111111111
0000000000000000000101110000000111111111
0100000000000000000000000000010111111111
0000000000000000000000000000010111111111
0101000000000000000000000000001111111111
0000000000000000000000000011001111111111
0101000000000000001000000000110111111111
1111111111111111111111111111111000001111
1111111111111111111111111111111000001011
1111111111111111111111111111111000000100
1111111111111111111111111111111000000100
1111111111111111111111111111111000000011
1111111111111111111111111111111110000011
1111111111111111111111111111111101100001
1111111111111111111111111111111110011001
1111111111111111111111111111111110011110
