ODD_HOLE_TERMINATION_PERCENTAGE is set to 999
Program searches for ALL odd holes and odd antiholes
==============================================
n:                                    100
ODD_HOLE_TERMINATION_PERCENTAGE:      999
ODD_HOLE_TERMINATION_BATCH_SIZE:      0
ODD_ANTI_HOLE_TERMINATION_BATCH_SIZE: 0
==============================================
0,0,0,1,1,1,0,0,1,1,0,1,0,1,1,1,1,0,1,1,0,1,0,1,0,1,0,1,1,1,1,0,1,1,1,0,1,0,1,1,1,0,0,0,0,1,0,0,1,1,0,1,0,0,0,0,1,1,1,1,1,0,0,1,0,1,0,1,0,1,0,1,1,1,0,1,1,1,1,0,1,1,0,0,0,0,1,1,1,1,0,1,0,0,0,1,0,0,0,1,
0,0,0,0,1,1,1,1,1,0,1,1,1,0,1,0,0,0,1,1,1,0,1,0,0,0,0,1,0,1,1,1,0,1,1,0,1,0,1,0,1,0,0,1,0,1,1,0,1,0,0,0,1,1,1,1,1,0,1,0,0,1,0,0,1,0,1,1,1,0,0,0,0,0,1,0,0,0,0,1,1,0,1,1,0,0,1,0,1,1,0,0,1,0,0,1,1,0,1,0,
0,0,0,0,1,0,0,1,1,1,0,0,1,0,1,1,1,1,0,1,0,1,0,1,0,1,1,1,1,1,0,1,0,0,1,1,1,0,0,1,1,0,1,0,1,0,1,1,1,1,0,1,1,0,1,1,1,1,0,0,0,0,1,1,0,0,1,1,1,0,1,1,1,1,0,1,1,0,0,0,0,1,0,0,0,0,0,1,1,1,0,0,1,0,0,0,0,0,0,0,
1,0,0,0,1,0,0,1,0,1,1,1,1,0,0,1,0,1,0,1,1,0,0,0,1,1,1,0,1,0,1,1,0,1,1,0,0,0,0,0,0,1,0,0,0,0,1,1,0,1,1,1,1,1,0,1,0,1,1,1,0,0,1,1,0,0,0,0,1,1,1,1,1,1,1,0,0,1,1,1,1,1,0,0,1,1,0,0,1,1,0,1,1,1,0,1,0,0,1,0,
1,1,1,1,0,0,0,1,0,0,1,0,0,1,0,0,1,1,1,1,1,0,0,1,0,1,1,0,0,0,0,0,1,0,1,0,0,0,0,0,1,1,0,1,0,1,0,1,0,1,1,0,0,1,1,1,1,0,0,0,0,0,0,0,1,1,1,0,1,1,1,0,1,0,0,1,0,1,0,0,1,1,1,0,1,0,0,1,1,1,1,1,1,1,1,1,0,1,1,0,
1,1,0,0,0,0,1,0,0,1,1,1,0,1,0,0,1,1,0,0,1,1,0,0,0,1,1,1,0,1,1,1,1,0,0,0,1,0,0,0,0,0,1,0,1,0,0,0,0,0,0,1,0,0,1,1,0,0,0,1,1,1,1,0,1,1,1,0,0,0,0,1,1,1,1,1,1,1,1,1,1,0,0,0,1,0,0,0,0,0,0,1,0,1,1,0,0,1,0,0,
0,1,0,0,0,1,0,1,0,1,1,1,0,1,0,1,0,0,0,0,0,0,1,0,1,0,1,0,1,0,1,0,1,0,1,1,0,1,1,0,0,0,1,1,1,1,0,1,0,1,1,1,1,1,0,0,0,1,0,1,1,1,1,1,1,0,1,0,1,0,1,1,0,1,1,0,0,0,0,1,0,0,0,1,0,1,0,1,0,1,1,0,1,1,1,1,1,0,1,0,
0,1,1,1,1,0,1,0,1,0,1,1,1,0,1,1,1,0,0,0,1,1,1,0,1,1,0,0,1,1,1,0,1,1,1,0,1,0,1,1,1,1,0,1,1,0,1,1,0,1,1,1,0,1,1,0,0,0,1,0,1,1,1,1,1,0,1,0,0,0,0,1,0,0,1,0,0,0,0,1,0,0,0,0,1,1,1,0,1,0,1,1,1,1,0,1,0,0,0,0,
1,1,1,0,0,0,0,1,0,1,0,1,1,1,1,1,0,0,0,1,1,0,1,1,0,0,0,1,0,1,0,1,0,0,0,1,0,0,0,0,1,0,0,0,0,1,1,0,0,1,1,1,1,0,1,1,0,1,0,1,1,1,1,1,1,0,0,0,0,0,0,0,1,0,1,0,1,1,1,0,1,0,0,1,0,1,1,1,0,0,0,1,1,0,1,1,0,0,0,1,
1,0,1,1,0,1,1,0,1,0,0,1,1,1,1,0,1,1,0,1,1,0,1,1,1,1,1,1,0,0,0,0,1,1,0,1,1,0,0,1,0,1,1,1,0,0,0,0,0,0,1,1,0,1,1,0,0,0,1,1,0,0,1,0,1,1,0,0,1,1,1,0,0,1,0,0,1,0,1,0,1,1,1,0,1,1,1,0,1,0,1,0,1,1,0,1,1,1,0,0,
0,1,0,1,1,1,1,1,0,0,0,0,1,0,1,1,1,1,0,1,0,0,1,1,0,0,0,0,0,1,1,1,0,0,1,0,0,0,1,1,0,0,1,0,0,1,0,0,0,0,1,1,1,1,0,0,1,1,0,0,0,1,0,0,0,1,0,0,1,1,0,1,1,1,0,1,1,1,1,0,0,1,0,1,1,0,0,1,1,0,0,1,0,1,0,0,0,0,0,0,
1,1,0,1,0,1,1,1,1,1,0,0,0,0,0,0,1,0,0,1,1,0,1,0,0,1,0,1,1,1,1,0,0,1,0,0,0,0,1,1,1,0,0,0,1,1,0,0,1,0,0,1,0,1,1,0,1,0,1,1,0,1,0,0,1,0,1,1,1,0,0,1,0,1,0,0,0,1,1,1,0,1,1,0,1,0,0,0,1,0,1,0,0,1,0,0,0,0,1,1,
0,1,1,1,0,0,0,1,1,1,1,0,0,1,1,1,0,0,1,0,1,0,0,0,1,0,0,1,0,1,0,0,1,1,1,0,1,0,0,1,0,1,0,0,1,1,0,0,0,0,0,1,1,0,1,0,0,0,1,0,0,1,0,0,0,0,0,0,0,1,1,1,0,0,0,0,1,0,0,0,0,0,0,0,1,1,0,1,0,0,1,0,1,0,0,0,1,0,0,0,
1,0,0,0,1,1,1,0,1,1,0,0,1,0,0,1,0,0,0,0,0,1,0,0,1,1,0,1,1,0,1,1,0,1,1,1,1,1,0,0,0,1,1,1,0,0,0,0,0,0,1,1,1,1,0,0,0,0,1,1,0,1,1,0,1,0,1,1,0,1,0,0,1,1,1,1,0,0,1,1,0,1,0,0,0,0,0,0,0,1,0,1,0,0,0,1,1,1,1,1,
1,1,1,0,0,0,0,1,1,1,1,0,1,0,0,0,1,0,0,0,0,0,0,0,0,0,1,1,1,0,1,1,0,1,0,0,0,0,0,0,0,1,1,0,1,0,0,1,0,1,0,1,0,0,0,1,0,1,1,0,1,0,0,1,1,1,0,1,1,0,1,1,0,1,1,0,0,0,0,1,0,0,0,1,0,0,1,0,0,1,1,1,0,1,1,1,0,1,0,0,
1,0,1,1,0,0,1,1,1,0,1,0,1,1,0,0,0,1,0,1,0,1,1,0,1,1,0,0,0,0,0,0,0,1,0,0,1,1,0,0,1,1,0,0,0,1,1,0,1,1,0,0,1,0,1,1,0,1,1,1,0,0,1,1,1,0,0,1,1,1,1,1,1,0,1,1,1,1,1,1,1,1,1,1,1,0,1,1,1,1,0,0,1,0,1,1,0,0,1,1,
1,0,1,0,1,1,0,1,0,1,1,1,0,0,1,0,0,0,0,0,1,0,1,0,0,0,0,0,0,0,0,1,0,1,1,0,1,1,1,0,0,1,1,0,0,1,1,1,0,1,0,0,1,0,0,1,0,0,1,0,0,0,1,1,1,1,0,0,1,0,0,1,0,0,1,0,0,0,0,1,1,1,0,1,1,0,0,0,1,0,0,0,1,1,0,1,0,1,1,0,
0,0,1,1,1,1,0,0,0,1,1,0,0,0,0,1,0,0,1,0,0,1,0,1,1,0,0,1,1,1,0,1,1,0,0,0,0,1,0,1,1,1,1,1,1,1,1,0,0,1,0,0,0,0,0,0,0,1,1,1,1,0,1,1,0,0,1,1,1,0,1,0,1,1,1,0,0,1,1,1,1,0,1,0,1,1,1,0,1,1,1,1,0,0,1,1,1,1,0,0,
1,1,0,0,1,0,0,0,0,0,0,0,1,0,0,0,0,1,0,0,1,0,0,1,0,0,0,0,0,1,0,0,1,1,0,1,1,0,0,1,0,1,1,0,0,1,1,0,0,1,0,1,0,0,1,0,1,0,1,0,0,1,0,0,0,0,0,0,0,1,0,1,1,0,1,0,1,1,1,0,1,0,1,0,1,0,1,1,1,0,0,0,1,0,0,1,1,1,0,1,
1,1,1,1,1,0,0,0,1,1,1,1,0,0,0,1,0,0,0,0,1,1,1,0,0,1,1,1,1,0,1,0,0,0,1,1,1,1,1,0,0,1,0,1,0,0,0,1,1,0,0,1,0,0,0,0,1,1,0,1,0,0,1,1,1,0,0,1,0,0,0,0,1,0,1,1,0,0,1,0,0,0,1,0,1,1,1,0,0,1,0,1,1,0,0,1,0,1,0,0,
0,1,0,1,1,1,0,1,1,1,0,1,1,0,0,0,1,0,1,1,0,1,1,0,0,1,1,0,0,0,0,0,1,0,0,0,0,0,1,0,0,0,1,0,1,1,0,1,1,1,0,0,0,0,0,1,0,1,0,0,0,0,0,1,0,1,1,1,0,1,1,1,1,0,1,1,1,0,1,1,0,1,1,0,1,0,1,1,1,0,1,1,1,0,0,0,0,0,0,0,
1,0,1,0,0,1,0,1,0,0,0,0,0,1,0,1,0,1,0,1,1,0,1,0,1,0,0,0,1,1,0,0,0,0,0,1,0,1,1,0,0,0,0,1,0,0,0,1,1,1,0,0,1,1,1,0,1,0,0,1,1,0,0,0,1,0,0,1,1,0,0,0,1,1,1,1,1,0,1,1,0,1,0,1,0,1,0,0,0,1,1,1,0,1,0,0,1,1,0,1,
0,1,0,0,0,0,1,1,1,1,1,1,0,0,0,1,1,0,0,1,1,1,0,0,0,1,0,1,0,0,1,1,0,0,1,1,1,1,0,1,1,1,1,1,1,1,1,1,0,1,1,1,1,0,0,1,1,1,0,1,0,1,1,1,1,0,0,0,1,0,0,0,1,1,1,1,0,1,1,0,1,0,1,1,0,1,0,0,1,0,1,1,0,0,1,0,1,0,1,1,
1,0,1,0,1,0,0,0,1,1,1,0,0,0,0,0,0,1,1,0,0,0,0,0,1,0,0,1,1,1,1,0,0,1,1,1,1,0,1,1,0,1,0,1,1,1,0,0,0,1,0,1,0,1,1,0,1,1,1,0,0,1,1,1,0,1,1,0,1,1,0,1,0,1,0,1,1,0,0,1,1,1,1,0,0,0,1,0,1,1,1,0,0,0,1,1,1,0,0,1,
0,0,0,1,0,0,1,1,0,1,0,0,1,1,0,1,0,1,0,0,0,1,0,1,0,1,0,1,1,1,1,0,0,1,1,0,1,0,1,1,1,1,0,0,1,1,0,0,0,1,1,0,0,1,1,1,1,0,1,0,0,1,0,0,1,0,1,0,0,1,1,1,0,1,1,0,1,1,0,0,1,1,0,0,1,1,1,1,1,0,1,1,0,1,0,0,0,1,1,0,
1,0,1,1,1,1,0,1,0,1,0,1,0,1,0,1,0,0,0,1,1,0,1,0,1,0,0,0,0,1,1,1,0,0,0,1,1,1,1,1,0,1,1,0,0,0,0,0,0,1,0,1,0,1,0,1,0,1,0,1,1,1,0,0,0,1,0,0,0,0,0,1,1,0,1,1,1,1,0,1,1,1,0,0,0,1,0,1,1,1,1,0,0,1,1,0,1,0,0,0,
0,0,1,1,1,1,1,0,0,1,0,0,0,0,1,0,0,0,0,1,1,0,0,0,0,0,0,0,0,0,1,1,0,1,0,1,0,1,1,1,0,0,0,0,1,0,1,0,0,0,1,0,1,1,1,0,0,1,1,0,1,0,1,0,1,1,0,0,1,0,0,0,0,0,1,1,0,0,0,1,1,0,0,1,0,0,1,1,0,1,1,0,0,0,1,0,1,1,1,0,
1,1,1,0,0,1,0,0,1,1,0,1,1,1,1,0,0,1,0,1,0,0,1,1,1,0,0,0,0,0,1,1,1,1,0,1,0,1,0,1,0,1,1,0,1,0,1,1,0,1,1,0,1,0,1,1,1,1,0,1,0,1,0,1,0,0,0,1,0,0,1,1,1,0,1,1,0,0,1,1,0,1,0,1,1,0,0,1,0,1,1,1,0,0,0,1,0,0,0,1,
1,0,1,1,0,0,1,1,0,0,0,1,0,1,1,0,0,1,0,1,0,1,0,1,1,0,0,0,0,1,1,0,1,0,1,1,0,0,1,0,0,0,0,0,0,0,1,0,1,1,1,0,1,1,0,0,0,0,0,0,0,1,0,1,1,1,1,0,0,0,0,1,1,1,1,0,1,1,0,0,0,0,1,1,1,1,1,0,0,1,1,0,0,0,0,0,1,1,1,1,
1,1,1,0,0,1,0,1,1,0,1,1,1,0,0,0,0,1,1,0,0,1,0,1,1,1,0,0,1,0,0,0,0,1,1,0,1,0,0,1,0,1,1,0,1,1,1,1,1,1,0,0,0,0,0,0,1,0,1,0,1,0,1,1,1,1,0,0,1,1,1,0,1,1,1,1,1,1,0,1,1,0,1,1,0,0,1,1,1,0,1,0,0,1,1,0,1,1,0,0,
1,1,0,1,0,1,1,1,0,0,1,1,0,1,1,0,0,0,0,1,0,0,1,1,1,1,1,1,1,0,0,0,1,1,0,0,1,0,0,1,0,0,1,1,1,1,1,1,0,0,0,1,0,1,1,1,0,0,1,1,0,0,1,0,0,0,0,0,1,0,1,0,0,1,1,0,1,0,0,0,1,1,1,0,0,1,0,0,1,1,0,0,1,1,1,1,0,0,0,1,
0,1,1,1,0,1,0,0,1,0,1,0,0,1,1,0,1,1,0,0,0,0,1,0,0,1,1,1,0,0,0,0,1,1,1,1,0,0,0,1,0,1,0,0,1,0,1,0,0,1,1,1,1,1,1,1,1,0,1,0,1,1,0,1,0,1,0,0,1,0,1,0,1,0,1,0,0,0,1,0,1,0,1,1,0,1,0,1,0,0,0,1,1,0,1,0,0,0,1,0,
1,0,0,0,1,1,1,1,0,1,0,0,1,0,0,0,0,1,1,0,1,0,0,0,0,0,0,1,1,0,1,1,0,0,0,0,1,1,0,0,1,0,1,0,1,0,1,1,0,1,0,1,1,0,1,1,1,1,1,1,0,0,0,1,0,0,0,0,1,1,0,0,0,1,0,0,1,0,1,1,0,0,1,1,0,1,0,1,1,1,0,0,0,1,1,1,1,0,1,0,
1,1,0,1,0,0,0,1,0,1,0,1,1,1,1,1,1,0,1,0,0,0,0,1,1,0,1,1,0,1,1,1,0,0,0,1,0,1,1,0,1,0,1,1,0,0,0,1,1,0,0,0,0,0,0,0,1,0,1,1,1,1,1,1,0,1,0,0,1,0,0,0,0,1,1,0,0,1,1,1,0,0,1,0,1,0,1,0,1,0,1,0,0,1,1,1,0,0,1,1,
1,1,1,1,1,0,1,1,0,0,1,0,1,1,0,0,1,0,0,1,0,0,1,1,1,0,0,0,1,1,0,1,0,0,0,0,1,0,1,0,1,0,1,0,0,1,1,0,1,0,0,0,1,0,0,0,1,1,1,1,1,1,1,0,0,1,0,1,1,1,0,1,0,0,0,1,1,0,1,0,0,1,0,0,1,0,1,0,1,1,0,0,1,1,0,1,1,0,0,1,
0,0,1,0,0,0,1,0,1,1,0,0,0,1,0,0,0,0,1,1,0,1,1,1,0,1,1,1,1,0,0,1,0,1,0,0,1,0,0,0,1,1,0,0,1,1,1,0,1,1,0,1,1,0,1,1,0,0,1,1,0,1,1,0,0,0,0,0,0,1,1,1,1,1,1,1,0,0,1,1,1,1,1,1,1,1,1,1,0,1,1,1,1,1,0,1,1,1,0,1,
1,1,1,0,0,1,0,1,0,1,0,0,1,1,0,1,1,0,1,1,0,0,1,1,1,1,0,0,0,1,1,0,1,0,1,1,0,0,1,1,0,0,1,0,1,0,1,0,1,1,1,0,1,1,1,1,1,1,0,1,0,1,0,0,1,1,1,1,1,0,0,0,1,0,1,0,1,1,1,0,1,1,1,0,0,1,1,1,1,1,0,0,1,0,0,0,1,1,0,0,
0,0,0,0,0,0,1,0,0,0,0,0,0,1,0,1,1,1,0,1,0,1,1,0,0,1,1,1,0,0,0,0,1,1,0,0,0,0,1,1,0,1,0,0,1,0,0,1,1,0,0,1,1,0,1,0,0,0,1,1,0,0,0,0,0,0,0,0,0,0,0,1,0,1,1,1,1,1,0,0,0,1,0,1,0,1,1,0,0,1,1,0,0,1,0,0,1,1,0,1,
1,1,0,0,0,0,1,1,0,0,1,1,0,0,0,0,1,0,0,1,1,1,0,1,1,1,1,0,1,0,0,0,0,1,1,0,1,1,0,0,0,1,1,0,0,0,1,1,1,0,0,0,0,0,1,1,0,0,0,1,1,0,0,1,1,0,0,0,0,0,1,1,0,0,0,0,0,1,0,1,0,0,1,1,0,0,1,1,1,1,1,0,0,0,0,0,0,0,0,0,
1,0,1,0,0,0,0,1,0,1,1,1,1,0,0,0,0,1,1,0,0,0,1,1,1,1,1,1,0,1,1,1,0,0,0,0,1,1,0,0,1,1,0,1,0,1,1,1,0,1,1,0,0,1,1,0,0,1,0,1,1,1,0,1,1,0,1,0,1,0,0,0,1,0,1,1,1,1,1,0,1,0,0,1,1,1,1,1,1,0,0,0,0,1,0,0,1,1,1,1,
1,1,1,0,1,0,0,1,1,0,0,1,0,0,0,1,0,1,0,0,0,0,1,0,1,0,0,0,0,0,0,0,1,1,1,1,0,0,0,1,0,1,1,0,0,1,0,1,1,1,1,0,0,1,0,0,0,1,1,1,0,1,0,0,0,1,1,1,0,0,0,0,0,1,0,0,1,0,0,0,0,0,0,0,1,1,1,0,1,0,0,1,1,1,0,1,1,1,0,0,
0,0,0,1,1,0,0,1,0,1,0,0,1,1,1,1,1,1,1,1,0,0,1,1,1,1,0,1,0,1,0,1,0,0,0,1,0,1,1,1,1,0,0,0,0,1,1,0,1,1,1,1,1,0,0,0,1,1,1,1,0,0,0,1,0,1,0,1,0,0,0,1,0,0,0,0,1,0,1,1,1,0,1,1,1,0,0,1,1,1,1,1,1,0,0,0,0,1,1,0,
0,0,1,0,0,1,1,0,0,1,1,0,0,1,1,0,1,1,1,0,1,0,1,0,0,1,0,1,0,1,1,0,1,1,1,0,1,0,1,0,1,0,0,0,0,1,1,0,0,0,1,0,1,0,0,1,1,0,1,1,0,1,0,1,1,1,0,1,0,1,1,1,1,1,0,1,0,0,1,1,0,0,0,1,1,1,0,1,1,0,0,1,1,0,1,0,0,1,1,0,
0,1,0,0,1,0,1,1,0,1,0,0,0,1,0,0,0,1,0,1,0,1,1,1,0,0,0,0,0,0,1,0,0,1,0,0,0,0,0,1,0,0,0,0,1,1,1,0,1,0,0,0,0,0,1,0,0,1,1,1,1,1,1,1,0,0,1,1,1,0,0,0,0,1,1,0,1,0,1,1,0,0,0,0,1,0,0,1,0,1,0,1,0,1,0,0,0,1,1,1,
0,0,1,0,0,1,1,1,0,0,0,1,1,0,1,0,0,1,0,0,1,0,1,1,1,0,1,1,0,1,1,1,1,0,0,1,1,1,0,0,0,0,0,1,0,0,0,0,1,1,1,0,1,1,0,1,0,1,1,0,1,0,1,0,1,1,0,0,0,1,0,1,1,1,0,0,0,0,1,1,0,0,0,1,0,1,0,1,1,1,0,1,1,1,1,1,0,1,1,0,
1,1,0,0,1,0,1,0,1,0,1,1,1,0,0,1,1,1,1,0,1,0,1,1,1,0,0,0,0,1,1,0,0,0,1,1,0,0,0,1,1,1,1,1,0,0,1,1,1,1,1,1,0,1,1,1,0,0,0,0,1,0,0,0,1,0,0,0,1,1,1,0,1,0,0,1,0,1,0,1,1,1,0,0,0,1,0,0,0,1,0,0,1,0,0,1,0,1,1,0,
0,1,1,1,0,0,0,1,1,0,0,0,0,0,0,1,1,1,1,0,0,0,1,0,0,0,1,1,1,1,1,1,1,0,1,1,1,0,1,1,0,1,1,1,0,1,0,0,1,1,1,1,0,1,1,0,1,1,1,0,1,1,0,0,1,0,0,1,1,0,1,0,0,1,1,0,1,0,0,1,1,0,0,0,1,1,0,0,0,0,1,0,0,1,1,1,1,1,0,0,
0,0,1,1,1,0,1,1,0,0,0,0,0,0,1,0,1,0,0,1,1,1,1,0,0,0,0,1,0,1,1,0,1,1,0,0,0,1,1,1,1,0,0,0,0,1,0,0,1,0,0,1,1,0,1,0,0,1,1,1,1,0,1,0,0,1,1,1,0,1,1,0,0,0,0,1,0,1,1,1,0,1,1,0,1,1,1,0,1,1,1,1,0,1,0,0,0,1,1,1,
1,1,1,0,0,0,0,0,0,0,0,1,0,0,0,1,0,0,0,1,1,1,0,0,0,0,0,0,1,1,0,0,0,1,1,1,1,1,1,0,1,1,0,1,1,1,1,1,0,0,1,0,0,1,1,1,0,0,0,1,0,0,0,0,1,1,0,1,1,1,0,0,0,0,1,0,0,0,1,1,0,0,0,1,0,0,0,0,0,1,0,0,1,1,0,1,0,1,0,1,
1,0,1,1,1,0,1,1,1,0,0,0,0,0,1,1,1,1,1,0,1,1,1,1,1,1,0,1,1,1,0,1,1,0,0,1,1,0,0,1,1,1,0,0,1,1,1,0,0,0,1,1,0,1,0,0,1,0,1,0,1,0,1,1,1,1,1,0,0,0,0,1,0,0,1,0,1,0,0,1,0,0,1,0,1,0,0,0,1,0,0,0,1,0,0,0,1,0,0,0,
0,0,0,1,1,0,1,1,1,1,1,0,0,1,0,0,0,0,0,0,0,0,1,0,1,0,1,1,1,0,0,1,0,0,0,0,1,0,0,1,1,1,1,0,1,1,1,0,1,1,0,0,1,1,1,1,1,0,0,1,0,0,1,0,1,0,0,1,1,1,1,1,0,1,1,1,1,1,0,0,0,0,0,1,1,0,1,1,0,0,1,1,0,0,1,1,1,0,0,0,
1,0,1,1,0,1,1,1,1,1,1,1,1,1,1,0,0,0,1,1,0,0,1,1,0,1,0,0,0,0,1,1,1,0,0,1,0,1,0,0,0,1,0,0,0,1,1,1,0,1,0,0,1,0,0,0,0,1,0,0,0,1,1,1,1,1,0,0,1,1,0,0,0,0,0,0,1,1,0,0,1,1,1,1,0,1,1,0,1,1,1,1,0,1,1,1,1,1,1,0,
0,1,1,1,0,0,1,0,1,0,1,0,1,1,0,1,1,0,0,0,0,1,1,0,0,0,1,1,1,0,0,1,1,0,1,1,1,1,0,0,0,1,1,0,1,0,0,1,0,0,1,1,0,0,1,1,0,1,1,0,1,0,0,1,0,1,0,1,1,1,1,1,0,1,0,0,0,0,1,0,0,0,1,0,0,1,1,0,1,0,0,1,0,0,1,1,0,0,1,1,
0,1,0,1,1,0,1,1,0,1,1,1,0,1,0,0,0,0,0,0,0,1,0,1,1,1,1,0,1,0,1,1,0,0,0,0,1,0,0,1,1,0,0,0,1,1,1,0,1,1,1,0,0,0,0,1,1,1,0,0,0,0,0,0,0,0,0,0,1,0,0,0,0,0,0,1,1,0,0,1,1,1,1,1,0,1,0,0,1,1,1,0,1,0,1,1,1,0,0,0,
0,1,1,0,1,1,0,1,1,1,0,1,1,0,0,1,0,0,1,0,0,1,0,1,1,0,1,1,0,0,1,1,1,0,0,1,1,1,1,1,0,0,0,1,0,1,1,1,1,0,1,0,1,0,0,1,1,0,1,0,0,0,0,1,1,0,0,1,1,1,1,0,0,1,0,0,1,1,0,0,1,0,0,1,0,1,0,0,0,1,1,1,1,1,1,1,0,1,1,1,
0,1,1,1,1,1,0,0,1,0,0,0,0,0,1,1,1,0,0,0,1,0,1,0,1,1,0,1,0,0,1,1,1,0,0,1,1,0,1,0,0,0,1,0,1,1,0,0,1,0,1,0,1,1,1,0,0,0,0,0,1,0,1,1,1,1,0,0,1,0,0,1,1,1,1,0,1,1,1,1,1,0,1,1,0,0,1,1,0,0,1,1,1,1,1,0,1,1,1,1,
1,1,1,0,1,0,0,0,0,0,1,1,0,0,0,0,0,0,1,1,0,1,1,1,1,0,0,1,0,1,0,1,1,1,1,0,1,0,0,0,0,1,1,0,0,0,1,0,0,1,1,0,0,1,1,0,0,1,0,1,0,1,0,1,0,1,1,0,0,0,0,0,1,1,0,0,1,0,0,1,0,0,0,0,0,1,1,0,0,0,0,0,1,0,0,1,0,0,0,1,
1,0,1,1,0,0,1,0,1,0,1,0,0,0,1,1,0,1,0,1,1,0,1,1,0,1,1,1,0,0,0,0,1,0,1,0,1,0,0,1,1,1,0,1,1,0,1,1,0,0,0,1,1,1,0,0,1,0,1,0,0,0,0,1,1,1,1,0,0,0,1,1,1,0,1,0,1,0,1,0,1,1,0,1,0,1,0,1,1,0,1,1,1,0,0,1,1,0,0,0,
1,1,0,1,0,0,0,1,0,1,0,1,1,1,1,1,1,1,1,0,0,0,0,1,1,0,1,0,0,1,1,1,1,1,1,1,0,1,0,0,1,1,1,1,1,0,1,1,0,1,0,0,1,0,1,0,0,1,0,0,1,0,0,0,0,0,0,0,0,0,1,0,1,0,1,1,0,1,0,0,1,1,0,1,1,1,1,1,0,1,0,0,1,0,1,1,1,0,0,0,
1,0,0,1,0,1,1,0,1,1,0,1,0,1,0,1,0,1,0,1,0,1,1,0,0,1,0,1,0,0,1,0,1,1,1,1,1,1,1,1,1,1,1,1,0,0,0,1,1,0,1,0,0,0,0,0,1,0,0,0,1,1,0,0,0,0,0,0,1,0,1,0,1,1,1,1,1,0,0,0,0,1,1,0,0,1,0,0,1,1,0,1,0,1,0,0,0,0,1,1,
1,0,0,0,0,1,1,1,1,0,0,0,0,0,1,0,0,1,0,0,0,1,0,0,0,1,1,0,0,1,0,1,0,1,1,0,0,0,1,1,0,0,0,1,1,1,1,1,0,1,0,0,1,0,0,1,0,0,1,1,0,1,0,0,1,1,1,1,0,0,1,0,1,1,1,1,1,0,0,0,0,0,1,1,1,0,0,0,1,0,1,1,1,1,1,0,1,0,0,1,
0,1,0,0,0,1,1,1,1,0,1,1,1,1,0,0,0,0,1,0,0,0,1,1,1,1,0,1,1,0,0,1,0,1,1,1,1,0,0,1,1,0,1,1,0,0,1,0,0,0,0,1,0,0,0,0,1,0,0,1,1,0,1,1,0,0,0,0,1,1,0,0,1,0,1,1,0,1,1,0,0,1,1,1,1,1,0,1,0,1,1,1,1,1,1,0,0,1,1,1,
0,0,1,1,0,1,1,1,1,1,0,0,0,1,0,1,1,1,0,1,0,0,1,1,0,0,1,0,0,1,1,0,0,1,1,1,0,0,0,0,0,0,0,1,1,0,0,1,0,1,1,1,0,0,0,1,0,0,0,0,0,1,0,1,0,0,1,1,0,1,0,1,1,1,0,1,0,0,0,0,0,1,1,1,0,0,1,0,0,0,0,0,1,1,0,1,0,0,1,0,
1,0,1,1,0,0,1,1,1,0,0,0,0,0,1,1,1,1,0,1,1,0,1,1,0,0,0,1,1,1,0,1,1,1,0,0,0,0,1,1,0,1,1,1,0,0,0,0,0,1,0,1,1,0,1,1,1,1,0,0,0,1,1,0,1,0,0,0,0,0,0,0,0,0,0,0,1,1,1,0,0,0,1,1,1,0,1,0,0,1,0,1,0,1,1,0,0,0,0,1,
0,1,0,0,1,1,1,1,1,1,0,1,0,1,1,1,1,0,0,1,0,1,1,0,1,0,1,0,1,1,0,0,0,0,0,0,1,0,1,1,0,0,1,0,1,1,1,0,1,1,1,1,0,0,1,1,0,1,0,0,1,0,0,1,0,1,1,1,0,0,0,1,1,1,1,0,1,1,1,0,0,1,1,1,0,0,1,0,1,0,1,1,1,1,1,0,0,0,1,0,
1,0,0,0,1,1,0,0,0,1,1,0,0,0,1,0,1,0,0,0,1,0,0,1,0,1,1,0,1,1,0,1,0,1,1,0,1,0,0,0,1,1,1,0,1,0,0,1,1,1,0,1,1,0,0,1,1,1,0,0,1,0,0,0,1,0,1,1,1,1,0,0,0,0,1,0,0,0,0,0,1,1,1,1,1,1,1,1,1,0,0,0,0,1,1,0,1,1,1,1,
0,1,1,0,1,1,1,1,0,0,0,1,0,1,0,0,0,1,0,0,1,0,0,1,1,0,0,0,1,0,0,0,0,0,0,0,1,0,0,1,1,0,0,1,0,0,0,1,0,1,0,0,0,0,0,0,1,1,0,0,1,0,1,0,1,1,0,0,1,0,1,0,1,1,0,1,1,0,1,0,0,0,1,0,1,0,0,0,1,0,1,0,1,1,0,1,1,1,0,0,
1,1,1,0,0,0,0,0,0,0,0,1,0,1,1,1,0,1,0,1,1,1,0,0,0,0,0,1,0,0,0,0,0,0,1,0,1,0,0,0,1,1,1,1,0,0,1,1,1,0,1,0,1,0,1,0,0,0,0,0,1,0,1,0,1,1,0,0,1,0,0,0,1,0,0,0,0,1,0,0,1,1,1,1,1,1,1,1,0,0,1,1,0,1,0,1,0,1,0,0,
0,1,1,1,1,0,1,0,0,1,1,1,0,0,1,1,1,1,0,0,0,1,1,1,0,0,1,0,0,1,1,1,1,1,1,0,1,0,0,1,0,0,0,1,0,1,1,0,1,0,1,1,1,1,1,1,0,0,0,1,0,1,0,0,0,1,1,1,0,1,1,1,1,0,0,0,1,1,1,0,1,1,0,1,0,1,1,1,1,0,1,0,0,0,0,0,0,1,1,0,
1,0,0,1,1,0,0,0,0,1,1,0,1,1,0,1,0,0,1,0,1,0,0,1,1,0,0,0,0,1,0,0,1,0,1,1,0,0,0,0,0,0,1,0,1,1,0,1,1,0,1,1,1,0,1,0,0,0,0,0,0,1,1,0,0,1,0,0,1,0,1,0,1,1,0,1,0,0,1,1,0,0,1,1,1,1,1,1,0,0,1,0,0,0,0,0,0,1,1,0,
0,0,1,1,1,0,1,0,0,1,0,0,1,0,1,1,0,1,0,0,1,0,0,0,1,0,0,1,0,1,1,1,0,0,0,1,0,0,1,0,0,0,1,0,0,1,1,1,0,0,1,0,1,0,1,0,0,1,1,1,1,0,0,0,0,0,1,0,1,1,0,1,1,1,0,1,1,1,1,1,1,1,1,1,0,0,1,0,0,1,0,1,1,1,1,1,1,1,1,1,
1,0,1,1,0,1,1,1,0,0,1,1,1,0,1,1,1,0,1,0,1,0,0,1,1,1,0,1,1,0,0,0,0,0,1,1,0,1,1,0,0,1,1,0,1,0,0,0,0,1,1,0,1,0,0,1,0,1,0,0,0,0,1,0,1,0,0,0,1,0,1,0,0,1,1,0,0,0,0,1,1,1,0,1,1,0,0,1,0,0,1,0,1,1,0,0,1,1,0,1,
1,0,1,1,1,1,0,0,1,0,1,0,0,1,0,1,0,1,1,1,1,1,1,0,0,1,0,1,1,1,0,1,0,0,0,1,1,0,0,1,0,0,1,0,1,1,0,0,0,0,0,0,0,0,0,1,1,1,1,1,1,1,1,0,1,0,1,1,1,1,1,0,0,0,1,0,1,0,0,1,0,1,0,1,1,1,0,1,1,0,1,0,0,1,1,0,1,1,0,1,
1,0,1,1,0,1,1,0,0,1,1,1,0,1,1,0,0,1,0,0,0,1,1,1,1,0,0,0,1,1,1,0,1,1,0,1,0,1,0,0,1,0,1,1,1,0,1,0,0,0,1,0,1,0,1,1,1,0,0,1,1,0,1,0,1,0,1,0,0,1,1,1,0,0,0,0,0,1,1,1,1,1,1,1,0,1,0,1,1,0,0,1,0,0,0,1,0,1,0,1,
0,1,0,1,0,1,1,1,1,0,0,0,0,1,1,1,1,1,1,1,1,1,1,0,1,1,1,1,1,1,1,1,0,1,0,1,1,1,0,1,0,0,0,1,0,0,1,0,1,1,1,0,0,0,0,1,0,1,1,1,1,1,0,0,1,1,0,0,0,0,0,1,1,0,0,0,1,0,0,1,0,1,1,1,1,1,0,0,1,1,1,0,1,1,0,0,0,1,0,1,
1,0,1,0,1,1,0,0,0,0,1,0,0,1,0,1,0,0,0,1,1,1,1,1,0,1,1,1,0,1,0,0,0,0,1,1,0,1,0,1,0,0,1,0,0,1,0,1,0,0,1,0,0,1,0,0,0,0,1,1,1,1,1,0,0,0,1,0,0,1,1,0,0,0,0,0,0,0,1,1,0,1,1,1,1,1,1,0,1,0,1,0,1,0,0,0,1,0,1,0,
1,0,1,0,0,1,0,0,1,1,1,0,1,0,0,1,0,0,1,0,1,1,0,1,1,1,0,0,1,1,1,0,1,0,1,0,1,1,0,1,1,1,0,1,0,0,1,0,0,1,1,1,0,1,1,1,1,1,0,1,1,0,0,1,1,0,1,0,1,0,1,0,1,0,1,0,0,0,1,1,0,0,0,1,1,0,1,0,0,0,0,0,1,1,1,0,1,0,1,1,
1,0,0,1,1,1,0,0,1,0,1,1,0,0,0,1,0,1,1,0,0,0,1,0,1,1,0,0,1,1,0,0,0,1,0,0,1,1,1,1,0,0,0,0,0,1,0,1,0,0,1,1,0,0,1,1,0,0,1,0,0,1,0,1,1,0,0,1,1,0,1,0,0,1,0,0,0,0,0,0,1,1,0,0,0,1,1,0,1,0,1,0,1,0,0,0,0,1,1,0,
1,0,0,1,0,1,0,0,1,1,1,1,0,1,0,1,0,1,1,1,1,1,1,0,0,0,0,1,0,0,0,1,1,1,1,1,1,0,0,1,0,1,1,1,1,0,0,1,1,0,0,0,1,0,0,1,0,1,0,0,0,1,0,1,1,0,1,0,1,1,1,0,0,1,0,1,1,0,0,1,0,1,1,0,1,1,0,1,0,0,0,0,1,0,1,0,0,1,0,1,
0,1,0,1,0,1,1,1,0,0,0,1,0,1,1,1,1,1,0,0,1,1,0,1,0,1,1,1,0,1,0,0,1,1,0,1,0,0,1,0,0,1,1,1,1,1,1,1,1,1,0,0,0,1,0,1,1,0,0,0,0,0,0,0,0,0,0,0,0,1,1,1,1,1,1,1,1,0,1,0,0,1,0,1,1,1,1,1,1,0,1,0,1,1,1,1,1,0,0,0,
1,1,0,1,1,1,0,0,1,1,0,0,0,0,0,1,1,1,1,0,0,0,1,1,1,1,1,0,0,1,1,1,0,0,0,1,1,0,0,1,0,1,0,0,0,1,1,0,0,0,0,1,0,1,1,1,0,1,1,0,0,0,0,0,0,1,0,1,1,0,1,1,0,1,0,0,0,1,0,0,0,1,1,0,0,0,1,0,1,0,1,1,1,0,0,1,1,0,1,0,
1,0,1,1,1,0,0,0,0,1,1,1,0,1,0,1,1,0,0,0,1,1,0,1,1,1,0,1,0,0,1,0,0,0,1,1,1,1,0,0,0,0,0,0,0,1,0,1,0,0,0,1,0,1,0,0,0,1,1,1,0,1,1,0,1,1,0,1,1,0,1,1,1,1,1,1,0,1,1,1,1,0,0,1,1,0,0,1,1,1,1,1,1,1,0,1,0,0,1,1,
0,1,0,0,1,0,0,0,0,1,0,1,0,0,0,1,0,1,1,1,1,0,1,1,0,0,0,0,1,1,1,1,1,1,0,1,1,0,1,0,0,1,0,0,0,0,0,1,0,1,0,1,1,1,0,1,0,0,0,1,1,1,1,1,1,1,1,1,0,1,1,0,0,1,1,1,0,0,1,0,1,0,0,1,1,1,1,0,1,1,1,1,1,1,1,0,0,1,0,0,
0,1,0,0,0,0,1,0,1,0,1,0,0,0,1,1,1,0,0,0,0,1,1,0,0,0,1,1,1,1,0,1,1,0,0,1,0,1,1,1,0,1,1,0,1,0,0,0,1,0,1,1,0,1,1,1,0,1,1,0,1,1,1,1,1,1,0,1,1,1,1,1,1,1,1,1,1,0,0,1,0,1,1,0,1,0,0,0,0,1,1,1,1,1,0,0,1,1,0,0,
0,0,0,1,1,1,0,1,0,1,1,1,1,0,0,1,1,1,1,1,1,0,0,0,1,0,0,1,1,0,0,0,0,1,1,1,0,0,0,1,1,1,1,1,0,0,1,1,0,1,1,0,0,0,0,0,0,0,1,0,1,1,0,1,0,1,1,1,0,1,0,1,1,0,1,1,1,0,1,1,0,1,1,1,0,1,0,0,0,1,1,0,0,1,0,0,0,1,0,1,
0,0,0,1,0,0,1,1,1,1,0,0,1,0,0,0,0,1,0,1,0,1,1,0,1,1,0,0,1,0,1,1,1,0,0,1,1,1,0,1,1,0,1,0,1,1,1,1,0,0,0,1,1,1,1,0,1,1,1,1,0,1,0,0,0,1,0,1,1,1,0,0,1,1,1,1,0,1,1,1,0,0,1,0,1,0,0,1,1,1,1,1,1,1,1,0,0,1,0,1,
1,1,0,0,0,0,0,1,1,1,0,0,0,0,1,1,0,1,1,1,1,0,0,1,1,0,1,0,1,1,0,0,0,1,1,1,1,1,1,1,1,0,0,0,0,0,0,1,0,0,1,1,1,0,0,1,1,0,1,0,0,0,1,1,1,1,0,1,1,1,1,0,0,0,0,1,1,1,0,1,1,0,1,0,0,0,0,0,1,0,0,0,1,0,0,1,1,0,0,1,
1,0,1,0,1,0,1,0,1,0,1,0,1,0,0,1,0,0,1,0,1,0,0,0,1,1,1,1,0,1,0,1,1,0,0,1,1,0,1,1,0,1,1,1,1,0,0,0,0,0,1,0,0,0,0,1,0,1,1,0,0,1,0,0,0,1,0,1,1,1,0,1,1,1,0,0,0,0,1,1,0,1,0,0,0,1,0,0,1,0,1,0,0,1,1,1,1,1,1,0,
1,1,1,1,1,0,0,1,0,1,1,1,0,0,0,1,1,1,1,0,1,0,1,1,1,1,0,0,0,1,1,0,1,1,1,0,1,0,1,1,1,1,1,0,1,0,0,1,0,1,0,1,1,1,0,0,0,1,0,1,1,0,0,0,1,1,1,0,1,0,0,0,1,1,1,1,0,1,0,1,1,1,1,0,0,1,1,1,0,1,1,1,0,0,0,1,1,1,1,0,
1,1,1,1,1,0,1,0,0,0,0,0,0,1,1,1,0,1,0,1,0,1,0,1,0,1,1,1,1,0,1,0,1,0,1,1,1,1,1,0,0,1,0,1,1,1,0,1,1,0,0,1,0,1,1,0,0,0,1,1,0,1,0,1,0,0,0,0,0,0,1,0,0,0,1,0,0,0,0,0,0,1,1,1,1,1,0,0,1,0,0,1,0,1,1,1,0,1,0,0,
0,0,0,0,1,0,1,1,0,1,0,1,1,0,1,0,0,1,0,0,1,1,1,1,1,1,1,1,1,1,0,0,0,1,0,1,0,1,1,0,0,1,0,0,0,0,1,1,0,0,1,1,0,1,1,1,0,1,0,0,1,1,0,0,1,0,1,1,1,1,0,1,1,0,1,1,0,1,0,1,1,1,1,1,1,1,0,1,1,0,0,1,0,0,0,0,0,0,1,0,
1,0,0,1,1,1,0,1,1,0,1,0,0,1,1,0,0,1,0,1,1,1,1,0,1,0,0,1,0,0,0,1,0,0,0,1,0,0,0,0,1,1,1,1,1,0,0,1,0,0,1,1,1,0,1,1,0,1,0,1,1,1,0,1,1,0,0,1,0,0,1,0,0,1,0,0,0,0,0,0,1,1,1,1,0,1,0,0,1,1,1,0,1,1,0,1,1,1,1,0,
0,1,1,1,1,0,1,1,1,1,0,0,1,0,0,1,1,0,1,1,1,0,0,0,0,0,0,0,0,0,1,1,0,0,1,1,1,0,0,0,1,1,1,0,1,1,0,0,1,1,0,0,0,1,1,1,1,1,1,0,1,1,1,0,1,0,1,0,0,0,1,1,0,0,1,1,1,1,1,1,1,1,1,1,0,1,1,0,0,0,0,1,0,0,0,0,0,1,1,1,
0,0,0,1,1,1,1,1,0,1,1,1,0,0,1,0,1,0,0,0,0,1,0,0,1,1,0,0,0,1,1,0,1,1,1,1,0,1,0,1,1,0,0,1,1,0,1,1,1,0,0,1,0,0,1,1,0,0,0,1,1,1,1,1,1,1,1,1,0,0,1,1,1,0,1,0,1,0,0,1,0,1,1,1,1,1,0,1,0,1,0,1,0,0,0,0,0,0,0,0,
0,0,0,0,1,1,1,0,1,0,0,0,0,0,1,1,0,1,0,0,0,0,1,1,0,1,1,0,0,1,1,1,1,1,0,0,0,0,0,0,0,0,1,0,1,0,1,0,0,0,1,1,1,1,1,1,0,0,1,0,1,1,0,1,1,1,0,0,0,0,1,0,1,0,0,0,1,0,1,1,0,0,1,0,0,1,0,1,0,1,0,0,0,0,0,1,1,0,0,0,
1,1,0,1,1,0,1,1,1,1,0,0,0,1,1,1,1,1,1,1,0,0,0,1,0,0,0,1,0,0,1,0,1,1,1,1,0,0,0,0,1,0,0,0,1,1,1,0,1,0,1,1,1,1,1,0,1,1,1,0,0,0,1,0,0,0,1,1,0,0,1,0,0,1,0,0,0,0,0,1,1,1,0,0,0,0,1,1,1,1,0,1,0,0,1,0,1,0,1,0,
0,1,0,0,0,0,1,0,0,1,0,0,1,1,0,0,0,1,1,0,0,1,1,1,0,1,1,0,1,1,0,0,1,0,1,1,1,1,0,1,1,0,0,0,0,0,1,0,0,1,1,1,0,1,0,1,0,1,1,0,1,0,0,0,0,1,1,0,0,0,1,1,1,0,0,1,1,0,0,1,1,0,0,1,0,0,1,1,1,0,0,1,0,0,1,1,0,0,1,0,
0,0,0,0,1,1,0,0,0,1,0,0,0,1,1,0,1,1,1,1,0,1,0,0,1,0,1,0,1,1,0,0,0,0,0,1,1,1,0,1,1,1,1,1,1,1,1,1,1,0,0,1,0,0,1,1,0,0,0,0,0,1,0,0,0,1,1,1,1,1,1,1,1,1,1,0,0,1,1,0,0,0,1,1,1,1,0,1,1,1,0,1,1,0,0,0,0,0,0,0,
0,1,0,1,1,0,1,0,0,0,0,1,0,1,0,1,1,0,0,0,0,0,1,0,1,0,1,0,1,0,0,1,1,1,0,0,0,0,0,1,0,1,1,1,1,1,0,1,0,0,0,1,1,0,1,1,0,0,0,1,0,1,1,0,1,1,0,0,1,1,1,0,0,0,0,1,1,1,0,0,1,1,0,0,0,0,0,1,1,0,1,1,1,0,0,1,1,0,0,1,
1,0,0,0,0,0,0,0,1,0,0,1,0,1,0,1,0,0,1,0,0,1,1,1,0,0,0,1,1,0,1,0,0,1,1,1,0,1,0,1,0,0,0,1,0,0,0,1,1,0,0,0,1,0,1,1,1,0,0,1,1,1,0,1,0,1,0,0,0,0,1,1,1,1,1,0,1,0,1,0,0,1,0,0,1,1,1,0,0,0,0,0,1,0,0,0,0,0,1,0,

0,1,1,1,1,1,0,1,1,1,1,1,1,1,1,1,1,1,1,1,1,1,1,1,1,1,1,1,1,1,1,1,1,1,1,1,1,1,1,1,1,1,1,1,1,1,1,1,1,1,1,1,1,1,0,0,1,1,1,1,1,0,1,1,1,1,1,1,1,1,1,1,1,1,0,1,1,1,1,1,1,1,1,1,1,1,1,1,1,1,1,1,0,1,0,1,1,0,1,1,
1,0,1,1,1,1,1,1,1,1,1,1,1,1,1,1,1,0,1,1,1,1,1,1,1,1,1,1,0,1,1,1,1,1,1,1,1,0,1,1,1,0,1,1,0,1,1,1,1,1,0,1,1,1,1,1,1,1,1,0,1,1,1,1,1,0,1,1,1,1,1,1,1,1,1,1,1,1,1,1,1,1,1,1,1,1,1,1,1,1,0,1,1,1,1,1,1,0,1,1,
1,1,0,1,1,1,1,1,1,1,1,0,1,0,1,1,1,1,1,1,0,1,1,1,1,1,1,1,1,1,0,1,1,0,1,1,1,1,1,1,1,1,1,1,1,1,1,1,1,1,1,1,1,1,1,1,1,1,0,1,1,1,1,1,1,1,1,1,1,1,1,1,1,1,1,1,1,0,1,0,1,1,1,1,1,1,1,1,1,1,0,1,1,1,1,1,1,0,1,1,
1,1,1,0,1,1,1,1,0,1,1,1,1,1,1,1,1,1,1,1,1,1,0,0,1,1,1,1,1,1,1,1,1,1,1,1,1,0,1,1,1,1,1,0,1,1,1,1,1,1,1,1,1,1,1,1,0,1,1,1,1,1,1,1,1,1,1,0,1,1,1,1,1,1,1,1,1,1,1,1,1,1,1,0,1,1,0,1,1,1,1,1,1,1,1,1,1,0,1,1,
1,1,1,1,0,1,1,1,1,1,1,1,1,1,1,0,1,1,1,1,1,1,1,1,0,1,1,1,0,1,1,1,1,1,1,1,1,1,1,0,1,1,1,1,1,1,1,1,1,1,1,1,1,1,1,1,1,1,1,1,1,1,1,0,1,1,1,1,1,1,1,0,1,0,1,1,1,1,0,1,1,1,1,1,1,1,1,1,1,1,1,1,1,1,1,1,1,1,1,0,
1,1,1,1,1,0,1,1,1,1,1,1,1,1,0,1,1,1,1,1,1,1,1,1,1,1,1,1,1,1,1,1,1,1,0,1,1,1,1,1,0,1,1,1,1,0,1,1,1,1,1,1,1,1,1,1,1,1,1,1,1,1,1,1,1,1,1,1,1,0,1,1,1,1,1,1,1,1,1,1,1,1,0,1,1,1,1,1,1,0,1,1,1,1,1,1,0,1,0,1,
0,1,1,1,1,1,0,1,0,1,1,1,1,1,0,1,1,1,0,0,0,0,1,1,1,1,1,1,1,1,1,1,1,1,1,1,0,1,1,0,1,1,1,1,1,1,1,1,1,1,1,1,1,1,0,0,0,1,1,1,1,1,1,1,1,1,1,1,1,1,1,1,1,1,1,1,1,1,0,1,1,1,1,1,1,1,1,1,1,1,1,1,1,1,1,1,1,1,1,1,
1,1,1,1,1,1,1,0,1,0,1,1,1,1,1,1,1,1,1,1,1,1,1,1,1,1,1,1,1,1,1,1,1,1,1,1,1,1,1,1,1,1,1,1,1,1,1,1,1,1,1,1,1,1,1,1,1,1,1,1,1,1,1,1,1,1,1,1,1,1,1,1,1,1,1,1,0,1,1,1,0,0,0,1,1,1,1,1,1,1,1,1,1,1,0,1,1,1,1,0,
1,1,1,0,1,1,0,1,0,1,1,1,1,1,1,1,0,1,0,1,1,1,1,1,1,1,1,1,1,1,1,1,1,1,1,1,1,1,1,1,1,1,1,1,1,1,1,1,0,1,1,1,1,1,1,1,0,1,0,1,1,1,1,1,1,0,1,1,1,1,1,1,1,1,1,1,1,1,1,0,1,0,1,1,0,1,1,1,1,1,1,1,1,0,1,1,1,0,1,1,
1,1,1,1,1,1,1,0,1,0,1,1,1,1,1,1,1,1,1,1,1,1,1,1,1,1,1,1,1,1,1,1,1,1,1,1,1,1,1,1,1,1,1,1,1,0,1,1,1,0,1,1,1,1,1,1,1,1,1,1,1,1,1,1,1,1,1,0,1,1,1,1,1,1,1,1,1,0,1,1,1,1,1,1,1,1,1,0,1,1,1,0,1,1,1,1,1,1,1,1,
1,1,1,1,1,1,1,1,1,1,0,1,1,1,1,1,1,1,1,1,1,1,1,1,1,1,1,1,0,1,1,1,1,1,1,1,1,1,1,1,1,1,1,1,1,1,1,1,1,0,1,1,1,1,1,1,1,1,1,1,1,1,1,0,1,1,1,1,1,1,1,1,1,1,1,1,1,1,1,1,0,1,1,1,1,1,1,1,1,0,1,1,1,1,1,1,1,1,1,1,
1,1,0,1,1,1,1,1,1,1,1,0,1,1,1,1,1,1,0,1,1,1,1,1,1,1,1,1,1,1,1,1,1,1,1,0,1,0,1,1,1,1,1,0,1,1,1,1,1,1,0,1,1,1,1,1,1,1,1,1,1,1,1,1,1,1,1,1,1,0,0,1,1,1,1,1,1,1,1,1,1,1,1,1,1,0,1,1,1,1,1,1,0,1,1,1,1,1,1,1,
1,1,1,1,1,1,1,1,1,1,1,1,0,1,1,1,1,1,1,1,1,0,0,0,1,1,1,1,1,1,1,1,1,1,1,1,1,1,1,1,1,1,1,1,1,1,0,1,0,1,1,1,1,1,1,0,1,1,1,1,0,1,0,1,1,1,1,1,1,1,1,1,1,1,0,1,1,0,1,1,1,1,1,0,1,1,1,1,1,0,1,1,1,1,1,0,1,1,0,1,
1,1,0,1,1,1,1,1,1,1,1,1,1,0,1,1,0,1,1,1,1,1,1,1,1,1,1,1,1,1,1,1,1,1,1,1,1,1,1,1,1,1,1,1,1,1,1,1,1,1,1,1,1,1,1,1,1,1,1,1,0,1,1,0,1,1,1,1,1,1,1,1,1,1,1,1,1,1,1,1,1,1,1,0,1,0,1,1,1,1,1,1,1,1,0,1,1,1,1,1,
1,1,1,1,1,0,0,1,1,1,1,1,1,1,0,1,1,1,1,0,0,0,1,1,1,1,1,1,1,0,1,1,1,1,0,1,1,0,1,1,0,1,1,1,1,1,0,1,1,1,1,1,1,1,1,1,0,1,1,0,1,1,1,1,1,1,1,1,1,0,1,1,1,1,1,1,0,0,1,1,1,0,1,1,1,0,1,1,1,1,1,1,1,1,1,1,1,1,1,1,
1,1,1,1,0,1,1,1,1,1,1,1,1,1,1,0,1,1,1,1,1,1,1,1,1,1,1,1,1,0,1,0,1,1,1,1,1,1,1,1,1,1,1,1,0,1,1,1,1,1,1,1,1,1,1,1,1,1,1,1,1,1,1,1,1,1,1,1,1,1,1,1,1,1,1,1,1,1,1,1,1,1,1,1,1,1,1,1,1,1,1,0,1,0,1,1,0,1,1,1,
1,1,1,1,1,1,1,1,0,1,1,1,1,0,1,1,0,1,1,1,1,1,1,1,1,1,1,1,0,1,1,1,1,1,1,1,1,1,1,1,1,1,1,1,1,1,1,1,1,1,1,1,1,0,1,1,1,1,1,1,1,0,1,1,1,1,1,1,1,1,0,1,1,1,1,1,1,1,0,1,1,1,1,1,1,1,1,1,1,1,1,1,1,1,1,1,1,1,1,1,
1,0,1,1,1,1,1,1,1,1,1,1,1,1,1,1,1,0,1,1,1,1,0,1,1,1,0,1,1,1,1,1,1,1,0,1,1,1,1,1,1,1,1,1,1,1,1,1,1,1,1,1,1,1,1,0,1,1,1,1,1,1,1,1,1,1,1,1,1,1,1,0,1,1,1,1,1,1,1,1,1,1,1,0,1,1,1,1,1,1,1,1,1,1,1,1,1,1,1,1,
1,1,1,1,1,1,0,1,0,1,1,0,1,1,1,1,1,1,0,1,1,1,1,1,1,0,1,1,1,1,0,1,1,1,1,1,1,1,1,1,1,1,1,1,1,1,1,1,1,1,0,1,1,1,1,1,1,1,1,1,1,1,0,1,1,1,1,1,1,1,1,1,1,1,1,1,1,1,1,1,1,1,1,1,1,1,1,1,1,1,1,1,1,1,1,1,1,1,1,1,
1,1,1,1,1,1,0,1,1,1,1,1,1,1,0,1,1,1,1,0,1,1,1,1,0,1,1,1,1,1,1,1,0,1,1,1,1,1,1,1,1,1,1,1,1,1,1,1,1,1,1,1,1,1,1,1,1,1,1,1,1,0,1,1,1,1,0,1,1,1,1,0,1,1,1,1,1,1,1,0,1,0,1,1,1,1,1,0,0,1,1,1,1,0,1,1,1,1,1,1,
1,1,0,1,1,1,0,1,1,1,1,1,1,1,0,1,1,1,1,1,0,1,1,1,1,1,1,0,1,1,1,1,1,1,0,1,0,1,1,1,1,0,1,1,1,1,0,1,1,1,1,1,1,1,1,1,1,1,1,1,1,1,1,1,0,1,1,1,1,1,1,1,1,1,1,1,1,0,1,1,1,1,1,1,1,0,1,1,1,1,1,1,1,1,1,1,1,1,0,0,
1,1,1,1,1,1,0,1,1,1,1,1,0,1,0,1,1,1,1,1,1,0,1,1,1,1,1,1,1,1,0,1,1,1,1,1,1,1,1,1,1,0,1,1,0,1,1,1,1,1,0,1,1,1,1,0,1,0,0,1,1,1,0,1,1,0,1,1,1,1,1,1,1,1,1,1,1,1,1,1,1,1,1,1,1,1,1,1,1,1,1,1,0,1,1,1,1,1,1,1,
1,1,1,0,1,1,1,1,1,1,1,1,0,1,1,1,1,0,1,1,1,1,0,1,1,1,1,1,1,1,1,1,1,1,1,1,1,1,1,1,1,1,1,1,1,1,1,1,1,1,1,1,1,1,1,1,1,1,1,1,1,1,1,1,1,1,0,1,1,1,1,1,1,1,1,1,1,1,1,1,1,1,1,1,1,1,1,0,1,1,1,1,1,1,1,1,1,0,1,1,
1,1,1,0,1,1,1,1,1,1,1,1,0,1,1,1,1,1,1,1,1,1,1,0,1,1,0,1,1,1,1,1,1,1,1,1,1,0,1,1,1,1,1,1,1,1,0,0,1,1,1,1,1,1,1,1,1,1,1,1,1,1,1,1,1,1,1,1,1,1,1,1,1,1,1,1,1,1,0,1,1,1,1,1,1,1,1,1,1,1,1,1,1,0,1,1,1,1,1,1,
1,1,1,1,0,1,1,1,1,1,1,1,1,1,1,1,1,1,1,0,1,1,1,1,0,1,0,1,1,1,1,1,1,1,1,1,1,1,1,1,1,1,1,1,1,1,1,1,1,1,1,1,1,1,1,1,1,1,1,1,1,1,0,1,1,1,1,1,0,1,1,1,1,1,1,1,1,1,1,1,1,1,0,1,1,1,1,1,1,1,1,1,0,1,1,0,1,1,1,1,
1,1,1,1,1,1,1,1,1,1,1,1,1,1,1,1,1,1,0,1,1,1,1,1,1,0,1,1,1,1,1,1,1,1,1,1,1,1,1,1,1,1,1,1,1,0,1,0,1,1,1,1,0,1,0,1,0,1,1,1,1,1,1,1,1,1,1,1,1,1,0,1,1,1,1,1,1,1,1,1,1,1,1,1,0,1,0,1,1,1,1,1,1,1,1,1,1,0,1,0,
1,1,1,1,1,1,1,1,1,1,1,1,1,1,1,1,1,0,1,1,1,1,1,0,0,1,0,1,0,1,1,1,1,1,1,1,1,1,1,1,1,1,1,0,1,0,1,1,1,1,1,1,1,1,1,1,1,1,1,1,1,0,1,1,1,1,0,1,1,0,1,1,1,1,1,1,1,1,1,1,1,1,0,1,1,1,1,1,1,1,1,1,1,1,1,0,1,1,1,1,
1,1,1,1,1,1,1,1,1,1,1,1,1,1,1,1,1,1,1,1,0,1,1,1,1,1,1,0,1,0,1,1,1,1,1,1,1,1,1,1,1,1,1,1,1,1,1,1,1,1,1,1,1,1,1,1,1,1,1,1,1,1,0,1,1,1,0,1,1,1,1,1,1,1,1,1,1,1,1,1,1,1,0,1,1,1,0,1,1,1,1,1,0,1,1,1,1,0,1,1,
1,0,1,1,0,1,1,1,1,1,0,1,1,1,1,1,0,1,1,1,1,1,1,1,1,1,0,1,0,1,1,1,1,1,1,1,1,1,1,1,1,0,1,1,1,1,1,1,1,1,1,1,1,1,1,0,1,1,1,1,1,1,1,1,1,1,1,0,1,1,0,1,1,1,1,1,1,1,1,1,1,1,1,1,1,1,1,1,1,1,1,1,1,1,1,1,1,1,1,1,
1,1,1,1,1,1,1,1,1,1,1,1,1,1,0,0,1,1,1,1,1,1,1,1,1,1,1,0,1,0,1,1,1,1,1,0,1,0,1,1,1,1,1,0,1,1,1,1,1,1,1,1,1,1,1,1,1,0,1,0,1,0,1,1,1,1,1,1,1,1,1,0,1,1,1,1,1,1,1,1,1,1,1,1,1,1,1,1,1,1,1,1,1,1,1,0,1,1,1,0,
1,1,0,1,1,1,1,1,1,1,1,1,1,1,1,1,1,1,0,1,1,0,1,1,1,1,1,1,1,1,0,0,1,1,1,1,1,1,1,1,1,1,1,1,1,1,1,1,1,1,0,1,1,1,1,1,0,1,1,1,1,1,1,1,1,1,1,1,1,1,1,1,0,1,1,1,1,0,1,1,1,1,1,0,0,1,1,1,1,1,0,1,1,1,1,1,1,1,1,1,
1,1,1,1,1,1,1,1,1,1,1,1,1,1,1,0,1,1,1,1,1,1,1,1,1,1,1,1,1,1,0,0,1,1,1,1,0,0,1,1,0,1,0,1,1,1,1,1,1,1,1,1,1,1,1,1,1,1,1,0,1,1,1,1,1,1,1,1,1,1,1,1,1,1,1,1,1,1,1,0,1,0,1,1,1,1,1,1,1,1,1,1,1,0,1,0,1,1,1,1,
1,1,1,1,1,1,1,1,1,1,1,1,1,1,1,1,1,1,1,0,1,1,1,1,1,1,1,1,1,1,1,1,0,1,0,1,1,1,1,1,1,1,1,1,1,1,1,1,1,1,1,1,1,1,1,1,1,1,1,1,1,1,1,1,1,1,1,1,1,1,1,1,1,1,1,1,1,1,1,1,1,1,1,1,1,1,1,1,1,1,1,1,1,1,1,1,1,0,1,1,
1,1,0,1,1,1,1,1,1,1,1,1,1,1,1,1,1,1,1,1,1,1,1,1,1,1,1,1,1,1,1,1,1,0,1,1,1,1,1,0,1,0,1,1,1,1,1,1,1,1,1,0,1,1,0,1,1,1,1,1,1,1,1,1,1,1,1,1,1,1,1,1,1,1,1,1,0,1,1,1,1,1,1,0,1,1,1,1,1,1,1,1,1,1,1,1,1,1,1,1,
1,1,1,1,1,0,1,1,1,1,1,1,1,1,0,1,1,0,1,1,0,1,1,1,1,1,1,1,1,1,1,1,0,1,0,1,1,0,1,1,1,1,1,1,1,1,1,0,1,1,0,0,1,1,1,1,1,1,1,1,1,1,1,1,1,1,1,1,1,1,1,1,0,1,0,1,1,1,1,1,1,1,1,1,1,1,1,0,1,1,1,1,1,1,1,1,1,0,0,1,
1,1,1,1,1,1,1,1,1,1,1,0,1,1,1,1,1,1,1,1,1,1,1,1,1,1,1,1,1,0,1,1,1,1,1,0,1,1,1,1,1,1,1,1,1,1,1,1,1,1,1,1,1,1,1,1,1,1,1,1,1,1,1,1,1,1,1,1,1,1,1,1,1,1,1,1,1,1,1,1,1,1,1,1,1,1,1,1,1,1,1,1,1,1,1,1,1,1,1,1,
1,1,1,1,1,1,0,1,1,1,1,1,1,1,1,1,1,1,1,1,0,1,1,1,1,1,1,1,1,1,1,0,1,1,1,1,0,0,1,1,1,1,1,1,1,1,1,1,1,1,1,1,1,1,1,1,1,1,0,1,1,1,1,1,1,1,1,1,1,1,1,1,1,1,1,1,1,1,1,1,1,1,1,1,1,1,1,1,1,1,0,1,1,1,1,1,1,1,0,0,
1,0,1,0,1,1,1,1,1,1,1,0,1,1,0,1,1,1,1,1,1,1,1,0,1,1,1,1,1,0,1,0,1,1,0,1,0,0,1,1,0,1,1,1,1,1,1,1,1,0,1,1,1,1,1,0,1,1,1,1,1,1,1,1,1,1,1,1,1,0,1,1,1,1,1,1,1,1,1,1,1,1,1,1,1,1,1,0,1,1,1,1,1,1,1,1,1,1,1,1,
1,1,1,1,1,1,1,1,1,1,1,1,1,1,1,1,1,1,1,1,1,1,1,1,1,1,1,1,1,1,1,1,1,1,1,1,1,1,0,1,1,1,1,1,1,1,1,1,1,1,1,1,1,1,1,1,0,1,1,1,1,0,1,1,1,1,1,1,0,1,1,1,0,1,1,0,1,1,0,1,1,1,1,1,0,1,1,1,1,1,1,0,0,1,1,0,1,1,1,1,
1,1,1,1,0,1,0,1,1,1,1,1,1,1,1,1,1,1,1,1,1,1,1,1,1,1,1,1,1,1,1,1,1,0,1,1,1,1,1,0,1,1,1,1,1,1,1,1,1,1,1,1,1,1,1,1,0,1,1,1,1,1,1,1,1,0,1,0,1,1,1,0,1,1,1,1,1,1,1,1,1,1,1,1,1,1,1,1,1,1,1,1,0,1,1,1,1,1,1,1,
1,1,1,1,1,0,1,1,1,1,1,1,1,1,0,1,1,1,1,1,1,1,1,1,1,1,1,1,1,1,1,0,1,1,1,1,1,0,1,1,0,1,1,0,1,1,1,1,1,1,1,1,1,1,1,1,1,1,1,1,1,1,1,1,1,1,1,1,1,1,1,1,1,1,1,1,1,1,1,0,1,1,1,1,1,1,1,0,1,1,1,1,1,1,0,1,1,1,1,1,
1,0,1,1,1,1,1,1,1,1,1,1,1,1,1,1,1,1,1,1,0,0,1,1,1,1,1,1,0,1,1,1,1,0,1,1,1,1,1,1,1,0,0,1,1,1,1,1,1,1,1,1,1,1,0,1,1,1,1,1,0,0,1,1,1,1,0,1,1,1,1,1,1,1,0,1,1,1,1,1,1,1,1,1,1,1,1,1,1,1,1,1,1,0,1,0,1,1,1,1,
1,1,1,1,1,1,1,1,1,1,1,1,1,1,1,1,1,1,1,1,1,1,1,1,1,1,1,1,1,1,1,0,1,1,1,1,1,1,1,1,1,0,0,0,1,1,1,1,1,1,1,1,1,1,0,1,1,1,1,1,1,1,1,1,1,1,1,1,1,1,1,1,1,1,1,1,1,1,1,1,1,1,0,1,1,1,1,1,1,0,0,1,1,1,1,1,1,1,1,1,
1,1,1,0,1,1,1,1,1,1,1,0,1,1,1,1,1,1,1,1,1,1,1,1,1,1,0,1,1,0,1,1,1,1,1,1,1,1,1,1,0,1,0,0,1,1,1,1,1,1,1,1,1,1,1,1,0,1,1,1,1,1,1,1,1,0,1,1,1,1,1,1,1,1,1,1,1,0,1,1,0,1,1,1,1,1,1,1,1,1,1,1,1,1,1,1,0,1,1,1,
1,0,1,1,1,1,1,1,1,1,1,1,1,1,1,0,1,1,1,1,1,0,1,1,1,1,1,1,1,1,1,1,1,1,1,1,1,1,1,1,1,1,1,1,0,1,1,1,1,1,1,1,1,1,1,1,1,1,1,0,1,1,1,1,1,1,1,1,1,1,0,1,1,1,0,1,1,1,1,1,0,1,1,1,1,1,1,1,1,1,0,1,1,1,1,1,1,1,1,1,
1,1,1,1,1,0,1,1,1,0,1,1,1,1,1,1,1,1,1,1,1,1,1,1,1,0,0,1,1,1,1,1,1,1,1,1,1,1,1,1,1,1,1,1,1,0,1,1,1,1,1,1,0,1,1,1,0,1,1,0,1,1,0,1,1,1,1,1,1,1,1,0,1,1,1,1,1,1,1,1,1,1,1,0,1,1,1,1,1,1,1,1,1,0,1,1,1,1,1,0,
1,1,1,1,1,1,1,1,1,1,1,1,0,1,0,1,1,1,1,1,0,1,1,0,1,1,1,1,1,1,1,1,1,1,1,1,1,1,1,1,1,1,1,1,1,1,0,1,1,1,1,1,1,1,1,1,1,1,1,0,1,1,1,1,1,1,1,1,1,1,1,1,0,1,1,1,1,1,0,1,1,0,1,1,1,1,1,1,1,1,1,0,1,1,1,1,1,1,0,1,
1,1,1,1,1,1,1,1,1,1,1,1,1,1,1,1,1,1,1,1,1,1,1,0,1,0,1,1,1,1,1,1,1,1,0,1,1,1,1,1,1,1,1,1,1,1,1,0,1,1,0,1,1,1,1,0,1,1,1,1,1,1,1,0,1,1,1,1,1,1,1,1,1,1,1,1,1,1,1,1,1,1,1,1,1,1,1,1,1,1,1,1,1,1,1,1,1,1,1,1,
1,1,1,1,1,1,1,1,0,1,1,1,0,1,1,1,1,1,1,1,1,1,1,1,1,1,1,1,1,1,1,1,1,1,1,1,1,1,1,1,1,1,1,1,1,1,1,1,0,0,1,0,0,1,1,1,1,1,1,1,1,1,0,1,1,1,1,1,1,1,0,1,1,1,1,1,1,1,1,1,0,1,1,1,1,1,1,1,1,1,1,0,1,1,0,1,1,1,1,1,
1,1,1,1,1,1,1,1,1,0,0,1,1,1,1,1,1,1,1,1,1,1,1,1,1,1,1,1,1,1,1,1,1,1,1,1,1,0,1,1,1,1,1,1,1,1,1,1,0,0,1,1,1,1,1,1,1,0,1,1,1,0,1,1,1,1,1,1,1,1,1,1,0,0,1,1,1,1,1,1,0,1,1,1,1,1,1,1,1,1,1,0,1,1,1,1,1,1,1,1,
1,0,1,1,1,1,1,1,1,1,1,0,1,1,1,1,1,1,0,1,1,0,1,1,1,1,1,1,1,1,0,1,1,1,0,1,1,1,1,1,1,1,1,1,1,1,1,0,1,1,0,1,1,1,1,1,1,1,1,1,0,1,1,1,1,1,1,1,1,1,1,1,1,1,1,1,1,1,0,0,1,1,1,1,1,1,1,1,1,1,1,1,1,1,1,1,1,1,1,1,
1,1,1,1,1,1,1,1,1,1,1,1,1,1,1,1,1,1,1,1,1,1,1,1,1,1,1,1,1,1,1,1,1,0,0,1,1,1,1,1,1,1,1,1,1,1,1,1,0,1,1,0,1,0,1,1,1,1,1,1,0,1,1,1,1,1,1,1,1,1,1,1,0,1,0,1,1,1,1,1,1,1,1,1,1,1,1,1,1,1,1,1,0,1,1,1,1,1,1,1,
1,1,1,1,1,1,1,1,1,1,1,1,1,1,1,1,1,1,1,1,1,1,1,1,1,0,1,1,1,1,1,1,1,1,1,1,1,1,1,1,1,1,1,1,1,0,1,1,0,1,1,1,0,1,1,1,1,1,1,1,1,1,1,1,1,1,1,1,1,1,1,1,0,1,1,1,1,1,1,1,1,0,1,1,1,1,1,1,1,0,1,1,1,1,1,1,0,0,1,1,
1,1,1,1,1,1,1,1,1,1,1,1,1,1,1,1,0,1,1,1,1,1,1,1,1,1,1,1,1,1,1,1,1,1,1,1,1,1,1,1,1,1,1,1,1,1,1,1,1,1,1,0,1,0,1,1,1,1,0,1,1,1,1,1,1,1,1,0,1,1,0,0,1,0,1,1,1,1,1,1,1,1,1,1,1,1,0,1,1,1,1,1,1,0,1,1,1,1,1,1,
0,1,1,1,1,1,0,1,1,1,1,1,1,1,1,1,1,1,1,1,1,1,1,1,1,0,1,1,1,1,1,1,1,0,1,1,1,1,1,1,1,0,0,1,1,1,1,1,1,1,1,1,1,1,0,1,1,1,1,1,1,0,0,1,1,0,0,1,1,1,1,1,1,1,1,1,1,1,0,1,1,1,1,1,1,1,0,1,0,1,1,1,1,1,1,1,1,1,1,1,
0,1,1,1,1,1,0,1,1,1,1,1,0,1,1,1,1,0,1,1,1,0,1,1,1,1,1,1,0,1,1,1,1,1,1,1,1,0,1,1,1,1,1,1,1,1,1,0,1,1,1,1,1,1,1,0,1,1,0,1,1,1,1,1,1,1,0,1,1,1,1,1,1,1,1,1,1,1,1,1,1,1,1,1,1,1,1,1,1,1,1,1,1,1,1,1,1,1,1,1,
1,1,1,0,1,1,0,1,0,1,1,1,1,1,0,1,1,1,1,1,1,1,1,1,1,0,1,1,1,1,0,1,1,1,1,1,1,1,0,0,1,1,1,0,1,0,1,1,1,1,1,1,1,1,1,1,0,1,1,1,1,1,1,1,1,1,1,1,1,1,1,1,1,1,1,1,1,1,1,1,0,1,1,1,1,1,1,1,1,1,1,1,1,1,1,1,1,1,1,1,
1,1,1,1,1,1,1,1,1,1,1,1,1,1,1,1,1,1,1,1,1,0,1,1,1,1,1,1,1,0,1,1,1,1,1,1,1,1,1,1,1,1,1,1,1,1,1,1,1,0,1,1,1,1,1,1,1,0,1,1,1,1,1,1,1,1,1,1,0,0,1,1,1,1,1,0,1,1,1,1,1,1,1,1,1,1,1,1,1,1,1,1,1,1,1,1,1,1,0,1,
1,1,0,1,1,1,1,1,0,1,1,1,1,1,1,1,1,1,1,1,1,0,1,1,1,1,1,1,1,1,1,1,1,1,1,1,0,1,1,1,1,1,1,1,1,1,1,1,1,1,1,1,1,0,1,0,1,1,0,1,1,0,1,1,0,1,1,0,1,0,1,0,1,1,1,1,1,1,1,1,1,1,1,1,1,1,1,1,1,1,1,1,1,0,1,1,1,0,1,0,
1,0,1,1,1,1,1,1,1,1,1,1,1,1,0,1,1,1,1,1,1,1,1,1,1,1,1,1,1,0,1,0,1,1,1,1,1,1,1,1,1,1,1,1,0,0,0,1,1,1,1,1,1,1,1,1,1,1,1,0,1,1,1,0,1,1,1,1,1,1,1,0,1,1,1,1,1,1,1,1,1,1,1,0,1,1,1,1,1,1,1,1,1,1,0,0,1,1,1,1,
1,1,1,1,1,1,1,1,1,1,1,1,0,0,1,1,1,1,1,1,1,1,1,1,1,1,1,1,1,1,1,1,1,1,1,1,1,1,1,1,1,0,1,1,1,1,1,1,1,1,0,0,1,1,1,1,1,1,1,1,0,1,1,1,1,1,1,1,1,1,1,1,1,1,1,1,1,1,1,1,1,0,1,1,1,0,1,1,1,1,1,1,1,1,1,0,1,1,1,1,
0,1,1,1,1,1,1,1,1,1,1,1,1,1,1,1,0,1,1,0,1,1,1,1,1,1,0,1,1,0,1,1,1,1,1,1,1,1,0,1,1,0,1,1,1,1,1,1,1,0,1,1,1,1,0,1,1,1,0,1,1,0,1,1,1,1,0,1,1,1,1,1,1,1,1,1,1,1,1,0,1,1,1,1,1,1,1,1,1,1,1,1,1,1,1,0,1,1,1,1,
1,1,1,1,1,1,1,1,1,1,1,1,0,1,1,1,1,1,0,1,1,0,1,1,0,1,1,0,1,1,1,1,1,1,1,1,1,1,1,1,1,1,1,1,1,0,1,1,0,1,1,1,1,1,0,1,1,1,1,1,1,1,0,1,1,1,1,1,1,1,1,1,1,1,1,1,1,1,0,1,1,1,1,1,1,1,1,0,1,1,0,1,1,1,1,1,0,1,1,1,
1,1,1,1,0,1,1,1,1,1,0,1,1,0,1,1,1,1,1,1,1,1,1,1,1,1,1,1,1,1,1,1,1,1,1,1,1,1,1,1,1,1,1,1,1,1,1,0,1,1,1,1,1,1,1,1,1,1,1,0,1,1,1,0,1,0,1,1,1,1,0,1,1,1,1,1,1,1,1,1,1,1,1,1,1,1,1,1,1,1,0,1,1,1,1,1,1,1,1,1,
1,1,1,1,1,1,1,1,1,1,1,1,1,1,1,1,1,1,1,1,0,1,1,1,1,1,1,1,1,1,1,1,1,1,1,1,1,1,1,1,1,1,1,1,1,1,1,1,1,1,1,1,1,1,1,1,1,1,0,1,1,1,1,1,0,1,1,1,1,0,1,1,1,1,1,1,1,1,1,1,1,1,1,1,1,1,1,1,1,0,1,1,1,1,1,1,1,1,1,0,
1,0,1,1,1,1,1,1,0,1,1,1,1,1,1,1,1,1,1,1,1,0,1,1,1,1,1,1,1,1,1,1,1,1,1,1,1,1,1,0,1,1,1,0,1,1,1,1,1,1,1,1,1,1,0,1,1,1,1,1,1,1,1,0,1,0,1,1,1,1,1,0,1,1,1,1,1,0,1,1,1,1,1,1,1,1,1,1,1,1,1,1,1,1,1,1,1,1,1,1,
1,1,1,1,1,1,1,1,1,1,1,1,1,1,1,1,1,1,1,0,1,1,0,1,1,1,0,0,1,1,1,1,1,1,1,1,1,1,1,1,1,0,1,1,1,1,1,1,1,1,1,1,1,1,0,0,1,1,1,1,1,0,1,1,1,1,0,1,1,1,1,0,1,1,0,1,1,1,1,1,1,1,1,1,1,1,0,1,1,0,1,1,1,1,1,1,1,1,1,1,
1,1,1,0,1,1,1,1,1,0,1,1,1,1,1,1,1,1,1,1,1,1,1,1,1,1,1,1,0,1,1,1,1,1,1,1,1,1,1,0,1,1,1,1,1,1,1,1,1,1,1,1,1,0,1,1,1,1,0,1,1,1,1,1,1,1,1,0,1,1,1,1,1,0,1,0,0,1,1,1,1,1,1,1,1,1,1,1,1,1,1,1,1,1,0,1,1,1,1,1,
1,1,1,1,1,1,1,1,1,1,1,1,1,1,1,1,1,1,1,1,1,1,1,1,0,1,1,1,1,1,1,1,1,1,1,1,1,1,0,1,1,1,1,1,1,1,1,1,1,1,1,1,1,1,1,1,1,0,1,1,1,1,1,1,1,1,1,1,0,1,1,1,1,1,0,1,1,1,1,0,1,1,1,1,1,1,1,1,1,1,1,1,1,1,1,1,1,1,1,1,
1,1,1,1,1,0,1,1,1,1,1,0,1,1,0,1,1,1,1,1,1,1,1,1,1,1,0,1,1,1,1,1,1,1,1,1,1,0,1,1,1,1,1,1,1,1,1,1,1,1,1,1,1,1,1,1,1,0,0,1,1,1,1,1,0,1,1,1,1,0,1,1,1,1,1,1,1,1,1,1,0,1,1,1,1,1,1,1,1,1,1,1,1,1,1,1,1,1,1,0,
1,1,1,1,1,1,1,1,1,1,1,0,1,1,1,1,0,1,1,1,1,1,1,1,1,0,1,1,0,1,1,1,1,1,1,1,1,1,1,1,1,1,1,1,0,1,1,1,0,1,1,1,1,0,1,1,1,1,1,1,1,1,1,0,1,1,1,1,1,1,0,1,1,1,1,1,1,1,1,1,1,1,1,1,1,1,1,1,1,1,1,1,1,1,1,1,1,1,1,1,
1,1,1,1,0,1,1,1,1,1,1,1,1,1,1,1,1,0,1,0,1,1,1,1,1,1,1,1,1,0,1,1,1,1,1,1,1,1,1,0,1,1,1,1,1,0,1,1,1,1,1,1,1,0,1,1,1,1,0,0,1,1,1,1,1,0,0,1,1,1,1,0,1,1,1,1,1,1,1,1,1,1,1,1,1,1,1,1,1,1,1,1,1,1,1,1,1,1,0,1,
1,1,1,1,1,1,1,1,1,1,1,1,1,1,1,1,1,1,1,1,1,1,1,1,1,1,1,1,1,1,0,1,1,1,0,1,1,1,0,1,1,1,1,1,1,1,0,1,1,0,1,0,0,1,1,1,1,1,1,1,1,1,1,1,1,1,1,1,1,1,1,1,0,1,1,1,1,0,1,1,1,1,1,1,1,1,1,1,1,0,1,1,1,1,1,0,1,1,1,1,
1,1,1,1,0,1,1,1,1,1,1,1,1,1,1,1,1,1,1,1,1,1,1,1,1,1,1,1,1,1,1,1,1,1,1,1,1,1,1,1,1,1,1,1,1,1,1,1,1,0,1,1,1,0,1,1,1,1,1,1,1,1,1,1,1,1,1,0,1,1,1,1,1,0,0,1,0,1,1,1,1,1,1,1,1,1,1,1,1,1,0,1,1,1,1,1,0,1,1,1,
0,1,1,1,1,1,1,1,1,1,1,1,0,1,1,1,1,1,1,1,1,1,1,1,1,1,1,1,1,1,1,1,1,1,0,1,1,1,1,1,1,0,1,1,0,1,1,1,1,1,1,0,1,1,1,1,1,1,1,1,1,1,1,1,1,1,0,1,0,1,1,1,1,0,0,1,1,1,1,1,1,1,1,1,1,1,1,0,1,1,1,1,1,1,1,0,1,1,1,1,
1,1,1,1,1,1,1,1,1,1,1,1,1,1,1,1,1,1,1,1,1,1,1,1,1,1,1,1,1,1,1,1,1,1,1,1,1,1,0,1,1,1,1,1,1,1,1,1,1,1,1,1,1,1,1,1,1,0,1,1,1,1,1,1,1,1,1,0,1,1,1,1,1,1,1,0,0,0,1,1,1,1,1,1,1,1,1,0,1,1,1,1,1,0,0,0,1,1,1,1,
1,1,1,1,1,1,1,0,1,1,1,1,1,1,0,1,1,1,1,1,1,1,1,1,1,1,1,1,1,1,1,1,1,0,1,1,1,1,1,1,1,1,1,1,1,1,1,1,1,1,1,1,1,1,1,1,1,1,1,1,1,1,1,1,1,1,1,0,1,1,1,1,1,0,1,0,0,1,1,1,1,1,1,1,1,1,1,1,1,1,1,1,1,1,1,1,1,1,1,1,
1,1,0,1,1,1,1,1,1,0,1,1,0,1,0,1,1,1,1,1,0,1,1,1,1,1,1,1,1,1,0,1,1,1,1,1,1,1,1,1,1,1,1,0,1,1,1,1,1,1,1,1,1,1,1,1,1,1,1,1,1,1,1,1,1,0,1,1,1,1,1,1,0,1,1,0,1,0,1,1,1,1,0,1,0,1,1,1,1,1,1,1,1,0,1,1,1,1,1,1,
1,1,1,1,0,1,0,1,1,1,1,1,1,1,1,1,0,1,1,1,1,1,1,0,1,1,1,1,1,1,1,1,1,1,1,1,1,1,0,1,1,1,1,1,1,1,0,1,1,1,0,1,1,1,0,1,1,1,1,1,1,1,0,1,1,1,1,1,1,1,1,1,1,1,1,1,1,1,0,1,1,1,1,1,1,1,1,1,1,1,1,1,1,0,1,1,1,1,1,1,
1,1,0,1,1,1,1,1,0,1,1,1,1,1,1,1,1,1,1,0,1,1,1,1,1,1,1,1,1,1,1,0,1,1,1,1,1,1,1,1,0,1,1,1,1,1,1,1,1,1,0,1,1,1,1,1,1,1,1,1,1,0,1,1,1,1,1,1,0,1,1,1,1,1,1,1,1,1,1,0,0,1,1,1,1,1,1,1,1,1,1,1,1,1,1,1,1,0,1,1,
1,1,1,1,1,1,1,0,1,1,0,1,1,1,1,1,1,1,1,1,1,1,1,1,1,1,1,1,1,1,1,1,1,1,1,1,1,1,1,1,1,1,1,0,0,1,1,1,0,0,1,1,1,1,1,1,0,1,1,1,1,1,1,1,1,1,1,1,1,0,1,1,1,1,1,1,1,1,1,0,0,1,1,1,0,0,1,1,1,1,1,1,1,0,1,1,1,1,1,0,
1,1,1,1,1,1,1,0,0,1,1,1,1,1,0,1,1,1,1,0,1,1,1,1,1,1,1,1,1,1,1,0,1,1,1,1,1,1,1,1,1,1,1,1,1,1,0,1,1,1,1,1,0,1,1,1,1,1,1,1,0,1,1,1,1,1,1,1,1,1,1,1,1,1,1,1,1,1,1,1,1,0,1,1,1,1,1,1,1,1,1,1,1,1,1,1,1,1,1,1,
1,1,1,1,1,0,1,0,1,1,1,1,1,1,1,1,1,1,1,1,1,1,1,1,0,1,0,0,1,1,1,1,1,1,1,1,1,1,1,1,1,1,0,1,1,1,1,1,1,1,1,1,1,1,1,1,1,1,1,1,1,1,1,1,1,1,1,1,1,1,1,1,1,1,1,1,1,0,1,1,1,1,0,1,1,1,1,1,1,1,1,1,1,1,1,1,1,1,0,1,
1,1,1,0,1,1,1,1,1,1,1,1,0,0,1,1,1,0,1,1,1,1,1,1,1,1,1,1,1,1,0,1,1,0,1,1,1,1,1,1,1,1,1,1,1,0,1,1,1,1,1,1,1,1,1,1,1,1,1,0,1,1,1,1,1,1,1,1,1,1,1,1,1,1,1,1,1,1,1,1,1,1,1,0,1,0,1,1,0,1,1,1,1,1,1,1,1,1,1,1,
1,1,1,1,1,1,1,1,0,1,1,1,1,1,1,1,1,1,1,1,1,1,1,1,1,0,1,1,1,1,0,1,1,1,1,1,1,1,0,1,1,1,1,1,1,1,1,1,1,1,1,1,1,1,1,1,1,1,1,1,1,1,1,1,1,1,1,1,1,1,1,1,1,1,1,1,1,0,1,1,0,1,1,1,0,1,1,1,1,1,1,1,1,1,1,1,1,1,1,1,
1,1,1,1,1,1,1,1,1,1,1,0,1,0,0,1,1,1,1,1,0,1,1,1,1,1,1,1,1,1,1,1,1,1,1,1,1,1,1,1,1,1,1,1,1,1,1,1,1,1,1,1,1,1,1,1,1,1,1,1,0,1,1,1,1,1,1,1,1,1,1,1,1,1,1,1,1,1,1,1,0,1,1,0,1,0,1,1,1,1,1,1,1,1,1,1,0,1,0,1,
1,1,1,0,1,1,1,1,1,1,1,1,1,1,1,1,1,1,1,1,1,1,1,1,1,0,1,0,1,1,1,1,1,1,1,1,1,1,1,1,1,1,1,1,1,1,1,1,1,1,1,1,1,0,0,1,1,1,1,1,1,1,1,1,1,1,0,1,1,1,1,1,1,1,1,1,1,1,1,1,1,1,1,1,1,1,0,1,1,0,1,1,1,1,0,1,1,0,1,1,
1,1,1,1,1,1,1,1,1,0,1,1,1,1,1,1,1,1,1,0,1,1,0,1,1,1,1,1,1,1,1,1,1,1,0,1,1,0,1,1,0,1,1,1,1,1,1,1,1,1,1,1,1,1,1,1,1,1,1,1,1,1,0,1,1,1,1,1,1,1,1,1,1,1,0,0,1,1,1,1,1,1,1,1,1,1,1,0,1,0,1,0,1,1,1,1,1,1,1,0,
1,1,1,1,1,1,1,1,1,1,1,1,1,1,1,1,1,1,1,0,1,1,1,1,1,1,1,1,1,1,1,1,1,1,1,1,1,1,1,1,1,1,1,1,1,1,1,1,1,1,1,1,1,1,0,1,1,1,1,1,1,1,1,1,1,1,1,1,1,1,1,1,1,1,1,1,1,1,1,1,1,1,1,0,1,1,1,1,0,1,1,1,0,0,1,1,1,1,1,1,
1,1,1,1,1,0,1,1,1,1,0,1,0,1,1,1,1,1,1,1,1,1,1,1,1,1,1,1,1,1,1,1,1,1,1,1,1,1,1,1,1,1,0,1,1,1,1,1,1,1,1,1,0,1,1,1,1,1,1,1,1,1,1,1,0,1,0,1,1,1,1,1,0,1,1,1,1,1,1,1,1,1,1,1,1,1,0,0,1,0,1,1,1,1,1,1,0,1,0,1,
1,0,0,1,1,1,1,1,1,1,1,1,1,1,1,1,1,1,1,1,1,1,1,1,1,1,1,1,1,1,0,1,1,1,1,1,0,1,1,1,1,1,0,1,0,1,1,1,1,1,1,1,1,1,1,1,1,1,1,1,1,1,0,0,1,1,1,1,1,1,1,1,1,0,1,1,1,1,1,1,1,1,1,1,1,1,1,1,1,1,0,1,1,1,1,1,1,1,1,1,
1,1,1,1,1,1,1,1,1,0,1,1,1,1,1,0,1,1,1,1,1,1,1,1,1,1,1,1,1,1,1,1,1,1,1,1,1,1,0,1,1,1,1,1,1,1,0,1,0,0,1,1,1,1,1,1,1,1,1,1,1,1,1,1,1,1,1,1,1,1,1,1,1,1,1,1,1,1,1,1,1,1,1,1,1,1,1,0,1,1,1,0,1,1,1,1,1,1,1,1,
0,1,1,1,1,1,1,1,1,1,1,0,1,1,1,1,1,1,1,1,1,0,1,1,0,1,1,0,1,1,1,1,1,1,1,1,1,1,0,0,1,1,1,1,1,1,1,1,1,1,1,0,1,1,1,1,1,1,1,1,1,1,1,1,1,1,1,1,1,1,1,1,1,1,1,1,1,1,1,1,1,1,1,1,1,1,1,1,0,1,1,1,0,1,0,1,1,1,1,1,
1,1,1,1,1,1,1,1,0,1,1,1,1,1,1,0,1,1,1,0,1,1,1,0,1,1,1,1,1,1,1,0,1,1,1,1,1,1,1,1,1,0,1,1,1,0,1,1,1,1,1,1,1,0,1,1,1,1,0,1,1,1,1,1,1,1,1,1,1,1,1,1,1,1,1,0,1,0,0,1,0,1,1,1,1,1,1,1,0,1,1,1,1,0,1,0,1,0,0,1,
0,1,1,1,1,1,1,0,1,1,1,1,1,0,1,1,1,1,1,1,1,1,1,1,1,1,1,1,1,1,1,1,1,1,1,1,1,1,1,1,0,1,1,1,1,1,1,1,0,1,1,1,1,1,1,1,1,1,1,0,1,1,1,1,1,1,1,0,1,1,1,1,1,1,1,0,1,1,1,1,1,1,1,1,1,1,0,1,1,1,1,1,0,1,0,1,1,1,0,1,
1,1,1,1,1,1,1,1,1,1,1,1,0,1,1,1,1,1,1,1,1,1,1,1,0,1,0,1,1,0,1,0,1,1,1,1,1,1,0,1,1,0,1,1,1,1,1,1,1,1,1,1,1,1,1,1,1,1,1,0,0,0,1,1,1,1,1,1,1,1,1,1,0,1,0,0,1,1,1,1,1,1,1,1,1,1,1,1,1,1,1,1,1,0,1,0,1,1,1,1,
1,1,1,1,1,0,1,1,1,1,1,1,1,1,1,0,1,1,1,1,1,1,1,1,1,1,1,1,1,1,1,1,1,1,1,1,1,1,1,1,1,1,1,0,1,1,1,1,1,1,1,1,0,1,1,1,1,1,1,1,1,1,0,1,1,1,1,1,1,1,1,1,1,0,1,1,1,1,1,1,1,1,1,1,1,0,1,1,1,0,1,1,1,1,1,1,0,0,1,1,
0,0,0,0,1,1,1,1,0,1,1,1,1,1,1,1,1,1,1,1,1,1,0,1,1,0,1,0,1,1,1,1,0,1,0,1,1,1,1,1,1,1,1,1,1,1,1,1,1,1,1,1,0,1,1,1,1,1,0,1,1,1,1,1,1,1,1,1,1,1,1,1,1,1,1,1,1,1,1,0,1,1,1,1,1,1,0,1,1,1,1,1,1,0,1,1,0,0,1,1,
1,1,1,1,1,0,1,1,1,1,1,1,0,1,1,1,1,1,1,1,0,1,1,1,1,1,1,1,1,1,1,1,1,1,0,1,0,1,1,1,1,1,1,1,1,1,0,1,1,1,1,1,1,1,1,1,1,0,1,1,1,1,1,1,1,1,1,1,1,1,1,0,1,1,1,1,1,1,1,1,1,1,0,1,1,0,1,1,1,0,1,1,1,0,0,1,1,1,0,1,
1,1,1,1,0,1,1,0,1,1,1,1,1,1,1,1,1,1,1,1,0,1,1,1,1,0,1,1,1,0,1,1,1,1,1,1,0,1,1,1,1,1,1,1,1,0,1,1,1,1,1,1,1,1,1,1,1,1,0,1,1,1,1,1,0,1,1,1,1,0,1,1,1,1,1,1,1,1,1,1,0,1,1,1,1,1,1,0,1,1,1,1,1,1,1,1,1,1,1,0,

    Time: 2025-02-17 14:58:28
Program is infeasible due to the odd hole: 0,8,54,97,65,
    Time: 2025-02-17 14:58:28



Status:Unknown
Program finished OK!
    Time: 2025-02-17 14:58:28
