ODD_HOLE_TERMINATION_PERCENTAGE is set to 999
Program searches for ALL odd holes and odd antiholes
==============================================
n:                                    35
ODD_HOLE_TERMINATION_PERCENTAGE:      999
ODD_HOLE_TERMINATION_BATCH_SIZE:      0
ODD_ANTI_HOLE_TERMINATION_BATCH_SIZE: 0
==============================================
0,0,1,0,0,1,0,0,1,0,0,1,1,1,0,1,0,1,0,0,0,0,1,1,0,1,0,1,1,0,1,1,0,0,1,
0,0,0,1,1,1,1,1,0,0,1,1,0,1,1,1,0,0,1,0,0,1,0,0,1,1,1,1,1,0,0,0,0,0,1,
1,0,0,1,0,0,1,0,0,0,1,0,0,1,1,0,0,0,1,0,1,1,1,1,0,1,0,0,1,0,0,1,1,1,0,
0,1,1,0,1,0,0,0,0,0,0,1,0,0,1,0,1,1,0,1,0,0,1,0,0,1,1,0,1,1,0,1,1,1,1,
0,1,0,1,0,0,1,1,0,0,1,0,0,1,0,1,0,0,1,1,0,0,1,0,1,1,0,0,1,1,1,1,0,0,0,
1,1,0,0,0,0,1,0,0,0,0,0,1,1,0,1,1,1,1,1,1,0,0,1,1,0,1,0,0,1,1,1,1,0,1,
0,1,1,0,1,1,0,0,0,1,0,0,1,1,1,1,0,0,0,0,1,1,1,0,1,0,0,0,1,0,1,1,0,1,1,
0,1,0,0,1,0,0,0,0,0,0,1,0,1,1,1,0,0,1,0,1,1,1,1,1,0,1,1,1,1,1,1,0,1,0,
1,0,0,0,0,0,0,0,0,0,1,0,1,1,1,0,0,0,0,0,1,1,1,1,1,1,1,1,1,1,1,1,1,0,1,
0,0,0,0,0,0,1,0,0,0,1,0,1,0,0,0,1,0,1,1,0,0,1,1,1,0,0,1,0,1,1,0,0,1,0,
0,1,1,0,1,0,0,0,1,1,0,0,1,1,1,0,1,0,1,1,1,0,1,0,1,0,0,1,1,1,0,0,0,1,0,
1,1,0,1,0,0,0,1,0,0,0,0,0,1,0,0,0,1,0,1,0,1,0,1,1,0,0,1,1,1,0,0,1,0,0,
1,0,0,0,0,1,1,0,1,1,1,0,0,1,0,1,0,0,1,0,0,0,1,0,0,1,1,1,0,1,1,1,0,0,0,
1,1,1,0,1,1,1,1,1,0,1,1,1,0,0,1,1,0,1,0,0,1,1,0,1,0,0,0,1,1,0,1,0,0,0,
0,1,1,1,0,0,1,1,1,0,1,0,0,0,0,1,0,1,0,0,0,1,0,0,0,0,0,0,0,0,1,0,1,0,1,
1,1,0,0,1,1,1,1,0,0,0,0,1,1,1,0,0,1,1,1,1,0,0,1,0,1,0,1,0,0,1,1,0,1,1,
0,0,0,1,0,1,0,0,0,1,1,0,0,1,0,0,0,1,1,1,1,0,1,1,1,0,0,0,1,0,1,1,0,0,0,
1,0,0,1,0,1,0,0,0,0,0,1,0,0,1,1,1,0,1,0,1,0,0,0,0,0,1,0,0,1,0,1,1,0,1,
0,1,1,0,1,1,0,1,0,1,1,0,1,1,0,1,1,1,0,1,1,0,1,0,1,0,0,1,1,0,1,0,0,1,0,
0,0,0,1,1,1,0,0,0,1,1,1,0,0,0,1,1,0,1,0,0,1,0,1,1,1,0,0,0,0,0,1,1,0,0,
0,0,1,0,0,1,1,1,1,0,1,0,0,0,0,1,1,1,1,0,0,0,0,1,0,1,1,0,1,0,1,0,0,0,1,
0,1,1,0,0,0,1,1,1,0,0,1,0,1,1,0,0,0,0,1,0,0,1,1,0,1,0,0,1,0,0,1,1,0,0,
1,0,1,1,1,0,1,1,1,1,1,0,1,1,0,0,1,0,1,0,0,1,0,1,0,0,1,1,0,0,1,0,1,0,1,
1,0,1,0,0,1,0,1,1,1,0,1,0,0,0,1,1,0,0,1,1,1,1,0,1,0,0,1,0,1,1,0,0,0,1,
0,1,0,0,1,1,1,1,1,1,1,1,0,1,0,0,1,0,1,1,0,0,0,1,0,0,0,0,0,1,1,0,1,1,1,
1,1,1,1,1,0,0,0,1,0,0,0,1,0,0,1,0,0,0,1,1,1,0,0,0,0,1,1,1,1,1,0,1,1,0,
0,1,0,1,0,1,0,1,1,0,0,0,1,0,0,0,0,1,0,0,1,0,1,0,0,1,0,0,1,1,1,0,0,0,0,
1,1,0,0,0,0,0,1,1,1,1,1,1,0,0,1,0,0,1,0,0,0,1,1,0,1,0,0,1,0,1,0,1,1,1,
1,1,1,1,1,0,1,1,1,0,1,1,0,1,0,0,1,0,1,0,1,1,0,0,0,1,1,1,0,1,1,1,1,1,0,
0,0,0,1,1,1,0,1,1,1,1,1,1,1,0,0,0,1,0,0,0,0,0,1,1,1,1,0,1,0,0,1,1,1,0,
1,0,0,0,1,1,1,1,1,1,0,0,1,0,1,1,1,0,1,0,1,0,1,1,1,1,1,1,1,0,0,0,0,0,0,
1,0,1,1,1,1,1,1,1,0,0,0,1,1,0,1,1,1,0,1,0,1,0,0,0,0,0,0,1,1,0,0,1,0,0,
0,0,1,1,0,1,0,0,1,0,0,1,0,0,1,0,0,1,0,1,0,1,1,0,1,1,0,1,1,1,0,1,0,1,0,
0,0,1,1,0,0,1,1,0,1,1,0,0,0,0,1,0,0,1,0,0,0,0,0,1,1,0,1,1,1,0,0,1,0,1,
1,1,0,1,0,1,1,0,1,0,0,0,0,0,1,1,0,1,0,0,1,0,1,1,1,0,0,1,0,0,0,0,0,1,0,

0,1,1,1,0,1,1,1,1,1,1,1,1,1,1,1,1,1,1,1,1,0,1,1,1,1,1,1,1,1,1,1,1,1,1,
1,0,1,1,1,1,1,1,1,1,1,1,1,1,1,1,1,1,1,1,0,1,1,1,1,1,1,1,1,0,1,1,1,0,1,
1,1,0,1,1,1,1,1,0,1,1,1,1,1,1,1,1,1,1,0,1,1,1,1,0,1,1,1,1,1,1,1,1,1,1,
1,1,1,0,1,1,1,1,0,0,1,1,1,1,1,1,1,1,1,1,1,1,1,1,0,1,1,1,1,1,1,1,1,1,1,
0,1,1,1,0,0,1,1,1,0,1,1,1,1,1,1,1,1,1,1,1,1,1,1,1,1,1,1,1,1,1,1,1,1,1,
1,1,1,1,0,0,1,1,1,1,1,1,1,1,1,1,1,1,1,1,1,1,1,1,1,0,1,1,1,1,1,1,1,1,1,
1,1,1,1,1,1,0,1,0,1,1,1,1,1,1,1,0,1,1,1,1,1,1,0,1,1,1,1,1,1,1,1,1,1,1,
1,1,1,1,1,1,1,0,1,0,1,1,0,1,1,1,1,1,1,1,1,1,1,1,1,1,1,1,1,1,1,1,0,1,1,
1,1,0,0,1,1,0,1,0,1,1,1,1,1,1,0,1,0,1,1,1,1,1,1,1,1,1,1,1,1,1,1,1,1,1,
1,1,1,0,0,1,1,0,1,0,1,1,1,1,0,1,1,1,1,1,1,1,1,1,1,0,1,1,1,1,1,1,1,1,1,
1,1,1,1,1,1,1,1,1,1,0,1,1,1,1,0,1,1,1,1,1,1,1,1,1,0,1,1,1,1,1,1,1,1,1,
1,1,1,1,1,1,1,1,1,1,1,0,1,1,1,1,1,1,1,1,1,1,1,1,1,0,1,1,1,1,1,1,1,1,1,
1,1,1,1,1,1,1,0,1,1,1,1,0,1,1,1,1,1,1,1,0,1,1,1,0,1,1,1,1,1,1,1,0,1,1,
1,1,1,1,1,1,1,1,1,1,1,1,1,0,1,1,1,1,1,1,1,1,1,1,1,1,1,1,1,1,1,1,1,1,0,
1,1,1,1,1,1,1,1,1,0,1,1,1,1,0,1,1,1,1,1,1,1,0,1,1,1,1,0,0,1,1,1,1,0,1,
1,1,1,1,1,1,1,1,0,1,0,1,1,1,1,0,0,1,1,1,1,1,0,1,1,1,1,1,1,1,1,1,1,1,1,
1,1,1,1,1,1,0,1,1,1,1,1,1,1,1,0,0,1,1,1,1,0,1,1,1,1,1,1,1,1,1,1,1,1,0,
1,1,1,1,1,1,1,1,0,1,1,1,1,1,1,1,1,0,1,1,1,1,1,0,1,0,1,1,1,1,1,1,1,0,1,
1,1,1,1,1,1,1,1,1,1,1,1,1,1,1,1,1,1,0,1,1,1,1,1,1,1,0,1,1,0,1,1,1,1,0,
1,1,0,1,1,1,1,1,1,1,1,1,1,1,1,1,1,1,1,0,1,1,1,1,1,1,0,0,1,1,0,1,1,1,1,
1,0,1,1,1,1,1,1,1,1,1,1,0,1,1,1,1,1,1,1,0,1,1,1,1,1,1,1,1,1,1,0,1,1,1,
0,1,1,1,1,1,1,1,1,1,1,1,1,1,1,1,0,1,1,1,1,0,1,1,1,1,1,0,1,0,1,1,1,0,1,
1,1,1,1,1,1,1,1,1,1,1,1,1,1,0,0,1,1,1,1,1,1,0,1,1,1,1,1,1,1,1,1,1,1,1,
1,1,1,1,1,1,0,1,1,1,1,1,1,1,1,1,1,0,1,1,1,1,1,0,1,1,1,1,1,1,1,1,1,0,1,
1,1,0,0,1,1,1,1,1,1,1,1,0,1,1,1,1,1,1,1,1,1,1,1,0,1,1,1,1,1,1,0,1,1,1,
1,1,1,1,1,0,1,1,1,0,0,0,1,1,1,1,1,0,1,1,1,1,1,1,1,0,1,1,1,1,1,1,1,1,0,
1,1,1,1,1,1,1,1,1,1,1,1,1,1,1,1,1,1,0,0,1,1,1,1,1,1,0,0,1,1,1,1,1,1,1,
1,1,1,1,1,1,1,1,1,1,1,1,1,1,0,1,1,1,1,0,1,0,1,1,1,1,0,0,1,1,1,0,1,1,1,
1,1,1,1,1,1,1,1,1,1,1,1,1,1,0,1,1,1,1,1,1,1,1,1,1,1,1,1,0,1,1,1,1,1,0,
1,0,1,1,1,1,1,1,1,1,1,1,1,1,1,1,1,1,0,1,1,0,1,1,1,1,1,1,1,0,1,1,1,1,1,
1,1,1,1,1,1,1,1,1,1,1,1,1,1,1,1,1,1,1,0,1,1,1,1,1,1,1,1,1,1,0,1,1,1,0,
1,1,1,1,1,1,1,1,1,1,1,1,1,1,1,1,1,1,1,1,0,1,1,1,0,1,1,0,1,1,1,0,1,1,1,
1,1,1,1,1,1,1,0,1,1,1,1,0,1,1,1,1,1,1,1,1,1,1,1,1,1,1,1,1,1,1,1,0,1,1,
1,0,1,1,1,1,1,1,1,1,1,1,1,1,0,1,1,0,1,1,1,0,1,0,1,1,1,1,1,1,1,1,1,0,1,
1,1,1,1,1,1,1,1,1,1,1,1,1,0,1,1,0,1,0,1,1,1,1,1,1,0,1,1,0,1,0,1,1,1,0,

    Time: 2025-02-17 16:12:24
Version identifier: 22.1.1.0 | 2022-11-28 | 9160aff4d
CPXPARAM_Threads                                 24
CPXPARAM_MIP_Limits_Solutions                    1
CPXPARAM_TimeLimit                               900
Generic callback                                 0x20
Lazy constraint(s) or lazy constraint/branch callback is present.
    Disabling dual reductions (CPX_PARAM_REDUCE) in presolve.
    Disabling presolve reductions that prevent crushing forms (CPX_PARAM_PREREFORM).
Tried aggregator 1 time.
MIP Presolve eliminated 3384 rows and 9 columns.
MIP Presolve modified 105 coefficients.
Reduced MIP has 3556 rows, 227 columns, and 18480 nonzeros.
Reduced MIP has 227 binaries, 0 generals, 0 SOSs, and 0 indicators.
Presolve time = 0.02 sec. (27.77 ticks)
Probing time = 0.00 sec. (0.54 ticks)
Tried aggregator 1 time.
Reduced MIP has 3556 rows, 227 columns, and 18480 nonzeros.
Reduced MIP has 227 binaries, 0 generals, 0 SOSs, and 0 indicators.
Presolve time = 0.00 sec. (5.54 ticks)
Probing time = 0.00 sec. (0.54 ticks)
Clique table members: 143.
MIP emphasis: balance optimality and feasibility.
MIP search method: dynamic search.
Parallel mode: deterministic, using up to 24 threads.
Root relaxation solution time = 0.15 sec. (81.92 ticks)

        Nodes                                         Cuts/
   Node  Left     Objective  IInf  Best Integer    Best Bound    ItCnt     Gap

      0     0       94.9981   215                     94.9981     1495         
      0     0       98.0910   218                   Cuts: 185     1688         
      0     0        cutoff                           98.0910     1688         
Elapsed time = 0.94 sec. (992.77 ticks, tree = 0.01 MB, solutions = 0)

Implied bound cuts applied:  7
Zero-half cuts applied:  6
Lift and project cuts applied:  1
User cuts applied:  44

Root node processing (before b&c):
  Real time             =    0.94 sec. (992.77 ticks)
Parallel b&c, 24 threads:
  Real time             =    0.03 sec. (1.84 ticks)
  Sync time (average)   =    0.00 sec.
  Wait time (average)   =    0.00 sec.
                          ------------
Total (root+branch&cut) =    0.97 sec. (994.61 ticks)
STATUS: Infeasible



Status:Infeasible
Program finished OK!
    Time: 2025-02-17 16:12:25
