ODD_HOLE_TERMINATION_PERCENTAGE is set to 999
Program searches for ALL odd holes and odd antiholes
==============================================
n:                                    35
ODD_HOLE_TERMINATION_PERCENTAGE:      999
ODD_HOLE_TERMINATION_BATCH_SIZE:      0
ODD_ANTI_HOLE_TERMINATION_BATCH_SIZE: 0
==============================================
0,0,0,0,0,0,0,0,0,1,1,0,0,0,0,1,0,0,0,0,0,0,0,0,0,0,0,0,1,0,0,1,0,0,0,
0,0,0,1,0,0,1,1,0,0,0,0,0,1,0,0,0,0,0,0,0,0,0,0,1,0,0,0,0,0,0,0,0,0,0,
0,0,0,0,0,0,0,1,0,0,1,1,0,1,0,0,0,0,0,0,0,0,0,0,0,0,0,0,0,0,1,0,1,1,0,
0,1,0,0,0,0,1,0,1,0,0,0,0,1,0,1,0,0,1,1,0,0,1,0,0,1,0,0,0,0,1,0,0,0,1,
0,0,0,0,0,1,0,0,1,0,0,0,0,0,0,0,1,0,1,0,0,0,1,0,0,0,0,0,0,0,0,0,0,0,0,
0,0,0,0,1,0,0,0,1,1,0,0,1,0,0,0,0,0,0,0,1,0,0,0,1,1,0,0,0,0,0,0,0,1,1,
0,1,0,1,0,0,0,0,0,1,0,0,0,1,1,0,1,0,1,0,1,0,0,1,0,1,1,1,0,0,0,0,1,0,0,
0,1,1,0,0,0,0,0,0,0,1,0,0,0,0,1,0,0,1,1,0,0,0,0,1,0,0,0,1,0,0,0,1,1,0,
0,0,0,1,1,1,0,0,0,0,1,0,1,0,0,0,0,0,0,0,0,0,0,0,0,0,0,0,0,0,0,1,0,0,1,
1,0,0,0,0,1,1,0,0,0,0,0,0,0,0,0,0,0,0,0,0,0,0,1,0,0,0,1,0,0,1,1,0,1,0,
1,0,1,0,0,0,0,1,1,0,0,0,1,0,0,1,1,0,0,0,0,0,0,0,0,0,0,0,0,0,0,0,0,0,0,
0,0,1,0,0,0,0,0,0,0,0,0,1,0,0,0,0,0,0,0,0,0,1,0,0,0,0,0,1,1,0,1,1,0,0,
0,0,0,0,0,1,0,0,1,0,1,1,0,1,0,0,0,1,0,1,0,1,1,0,0,0,0,0,1,0,0,1,0,1,0,
0,1,1,1,0,0,1,0,0,0,0,0,1,0,0,0,0,1,0,0,1,0,0,1,0,0,1,0,0,0,1,1,0,0,1,
0,0,0,0,0,0,1,0,0,0,0,0,0,0,0,0,1,0,0,0,0,0,0,0,0,0,0,0,0,0,0,1,1,0,0,
1,0,0,1,0,0,0,1,0,0,1,0,0,0,0,0,0,0,1,0,0,1,0,0,0,0,0,0,1,1,0,0,0,0,0,
0,0,0,0,1,0,1,0,0,0,1,0,0,0,1,0,0,0,0,0,1,0,0,0,0,1,0,0,0,0,0,0,0,0,1,
0,0,0,0,0,0,0,0,0,0,0,0,1,1,0,0,0,0,0,0,0,0,0,0,1,0,0,1,0,0,0,1,0,0,0,
0,0,0,1,1,0,1,1,0,0,0,0,0,0,0,1,0,0,0,0,0,0,0,0,0,1,0,0,0,1,0,0,0,0,0,
0,0,0,1,0,0,0,1,0,0,0,0,1,0,0,0,0,0,0,0,0,1,0,1,1,1,0,0,0,0,1,0,0,0,0,
0,0,0,0,0,1,1,0,0,0,0,0,0,1,0,0,1,0,0,0,0,0,0,0,0,0,0,0,0,0,0,0,0,0,1,
0,0,0,0,0,0,0,0,0,0,0,0,1,0,0,1,0,0,0,1,0,0,0,0,0,0,0,0,0,0,1,0,0,0,0,
0,0,0,1,1,0,0,0,0,0,0,1,1,0,0,0,0,0,0,0,0,0,0,0,1,0,1,0,0,1,0,1,0,0,1,
0,0,0,0,0,0,1,0,0,1,0,0,0,1,0,0,0,0,0,1,0,0,0,0,0,1,0,1,0,1,1,1,0,0,1,
0,1,0,0,0,1,0,1,0,0,0,0,0,0,0,0,0,1,0,1,0,0,1,0,0,1,0,0,0,0,0,1,0,1,0,
0,0,0,1,0,1,1,0,0,0,0,0,0,0,0,0,1,0,1,1,0,0,0,1,1,0,1,0,0,0,0,0,0,1,0,
0,0,0,0,0,0,1,0,0,0,0,0,0,1,0,0,0,0,0,0,0,0,1,0,0,1,0,0,1,0,0,0,0,0,0,
0,0,0,0,0,0,1,0,0,1,0,0,0,0,0,0,0,1,0,0,0,0,0,1,0,0,0,0,1,1,0,1,0,0,0,
1,0,0,0,0,0,0,1,0,0,0,1,1,0,0,1,0,0,0,0,0,0,0,0,0,0,1,1,0,1,0,0,0,0,0,
0,0,0,0,0,0,0,0,0,0,0,1,0,0,0,1,0,0,1,0,0,0,1,1,0,0,0,1,1,0,0,0,0,0,1,
0,0,1,1,0,0,0,0,0,1,0,0,0,1,0,0,0,0,0,1,0,1,0,1,0,0,0,0,0,0,0,1,1,0,0,
1,0,0,0,0,0,0,0,1,1,0,1,1,1,1,0,0,1,0,0,0,0,1,1,1,0,0,1,0,0,1,0,0,1,1,
0,0,1,0,0,0,1,1,0,0,0,1,0,0,1,0,0,0,0,0,0,0,0,0,0,0,0,0,0,0,1,0,0,1,0,
0,0,1,0,0,1,0,1,0,1,0,0,1,0,0,0,0,0,0,0,0,0,0,0,1,1,0,0,0,0,0,1,1,0,0,
0,0,0,1,0,1,0,0,1,0,0,0,0,1,0,0,1,0,0,0,1,0,1,1,0,0,0,0,0,1,0,1,0,0,0,

0,1,1,1,1,0,0,1,1,1,1,0,0,0,1,1,0,1,1,1,1,1,1,0,1,1,1,1,1,1,1,1,1,1,1,
1,0,1,1,1,0,1,1,1,1,1,0,1,1,1,1,0,1,1,1,1,1,1,0,1,0,1,0,1,1,1,1,1,1,1,
1,1,0,1,1,1,1,1,1,1,1,1,0,1,1,1,0,1,1,1,1,1,1,1,1,1,1,1,0,0,1,1,1,1,0,
1,1,1,0,1,0,1,0,1,0,1,0,0,1,1,1,1,0,1,1,1,1,1,1,1,1,1,0,1,1,1,1,1,1,1,
1,1,1,1,0,1,1,1,1,1,0,1,1,0,1,1,1,0,1,0,1,1,1,1,1,0,0,1,1,1,1,0,1,1,0,
0,0,1,0,1,0,1,1,1,1,1,1,1,1,0,1,1,1,0,1,1,1,1,1,1,1,1,1,1,1,0,1,1,1,1,
0,1,1,1,1,1,0,1,1,1,1,1,1,1,1,0,1,0,1,1,1,1,1,1,1,1,1,1,0,1,0,1,1,1,1,
1,1,1,0,1,1,1,0,1,1,1,1,1,0,1,1,0,1,1,1,1,1,0,1,1,1,1,1,1,1,1,0,1,1,1,
1,1,1,1,1,1,1,1,0,0,1,1,1,0,0,1,1,1,1,0,0,1,1,1,1,0,1,0,1,1,1,1,0,1,1,
1,1,1,0,1,1,1,1,0,0,1,1,1,1,0,1,1,1,1,1,1,1,1,1,1,0,1,1,1,1,1,1,0,1,1,
1,1,1,1,0,1,1,1,1,1,0,1,1,1,0,1,1,1,1,1,1,1,1,0,1,1,1,1,1,1,0,1,0,0,1,
0,0,1,0,1,1,1,1,1,1,1,0,1,1,1,1,1,1,0,1,0,1,1,0,1,1,1,1,1,1,1,1,1,1,1,
0,1,0,0,1,1,1,1,1,1,1,1,0,1,1,1,1,1,1,1,0,1,1,1,1,0,1,1,1,1,1,1,1,1,0,
0,1,1,1,0,1,1,0,0,1,1,1,1,0,1,1,0,1,1,1,1,1,1,1,1,1,1,1,1,1,1,1,1,0,1,
1,1,1,1,1,0,1,1,0,0,0,1,1,1,0,1,1,1,1,1,1,1,1,1,1,1,1,1,0,1,1,1,1,1,1,
1,1,1,1,1,1,0,1,1,1,1,1,1,1,1,0,1,1,1,1,0,1,1,1,1,1,1,1,1,1,1,0,1,1,1,
0,0,0,1,1,1,1,0,1,1,1,1,1,0,1,1,0,1,1,0,1,1,1,1,1,1,1,1,0,0,1,1,1,1,1,
1,1,1,0,0,1,0,1,1,1,1,1,1,1,1,1,1,0,1,0,1,1,1,1,1,1,1,1,0,0,1,1,0,1,1,
1,1,1,1,1,0,1,1,1,1,1,0,1,1,1,1,1,1,0,1,1,1,1,1,1,1,1,1,1,1,1,1,1,1,1,
1,1,1,1,0,1,1,1,0,1,1,1,1,1,1,1,0,0,1,0,1,1,1,1,1,1,1,1,1,0,1,0,1,1,0,
1,1,1,1,1,1,1,1,0,1,1,0,0,1,1,0,1,1,1,1,0,1,1,1,1,1,1,1,1,0,1,1,1,0,1,
1,1,1,1,1,1,1,1,1,1,1,1,1,1,1,1,1,1,1,1,1,0,1,1,1,1,1,1,1,1,1,1,1,1,1,
1,1,1,1,1,1,1,0,1,1,1,1,1,1,1,1,1,1,1,1,1,1,0,1,1,1,1,0,1,1,1,1,1,1,1,
0,0,1,1,1,1,1,1,1,1,0,0,1,1,1,1,1,1,1,1,1,1,1,0,1,1,1,1,1,1,1,1,1,1,1,
1,1,1,1,1,1,1,1,1,1,1,1,1,1,1,1,1,1,1,1,1,1,1,1,0,1,1,1,0,1,0,1,0,1,1,
1,0,1,1,0,1,1,1,0,0,1,1,0,1,1,1,1,1,1,1,1,1,1,1,1,0,1,1,1,1,1,1,0,1,1,
1,1,1,1,0,1,1,1,1,1,1,1,1,1,1,1,1,1,1,1,1,1,1,1,1,1,0,1,1,1,1,1,1,1,1,
1,0,1,0,1,1,1,1,0,1,1,1,1,1,1,1,1,1,1,1,1,1,0,1,1,1,1,0,1,1,1,1,1,1,1,
1,1,0,1,1,1,0,1,1,1,1,1,1,1,0,1,0,0,1,1,1,1,1,1,0,1,1,1,0,1,1,0,1,1,1,
1,1,0,1,1,1,1,1,1,1,1,1,1,1,1,1,0,0,1,0,0,1,1,1,1,1,1,1,1,0,1,1,0,1,1,
1,1,1,1,1,0,0,1,1,1,0,1,1,1,1,1,1,1,1,1,1,1,1,1,0,1,1,1,1,1,0,1,1,0,1,
1,1,1,1,0,1,1,0,1,1,1,1,1,1,1,0,1,1,1,0,1,1,1,1,1,1,1,1,0,1,1,0,1,1,1,
1,1,1,1,1,1,1,1,0,0,0,1,1,1,1,1,1,0,1,1,1,1,1,1,0,0,1,1,1,0,1,1,0,1,1,
1,1,1,1,1,1,1,1,1,1,0,1,1,0,1,1,1,1,1,1,0,1,1,1,1,1,1,1,1,1,0,1,1,0,1,
1,1,0,1,0,1,1,1,1,1,1,1,0,1,1,1,1,1,1,0,1,1,1,1,1,1,1,1,1,1,1,1,1,1,0,

    Time: 2025-02-17 16:11:57
Version identifier: 22.1.1.0 | 2022-11-28 | 9160aff4d
CPXPARAM_Threads                                 24
CPXPARAM_MIP_Limits_Solutions                    1
CPXPARAM_TimeLimit                               900
Generic callback                                 0x20
Lazy constraint(s) or lazy constraint/branch callback is present.
    Disabling dual reductions (CPX_PARAM_REDUCE) in presolve.
    Disabling presolve reductions that prevent crushing forms (CPX_PARAM_PREREFORM).
Tried aggregator 1 time.
MIP Presolve eliminated 2126 rows and 4 columns.
MIP Presolve modified 8 coefficients.
Reduced MIP has 3566 rows, 359 columns, and 54840 nonzeros.
Reduced MIP has 359 binaries, 0 generals, 0 SOSs, and 0 indicators.
Presolve time = 0.04 sec. (72.49 ticks)
Probing time = 0.00 sec. (0.48 ticks)
Tried aggregator 1 time.
Reduced MIP has 3566 rows, 359 columns, and 54840 nonzeros.
Reduced MIP has 359 binaries, 0 generals, 0 SOSs, and 0 indicators.
Presolve time = 0.01 sec. (13.04 ticks)
Probing time = 0.00 sec. (0.48 ticks)
Clique table members: 23.
MIP emphasis: balance optimality and feasibility.
MIP search method: dynamic search.
Parallel mode: deterministic, using up to 24 threads.
Root relaxation solution time = 0.05 sec. (52.14 ticks)

        Nodes                                         Cuts/
   Node  Left     Objective  IInf  Best Integer    Best Bound    ItCnt     Gap

      0     0       67.0769   137                     67.0769      836         
      0     0       74.7889   210                   Cuts: 137     1002         
      0     0       75.0035   215                    Cuts: 77     1084         
      0     0       75.2387   209                    Cuts: 33     1178         
      0     0       75.3378   208                    Cuts: 60     1245         
      0     0       75.4366   206                     Cuts: 8     1324         
      0     0       75.5276   204                    Cuts: 42     1395         
      0     0       75.6593   199                    Cuts: 23     1466         
      0     0       75.8059   197                    Cuts: 28     1535         
      0     0       75.8964   208                    Cuts: 32     1599         
      0     0       75.9439   203                    Cuts: 37     1656         
      0     0       76.0585   202                    Cuts: 16     1710         
      0     0       76.1016   204                    Cuts: 27     1766         
      0     0       76.1511   205                    Cuts: 12     1833         
      0     0       76.1811   214                    Cuts: 31     1883         
      0     0       76.1931   214                     Cuts: 8     1918         
      0     0       76.2396   200                     Cuts: 8     1991         
      0     0       76.3360   204                    Cuts: 20     2079         
      0     0       76.4071   210                    Cuts: 25     2139         
      0     0       76.4506   205                    Cuts: 25     2192         
      0     0       76.4678   192                    Cuts: 29     2247         
      0     0       76.4889   203                    Cuts: 19     2305         
      0     0       76.4999   203                     Cuts: 8     2355         
      0     0       76.5071   204                    Cuts: 12     2389         
      0     2       76.5071   202                     76.5071     2389         
Elapsed time = 3.01 sec. (4816.88 ticks, tree = 0.02 MB, solutions = 0)
     11     6       78.6382   148                     76.5099     3603         
     77    42       80.2572   176                     77.3665    12342         
    160    81       84.3701   136                     77.7882    23367         
    191   154       92.7622   172                     77.7882    45849         
    267   229    infeasible                           77.7882    88701         
    303   222    infeasible                           77.7882    88787         
    332   255      113.6364   156                     77.7882   100324         
    364   292      112.4129   133                     77.7882   137676         
    452   307      101.2108   175                     77.7882   157799         
    948   570       94.8024   216                     77.7882   184660         
Elapsed time = 7.56 sec. (8005.50 ticks, tree = 8.92 MB, solutions = 0)
   1159   716      121.8167   164                     78.7580   214042         
   1350   898      121.4468   185                     78.7580   241959         
   1636  1159      112.0527   200                     78.7580   279796         
   1867  1318      107.2993   210                     78.9435   304478         
   2047  1350      106.1457   217                     82.7750   331045         
   2167  1425      130.2619   181                     82.9222   360781         
   2364  1473      148.1111   135                     82.9222   374575         
   2733  1571      109.4605   188                     83.9369   403070         
   4359  1307      120.3688   231                     84.8777   429847         
   4643   347      123.6946   210                     89.0749   445114         
Elapsed time = 25.71 sec. (17617.98 ticks, tree = 0.99 MB, solutions = 0)
   4655   393      121.4167   206                    100.1766   444238         

Cover cuts applied:  1
Zero-half cuts applied:  50
User cuts applied:  26716

Root node processing (before b&c):
  Real time             =    3.00 sec. (4812.24 ticks)
Parallel b&c, 24 threads:
  Real time             =   23.18 sec. (13808.00 ticks)
  Sync time (average)   =   12.31 sec.
  Wait time (average)   =    0.00 sec.
                          ------------
Total (root+branch&cut) =   26.18 sec. (18620.24 ticks)
STATUS: Infeasible



Status:Infeasible
Program finished OK!
    Time: 2025-02-17 16:12:24
