ODD_HOLE_TERMINATION_PERCENTAGE is set to 999
Program searches for ALL odd holes and odd antiholes
==============================================
n:                                    25
ODD_HOLE_TERMINATION_PERCENTAGE:      999
ODD_HOLE_TERMINATION_BATCH_SIZE:      0
ODD_ANTI_HOLE_TERMINATION_BATCH_SIZE: 0
==============================================
0,0,0,0,0,0,0,0,1,1,0,0,0,0,1,1,0,0,0,0,0,0,0,0,0,
0,0,1,0,0,0,0,1,1,0,0,1,0,1,0,0,0,1,0,1,0,0,0,0,1,
0,1,0,1,0,0,0,0,0,0,0,0,0,0,1,0,0,1,0,0,1,1,0,0,0,
0,0,1,0,0,0,0,1,0,0,0,0,0,0,0,1,0,0,0,0,0,0,1,0,0,
0,0,0,0,0,0,1,1,1,0,0,1,0,0,0,0,0,1,0,0,1,1,0,0,1,
0,0,0,0,0,0,0,0,0,0,0,1,0,0,0,1,0,1,0,0,0,1,0,0,0,
0,0,0,0,1,0,0,0,1,0,0,0,0,1,0,0,0,1,0,0,1,0,1,0,0,
0,1,0,1,1,0,0,0,0,0,0,1,0,0,0,0,0,0,0,0,0,0,0,1,1,
1,1,0,0,1,0,1,0,0,0,0,0,0,0,0,1,1,1,0,0,0,0,1,0,1,
1,0,0,0,0,0,0,0,0,0,0,1,0,1,0,0,1,0,0,0,0,0,0,1,0,
0,0,0,0,0,0,0,0,0,0,0,0,1,1,0,0,0,1,0,1,0,0,0,0,1,
0,1,0,0,1,1,0,1,0,1,0,0,1,1,0,0,0,0,0,1,0,1,0,0,0,
0,0,0,0,0,0,0,0,0,0,1,1,0,0,0,1,1,0,0,0,0,0,0,0,0,
0,1,0,0,0,0,1,0,0,1,1,1,0,0,0,0,0,0,1,0,0,0,0,0,0,
1,0,1,0,0,0,0,0,0,0,0,0,0,0,0,0,0,0,0,1,0,0,1,1,0,
1,0,0,1,0,1,0,0,1,0,0,0,1,0,0,0,1,0,0,0,0,0,0,0,0,
0,0,0,0,0,0,0,0,1,1,0,0,1,0,0,1,0,1,1,0,0,1,1,0,0,
0,1,1,0,1,1,1,0,1,0,1,0,0,0,0,0,1,0,0,0,1,1,0,0,1,
0,0,0,0,0,0,0,0,0,0,0,0,0,1,0,0,1,0,0,0,1,0,0,0,0,
0,1,0,0,0,0,0,0,0,0,1,1,0,0,1,0,0,0,0,0,0,0,1,0,0,
0,0,1,0,1,0,1,0,0,0,0,0,0,0,0,0,0,1,1,0,0,0,0,0,0,
0,0,1,0,1,1,0,0,0,0,0,1,0,0,0,0,1,1,0,0,0,0,0,0,0,
0,0,0,1,0,0,1,0,1,0,0,0,0,0,1,0,1,0,0,1,0,0,0,1,0,
0,0,0,0,0,0,0,1,0,1,0,0,0,0,1,0,0,0,0,0,0,0,1,0,0,
0,1,0,0,1,0,0,1,1,0,1,0,0,0,0,0,0,1,0,0,0,0,0,0,0,

0,1,1,1,1,1,1,1,1,1,1,1,1,0,1,1,1,0,1,0,1,0,1,1,0,
1,0,1,1,1,1,1,1,1,1,1,1,1,1,0,1,0,1,1,1,1,1,1,1,1,
1,1,0,1,1,1,1,1,0,1,1,1,1,0,1,0,1,1,1,1,1,1,1,1,0,
1,1,1,0,1,1,1,1,0,1,1,1,1,1,1,1,1,0,1,1,1,1,1,0,1,
1,1,1,1,0,1,1,1,1,1,1,1,0,1,1,1,0,1,1,1,1,1,1,1,1,
1,1,1,1,1,0,1,0,1,1,1,1,1,1,0,1,1,1,1,0,1,1,1,0,1,
1,1,1,1,1,1,0,0,1,1,1,0,1,1,1,0,1,1,1,0,1,1,1,1,0,
1,1,1,1,1,0,0,0,1,1,0,1,1,1,1,1,1,1,1,1,1,1,0,1,1,
1,1,0,0,1,1,1,1,0,1,0,1,0,1,1,1,1,1,1,1,1,1,1,1,1,
1,1,1,1,1,1,1,1,1,0,0,1,0,1,1,1,1,1,1,1,1,1,1,1,1,
1,1,1,1,1,1,1,0,0,0,0,1,1,1,1,1,1,1,0,1,1,1,1,1,1,
1,1,1,1,1,1,0,1,1,1,1,0,1,1,1,1,1,1,0,1,1,1,0,1,1,
1,1,1,1,0,1,1,1,0,0,1,1,0,0,1,1,1,0,0,1,1,1,1,1,1,
0,1,0,1,1,1,1,1,1,1,1,1,0,0,1,1,0,1,1,1,1,1,1,1,1,
1,0,1,1,1,0,1,1,1,1,1,1,1,1,0,1,1,1,1,1,1,1,1,1,0,
1,1,0,1,1,1,0,1,1,1,1,1,1,1,1,0,1,0,1,1,0,1,1,1,1,
1,0,1,1,0,1,1,1,1,1,1,1,1,0,1,1,0,1,1,0,1,1,1,1,1,
0,1,1,0,1,1,1,1,1,1,1,1,0,1,1,0,1,0,1,1,1,1,1,1,1,
1,1,1,1,1,1,1,1,1,1,0,0,0,1,1,1,1,1,0,1,1,1,1,1,1,
0,1,1,1,1,0,0,1,1,1,1,1,1,1,1,1,0,1,1,0,1,1,1,1,1,
1,1,1,1,1,1,1,1,1,1,1,1,1,1,1,0,1,1,1,1,0,0,1,1,1,
0,1,1,1,1,1,1,1,1,1,1,1,1,1,1,1,1,1,1,1,0,0,0,1,1,
1,1,1,1,1,1,1,0,1,1,1,0,1,1,1,1,1,1,1,1,1,0,0,1,1,
1,1,1,0,1,0,1,1,1,1,1,1,1,1,1,1,1,1,1,1,1,1,1,0,0,
0,1,0,1,1,1,0,1,1,1,1,1,1,1,0,1,1,1,1,1,1,1,1,0,0,

    Time: 2025-02-17 16:09:37
Program is infeasible due to the odd hole: 2,3,15,8,17,
    Time: 2025-02-17 16:09:37



Status:Unknown
Program finished OK!
    Time: 2025-02-17 16:09:37
