ODD_HOLE_TERMINATION_PERCENTAGE is set to 999
Program searches for ALL odd holes and odd antiholes
==============================================
n:                                    25
ODD_HOLE_TERMINATION_PERCENTAGE:      999
ODD_HOLE_TERMINATION_BATCH_SIZE:      0
ODD_ANTI_HOLE_TERMINATION_BATCH_SIZE: 0
==============================================
0,1,1,0,1,0,0,1,1,1,0,0,0,1,0,0,0,1,0,0,0,0,0,0,0,
1,0,0,0,0,1,0,0,1,0,1,0,0,0,0,1,0,0,1,0,1,0,0,1,0,
1,0,0,0,1,0,0,0,0,0,1,0,0,0,0,0,1,1,0,0,1,0,1,0,1,
0,0,0,0,0,0,1,0,1,0,0,1,0,0,0,1,0,0,0,0,0,1,1,1,0,
1,0,1,0,0,0,0,0,1,0,1,0,1,0,0,0,0,1,0,1,0,1,0,0,0,
0,1,0,0,0,0,0,0,0,0,0,0,0,1,0,0,0,0,0,1,1,0,0,0,1,
0,0,0,1,0,0,0,0,0,0,0,0,0,1,1,0,0,1,0,1,0,0,0,1,1,
1,0,0,0,0,0,0,0,0,0,0,0,1,0,0,0,0,1,0,0,0,0,1,1,0,
1,1,0,1,1,0,0,0,0,1,0,0,0,0,0,0,0,1,1,0,0,1,1,1,0,
1,0,0,0,0,0,0,0,1,0,0,0,0,0,0,0,0,0,1,0,0,0,0,0,0,
0,1,1,0,1,0,0,0,0,0,0,1,0,0,0,0,1,0,0,1,0,0,0,0,0,
0,0,0,1,0,0,0,0,0,0,1,0,0,0,0,0,0,0,1,0,0,1,0,0,0,
0,0,0,0,1,0,0,1,0,0,0,0,0,1,1,1,0,0,1,1,0,1,0,0,0,
1,0,0,0,0,1,1,0,0,0,0,0,1,0,1,0,0,0,1,1,0,1,0,1,1,
0,0,0,0,0,0,1,0,0,0,0,0,1,1,0,0,0,0,1,0,1,0,0,0,0,
0,1,0,1,0,0,0,0,0,0,0,0,1,0,0,0,0,0,0,0,0,0,0,1,1,
0,0,1,0,0,0,0,0,0,0,1,0,0,0,0,0,0,1,0,0,0,1,0,0,0,
1,0,1,0,1,0,1,1,1,0,0,0,0,0,0,0,1,0,0,1,0,0,0,0,1,
0,1,0,0,0,0,0,0,1,1,0,1,1,1,1,0,0,0,0,1,0,0,1,0,0,
0,0,0,0,1,1,1,0,0,0,1,0,1,1,0,0,0,1,1,0,0,0,0,1,0,
0,1,1,0,0,1,0,0,0,0,0,0,0,0,1,0,0,0,0,0,0,0,0,0,0,
0,0,0,1,1,0,0,0,1,0,0,1,1,1,0,0,1,0,0,0,0,0,1,0,0,
0,0,1,1,0,0,0,1,1,0,0,0,0,0,0,0,0,0,1,0,0,1,0,0,0,
0,1,0,1,0,0,1,1,1,0,0,0,0,1,0,1,0,0,0,1,0,0,0,0,1,
0,0,1,0,0,1,1,0,0,0,0,0,0,1,0,1,0,1,0,0,0,0,0,1,0,

0,1,1,0,1,0,1,1,1,1,1,1,1,1,1,1,1,1,1,1,1,1,1,1,0,
1,0,0,1,1,1,1,1,1,0,1,0,1,1,1,1,1,1,1,1,1,0,1,1,1,
1,0,0,0,1,1,1,1,1,1,1,1,0,1,1,1,1,1,1,1,1,1,1,1,1,
0,1,0,0,0,1,1,1,1,1,1,1,0,1,1,1,1,1,0,1,1,1,1,1,1,
1,1,1,0,0,1,1,1,1,1,1,1,1,1,1,1,1,1,1,1,1,1,1,1,1,
0,1,1,1,1,0,1,1,0,0,1,1,1,1,1,1,0,1,1,1,1,0,1,1,1,
1,1,1,1,1,1,0,1,1,1,1,1,1,1,1,1,1,1,1,1,1,1,1,1,1,
1,1,1,1,1,1,1,0,1,1,1,1,1,1,0,1,1,1,1,1,1,1,1,1,1,
1,1,1,1,1,0,1,1,0,1,1,0,0,1,1,1,1,1,1,1,1,1,1,1,1,
1,0,1,1,1,0,1,1,1,0,1,1,1,1,0,1,0,1,1,1,1,1,0,1,1,
1,1,1,1,1,1,1,1,1,1,0,1,1,1,1,1,1,0,1,1,0,0,0,1,1,
1,0,1,1,1,1,1,1,0,1,1,0,1,1,1,1,1,0,1,1,1,1,1,1,1,
1,1,0,0,1,1,1,1,0,1,1,1,0,1,1,1,1,1,1,1,1,1,0,1,1,
1,1,1,1,1,1,1,1,1,1,1,1,1,0,1,0,0,1,1,1,0,1,1,1,1,
1,1,1,1,1,1,1,0,1,0,1,1,1,1,0,1,0,0,1,0,1,1,0,1,1,
1,1,1,1,1,1,1,1,1,1,1,1,1,0,1,0,0,1,1,0,0,1,1,1,1,
1,1,1,1,1,0,1,1,1,0,1,1,1,0,0,0,0,1,1,0,1,1,1,1,1,
1,1,1,1,1,1,1,1,1,1,0,0,1,1,0,1,1,0,1,1,1,1,1,1,1,
1,1,1,0,1,1,1,1,1,1,1,1,1,1,1,1,1,1,0,1,1,1,1,1,0,
1,1,1,1,1,1,1,1,1,1,1,1,1,1,0,0,0,1,1,0,1,1,1,1,1,
1,1,1,1,1,1,1,1,1,1,0,1,1,0,1,0,1,1,1,1,0,1,0,1,1,
1,0,1,1,1,0,1,1,1,1,0,1,1,1,1,1,1,1,1,1,1,0,1,1,0,
1,1,1,1,1,1,1,1,1,0,0,1,0,1,0,1,1,1,1,1,0,1,0,1,0,
1,1,1,1,1,1,1,1,1,1,1,1,1,1,1,1,1,1,1,1,1,1,1,0,1,
0,1,1,1,1,1,1,1,1,1,1,1,1,1,1,1,1,1,0,1,1,0,0,1,0,

    Time: 2025-02-17 16:09:37
Version identifier: 22.1.1.0 | 2022-11-28 | 9160aff4d
CPXPARAM_Threads                                 24
CPXPARAM_MIP_Limits_Solutions                    1
CPXPARAM_TimeLimit                               900
Generic callback                                 0x20
Lazy constraint(s) or lazy constraint/branch callback is present.
    Disabling dual reductions (CPX_PARAM_REDUCE) in presolve.
    Disabling presolve reductions that prevent crushing forms (CPX_PARAM_PREREFORM).
Tried aggregator 1 time.
MIP Presolve eliminated 74 rows and 1 columns.
Reduced MIP has 526 rows, 170 columns, and 5070 nonzeros.
Reduced MIP has 170 binaries, 0 generals, 0 SOSs, and 0 indicators.
Presolve time = 0.00 sec. (2.27 ticks)
Probing time = 0.00 sec. (0.15 ticks)
Tried aggregator 1 time.
Reduced MIP has 526 rows, 170 columns, and 5070 nonzeros.
Reduced MIP has 170 binaries, 0 generals, 0 SOSs, and 0 indicators.
Presolve time = 0.00 sec. (1.30 ticks)
Probing time = 0.00 sec. (0.15 ticks)
Clique table members: 6.
MIP emphasis: balance optimality and feasibility.
MIP search method: dynamic search.
Parallel mode: deterministic, using up to 24 threads.
Root relaxation solution time = 0.01 sec. (11.96 ticks)

        Nodes                                         Cuts/
   Node  Left     Objective  IInf  Best Integer    Best Bound    ItCnt     Gap

      0     0       30.1166    80                     30.1166      500         
      0     0       31.7767    94                    Cuts: 60      589         
      0     0       32.1509    97                    Cuts: 33      666         
      0     0       32.3786    96                    Cuts: 28      711         
      0     0       32.4579    97                    Cuts: 14      758         
*     0+    0                          105.0000       32.4579            69.09%

Zero-half cuts applied:  25
Gomory fractional cuts applied:  1
User cuts applied:  11

Root node processing (before b&c):
  Real time             =    0.30 sec. (105.12 ticks)
Parallel b&c, 24 threads:
  Real time             =    0.00 sec. (0.00 ticks)
  Sync time (average)   =    0.00 sec.
  Wait time (average)   =    0.00 sec.
                          ------------
Total (root+branch&cut) =    0.30 sec. (105.12 ticks)
STATUS: Feasible
OBJ VALUE: 105
Explored Number of nodes: 0
Unexplored Number of nodes: 1



Status:Feasible
Program finished OK!
    Time: 2025-02-17 16:09:37
