ODD_HOLE_TERMINATION_PERCENTAGE is set to 999
Program searches for ALL odd holes and odd antiholes
==============================================
n:                                    30
ODD_HOLE_TERMINATION_PERCENTAGE:      999
ODD_HOLE_TERMINATION_BATCH_SIZE:      0
ODD_ANTI_HOLE_TERMINATION_BATCH_SIZE: 0
==============================================
0,0,1,1,1,0,1,1,0,0,1,1,0,1,0,0,0,0,1,0,0,0,0,1,1,1,0,0,0,0,
0,0,0,0,0,1,0,1,1,0,1,0,1,0,1,1,0,1,0,1,1,0,1,0,0,0,1,0,1,0,
1,0,0,0,1,0,0,1,1,1,0,1,0,0,0,1,1,0,0,0,1,1,0,1,1,1,1,1,0,0,
1,0,0,0,1,1,1,1,1,0,1,0,1,1,0,1,0,1,1,1,1,1,0,1,1,1,1,1,0,0,
1,0,1,1,0,1,0,0,1,0,0,1,1,1,1,0,1,0,1,1,1,1,0,0,0,1,1,1,0,0,
0,1,0,1,1,0,0,1,0,1,1,0,0,1,0,0,0,0,0,1,0,0,1,1,1,1,1,1,0,0,
1,0,0,1,0,0,0,0,1,1,1,1,1,0,1,1,0,1,0,1,1,1,0,1,1,1,0,0,0,1,
1,1,1,1,0,1,0,0,0,1,1,0,1,0,0,1,0,1,1,1,0,0,0,1,0,1,1,0,1,1,
0,1,1,1,1,0,1,0,0,0,0,0,1,0,1,0,0,0,0,0,0,1,0,0,0,1,1,1,0,0,
0,0,1,0,0,1,1,1,0,0,0,0,0,0,1,1,0,0,1,0,1,1,1,0,0,1,1,1,1,1,
1,1,0,1,0,1,1,1,0,0,0,0,0,1,0,0,0,1,1,0,1,0,1,1,0,1,0,0,0,0,
1,0,1,0,1,0,1,0,0,0,0,0,0,1,0,0,0,1,0,0,1,1,1,0,1,0,0,1,0,1,
0,1,0,1,1,0,1,1,1,0,0,0,0,0,1,0,0,1,0,1,1,0,1,1,0,1,1,0,1,0,
1,0,0,1,1,1,0,0,0,0,1,1,0,0,1,0,0,1,0,1,1,1,1,0,1,0,0,0,1,0,
0,1,0,0,1,0,1,0,1,1,0,0,1,1,0,1,0,1,0,0,1,0,0,0,0,1,0,0,1,1,
0,1,1,1,0,0,1,1,0,1,0,0,0,0,1,0,1,1,0,0,1,0,1,1,1,0,0,0,0,0,
0,0,1,0,1,0,0,0,0,0,0,0,0,0,0,1,0,1,1,0,1,0,1,0,1,1,1,1,0,0,
0,1,0,1,0,0,1,1,0,0,1,1,1,1,1,1,1,0,0,0,0,1,0,0,0,0,1,0,0,0,
1,0,0,1,1,0,0,1,0,1,1,0,0,0,0,0,1,0,0,1,0,0,0,1,1,0,0,0,0,0,
0,1,0,1,1,1,1,1,0,0,0,0,1,1,0,0,0,0,1,0,0,1,1,0,0,1,1,1,0,1,
0,1,1,1,1,0,1,0,0,1,1,1,1,1,1,1,1,0,0,0,0,0,0,1,0,1,0,0,1,1,
0,0,1,1,1,0,1,0,1,1,0,1,0,1,0,0,0,1,0,1,0,0,1,1,1,0,1,0,1,1,
0,1,0,0,0,1,0,0,0,1,1,1,1,1,0,1,1,0,0,1,0,1,0,1,1,0,0,1,1,0,
1,0,1,1,0,1,1,1,0,0,1,0,1,0,0,1,0,0,1,0,1,1,1,0,1,1,1,0,1,1,
1,0,1,1,0,1,1,0,0,0,0,1,0,1,0,1,1,0,1,0,0,1,1,1,0,0,1,1,0,1,
1,0,1,1,1,1,1,1,1,1,1,0,1,0,1,0,1,0,0,1,1,0,0,1,0,0,1,1,1,1,
0,1,1,1,1,1,0,1,1,1,0,0,1,0,0,0,1,1,0,1,0,1,0,1,1,1,0,0,1,1,
0,0,1,1,1,1,0,0,1,1,0,1,0,0,0,0,1,0,0,1,0,0,1,0,1,1,0,0,1,1,
0,1,0,0,0,0,0,1,0,1,0,0,1,1,1,0,0,0,0,0,1,1,1,1,0,1,1,1,0,0,
0,0,0,0,0,0,1,1,0,1,0,1,0,0,1,0,0,0,0,1,1,1,0,1,1,1,1,1,0,0,

0,0,1,1,1,1,1,1,1,1,1,1,1,1,1,1,1,1,1,1,0,1,1,1,1,1,1,0,0,0,
0,0,1,1,1,1,1,1,1,1,1,1,1,1,1,1,1,1,1,1,1,1,1,1,0,1,1,1,1,0,
1,1,0,1,1,1,1,1,1,1,1,1,1,1,0,1,1,1,1,1,1,1,1,1,1,1,1,1,0,1,
1,1,1,0,1,1,1,1,1,1,1,1,1,1,1,1,1,1,1,1,1,1,0,1,1,1,1,1,1,1,
1,1,1,1,0,1,1,1,1,1,1,1,1,1,1,0,1,1,1,1,1,1,1,1,1,1,1,1,1,0,
1,1,1,1,1,0,1,1,1,1,1,0,1,1,1,1,0,1,1,1,1,1,1,1,1,1,1,1,1,0,
1,1,1,1,1,1,0,1,1,1,1,1,1,1,1,1,0,1,1,1,1,1,0,1,1,1,1,1,1,1,
1,1,1,1,1,1,1,0,1,1,1,0,1,1,1,1,1,1,1,1,1,1,0,1,1,1,1,0,1,1,
1,1,1,1,1,1,1,1,0,1,1,1,1,1,1,1,1,0,0,0,0,1,1,0,1,1,1,1,1,1,
1,1,1,1,1,1,1,1,1,0,1,1,1,1,1,1,1,1,1,1,1,1,1,0,1,1,1,1,1,1,
1,1,1,1,1,1,1,1,1,1,0,1,1,1,1,1,1,1,1,1,1,1,1,1,0,1,1,1,1,1,
1,1,1,1,1,0,1,0,1,1,1,0,1,1,1,1,1,1,1,1,1,1,1,0,1,1,1,1,1,1,
1,1,1,1,1,1,1,1,1,1,1,1,0,1,1,1,0,1,1,1,1,0,1,1,0,1,1,0,1,1,
1,1,1,1,1,1,1,1,1,1,1,1,1,0,1,1,1,1,1,1,1,1,1,1,1,1,1,1,1,1,
1,1,0,1,1,1,1,1,1,1,1,1,1,1,0,1,1,1,0,1,1,1,1,1,1,1,1,1,1,1,
1,1,1,1,0,1,1,1,1,1,1,1,1,1,1,0,1,1,1,1,1,1,1,1,1,1,1,1,0,0,
1,1,1,1,1,0,0,1,1,1,1,1,0,1,1,1,0,1,1,1,1,1,1,1,1,1,1,1,1,1,
1,1,1,1,1,1,1,1,0,1,1,1,1,1,1,1,1,0,1,1,0,1,1,0,1,1,1,1,0,0,
1,1,1,1,1,1,1,1,0,1,1,1,1,1,0,1,1,1,0,1,1,1,1,1,1,1,0,1,0,1,
1,1,1,1,1,1,1,1,0,1,1,1,1,1,1,1,1,1,1,0,1,1,1,1,1,1,1,1,0,1,
0,1,1,1,1,1,1,1,0,1,1,1,1,1,1,1,1,0,1,1,0,1,1,1,1,1,1,1,1,1,
1,1,1,1,1,1,1,1,1,1,1,1,0,1,1,1,1,1,1,1,1,0,1,1,1,1,1,1,1,1,
1,1,1,0,1,1,0,0,1,1,1,1,1,1,1,1,1,1,1,1,1,1,0,1,1,1,1,1,1,1,
1,1,1,1,1,1,1,1,0,0,1,0,1,1,1,1,1,0,1,1,1,1,1,0,1,1,1,1,1,1,
1,0,1,1,1,1,1,1,1,1,0,1,0,1,1,1,1,1,1,1,1,1,1,1,0,1,1,1,1,1,
1,1,1,1,1,1,1,1,1,1,1,1,1,1,1,1,1,1,1,1,1,1,1,1,1,0,1,1,1,1,
1,1,1,1,1,1,1,1,1,1,1,1,1,1,1,1,1,1,0,1,1,1,1,1,1,1,0,0,1,1,
0,1,1,1,1,1,1,0,1,1,1,1,0,1,1,1,1,1,1,1,1,1,1,1,1,1,0,0,1,1,
0,1,0,1,1,1,1,1,1,1,1,1,1,1,1,0,1,0,0,0,1,1,1,1,1,1,1,1,0,1,
0,0,1,1,0,0,1,1,1,1,1,1,1,1,1,0,1,0,1,1,1,1,1,1,1,1,1,1,1,0,

    Time: 2025-02-17 16:10:58
Version identifier: 22.1.1.0 | 2022-11-28 | 9160aff4d
CPXPARAM_Threads                                 24
CPXPARAM_MIP_Limits_Solutions                    1
CPXPARAM_TimeLimit                               900
Generic callback                                 0x20
Lazy constraint(s) or lazy constraint/branch callback is present.
    Disabling dual reductions (CPX_PARAM_REDUCE) in presolve.
    Disabling presolve reductions that prevent crushing forms (CPX_PARAM_PREREFORM).
Tried aggregator 1 time.
MIP Presolve eliminated 1160 rows and 8 columns.
MIP Presolve modified 24 coefficients.
Reduced MIP has 1305 rows, 164 columns, and 6578 nonzeros.
Reduced MIP has 164 binaries, 0 generals, 0 SOSs, and 0 indicators.
Presolve time = 0.01 sec. (5.50 ticks)
Probing time = 0.00 sec. (0.42 ticks)
Tried aggregator 1 time.
Reduced MIP has 1305 rows, 164 columns, and 6578 nonzeros.
Reduced MIP has 164 binaries, 0 generals, 0 SOSs, and 0 indicators.
Presolve time = 0.00 sec. (1.91 ticks)
Probing time = 0.00 sec. (0.42 ticks)
Clique table members: 47.
MIP emphasis: balance optimality and feasibility.
MIP search method: dynamic search.
Parallel mode: deterministic, using up to 24 threads.
Root relaxation solution time = 0.04 sec. (31.62 ticks)

        Nodes                                         Cuts/
   Node  Left     Objective  IInf  Best Integer    Best Bound    ItCnt     Gap

      0     0       62.7650   155                     62.7650      926         
      0     0       64.6171   154                    Cuts: 63     1037         
      0     0       64.7967   154                    Cuts: 54     1108         
      0     0       64.9240   152                    Cuts: 19     1193         
      0     0       64.9669   154                    Cuts: 10     1248         
      0     0       64.9754   154                 ZeroHalf: 4     1275         
      0     0       65.0108   153                ZeroHalf: 10     1329         
      0     0       66.7635   151                    Cuts: 69     1540         
      0     0       67.3024   151                    Cuts: 51     1637         
      0     0       67.6741   149                    Cuts: 47     1713         
      0     0       67.8379   148                    Cuts: 53     1775         
      0     0       67.9380   153                ZeroHalf: 19     1831         
      0     0       68.0295   150                ZeroHalf: 16     1887         
      0     0       68.1168   149                     Cuts: 9     1966         
      0     0       68.2083   147                    Cuts: 12     2038         
      0     0       68.2446   149                    Cuts: 14     2074         
      0     0       68.2773   151                     Cuts: 9     2129         
      0     0       68.2890   153                     Cuts: 9     2178         
      0     0       68.2907   150                     Cuts: 5     2198         
      0     0       68.3017   150                     Cuts: 7     2232         
      0     2       68.3514   150                     68.3017     2232         
Elapsed time = 2.86 sec. (1771.89 ticks, tree = 0.02 MB, solutions = 0)
     54    39       81.9457   111                     68.4686     9700         
    457   306       77.8783   135                     68.6508    35463         
    576   405       85.1000    99                     68.6508    51449         
    771   566       98.7500    30                     68.6508    63217         
    967   694       79.6250   125                     68.6508    72045         
   1098   826       86.0000    94                     68.6508    81680         
   1215   852    infeasible                           74.2967    90867         
   1333   851       77.4129   128                     74.6574    91381         
   2146   858       92.1126    91                     75.5265   103432         
   2854     5       85.3637   109                     80.7570   137437         
Elapsed time = 7.01 sec. (4910.55 ticks, tree = 0.03 MB, solutions = 0)

Implied bound cuts applied:  9
Zero-half cuts applied:  38
Lift and project cuts applied:  6
User cuts applied:  13114

Root node processing (before b&c):
  Real time             =    2.85 sec. (1770.41 ticks)
Parallel b&c, 24 threads:
  Real time             =    4.23 sec. (3441.99 ticks)
  Sync time (average)   =    2.44 sec.
  Wait time (average)   =    0.00 sec.
                          ------------
Total (root+branch&cut) =    7.07 sec. (5212.40 ticks)
STATUS: Infeasible



Status:Infeasible
Program finished OK!
    Time: 2025-02-17 16:11:05
