ODD_HOLE_TERMINATION_PERCENTAGE is set to 999
Program searches for ALL odd holes and odd antiholes
==============================================
n:                                    30
ODD_HOLE_TERMINATION_PERCENTAGE:      999
ODD_HOLE_TERMINATION_BATCH_SIZE:      0
ODD_ANTI_HOLE_TERMINATION_BATCH_SIZE: 0
==============================================
0,1,0,0,1,1,0,0,0,0,0,0,1,0,0,0,0,0,0,1,0,0,0,0,1,1,1,0,0,0,
1,0,0,0,0,1,0,0,0,0,1,0,1,0,0,1,0,1,0,1,0,0,1,0,0,0,0,0,0,0,
0,0,0,0,0,0,0,0,1,1,0,1,0,0,1,0,0,0,0,1,0,0,1,1,0,0,0,0,1,0,
0,0,0,0,0,1,0,0,0,0,0,1,0,0,0,1,0,0,0,0,0,0,0,0,0,0,1,0,1,0,
1,0,0,0,0,1,0,0,1,0,0,0,1,1,1,1,0,0,0,0,0,0,0,1,0,1,0,0,0,0,
1,1,0,1,1,0,0,0,0,0,0,0,1,0,0,0,0,0,0,0,0,0,0,1,0,0,1,0,0,0,
0,0,0,0,0,0,0,0,0,0,0,0,0,0,1,0,0,0,0,1,0,0,0,1,0,0,0,0,1,0,
0,0,0,0,0,0,0,0,0,0,0,0,0,0,0,0,0,0,0,0,0,0,0,1,0,0,0,1,0,1,
0,0,1,0,1,0,0,0,0,0,0,0,1,0,0,0,0,1,0,0,0,0,0,1,1,0,0,0,0,1,
0,0,1,0,0,0,0,0,0,0,1,1,0,0,1,0,0,0,0,1,1,0,1,1,0,0,0,0,0,0,
0,1,0,0,0,0,0,0,0,1,0,0,0,0,1,1,0,0,0,1,0,0,0,0,0,0,0,0,0,1,
0,0,1,1,0,0,0,0,0,1,0,0,0,1,0,0,0,0,0,0,0,1,0,1,1,0,0,0,0,0,
1,1,0,0,1,1,0,0,1,0,0,0,0,0,0,0,0,0,0,0,0,0,0,1,0,0,1,0,0,0,
0,0,0,0,1,0,0,0,0,0,0,1,0,0,0,0,1,0,1,0,0,0,0,0,0,0,0,0,1,0,
0,0,1,0,1,0,1,0,0,1,1,0,0,0,0,1,0,0,0,0,0,0,1,0,0,0,1,0,0,1,
0,1,0,1,1,0,0,0,0,0,1,0,0,0,1,0,0,0,0,0,1,1,0,0,0,0,0,0,0,0,
0,0,0,0,0,0,0,0,0,0,0,0,0,1,0,0,0,0,1,0,1,0,1,0,0,0,0,0,1,1,
0,1,0,0,0,0,0,0,1,0,0,0,0,0,0,0,0,0,0,0,0,0,0,0,0,0,1,0,0,0,
0,0,0,0,0,0,0,0,0,0,0,0,0,1,0,0,1,0,0,0,0,1,0,0,0,0,0,1,0,0,
1,1,1,0,0,0,1,0,0,1,1,0,0,0,0,0,0,0,0,0,0,0,0,0,0,0,0,0,0,0,
0,0,0,0,0,0,0,0,0,1,0,0,0,0,0,1,1,0,0,0,0,1,0,0,0,0,1,0,0,0,
0,0,0,0,0,0,0,0,0,0,0,1,0,0,0,1,0,0,1,0,1,0,0,1,1,0,0,1,0,0,
0,1,1,0,0,0,0,0,0,1,0,0,0,0,1,0,1,0,0,0,0,0,0,0,0,0,0,0,0,1,
0,0,1,0,1,1,1,1,1,1,0,1,1,0,0,0,0,0,0,0,0,1,0,0,0,0,0,1,0,0,
1,0,0,0,0,0,0,0,1,0,0,1,0,0,0,0,0,0,0,0,0,1,0,0,0,0,1,0,0,0,
1,0,0,0,1,0,0,0,0,0,0,0,0,0,0,0,0,0,0,0,0,0,0,0,0,0,0,0,1,0,
1,0,0,1,0,1,0,0,0,0,0,0,1,0,1,0,0,1,0,0,1,0,0,0,1,0,0,0,0,0,
0,0,0,0,0,0,0,1,0,0,0,0,0,0,0,0,0,0,1,0,0,1,0,1,0,0,0,0,1,0,
0,0,1,1,0,0,1,0,0,0,0,0,0,1,0,0,1,0,0,0,0,0,0,0,0,1,0,1,0,0,
0,0,0,0,0,0,0,1,1,0,1,0,0,0,1,0,1,0,0,0,0,0,1,0,0,0,0,0,0,0,

0,1,1,1,1,1,0,1,1,0,1,1,1,1,1,1,1,1,1,1,1,1,1,1,1,1,1,1,1,1,
1,0,1,1,0,1,1,1,0,1,1,1,1,1,1,1,1,1,1,1,1,1,1,0,1,0,0,1,1,1,
1,1,0,1,1,1,1,1,1,1,0,1,1,1,1,1,0,1,1,1,0,1,1,1,0,1,0,0,1,1,
1,1,1,0,1,1,1,0,1,1,1,1,1,1,1,1,1,1,1,1,1,1,1,1,1,1,1,1,1,1,
1,0,1,1,0,1,1,1,1,0,1,0,1,1,1,1,1,1,1,0,1,1,1,1,1,1,0,0,0,1,
1,1,1,1,1,0,1,0,1,1,1,1,1,1,1,1,0,1,1,1,0,1,1,1,1,1,1,1,0,1,
0,1,1,1,1,1,0,0,1,1,0,1,1,1,1,0,1,0,0,1,0,1,1,1,1,1,1,1,1,0,
1,1,1,0,1,0,0,0,1,0,1,1,0,1,1,1,1,1,1,1,1,1,0,1,1,1,1,1,0,1,
1,0,1,1,1,1,1,1,0,1,1,0,1,1,1,1,1,1,1,1,1,1,1,1,1,1,0,1,0,1,
0,1,1,1,0,1,1,0,1,0,1,1,1,1,1,1,1,1,1,1,1,0,1,1,1,1,1,1,1,1,
1,1,0,1,1,1,0,1,1,1,0,1,1,1,1,1,1,0,1,1,1,1,0,1,0,0,1,0,0,1,
1,1,1,1,0,1,1,1,0,1,1,0,1,1,1,1,0,0,1,1,0,1,1,1,1,1,1,1,1,1,
1,1,1,1,1,1,1,0,1,1,1,1,0,1,0,0,1,0,1,1,1,1,1,1,0,1,1,1,0,1,
1,1,1,1,1,1,1,1,1,1,1,1,1,0,1,1,1,1,1,1,1,1,0,1,1,0,1,1,1,1,
1,1,1,1,1,1,1,1,1,1,1,1,0,1,0,1,1,1,1,1,1,1,1,1,0,1,1,1,1,1,
1,1,1,1,1,1,0,1,1,1,1,1,0,1,1,0,1,1,1,1,1,1,1,1,0,1,1,1,1,0,
1,1,0,1,1,0,1,1,1,1,1,0,1,1,1,1,0,1,1,1,1,1,1,1,1,1,0,1,1,1,
1,1,1,1,1,1,0,1,1,1,0,0,0,1,1,1,1,0,1,1,1,0,1,0,1,1,1,1,1,1,
1,1,1,1,1,1,0,1,1,1,1,1,1,1,1,1,1,1,0,1,0,1,1,1,1,1,1,1,1,1,
1,1,1,1,0,1,1,1,1,1,1,1,1,1,1,1,1,1,1,0,1,1,1,1,0,1,1,0,1,1,
1,1,0,1,1,0,0,1,1,1,1,0,1,1,1,1,1,1,0,1,0,1,1,1,1,1,1,1,1,1,
1,1,1,1,1,1,1,1,1,0,1,1,1,1,1,1,1,0,1,1,1,0,1,1,1,1,1,1,1,1,
1,1,1,1,1,1,1,0,1,1,0,1,1,0,1,1,1,1,1,1,1,1,0,1,1,1,1,1,1,1,
1,0,1,1,1,1,1,1,1,1,1,1,1,1,1,1,1,0,1,1,1,1,1,0,1,0,0,1,1,0,
1,1,0,1,1,1,1,1,1,1,0,1,0,1,0,0,1,1,1,0,1,1,1,1,0,1,1,1,1,1,
1,0,1,1,1,1,1,1,1,1,0,1,1,0,1,1,1,1,1,1,1,1,1,0,1,0,1,1,1,1,
1,0,0,1,0,1,1,1,0,1,1,1,1,1,1,1,0,1,1,1,1,1,1,0,1,1,0,1,1,0,
1,1,0,1,0,1,1,1,1,1,0,1,1,1,1,1,1,1,1,0,1,1,1,1,1,1,1,0,1,1,
1,1,1,1,0,0,1,0,0,1,0,1,0,1,1,1,1,1,1,1,1,1,1,1,1,1,1,1,0,1,
1,1,1,1,1,1,0,1,1,1,1,1,1,1,1,0,1,1,1,1,1,1,1,0,1,1,0,1,1,0,

    Time: 2025-02-17 16:10:05
Version identifier: 22.1.1.0 | 2022-11-28 | 9160aff4d
CPXPARAM_Threads                                 24
CPXPARAM_MIP_Limits_Solutions                    1
CPXPARAM_TimeLimit                               900
Generic callback                                 0x20
Lazy constraint(s) or lazy constraint/branch callback is present.
    Disabling dual reductions (CPX_PARAM_REDUCE) in presolve.
    Disabling presolve reductions that prevent crushing forms (CPX_PARAM_PREREFORM).
Tried aggregator 1 time.
MIP Presolve eliminated 243 rows and 1 columns.
Reduced MIP has 1335 rows, 271 columns, and 22212 nonzeros.
Reduced MIP has 271 binaries, 0 generals, 0 SOSs, and 0 indicators.
Presolve time = 0.01 sec. (7.01 ticks)
Probing time = 0.00 sec. (0.19 ticks)
Tried aggregator 1 time.
MIP Presolve eliminated 62 rows and 0 columns.
Reduced MIP has 1273 rows, 271 columns, and 20976 nonzeros.
Reduced MIP has 271 binaries, 0 generals, 0 SOSs, and 0 indicators.
Presolve time = 0.01 sec. (11.66 ticks)
Probing time = 0.00 sec. (0.18 ticks)
Clique table members: 10.
MIP emphasis: balance optimality and feasibility.
MIP search method: dynamic search.
Parallel mode: deterministic, using up to 24 threads.
Root relaxation solution time = 0.01 sec. (19.40 ticks)

        Nodes                                         Cuts/
   Node  Left     Objective  IInf  Best Integer    Best Bound    ItCnt     Gap

      0     0       39.2500    68                     39.2500      436         
      0     0       43.4318   111                    Cuts: 72      601         
      0     0       43.5304   102                    Cuts: 40      663         
      0     0       43.5928    94                    Cuts: 29      713         
      0     0       43.6335   101                    Cuts: 34      755         
      0     0       43.6682   109                    Cuts: 20      806         
      0     0       43.6777   108                    Cuts: 11      831         
      0     0       43.6932   109                    Cuts: 12      855         
      0     0       43.7145   110                    Cuts: 13      906         
      0     0       43.7176   114                    Cuts: 23      928         
      0     0       43.7199   108                 ZeroHalf: 2      952         
      0     2       43.7199   108                     43.7199      952         
Elapsed time = 0.57 sec. (978.30 ticks, tree = 0.02 MB, solutions = 0)
    103    99       56.0589   126                     44.3803    19361         
    232   119       56.8550   136                     44.3803    26158         
    381   341       55.2428   140                     44.3803    72905         
    513   329       63.0894   118                     44.3803    69566         
    615   529       69.3750    47                     44.3803   111369         
    733   663       72.4410   108                     44.3803   139167         
    875   723       53.4736   142                     44.3803   154379         
   1066   947       64.4814   119                     44.3803   186134         
   1236   997       67.8203   101                     44.3803   191401         
   1728  1449       83.3333    81                     44.3805   236484         
Elapsed time = 4.55 sec. (4098.41 ticks, tree = 24.94 MB, solutions = 0)
   2088  1866       64.3630   128                     45.1780   289103         
   2372  2053       66.2233   118                     47.3416   335258         
   2653  2316       52.7518   157                     47.3416   379336         
   3058  2590       67.8354   136                     47.6190   406298         
   3395  2930       89.7778    27                     47.6223   441386         
   3766  3094    infeasible                           47.8333   464479         
   3982  3426       56.8994   135                     48.5000   527049         
   4183  3518       70.4722   147                     49.5832   543658         
   4392  3723       59.0672   136                     49.5832   586786         
   4629  3917       75.1003   108                     49.5832   620230         
Elapsed time = 18.48 sec. (13687.48 ticks, tree = 190.03 MB, solutions = 0)
   4817  4085       81.5000    67                     49.5832   646535         
   5099  4186       56.3319   169                     49.7288   669446         
   5269  4469      114.3095    60                     49.7288   711287         
   5566  4531       57.2929   144                     49.7288   725816         
   5870  4984       64.5167   143                     49.7288   798929         
   6131  5033       68.7917   120                     49.7288   803014         
   6451  5375       76.5529   115                     49.7288   837203         
   6788  5790      127.5000    28                     50.8600   879418         
   7085  6044       63.7649   156                     51.6720   906741         
   7315  6092       59.8810   138                     51.9595   913161         
Elapsed time = 33.44 sec. (23236.75 ticks, tree = 439.28 MB, solutions = 0)
   7465  6299       73.4778   124                     51.9595   941262         
   7630  6529       68.0000    89                     52.0404  1008360         
   7883  6596       64.1833    75                     52.0404  1028294         
   8125  6819    infeasible                           52.0404  1062730         
   8285  7025      110.4583    40                     52.0404  1089434         
   8531  7163       76.4630    46                     52.1930  1125577         
*  8665  7172      integral     0       90.0000       52.2900  1125912   41.90%
   8777  7222       96.9167    61       90.0000       52.2900  1130596   41.90%
   8854  7234       57.8072   160       90.0000       52.2900  1135352   41.90%

Zero-half cuts applied:  28
Lift and project cuts applied:  3
Gomory fractional cuts applied:  2
User cuts applied:  21394

Root node processing (before b&c):
  Real time             =    0.56 sec. (977.32 ticks)
Parallel b&c, 24 threads:
  Real time             =   43.48 sec. (30047.42 ticks)
  Sync time (average)   =   23.19 sec.
  Wait time (average)   =    0.00 sec.
                          ------------
Total (root+branch&cut) =   44.04 sec. (31024.74 ticks)
STATUS: Feasible
OBJ VALUE: 90
Explored Number of nodes: 8855
Unexplored Number of nodes: 6781



Status:Feasible
Program finished OK!
    Time: 2025-02-17 16:10:49
