========================
TIME_LIMIT_SECONDS: 900
ODD_HOLE_TERMINATION_PERCENTAGE: 999
N_THREADS: 24
IS_RUNNING_HEURISTIC_ON_CANDIDATE: 1
IS_RUNNING_HEURISTIC_ON_RELAXATION: 0
ADD_ALL_AT_START: 0
========================
Wall-Clock Runtime (ms): 901296
Calculated Odd Hole Termination Batch Size: 0
Total Time of All Workers in OddHoleAlg (nano): 344830126
Total Time of All Workers in OddHoleAlg (ms): 344
OddHoleAlg calls: 98
Number of Found Odd-Holes: 10556
Number of Found Odd Anti-Holes: 82312
Is Optimal? (1e-6): 0
Optimality Gap: 0.192236
Objective Value: 44
Number of Feasible Solutions Found: 41
Number of Times Heuristic is Called: 42
Total number of added OH and OHbar Cuts: 92868
Number of Explored B&C tree nodes: 98108
Number of Unexplored B&C tree nodes: 52781
========================
Input Graph:
Number of Vertices: 35
Erdos Renyi p Parameter: 0.75
Number of Edges: 443
Expected No of Odd Holes: 903
Expected No of Odd Anti Holes: 5546
ODD_HOLE_TERMINATION_BATCH_SIZE: 0
Graph Density: 0.744538
0,0,0,1,0,1,1,1,1,1,1,1,1,1,1,1,0,1,1,1,0,1,1,1,1,1,0,1,1,1,1,1,1,1,1,
0,0,1,1,1,1,1,1,1,1,1,0,0,1,1,1,1,1,1,1,1,0,1,1,1,1,1,1,0,1,0,1,1,1,1,
0,1,0,1,1,1,1,1,1,1,1,1,1,1,1,1,0,1,0,1,1,1,1,0,1,1,1,1,0,1,0,1,1,1,1,
1,1,1,0,1,1,1,0,1,1,1,0,1,0,1,1,0,0,1,1,1,0,1,1,1,1,1,0,1,1,1,1,1,0,1,
0,1,1,1,0,1,1,1,1,1,1,0,1,0,1,1,1,1,0,1,1,1,1,1,0,0,1,1,1,1,1,1,1,1,1,
1,1,1,1,1,0,0,1,1,1,1,1,1,1,1,1,0,1,1,1,1,1,0,1,1,0,1,1,1,1,1,0,1,0,1,
1,1,1,1,1,0,0,1,0,1,1,1,1,1,1,1,1,1,1,1,1,1,1,1,1,1,1,1,1,1,1,0,0,1,1,
1,1,1,0,1,1,1,0,1,0,1,1,1,1,1,1,1,1,0,1,1,1,0,0,1,0,0,0,0,1,1,0,1,0,1,
1,1,1,1,1,1,0,1,0,1,1,1,1,0,1,0,1,1,1,0,1,1,1,1,1,1,1,1,1,1,0,1,0,0,1,
1,1,1,1,1,1,1,0,1,0,1,0,1,0,1,1,1,1,0,0,1,1,1,1,0,0,1,1,1,1,1,1,1,1,1,
1,1,1,1,1,1,1,1,1,1,0,1,1,1,1,1,0,0,1,1,1,1,1,1,1,1,1,1,1,1,1,0,0,1,1,
1,0,1,0,0,1,1,1,1,0,1,0,1,1,1,1,1,0,0,1,1,1,1,0,0,1,0,1,0,1,1,1,0,1,1,
1,0,1,1,1,1,1,1,1,1,1,1,0,1,0,1,0,0,1,1,0,1,1,1,0,1,0,1,0,1,1,0,1,1,0,
1,1,1,0,0,1,1,1,0,0,1,1,1,0,1,0,0,1,1,1,1,1,0,0,1,1,0,1,1,1,0,0,0,1,1,
1,1,1,1,1,1,1,1,1,1,1,1,0,1,0,0,1,1,1,1,1,1,1,1,1,1,1,1,0,1,1,1,1,1,0,
1,1,1,1,1,1,1,1,0,1,1,1,1,0,0,0,0,1,0,0,0,0,0,1,1,0,1,0,1,1,1,1,1,0,1,
0,1,0,0,1,0,1,1,1,1,0,1,0,0,1,0,0,1,0,0,1,0,1,0,1,1,1,1,0,1,0,1,1,1,1,
1,1,1,0,1,1,1,1,1,1,0,0,0,1,1,1,1,0,1,1,1,0,0,0,1,1,1,1,0,1,1,0,1,1,1,
1,1,0,1,0,1,1,0,1,0,1,0,1,1,1,0,0,1,0,1,1,1,0,1,0,1,1,1,0,0,0,1,0,1,0,
1,1,1,1,1,1,1,1,0,0,1,1,1,1,1,0,0,1,1,0,0,0,1,1,1,0,1,0,1,0,1,1,1,1,1,
0,1,1,1,1,1,1,1,1,1,1,1,0,1,1,0,1,1,1,0,0,1,1,0,0,0,1,0,1,0,0,1,0,1,1,
1,0,1,0,1,1,1,1,1,1,1,1,1,1,1,0,0,0,1,0,1,0,1,1,1,1,1,1,1,1,1,1,1,1,0,
1,1,1,1,1,0,1,0,1,1,1,1,1,0,1,0,1,0,0,1,1,1,0,0,1,1,0,1,1,1,1,1,1,0,1,
1,1,0,1,1,1,1,0,1,1,1,0,1,0,1,1,0,0,1,1,0,1,0,0,1,1,0,0,1,1,1,1,1,0,0,
1,1,1,1,0,1,1,1,1,0,1,0,0,1,1,1,1,1,0,1,0,1,1,1,0,1,1,0,1,1,0,0,1,1,1,
1,1,1,1,0,0,1,0,1,0,1,1,1,1,1,0,1,1,1,0,0,1,1,1,1,0,1,0,1,1,1,1,0,1,1,
0,1,1,1,1,1,1,0,1,1,1,0,0,0,1,1,1,1,1,1,1,1,0,0,1,1,0,1,0,1,1,1,1,0,1,
1,1,1,0,1,1,1,0,1,1,1,1,1,1,1,0,1,1,1,0,0,1,1,0,0,0,1,0,1,1,1,1,0,1,1,
1,0,0,1,1,1,1,0,1,1,1,0,0,1,0,1,0,0,0,1,1,1,1,1,1,1,0,1,0,1,1,0,1,1,0,
1,1,1,1,1,1,1,1,1,1,1,1,1,1,1,1,1,1,0,0,0,1,1,1,1,1,1,1,1,0,1,0,1,1,1,
1,0,0,1,1,1,1,1,0,1,1,1,1,0,1,1,0,1,0,1,0,1,1,1,0,1,1,1,1,1,0,1,0,1,1,
1,1,1,1,1,0,0,0,1,1,0,1,0,0,1,1,1,0,1,1,1,1,1,1,0,1,1,1,0,0,1,0,1,1,1,
1,1,1,1,1,1,0,1,0,1,0,0,1,0,1,1,1,1,0,1,0,1,1,1,1,0,1,0,1,1,0,1,0,0,0,
1,1,1,0,1,0,1,0,0,1,1,1,1,1,1,0,1,1,1,1,1,1,0,0,1,1,0,1,1,1,1,1,0,0,1,
1,1,1,1,1,1,1,1,1,1,1,1,0,1,0,1,1,1,0,1,1,0,1,0,1,1,1,1,0,1,1,1,0,1,0,
========================
Output Graph: 
Number of Vertices: 35
Number of Edges: 487
Graph Density: 0.818487
0,0,0,1,1,1,1,1,1,1,1,1,1,1,1,1,0,1,1,1,0,1,1,1,1,1,0,1,1,1,1,1,1,1,1,
0,0,1,1,1,1,1,1,1,1,1,1,0,1,1,1,1,1,1,1,1,1,1,1,1,1,1,1,0,1,0,1,1,1,1,
0,1,0,1,1,1,1,1,1,1,1,1,1,1,1,1,0,1,0,1,1,1,1,0,1,1,1,1,0,1,0,1,1,1,1,
1,1,1,0,1,1,1,1,1,1,1,0,1,0,1,1,0,0,1,1,1,0,1,1,1,1,1,1,1,1,1,1,1,0,1,
1,1,1,1,0,1,1,1,1,1,1,0,1,0,1,1,1,1,1,1,1,1,1,1,0,0,1,1,1,1,1,1,1,1,1,
1,1,1,1,1,0,0,1,1,1,1,1,1,1,1,1,0,1,1,1,1,1,1,1,1,0,1,1,1,1,1,1,1,0,1,
1,1,1,1,1,0,0,1,0,1,1,1,1,1,1,1,1,1,1,1,1,1,1,1,1,1,1,1,1,1,1,0,0,1,1,
1,1,1,1,1,1,1,0,1,0,1,1,1,1,1,1,1,1,0,1,1,1,0,0,1,1,1,1,0,1,1,0,1,1,1,
1,1,1,1,1,1,0,1,0,1,1,1,1,0,1,1,1,1,1,1,1,1,1,1,1,1,1,1,1,1,1,1,0,0,1,
1,1,1,1,1,1,1,0,1,0,1,0,1,0,1,1,1,1,1,1,1,1,1,1,0,0,1,1,1,1,1,1,1,1,1,
1,1,1,1,1,1,1,1,1,1,0,1,1,1,1,1,0,0,1,1,1,1,1,1,1,1,1,1,1,1,1,1,1,1,1,
1,1,1,0,0,1,1,1,1,0,1,0,1,1,1,1,1,1,0,1,1,1,1,0,1,1,1,1,0,1,1,1,0,1,1,
1,0,1,1,1,1,1,1,1,1,1,1,0,1,0,1,0,0,1,1,0,1,1,1,0,1,0,1,1,1,1,1,1,1,0,
1,1,1,0,0,1,1,1,0,0,1,1,1,0,1,0,1,1,1,1,1,1,0,0,1,1,1,1,1,1,0,0,0,1,1,
1,1,1,1,1,1,1,1,1,1,1,1,0,1,0,1,1,1,1,1,1,1,1,1,1,1,1,1,0,1,1,1,1,1,0,
1,1,1,1,1,1,1,1,1,1,1,1,1,0,1,0,0,1,1,0,0,0,1,1,1,0,1,0,1,1,1,1,1,0,1,
0,1,0,0,1,0,1,1,1,1,0,1,0,1,1,0,0,1,0,0,1,0,1,0,1,1,1,1,0,1,0,1,1,1,1,
1,1,1,0,1,1,1,1,1,1,0,1,0,1,1,1,1,0,1,1,1,1,0,0,1,1,1,1,0,1,1,0,1,1,1,
1,1,0,1,1,1,1,0,1,1,1,0,1,1,1,1,0,1,0,1,1,1,1,1,0,1,1,1,1,0,1,1,1,1,0,
1,1,1,1,1,1,1,1,1,1,1,1,1,1,1,0,0,1,1,0,0,0,1,1,1,0,1,0,1,1,1,1,1,1,1,
0,1,1,1,1,1,1,1,1,1,1,1,0,1,1,0,1,1,1,0,0,1,1,0,1,1,1,0,1,1,0,1,0,1,1,
1,1,1,0,1,1,1,1,1,1,1,1,1,1,1,0,0,1,1,0,1,0,1,1,1,1,1,1,1,1,1,1,1,1,1,
1,1,1,1,1,1,1,0,1,1,1,1,1,0,1,1,1,0,1,1,1,1,0,0,1,1,0,1,1,1,1,1,1,0,1,
1,1,0,1,1,1,1,0,1,1,1,0,1,0,1,1,0,0,1,1,0,1,0,0,1,1,0,0,1,1,1,1,1,0,0,
1,1,1,1,0,1,1,1,1,0,1,1,0,1,1,1,1,1,0,1,1,1,1,1,0,1,1,1,1,1,0,0,1,1,1,
1,1,1,1,0,0,1,1,1,0,1,1,1,1,1,0,1,1,1,0,1,1,1,1,1,0,1,1,1,1,1,1,0,1,1,
0,1,1,1,1,1,1,1,1,1,1,1,0,1,1,1,1,1,1,1,1,1,0,0,1,1,0,1,0,1,1,1,1,1,1,
1,1,1,1,1,1,1,1,1,1,1,1,1,1,1,0,1,1,1,0,0,1,1,0,1,1,1,0,1,1,1,1,0,1,1,
1,0,0,1,1,1,1,0,1,1,1,0,1,1,0,1,0,0,1,1,1,1,1,1,1,1,0,1,0,1,1,1,1,1,0,
1,1,1,1,1,1,1,1,1,1,1,1,1,1,1,1,1,1,0,1,1,1,1,1,1,1,1,1,1,0,1,0,1,1,1,
1,0,0,1,1,1,1,1,1,1,1,1,1,0,1,1,0,1,1,1,0,1,1,1,0,1,1,1,1,1,0,1,1,1,1,
1,1,1,1,1,1,0,0,1,1,1,1,1,0,1,1,1,0,1,1,1,1,1,1,0,1,1,1,1,0,1,0,1,1,1,
1,1,1,1,1,1,0,1,0,1,1,0,1,0,1,1,1,1,1,1,0,1,1,1,1,0,1,0,1,1,1,1,0,0,0,
1,1,1,0,1,0,1,1,0,1,1,1,1,1,1,0,1,1,1,1,1,1,0,0,1,1,1,1,1,1,1,1,0,0,1,
1,1,1,1,1,1,1,1,1,1,1,1,0,1,0,1,1,1,0,1,1,1,1,0,1,1,1,1,0,1,1,1,0,1,0,
Is Output Graph Empty or Complete?: 0
Ratio of Added Edges Over Added + Removed Edges: 1
Changes from Input to Output: 
Added Edge: (0, 4)
Added Edge: (1, 11)
Added Edge: (1, 21)
Added Edge: (3, 7)
Added Edge: (3, 27)
Added Edge: (4, 18)
Added Edge: (5, 22)
Added Edge: (5, 31)
Added Edge: (7, 25)
Added Edge: (7, 26)
Added Edge: (7, 27)
Added Edge: (7, 33)
Added Edge: (8, 15)
Added Edge: (8, 19)
Added Edge: (8, 30)
Added Edge: (9, 18)
Added Edge: (9, 19)
Added Edge: (10, 31)
Added Edge: (10, 32)
Added Edge: (11, 17)
Added Edge: (11, 24)
Added Edge: (11, 26)
Added Edge: (12, 28)
Added Edge: (12, 31)
Added Edge: (13, 16)
Added Edge: (13, 26)
Added Edge: (14, 15)
Added Edge: (15, 18)
Added Edge: (15, 22)
Added Edge: (17, 21)
Added Edge: (18, 22)
Added Edge: (18, 28)
Added Edge: (18, 30)
Added Edge: (18, 32)
Added Edge: (19, 29)
Added Edge: (20, 24)
Added Edge: (20, 25)
Added Edge: (20, 29)
Added Edge: (21, 34)
Added Edge: (24, 27)
Added Edge: (25, 27)
Added Edge: (26, 33)
Added Edge: (28, 31)
Added Edge: (30, 32)
========================
