========================
TIME_LIMIT_SECONDS: 900
ODD_HOLE_TERMINATION_PERCENTAGE: 999
N_THREADS: 24
IS_RUNNING_HEURISTIC_ON_CANDIDATE: 0
IS_RUNNING_HEURISTIC_ON_RELAXATION: 0
ADD_ALL_AT_START: 0
========================
Wall-Clock Runtime (ms): 900971
Calculated Odd Hole Termination Batch Size: 0
Total Time of All Workers in OddHoleAlg (nano): 412100323
Total Time of All Workers in OddHoleAlg (ms): 412
OddHoleAlg calls: 322
Number of Found Odd-Holes: 37387
Number of Found Odd Anti-Holes: 72394
Is Optimal? (1e-6): 0
Optimality Gap: 0.333458
Objective Value: 71
Number of Feasible Solutions Found: 8
Number of Times Heuristic is Called: 0
Total number of added OH and OHbar Cuts: 109781
Number of Explored B&C tree nodes: 90451
Number of Unexplored B&C tree nodes: 57510
========================
Input Graph:
Number of Vertices: 30
Erdos Renyi p Parameter: 0.5
Number of Edges: 225
Expected No of Odd Holes: 2023
Expected No of Odd Anti Holes: 353
ODD_HOLE_TERMINATION_BATCH_SIZE: 0
Graph Density: 0.517241
0,1,1,1,0,1,0,1,0,0,1,0,0,1,1,0,1,1,1,1,1,0,1,1,1,1,0,1,1,1,
1,0,0,1,1,1,1,0,0,1,1,1,1,0,0,0,1,0,0,1,0,1,1,1,1,1,1,0,1,0,
1,0,0,0,0,0,1,1,0,1,0,1,1,1,0,1,1,1,0,0,1,1,0,0,1,1,1,0,0,1,
1,1,0,0,1,0,0,1,0,0,1,1,1,0,0,0,1,1,1,0,1,1,0,1,1,1,1,0,1,0,
0,1,0,1,0,0,0,1,0,0,0,1,1,0,1,1,0,0,1,1,1,1,0,1,1,0,1,0,0,0,
1,1,0,0,0,0,1,1,1,0,0,0,0,0,1,0,0,0,0,1,1,1,1,0,1,0,1,0,0,0,
0,1,1,0,0,1,0,1,0,0,1,0,0,0,1,1,0,1,0,0,0,1,0,1,0,0,1,1,0,0,
1,0,1,1,1,1,1,0,1,1,1,0,1,0,0,0,0,0,0,1,0,1,0,1,0,1,1,1,1,1,
0,0,0,0,0,1,0,1,0,1,1,0,0,0,0,0,1,1,0,1,0,1,1,1,1,0,0,1,0,0,
0,1,1,0,0,0,0,1,1,0,1,1,1,1,0,1,1,1,0,0,1,0,1,1,0,0,1,1,1,1,
1,1,0,1,0,0,1,1,1,1,0,0,0,0,1,0,0,1,0,0,0,1,0,1,0,0,1,0,1,0,
0,1,1,1,1,0,0,0,0,1,0,0,0,1,1,0,1,1,0,0,1,0,0,1,1,1,1,0,1,0,
0,1,1,1,1,0,0,1,0,1,0,0,0,1,1,0,0,0,1,0,1,0,1,1,0,1,1,0,0,0,
1,0,1,0,0,0,0,0,0,1,0,1,1,0,0,0,0,1,1,0,0,0,0,0,0,1,1,0,0,0,
1,0,0,0,1,1,1,0,0,0,1,1,1,0,0,1,1,1,0,1,1,1,1,1,1,1,1,0,0,0,
0,0,1,0,1,0,1,0,0,1,0,0,0,0,1,0,0,0,1,1,1,0,1,0,1,0,0,1,0,0,
1,1,1,1,0,0,0,0,1,1,0,1,0,0,1,0,0,0,1,0,1,0,1,0,1,0,0,1,0,0,
1,0,1,1,0,0,1,0,1,1,1,1,0,1,1,0,0,0,0,1,1,1,0,0,1,0,0,1,1,1,
1,0,0,1,1,0,0,0,0,0,0,0,1,1,0,1,1,0,0,1,0,1,1,1,1,0,1,1,1,0,
1,1,0,0,1,1,0,1,1,0,0,0,0,0,1,1,0,1,1,0,0,0,1,1,0,1,0,0,1,1,
1,0,1,1,1,1,0,0,0,1,0,1,1,0,1,1,1,1,0,0,0,0,0,0,0,1,1,1,1,0,
0,1,1,1,1,1,1,1,1,0,1,0,0,0,1,0,0,1,1,0,0,0,1,0,0,1,0,0,1,0,
1,1,0,0,0,1,0,0,1,1,0,0,1,0,1,1,1,0,1,1,0,1,0,0,0,0,0,1,0,1,
1,1,0,1,1,0,1,1,1,1,1,1,1,0,1,0,0,0,1,1,0,0,0,0,0,0,0,1,0,1,
1,1,1,1,1,1,0,0,1,0,0,1,0,0,1,1,1,1,1,0,0,0,0,0,0,1,0,0,1,1,
1,1,1,1,0,0,0,1,0,0,0,1,1,1,1,0,0,0,0,1,1,1,0,0,1,0,1,0,1,1,
0,1,1,1,1,1,1,1,0,1,1,1,1,1,1,0,0,0,1,0,1,0,0,0,0,1,0,1,0,1,
1,0,0,0,0,0,1,1,1,1,0,0,0,0,0,1,1,1,1,0,1,0,1,1,0,0,1,0,0,1,
1,1,0,1,0,0,0,1,0,1,1,1,0,0,0,0,0,1,1,1,1,1,0,0,1,1,0,0,0,1,
1,0,1,0,0,0,0,1,0,1,0,0,0,0,0,0,0,1,0,1,0,0,1,1,1,1,1,1,1,0,
========================
Output Graph: 
Number of Vertices: 30
Number of Edges: 296
Graph Density: 0.68046
0,1,1,1,1,1,1,1,1,1,1,0,0,1,1,0,1,1,1,1,1,0,1,1,1,1,1,1,1,1,
1,0,1,1,1,1,1,0,0,1,1,1,1,0,0,0,1,1,0,1,0,1,1,1,1,1,1,1,1,0,
1,1,0,1,0,0,1,1,1,1,0,1,1,1,1,1,1,1,1,1,1,1,0,0,1,1,1,0,0,1,
1,1,1,0,1,1,0,1,1,0,1,1,1,0,1,1,1,1,1,0,1,1,1,1,1,1,1,0,1,1,
1,1,0,1,0,0,1,1,1,1,0,1,1,0,1,1,0,1,1,1,1,1,0,1,1,0,1,0,0,0,
1,1,0,1,0,0,1,1,1,0,0,0,0,0,1,0,0,0,0,1,1,1,1,0,1,0,1,0,0,0,
1,1,1,0,1,1,0,1,1,0,1,0,0,0,1,1,1,1,1,0,1,1,1,1,0,1,1,1,1,1,
1,0,1,1,1,1,1,0,1,1,1,0,1,0,0,0,1,1,0,1,0,1,1,1,1,1,1,1,1,1,
1,0,1,1,1,1,1,1,0,1,1,0,0,0,0,0,1,1,0,1,0,1,1,1,1,1,1,1,1,0,
1,1,1,0,1,0,0,1,1,0,1,1,1,1,1,1,1,1,1,0,1,0,1,1,0,1,1,1,1,1,
1,1,0,1,0,0,1,1,1,1,0,0,0,0,1,0,0,1,0,0,0,1,0,1,0,0,1,0,1,0,
0,1,1,1,1,0,0,0,0,1,0,0,1,1,1,0,1,1,1,0,1,0,0,1,1,1,1,0,1,0,
0,1,1,1,1,0,0,1,0,1,0,1,0,1,1,0,0,1,1,0,1,0,1,1,0,1,1,0,1,0,
1,0,1,0,0,0,0,0,0,1,0,1,1,0,0,0,0,1,1,0,0,0,0,0,0,1,1,0,0,0,
1,0,1,1,1,1,1,0,0,1,1,1,1,0,0,1,1,1,0,1,1,1,1,1,1,1,1,1,1,0,
0,0,1,1,1,0,1,0,0,1,0,0,0,0,1,0,1,1,1,1,1,0,1,1,1,0,1,1,0,0,
1,1,1,1,0,0,1,1,1,1,0,1,0,0,1,1,0,1,1,1,1,1,1,1,1,0,1,1,0,1,
1,1,1,1,1,0,1,1,1,1,1,1,1,1,1,1,1,0,1,1,1,1,0,0,1,0,1,1,1,1,
1,0,1,1,1,0,1,0,0,1,0,1,1,1,0,1,1,1,0,1,0,1,1,1,1,1,1,1,1,0,
1,1,1,0,1,1,0,1,1,0,0,0,0,0,1,1,1,1,1,0,1,0,1,1,0,1,1,0,1,1,
1,0,1,1,1,1,1,0,0,1,0,1,1,0,1,1,1,1,0,1,0,1,1,1,1,1,1,1,1,0,
0,1,1,1,1,1,1,1,1,0,1,0,0,0,1,0,1,1,1,0,1,0,1,1,0,1,1,0,1,0,
1,1,0,1,0,1,1,1,1,1,0,0,1,0,1,1,1,0,1,1,1,1,0,0,1,0,0,1,0,1,
1,1,0,1,1,0,1,1,1,1,1,1,1,0,1,1,1,0,1,1,1,1,0,0,1,0,0,1,0,1,
1,1,1,1,1,1,0,1,1,0,0,1,0,0,1,1,1,1,1,0,1,0,1,1,0,1,1,0,1,1,
1,1,1,1,0,0,1,1,1,1,0,1,1,1,1,0,0,0,1,1,1,1,0,0,1,0,1,0,1,1,
1,1,1,1,1,1,1,1,1,1,1,1,1,1,1,1,1,1,1,1,1,1,0,0,1,1,0,1,0,1,
1,1,0,0,0,0,1,1,1,1,0,0,0,0,1,1,1,1,1,0,1,0,1,1,0,0,1,0,0,1,
1,1,0,1,0,0,1,1,1,1,1,1,1,0,1,0,0,1,1,1,1,1,0,0,1,1,0,0,0,1,
1,0,1,1,0,0,1,1,0,1,0,0,0,0,0,0,1,1,0,1,0,0,1,1,1,1,1,1,1,0,
Is Output Graph Empty or Complete?: 0
Ratio of Added Edges Over Added + Removed Edges: 1
Changes from Input to Output: 
Added Edge: (0, 4)
Added Edge: (0, 6)
Added Edge: (0, 8)
Added Edge: (0, 9)
Added Edge: (0, 26)
Added Edge: (1, 2)
Added Edge: (1, 17)
Added Edge: (1, 27)
Added Edge: (2, 3)
Added Edge: (2, 8)
Added Edge: (2, 14)
Added Edge: (2, 18)
Added Edge: (2, 19)
Added Edge: (3, 5)
Added Edge: (3, 8)
Added Edge: (3, 14)
Added Edge: (3, 15)
Added Edge: (3, 22)
Added Edge: (3, 29)
Added Edge: (4, 6)
Added Edge: (4, 8)
Added Edge: (4, 9)
Added Edge: (4, 17)
Added Edge: (6, 8)
Added Edge: (6, 16)
Added Edge: (6, 18)
Added Edge: (6, 20)
Added Edge: (6, 22)
Added Edge: (6, 25)
Added Edge: (6, 28)
Added Edge: (6, 29)
Added Edge: (7, 16)
Added Edge: (7, 17)
Added Edge: (7, 22)
Added Edge: (7, 24)
Added Edge: (8, 25)
Added Edge: (8, 26)
Added Edge: (8, 28)
Added Edge: (9, 14)
Added Edge: (9, 18)
Added Edge: (9, 25)
Added Edge: (11, 12)
Added Edge: (11, 18)
Added Edge: (12, 17)
Added Edge: (12, 28)
Added Edge: (14, 27)
Added Edge: (14, 28)
Added Edge: (15, 16)
Added Edge: (15, 17)
Added Edge: (15, 23)
Added Edge: (15, 26)
Added Edge: (16, 17)
Added Edge: (16, 19)
Added Edge: (16, 21)
Added Edge: (16, 23)
Added Edge: (16, 26)
Added Edge: (16, 29)
Added Edge: (17, 18)
Added Edge: (17, 26)
Added Edge: (18, 25)
Added Edge: (19, 20)
Added Edge: (19, 26)
Added Edge: (20, 21)
Added Edge: (20, 22)
Added Edge: (20, 23)
Added Edge: (20, 24)
Added Edge: (21, 23)
Added Edge: (21, 26)
Added Edge: (22, 24)
Added Edge: (23, 24)
Added Edge: (24, 26)
========================
