========================
TIME_LIMIT_SECONDS: 900
ODD_HOLE_TERMINATION_PERCENTAGE: 999
N_THREADS: 24
IS_RUNNING_HEURISTIC_ON_CANDIDATE: 0
IS_RUNNING_HEURISTIC_ON_RELAXATION: 1
ADD_ALL_AT_START: 0
========================
Wall-Clock Runtime (ms): 903204
Calculated Odd Hole Termination Batch Size: 0
Total Time of All Workers in OddHoleAlg (nano): 578349928
Total Time of All Workers in OddHoleAlg (ms): 578
OddHoleAlg calls: 36
Number of Found Odd-Holes: 222298
Number of Found Odd Anti-Holes: 11886
Is Optimal? (1e-6): 0
Optimality Gap: 0.346757
Objective Value: 151
Number of Feasible Solutions Found: 763
Number of Times Heuristic is Called: 2408
Total number of added OH and OHbar Cuts: 234184
Number of Explored B&C tree nodes: 11878
Number of Unexplored B&C tree nodes: 6484
========================
Input Graph:
Number of Vertices: 40
Erdos Renyi p Parameter: 0.25
Number of Edges: 205
Expected No of Odd Holes: 21547
Expected No of Odd Anti Holes: 3
ODD_HOLE_TERMINATION_BATCH_SIZE: 0
Graph Density: 0.262821
0,0,1,0,0,1,0,0,1,0,0,1,0,1,0,0,0,0,1,0,1,0,1,0,0,1,0,0,1,0,0,0,0,1,0,0,1,0,0,0,
0,0,1,0,0,0,0,1,0,0,1,0,0,0,0,0,0,0,0,0,0,0,0,0,0,1,1,0,0,0,0,0,0,0,0,0,0,1,0,0,
1,1,0,0,0,0,0,0,0,0,0,0,1,0,0,1,0,0,1,0,1,0,1,0,0,0,0,0,1,0,1,0,0,1,0,0,1,0,0,0,
0,0,0,0,1,1,0,0,0,1,0,0,0,0,0,0,0,1,0,0,1,0,0,1,0,0,0,0,0,0,0,0,0,1,0,0,0,1,1,0,
0,0,0,1,0,0,0,0,1,0,0,1,0,1,0,0,0,1,1,0,0,1,0,1,0,0,0,0,0,1,0,1,0,1,0,0,1,0,1,1,
1,0,0,1,0,0,0,1,0,1,1,1,0,1,1,0,0,0,0,1,1,0,0,0,0,1,0,0,0,0,1,0,0,0,1,0,0,0,1,0,
0,0,0,0,0,0,0,0,0,0,1,1,0,0,1,1,0,1,1,0,0,0,1,1,0,0,0,0,0,0,1,0,0,0,1,1,0,0,1,0,
0,1,0,0,0,1,0,0,0,0,0,0,0,0,0,0,0,0,1,1,0,0,0,1,0,1,0,0,1,1,0,0,1,0,0,0,1,0,0,0,
1,0,0,0,1,0,0,0,0,0,1,0,1,0,1,1,0,0,0,0,0,0,1,1,1,0,0,1,0,0,0,0,0,1,0,0,1,0,0,0,
0,0,0,1,0,1,0,0,0,0,0,0,0,0,0,1,0,0,0,1,0,0,0,0,0,0,0,0,0,1,1,0,0,0,1,1,0,1,1,0,
0,1,0,0,0,1,1,0,1,0,0,1,0,1,0,1,0,1,1,0,1,0,1,1,0,0,1,1,1,0,1,0,0,0,0,0,1,0,0,0,
1,0,0,0,1,1,1,0,0,0,1,0,0,0,0,0,0,0,0,0,0,0,0,0,0,0,0,1,0,0,0,0,1,1,1,1,0,1,0,0,
0,0,1,0,0,0,0,0,1,0,0,0,0,0,0,0,0,0,0,1,0,1,0,0,0,0,0,0,1,1,0,0,0,0,0,0,0,0,0,0,
1,0,0,0,1,1,0,0,0,0,1,0,0,0,0,1,1,1,0,0,0,0,0,0,0,0,0,0,0,1,0,0,1,0,0,0,0,0,1,1,
0,0,0,0,0,1,1,0,1,0,0,0,0,0,0,0,1,0,1,0,0,0,0,0,0,0,1,0,1,0,1,0,0,0,0,0,0,0,0,0,
0,0,1,0,0,0,1,0,1,1,1,0,0,1,0,0,0,0,0,0,0,0,1,1,1,0,0,0,0,1,0,0,0,0,0,1,1,0,1,0,
0,0,0,0,0,0,0,0,0,0,0,0,0,1,1,0,0,1,0,0,0,0,0,1,0,0,1,0,0,0,1,0,0,0,0,0,0,1,1,0,
0,0,0,1,1,0,1,0,0,0,1,0,0,1,0,0,1,0,0,0,0,0,0,0,0,0,1,0,1,0,0,1,0,1,0,1,0,0,0,0,
1,0,1,0,1,0,1,1,0,0,1,0,0,0,1,0,0,0,0,0,0,0,0,0,0,0,1,1,0,0,0,0,1,0,0,0,0,0,0,0,
0,0,0,0,0,1,0,1,0,1,0,0,1,0,0,0,0,0,0,0,0,0,0,0,0,1,0,0,0,0,0,1,0,0,0,1,0,1,0,0,
1,0,1,1,0,1,0,0,0,0,1,0,0,0,0,0,0,0,0,0,0,1,0,0,0,0,0,0,0,0,0,1,0,0,0,0,0,1,0,0,
0,0,0,0,1,0,0,0,0,0,0,0,1,0,0,0,0,0,0,0,1,0,1,0,1,0,0,0,0,1,1,0,1,1,0,0,0,0,0,1,
1,0,1,0,0,0,1,0,1,0,1,0,0,0,0,1,0,0,0,0,0,1,0,0,1,0,0,0,0,0,0,0,0,0,0,0,1,1,1,0,
0,0,0,1,1,0,1,1,1,0,1,0,0,0,0,1,1,0,0,0,0,0,0,0,1,0,0,0,0,0,1,1,0,0,0,0,0,0,0,1,
0,0,0,0,0,0,0,0,1,0,0,0,0,0,0,1,0,0,0,0,0,1,1,1,0,1,1,0,0,0,0,0,0,0,0,0,1,1,0,0,
1,1,0,0,0,1,0,1,0,0,0,0,0,0,0,0,0,0,0,1,0,0,0,0,1,0,0,1,0,0,0,0,0,0,0,0,0,0,0,0,
0,1,0,0,0,0,0,0,0,0,1,0,0,0,1,0,1,1,1,0,0,0,0,0,1,0,0,1,0,1,1,0,0,1,0,1,1,0,0,0,
0,0,0,0,0,0,0,0,1,0,1,1,0,0,0,0,0,0,1,0,0,0,0,0,0,1,1,0,0,0,1,0,0,0,0,1,1,0,0,0,
1,0,1,0,0,0,0,1,0,0,1,0,1,0,1,0,0,1,0,0,0,0,0,0,0,0,0,0,0,1,0,0,0,1,0,0,1,1,1,0,
0,0,0,0,1,0,0,1,0,1,0,0,1,1,0,1,0,0,0,0,0,1,0,0,0,0,1,0,1,0,0,0,0,0,0,0,0,1,0,0,
0,0,1,0,0,1,1,0,0,1,1,0,0,0,1,0,1,0,0,0,0,1,0,1,0,0,1,1,0,0,0,0,0,0,0,0,1,0,0,0,
0,0,0,0,1,0,0,0,0,0,0,0,0,0,0,0,0,1,0,1,1,0,0,1,0,0,0,0,0,0,0,0,0,0,0,1,1,1,1,0,
0,0,0,0,0,0,0,1,0,0,0,1,0,1,0,0,0,0,1,0,0,1,0,0,0,0,0,0,0,0,0,0,0,0,0,0,0,0,0,1,
1,0,1,1,1,0,0,0,1,0,0,1,0,0,0,0,0,1,0,0,0,1,0,0,0,0,1,0,1,0,0,0,0,0,0,0,0,0,0,0,
0,0,0,0,0,1,1,0,0,1,0,1,0,0,0,0,0,0,0,0,0,0,0,0,0,0,0,0,0,0,0,0,0,0,0,0,0,0,1,0,
0,0,0,0,0,0,1,0,0,1,0,1,0,0,0,1,0,1,0,1,0,0,0,0,0,0,1,1,0,0,0,1,0,0,0,0,0,0,0,1,
1,0,1,0,1,0,0,1,1,0,1,0,0,0,0,1,0,0,0,0,0,0,1,0,1,0,1,1,1,0,1,1,0,0,0,0,0,0,0,0,
0,1,0,1,0,0,0,0,0,1,0,1,0,0,0,0,1,0,0,1,1,0,1,0,1,0,0,0,1,1,0,1,0,0,0,0,0,0,0,0,
0,0,0,1,1,1,1,0,0,1,0,0,0,1,0,1,1,0,0,0,0,0,1,0,0,0,0,0,1,0,0,1,0,0,1,0,0,0,0,0,
0,0,0,0,1,0,0,0,0,0,0,0,0,1,0,0,0,0,0,0,0,1,0,1,0,0,0,0,0,0,0,0,1,0,0,1,0,0,0,0,
========================
Output Graph: 
Number of Vertices: 40
Number of Edges: 356
Graph Density: 0.45641
0,0,1,1,0,1,0,0,1,1,0,1,0,1,0,1,0,1,1,0,1,1,1,1,0,1,1,0,1,0,0,1,0,1,0,0,1,0,1,0,
0,0,1,0,0,0,0,1,0,0,1,0,0,0,0,0,0,0,0,0,0,0,0,0,0,1,1,0,0,0,0,0,0,0,0,0,0,1,0,0,
1,1,0,1,0,1,0,0,1,1,1,1,1,1,0,1,0,1,1,1,1,1,1,1,0,1,1,0,1,1,1,1,0,1,0,1,1,0,1,0,
1,0,1,0,1,1,0,0,0,1,0,0,0,0,0,0,0,1,0,0,1,0,0,1,0,0,0,0,0,0,0,0,0,1,0,0,0,1,1,0,
0,0,0,1,0,1,0,0,1,1,0,1,0,1,0,1,0,1,1,0,1,1,0,1,0,1,1,0,1,1,0,1,0,1,0,1,1,0,1,1,
1,0,1,1,1,0,1,1,1,1,1,1,0,1,1,1,0,1,1,1,1,1,0,1,0,1,1,0,1,0,1,1,0,0,1,1,1,1,1,0,
0,0,0,0,0,1,0,0,1,1,1,1,0,1,1,1,0,1,1,0,0,1,1,1,0,1,1,0,1,0,1,1,0,0,1,1,1,0,1,0,
0,1,0,0,0,1,0,0,1,1,0,1,0,1,0,1,0,0,1,1,0,1,0,1,0,1,1,0,1,1,0,1,1,0,0,1,1,0,0,1,
1,0,1,0,1,1,1,1,0,0,1,0,1,0,1,1,0,1,0,1,0,0,1,1,1,0,0,1,0,1,1,0,0,1,0,1,1,1,1,0,
1,0,1,1,1,1,1,1,0,0,1,0,0,0,0,1,0,1,0,1,1,0,0,1,0,0,0,0,0,1,1,0,0,1,1,1,1,1,1,0,
0,1,1,0,0,1,1,0,1,1,0,1,0,1,0,1,0,1,1,0,1,1,1,1,0,1,1,1,1,0,1,1,0,0,0,1,1,1,1,0,
1,0,1,0,1,1,1,1,0,0,1,0,0,0,0,0,0,1,0,0,0,0,0,1,0,0,0,1,0,0,1,0,1,1,1,1,1,1,1,0,
0,0,1,0,0,0,0,0,1,0,0,0,0,0,0,0,0,0,0,1,0,1,0,0,0,0,0,0,1,1,0,0,0,0,0,0,0,0,0,0,
1,0,1,0,1,1,1,1,0,0,1,0,0,0,1,1,1,1,0,1,0,0,0,1,0,0,0,0,0,1,1,0,1,0,0,1,1,1,1,1,
0,0,0,0,0,1,1,0,1,0,0,0,0,1,0,0,1,1,1,0,0,0,0,0,0,0,1,0,1,0,1,0,0,0,0,0,0,1,0,0,
1,0,1,0,1,1,1,1,1,1,1,0,0,1,0,0,0,0,0,0,0,1,1,1,1,1,1,0,1,1,0,1,0,0,0,1,1,1,1,0,
0,0,0,0,0,0,0,0,0,0,0,0,0,1,1,0,0,1,0,0,0,0,0,1,0,0,1,0,0,0,1,0,0,0,0,0,0,1,1,0,
1,0,1,1,1,1,1,0,1,1,1,1,0,1,1,0,1,0,1,0,1,1,0,0,0,1,1,0,1,0,1,1,0,1,0,1,0,1,1,0,
1,0,1,0,1,1,1,1,0,0,1,0,0,0,1,0,0,1,0,0,0,0,0,1,0,0,1,1,0,0,1,0,1,0,0,1,1,1,1,0,
0,0,1,0,0,1,0,1,1,1,0,0,1,1,0,0,0,0,0,0,0,1,0,0,0,1,1,0,1,1,0,1,0,0,0,1,0,1,0,0,
1,0,1,1,1,1,0,0,0,1,1,0,0,0,0,0,0,1,0,0,0,1,0,0,0,0,0,0,0,0,0,1,0,1,0,0,0,1,0,0,
1,0,1,0,1,1,1,1,0,0,1,0,1,0,0,1,0,1,0,1,1,0,1,1,1,0,0,0,0,1,1,0,1,1,0,1,1,1,1,1,
1,0,1,0,0,0,1,0,1,0,1,0,0,0,0,1,0,0,0,0,0,1,0,0,1,0,0,0,0,0,0,0,0,0,0,0,1,1,1,0,
1,0,1,1,1,1,1,1,1,1,1,1,0,1,0,1,1,0,1,0,0,1,0,0,1,1,1,0,1,0,1,1,0,0,0,1,0,1,1,1,
0,0,0,0,0,0,0,0,1,0,0,0,0,0,0,1,0,0,0,0,0,1,1,1,0,1,1,0,0,0,0,0,0,0,0,0,1,1,0,0,
1,1,1,0,1,1,1,1,0,0,1,0,0,0,0,1,0,1,0,1,0,0,0,1,1,0,0,1,0,0,1,0,0,0,0,1,1,1,1,0,
1,1,1,0,1,1,1,1,0,0,1,0,0,0,1,1,1,1,1,1,0,0,0,1,1,0,0,1,0,1,1,0,1,1,0,1,1,1,1,0,
0,0,0,0,0,0,0,0,1,0,1,1,0,0,0,0,0,0,1,0,0,0,0,0,0,1,1,0,0,0,1,0,0,0,0,1,1,0,0,0,
1,0,1,0,1,1,1,1,0,0,1,0,1,0,1,1,0,1,0,1,0,0,0,1,0,0,0,0,0,1,1,0,0,1,0,1,1,1,1,0,
0,0,1,0,1,0,0,1,1,1,0,0,1,1,0,1,0,0,0,1,0,1,0,0,0,0,1,0,1,0,0,0,0,0,0,0,0,1,0,0,
0,0,1,0,0,1,1,0,1,1,1,1,0,1,1,0,1,1,1,0,0,1,0,1,0,1,1,1,1,0,0,0,0,0,0,0,1,1,0,0,
1,0,1,0,1,1,1,1,0,0,1,0,0,0,0,1,0,1,0,1,1,0,0,1,0,0,0,0,0,0,0,0,0,1,0,1,1,1,1,0,
0,0,0,0,0,0,0,1,0,0,0,1,0,1,0,0,0,0,1,0,0,1,0,0,0,0,1,0,0,0,0,0,0,0,0,0,0,0,0,1,
1,0,1,1,1,0,0,0,1,1,0,1,0,0,0,0,0,1,0,0,1,1,0,0,0,0,1,0,1,0,0,1,0,0,0,0,0,0,0,0,
0,0,0,0,0,1,1,0,0,1,0,1,0,0,0,0,0,0,0,0,0,0,0,0,0,0,0,0,0,0,0,0,0,0,0,0,0,0,1,0,
0,0,1,0,1,1,1,1,1,1,1,1,0,1,0,1,0,1,1,1,0,1,0,1,0,1,1,1,1,0,0,1,0,0,0,0,1,1,0,1,
1,0,1,0,1,1,1,1,1,1,1,1,0,1,0,1,0,0,1,0,0,1,1,0,1,1,1,1,1,0,1,1,0,0,0,1,0,1,1,0,
0,1,0,1,0,1,0,0,1,1,1,1,0,1,1,1,1,1,1,1,1,1,1,1,1,1,1,0,1,1,1,1,0,0,0,1,1,0,1,0,
1,0,1,1,1,1,1,0,1,1,1,1,0,1,0,1,1,1,1,0,0,1,1,1,0,1,1,0,1,0,0,1,0,0,1,0,1,1,0,0,
0,0,0,0,1,0,0,1,0,0,0,0,0,1,0,0,0,0,0,0,0,1,0,1,0,0,0,0,0,0,0,0,1,0,0,1,0,0,0,0,
Is Output Graph Empty or Complete?: 0
Ratio of Added Edges Over Added + Removed Edges: 1
Changes from Input to Output: 
Added Edge: (0, 3)
Added Edge: (0, 9)
Added Edge: (0, 15)
Added Edge: (0, 17)
Added Edge: (0, 21)
Added Edge: (0, 23)
Added Edge: (0, 26)
Added Edge: (0, 31)
Added Edge: (0, 38)
Added Edge: (2, 3)
Added Edge: (2, 5)
Added Edge: (2, 8)
Added Edge: (2, 9)
Added Edge: (2, 10)
Added Edge: (2, 11)
Added Edge: (2, 13)
Added Edge: (2, 17)
Added Edge: (2, 19)
Added Edge: (2, 21)
Added Edge: (2, 23)
Added Edge: (2, 25)
Added Edge: (2, 26)
Added Edge: (2, 29)
Added Edge: (2, 31)
Added Edge: (2, 35)
Added Edge: (2, 38)
Added Edge: (4, 5)
Added Edge: (4, 9)
Added Edge: (4, 15)
Added Edge: (4, 20)
Added Edge: (4, 25)
Added Edge: (4, 26)
Added Edge: (4, 28)
Added Edge: (4, 35)
Added Edge: (5, 6)
Added Edge: (5, 8)
Added Edge: (5, 15)
Added Edge: (5, 17)
Added Edge: (5, 18)
Added Edge: (5, 21)
Added Edge: (5, 23)
Added Edge: (5, 26)
Added Edge: (5, 28)
Added Edge: (5, 31)
Added Edge: (5, 35)
Added Edge: (5, 36)
Added Edge: (5, 37)
Added Edge: (6, 8)
Added Edge: (6, 9)
Added Edge: (6, 13)
Added Edge: (6, 21)
Added Edge: (6, 25)
Added Edge: (6, 26)
Added Edge: (6, 28)
Added Edge: (6, 31)
Added Edge: (6, 36)
Added Edge: (7, 8)
Added Edge: (7, 9)
Added Edge: (7, 11)
Added Edge: (7, 13)
Added Edge: (7, 15)
Added Edge: (7, 21)
Added Edge: (7, 26)
Added Edge: (7, 31)
Added Edge: (7, 35)
Added Edge: (7, 39)
Added Edge: (8, 17)
Added Edge: (8, 19)
Added Edge: (8, 29)
Added Edge: (8, 30)
Added Edge: (8, 35)
Added Edge: (8, 37)
Added Edge: (8, 38)
Added Edge: (9, 10)
Added Edge: (9, 17)
Added Edge: (9, 20)
Added Edge: (9, 23)
Added Edge: (9, 33)
Added Edge: (9, 36)
Added Edge: (10, 21)
Added Edge: (10, 25)
Added Edge: (10, 31)
Added Edge: (10, 35)
Added Edge: (10, 37)
Added Edge: (10, 38)
Added Edge: (11, 17)
Added Edge: (11, 23)
Added Edge: (11, 30)
Added Edge: (11, 36)
Added Edge: (11, 38)
Added Edge: (13, 14)
Added Edge: (13, 19)
Added Edge: (13, 23)
Added Edge: (13, 30)
Added Edge: (13, 35)
Added Edge: (13, 36)
Added Edge: (13, 37)
Added Edge: (14, 17)
Added Edge: (14, 37)
Added Edge: (15, 21)
Added Edge: (15, 25)
Added Edge: (15, 26)
Added Edge: (15, 28)
Added Edge: (15, 31)
Added Edge: (15, 37)
Added Edge: (17, 18)
Added Edge: (17, 20)
Added Edge: (17, 21)
Added Edge: (17, 25)
Added Edge: (17, 30)
Added Edge: (17, 37)
Added Edge: (17, 38)
Added Edge: (18, 23)
Added Edge: (18, 30)
Added Edge: (18, 35)
Added Edge: (18, 36)
Added Edge: (18, 37)
Added Edge: (18, 38)
Added Edge: (19, 21)
Added Edge: (19, 26)
Added Edge: (19, 28)
Added Edge: (19, 29)
Added Edge: (20, 33)
Added Edge: (21, 23)
Added Edge: (21, 35)
Added Edge: (21, 36)
Added Edge: (21, 37)
Added Edge: (21, 38)
Added Edge: (23, 25)
Added Edge: (23, 26)
Added Edge: (23, 28)
Added Edge: (23, 35)
Added Edge: (23, 37)
Added Edge: (23, 38)
Added Edge: (25, 30)
Added Edge: (25, 35)
Added Edge: (25, 36)
Added Edge: (25, 37)
Added Edge: (25, 38)
Added Edge: (26, 32)
Added Edge: (26, 37)
Added Edge: (26, 38)
Added Edge: (28, 30)
Added Edge: (28, 35)
Added Edge: (30, 37)
Added Edge: (31, 33)
Added Edge: (35, 36)
Added Edge: (35, 37)
Added Edge: (36, 37)
Added Edge: (36, 38)
Added Edge: (37, 38)
========================
