========================
TIME_LIMIT_SECONDS: 900
ODD_HOLE_TERMINATION_PERCENTAGE: 999
N_THREADS: 24
IS_RUNNING_HEURISTIC_ON_CANDIDATE: 1
IS_RUNNING_HEURISTIC_ON_RELAXATION: 0
ADD_ALL_AT_START: 0
========================
Wall-Clock Runtime (ms): 901781
Calculated Odd Hole Termination Batch Size: 0
Total Time of All Workers in OddHoleAlg (nano): 138560901
Total Time of All Workers in OddHoleAlg (ms): 138
OddHoleAlg calls: 120
Number of Found Odd-Holes: 5397
Number of Found Odd Anti-Holes: 32837
Is Optimal? (1e-6): 0
Optimality Gap: 0.0882396
Objective Value: 34
Number of Feasible Solutions Found: 56
Number of Times Heuristic is Called: 57
Total number of added OH and OHbar Cuts: 38234
Number of Explored B&C tree nodes: 1884453
Number of Unexplored B&C tree nodes: 1015795
========================
Input Graph:
Number of Vertices: 30
Erdos Renyi p Parameter: 0.75
Number of Edges: 311
Expected No of Odd Holes: 396
Expected No of Odd Anti Holes: 1341
ODD_HOLE_TERMINATION_BATCH_SIZE: 0
Graph Density: 0.714943
0,1,1,1,1,1,1,0,0,0,1,0,1,1,0,0,1,0,0,1,0,0,0,1,0,1,0,0,1,1,
1,0,1,1,1,0,0,1,1,1,1,1,1,1,0,0,1,1,1,1,1,0,0,1,0,0,0,1,0,1,
1,1,0,1,1,1,1,0,1,1,0,0,1,1,1,1,1,1,1,1,0,0,1,1,1,1,0,1,1,1,
1,1,1,0,1,1,0,1,1,1,1,1,1,0,1,0,1,1,0,0,1,1,1,0,0,1,1,1,1,0,
1,1,1,1,0,1,0,0,1,1,1,0,0,1,1,1,0,1,1,1,1,1,1,0,1,1,1,1,1,1,
1,0,1,1,1,0,0,1,1,0,0,1,0,1,1,1,1,1,1,1,1,0,1,1,0,1,1,1,1,1,
1,0,1,0,0,0,0,1,1,1,1,1,1,1,1,1,1,1,0,1,0,1,0,1,1,1,1,0,0,0,
0,1,0,1,0,1,1,0,1,1,1,1,1,0,1,0,0,0,1,0,1,0,1,0,1,1,1,1,1,1,
0,1,1,1,1,1,1,1,0,1,1,0,1,1,1,1,0,1,1,1,1,1,1,0,0,1,1,1,1,1,
0,1,1,1,1,0,1,1,1,0,1,1,0,0,0,1,1,1,1,1,1,1,1,1,1,1,0,1,1,1,
1,1,0,1,1,0,1,1,1,1,0,1,0,1,1,1,1,1,1,1,1,0,1,1,1,1,0,1,1,1,
0,1,0,1,0,1,1,1,0,1,1,0,1,0,1,0,0,0,0,1,1,1,1,1,1,1,0,1,1,1,
1,1,1,1,0,0,1,1,1,0,0,1,0,1,1,1,1,0,1,1,0,1,1,1,1,1,1,1,1,1,
1,1,1,0,1,1,1,0,1,0,1,0,1,0,0,1,1,1,1,1,1,1,1,1,1,1,1,1,1,1,
0,0,1,1,1,1,1,1,1,0,1,1,1,0,0,0,0,1,1,1,0,1,1,1,1,1,0,1,0,1,
0,0,1,0,1,1,1,0,1,1,1,0,1,1,0,0,1,1,1,0,1,0,1,1,0,1,1,1,0,0,
1,1,1,1,0,1,1,0,0,1,1,0,1,1,0,1,0,0,1,1,1,1,1,1,1,1,1,0,0,0,
0,1,1,1,1,1,1,0,1,1,1,0,0,1,1,1,0,0,0,0,1,0,1,0,0,1,0,1,1,1,
0,1,1,0,1,1,0,1,1,1,1,0,1,1,1,1,1,0,0,0,0,1,1,1,1,1,1,1,1,0,
1,1,1,0,1,1,1,0,1,1,1,1,1,1,1,0,1,0,0,0,0,0,1,1,1,1,1,1,1,1,
0,1,0,1,1,1,0,1,1,1,1,1,0,1,0,1,1,1,0,0,0,1,1,1,1,1,1,1,1,1,
0,0,0,1,1,0,1,0,1,1,0,1,1,1,1,0,1,0,1,0,1,0,0,1,0,0,1,0,1,1,
0,0,1,1,1,1,0,1,1,1,1,1,1,1,1,1,1,1,1,1,1,0,0,1,1,0,0,1,1,1,
1,1,1,0,0,1,1,0,0,1,1,1,1,1,1,1,1,0,1,1,1,1,1,0,0,1,1,0,1,1,
0,0,1,0,1,0,1,1,0,1,1,1,1,1,1,0,1,0,1,1,1,0,1,0,0,1,1,0,0,1,
1,0,1,1,1,1,1,1,1,1,1,1,1,1,1,1,1,1,1,1,1,0,0,1,1,0,0,1,1,0,
0,0,0,1,1,1,1,1,1,0,0,0,1,1,0,1,1,0,1,1,1,1,0,1,1,0,0,1,0,1,
0,1,1,1,1,1,0,1,1,1,1,1,1,1,1,1,0,1,1,1,1,0,1,0,0,1,1,0,0,0,
1,0,1,1,1,1,0,1,1,1,1,1,1,1,0,0,0,1,1,1,1,1,1,1,0,1,0,0,0,0,
1,1,1,0,1,1,0,1,1,1,1,1,1,1,1,0,0,1,0,1,1,1,1,1,1,0,1,0,0,0,
========================
Output Graph: 
Number of Vertices: 30
Number of Edges: 345
Graph Density: 0.793103
0,1,1,1,1,1,1,0,0,0,1,0,1,1,0,1,1,0,1,1,0,1,1,1,1,1,1,0,1,1,
1,0,1,1,1,1,0,1,1,1,1,1,1,1,1,0,1,1,1,1,1,0,0,1,0,0,0,1,1,1,
1,1,0,1,1,1,1,0,1,1,0,0,1,1,1,1,1,1,1,1,0,1,1,1,1,1,1,1,1,1,
1,1,1,0,1,1,0,1,1,1,1,1,1,0,1,0,1,1,0,0,1,1,1,0,0,1,1,1,1,0,
1,1,1,1,0,1,0,1,1,1,1,1,0,1,1,1,0,1,1,1,1,1,1,0,1,1,1,1,1,1,
1,1,1,1,1,0,0,1,1,1,1,1,0,1,1,1,1,1,1,1,1,0,1,1,0,1,1,1,1,1,
1,0,1,0,0,0,0,1,1,1,1,1,1,1,1,1,1,1,0,1,0,1,0,1,1,1,1,0,0,0,
0,1,0,1,1,1,1,0,1,1,1,1,1,0,1,0,0,1,1,0,1,0,1,0,1,1,1,1,1,1,
0,1,1,1,1,1,1,1,0,1,1,1,1,1,1,1,0,1,1,1,1,1,1,0,0,1,1,1,1,1,
0,1,1,1,1,1,1,1,1,0,1,1,1,0,0,1,1,1,1,1,1,1,1,1,1,1,0,1,1,1,
1,1,0,1,1,1,1,1,1,1,0,1,0,1,1,1,1,1,1,1,1,0,1,1,1,1,0,1,1,1,
0,1,0,1,1,1,1,1,1,1,1,0,1,0,1,0,0,1,1,1,1,1,1,1,1,1,0,1,1,1,
1,1,1,1,0,0,1,1,1,1,0,1,0,1,1,1,1,0,1,1,0,1,1,1,1,1,1,1,1,1,
1,1,1,0,1,1,1,0,1,0,1,0,1,0,0,1,1,1,1,1,1,1,1,1,1,1,1,1,1,1,
0,1,1,1,1,1,1,1,1,0,1,1,1,0,0,0,0,1,1,1,1,1,1,1,1,1,0,1,1,1,
1,0,1,0,1,1,1,0,1,1,1,0,1,1,0,0,1,1,1,1,1,1,1,1,1,1,1,1,0,1,
1,1,1,1,0,1,1,0,0,1,1,0,1,1,0,1,0,0,1,1,1,1,1,1,1,1,1,0,0,1,
0,1,1,1,1,1,1,1,1,1,1,1,0,1,1,1,0,0,1,0,1,0,1,0,0,1,0,1,1,1,
1,1,1,0,1,1,0,1,1,1,1,1,1,1,1,1,1,1,0,0,1,1,1,1,1,1,1,1,1,0,
1,1,1,0,1,1,1,0,1,1,1,1,1,1,1,1,1,0,0,0,0,1,1,1,1,1,1,1,1,1,
0,1,0,1,1,1,0,1,1,1,1,1,0,1,1,1,1,1,1,0,0,1,1,1,1,1,1,1,1,1,
1,0,1,1,1,0,1,0,1,1,0,1,1,1,1,1,1,0,1,1,1,0,0,1,1,0,1,0,1,1,
1,0,1,1,1,1,0,1,1,1,1,1,1,1,1,1,1,1,1,1,1,0,0,1,1,0,0,1,1,1,
1,1,1,0,0,1,1,0,0,1,1,1,1,1,1,1,1,0,1,1,1,1,1,0,1,1,1,0,1,1,
1,0,1,0,1,0,1,1,0,1,1,1,1,1,1,1,1,0,1,1,1,1,1,1,0,1,1,0,0,1,
1,0,1,1,1,1,1,1,1,1,1,1,1,1,1,1,1,1,1,1,1,0,0,1,1,0,0,1,1,1,
1,0,1,1,1,1,1,1,1,0,0,0,1,1,0,1,1,0,1,1,1,1,0,1,1,0,0,1,0,1,
0,1,1,1,1,1,0,1,1,1,1,1,1,1,1,1,0,1,1,1,1,0,1,0,0,1,1,0,1,0,
1,1,1,1,1,1,0,1,1,1,1,1,1,1,1,0,0,1,1,1,1,1,1,1,0,1,0,1,0,0,
1,1,1,0,1,1,0,1,1,1,1,1,1,1,1,1,1,1,0,1,1,1,1,1,1,1,1,0,0,0,
Is Output Graph Empty or Complete?: 0
Ratio of Added Edges Over Added + Removed Edges: 1
Changes from Input to Output: 
Added Edge: (0, 15)
Added Edge: (0, 18)
Added Edge: (0, 21)
Added Edge: (0, 22)
Added Edge: (0, 24)
Added Edge: (0, 26)
Added Edge: (1, 5)
Added Edge: (1, 14)
Added Edge: (1, 28)
Added Edge: (2, 21)
Added Edge: (2, 26)
Added Edge: (4, 7)
Added Edge: (4, 11)
Added Edge: (5, 9)
Added Edge: (5, 10)
Added Edge: (7, 17)
Added Edge: (8, 11)
Added Edge: (9, 12)
Added Edge: (11, 17)
Added Edge: (11, 18)
Added Edge: (14, 20)
Added Edge: (14, 28)
Added Edge: (15, 19)
Added Edge: (15, 21)
Added Edge: (15, 24)
Added Edge: (15, 29)
Added Edge: (16, 29)
Added Edge: (17, 18)
Added Edge: (18, 20)
Added Edge: (19, 21)
Added Edge: (21, 24)
Added Edge: (23, 24)
Added Edge: (25, 29)
Added Edge: (27, 28)
========================
