========================
TIME_LIMIT_SECONDS: 900
ODD_HOLE_TERMINATION_PERCENTAGE: 999
N_THREADS: 24
IS_RUNNING_HEURISTIC_ON_CANDIDATE: 0
IS_RUNNING_HEURISTIC_ON_RELAXATION: 0
ADD_ALL_AT_START: 0
========================
Wall-Clock Runtime (ms): 632
Calculated Odd Hole Termination Batch Size: 0
Total Time of All Workers in OddHoleAlg (nano): 25776816
Total Time of All Workers in OddHoleAlg (ms): 25
OddHoleAlg calls: 62
Number of Found Odd-Holes: 1247
Number of Found Odd Anti-Holes: 2843
Is Optimal? (1e-6): 1
Optimality Gap: 0
Objective Value: 18
Number of Feasible Solutions Found: 5
Number of Times Heuristic is Called: 0
Total number of added OH and OHbar Cuts: 4090
Number of Explored B&C tree nodes: 5092
Number of Unexplored B&C tree nodes: 0
========================
Input Graph:
Number of Vertices: 25
Erdos Renyi p Parameter: 0.75
Number of Edges: 222
Expected No of Odd Holes: 147
Expected No of Odd Anti Holes: 260
ODD_HOLE_TERMINATION_BATCH_SIZE: 0
Graph Density: 0.74
0,1,0,1,1,1,1,1,1,1,0,1,1,0,1,1,0,0,1,0,1,0,0,1,1,
1,0,0,1,1,1,0,1,1,1,1,0,1,0,1,0,1,1,1,1,1,1,1,1,1,
0,0,0,1,1,1,1,1,1,0,1,0,1,1,1,1,0,0,1,1,1,1,0,0,0,
1,1,1,0,0,1,0,1,1,1,1,1,1,1,1,0,1,1,1,1,1,1,1,1,0,
1,1,1,0,0,1,0,1,1,1,1,0,1,1,1,0,1,1,1,1,1,1,0,1,1,
1,1,1,1,1,0,1,1,1,1,1,1,1,1,1,1,0,0,1,1,0,1,0,1,1,
1,0,1,0,0,1,0,0,1,1,1,1,1,1,0,1,1,1,1,1,1,0,1,1,0,
1,1,1,1,1,1,0,0,1,1,1,1,1,0,1,1,1,0,1,0,1,0,0,1,1,
1,1,1,1,1,1,1,1,0,1,1,0,1,1,0,1,1,1,1,1,0,1,1,0,1,
1,1,0,1,1,1,1,1,1,0,1,1,0,0,1,1,0,0,1,1,1,0,1,1,0,
0,1,1,1,1,1,1,1,1,1,0,1,1,1,1,0,1,1,1,0,1,1,0,1,1,
1,0,0,1,0,1,1,1,0,1,1,0,0,1,0,0,1,1,1,1,0,1,0,1,1,
1,1,1,1,1,1,1,1,1,0,1,0,0,1,1,1,1,1,0,1,0,1,1,1,1,
0,0,1,1,1,1,1,0,1,0,1,1,1,0,1,0,1,0,0,1,0,1,0,1,1,
1,1,1,1,1,1,0,1,0,1,1,0,1,1,0,1,1,1,1,1,0,0,1,1,0,
1,0,1,0,0,1,1,1,1,1,0,0,1,0,1,0,1,0,1,1,0,0,1,1,1,
0,1,0,1,1,0,1,1,1,0,1,1,1,1,1,1,0,1,1,1,0,1,1,1,1,
0,1,0,1,1,0,1,0,1,0,1,1,1,0,1,0,1,0,1,1,1,0,1,0,1,
1,1,1,1,1,1,1,1,1,1,1,1,0,0,1,1,1,1,0,0,1,1,1,1,1,
0,1,1,1,1,1,1,0,1,1,0,1,1,1,1,1,1,1,0,0,1,1,0,1,1,
1,1,1,1,1,0,1,1,0,1,1,0,0,0,0,0,0,1,1,1,0,1,1,1,1,
0,1,1,1,1,1,0,0,1,0,1,1,1,1,0,0,1,0,1,1,1,0,1,1,0,
0,1,0,1,0,0,1,0,1,1,0,0,1,0,1,1,1,1,1,0,1,1,0,1,1,
1,1,0,1,1,1,1,1,0,1,1,1,1,1,1,1,1,0,1,1,1,1,1,0,1,
1,1,0,0,1,1,0,1,1,0,1,1,1,1,0,1,1,1,1,1,1,0,1,1,0,
========================
Output Graph: 
Number of Vertices: 25
Number of Edges: 240
Graph Density: 0.8
0,1,0,1,1,1,1,1,1,1,0,1,1,0,1,1,0,0,1,0,1,0,0,1,1,
1,0,0,1,1,1,0,1,1,1,1,0,1,0,1,0,1,1,1,1,1,1,1,1,1,
0,0,0,1,1,1,1,1,1,0,1,1,1,1,1,1,0,0,1,1,1,1,0,0,0,
1,1,1,0,0,1,0,1,1,1,1,1,1,1,1,0,1,1,1,1,1,1,1,1,1,
1,1,1,0,0,1,0,1,1,1,1,0,1,1,1,0,1,1,1,1,1,1,1,1,1,
1,1,1,1,1,0,1,1,1,1,1,1,1,1,1,1,1,0,1,1,0,1,0,1,1,
1,0,1,0,0,1,0,1,1,1,1,1,1,1,1,1,1,1,1,1,1,1,1,1,1,
1,1,1,1,1,1,1,0,1,1,1,1,1,0,1,1,1,0,1,0,1,1,0,1,1,
1,1,1,1,1,1,1,1,0,1,1,0,1,1,0,1,1,1,1,1,0,1,1,1,1,
1,1,0,1,1,1,1,1,1,0,1,1,1,0,1,1,0,0,1,1,1,0,1,1,0,
0,1,1,1,1,1,1,1,1,1,0,1,1,1,1,1,1,1,1,0,1,1,0,1,1,
1,0,1,1,0,1,1,1,0,1,1,0,0,1,0,0,1,1,1,1,0,1,1,1,1,
1,1,1,1,1,1,1,1,1,1,1,0,0,1,1,1,1,1,1,1,0,1,1,1,1,
0,0,1,1,1,1,1,0,1,0,1,1,1,0,1,0,1,0,0,1,0,1,0,1,1,
1,1,1,1,1,1,1,1,0,1,1,0,1,1,0,1,1,1,1,1,0,1,1,1,1,
1,0,1,0,0,1,1,1,1,1,1,0,1,0,1,0,1,0,1,1,0,1,1,1,1,
0,1,0,1,1,1,1,1,1,0,1,1,1,1,1,1,0,1,1,1,1,1,1,1,1,
0,1,0,1,1,0,1,0,1,0,1,1,1,0,1,0,1,0,1,1,1,0,1,0,1,
1,1,1,1,1,1,1,1,1,1,1,1,1,0,1,1,1,1,0,0,1,1,1,1,1,
0,1,1,1,1,1,1,0,1,1,0,1,1,1,1,1,1,1,0,0,1,1,0,1,1,
1,1,1,1,1,0,1,1,0,1,1,0,0,0,0,0,1,1,1,1,0,1,1,1,1,
0,1,1,1,1,1,1,1,1,0,1,1,1,1,1,1,1,0,1,1,1,0,1,1,0,
0,1,0,1,1,0,1,0,1,1,0,1,1,0,1,1,1,1,1,0,1,1,0,1,1,
1,1,0,1,1,1,1,1,1,1,1,1,1,1,1,1,1,0,1,1,1,1,1,0,1,
1,1,0,1,1,1,1,1,1,0,1,1,1,1,1,1,1,1,1,1,1,0,1,1,0,
Is Output Graph Empty or Complete?: 0
Ratio of Added Edges Over Added + Removed Edges: 1
Changes from Input to Output: 
Added Edge: (2, 11)
Added Edge: (3, 24)
Added Edge: (4, 22)
Added Edge: (5, 16)
Added Edge: (6, 7)
Added Edge: (6, 14)
Added Edge: (6, 21)
Added Edge: (6, 24)
Added Edge: (7, 21)
Added Edge: (8, 23)
Added Edge: (9, 12)
Added Edge: (10, 15)
Added Edge: (11, 22)
Added Edge: (12, 18)
Added Edge: (14, 21)
Added Edge: (14, 24)
Added Edge: (15, 21)
Added Edge: (16, 20)
========================
