========================
TIME_LIMIT_SECONDS: 900
ODD_HOLE_TERMINATION_PERCENTAGE: 999
N_THREADS: 24
IS_RUNNING_HEURISTIC_ON_CANDIDATE: 1
IS_RUNNING_HEURISTIC_ON_RELAXATION: 0
ADD_ALL_AT_START: 0
========================
Wall-Clock Runtime (ms): 2332
Calculated Odd Hole Termination Batch Size: 0
Total Time of All Workers in OddHoleAlg (nano): 29577611
Total Time of All Workers in OddHoleAlg (ms): 29
OddHoleAlg calls: 76
Number of Found Odd-Holes: 8557
Number of Found Odd Anti-Holes: 69
Is Optimal? (1e-6): 1
Optimality Gap: 0
Objective Value: 30
Number of Feasible Solutions Found: 29
Number of Times Heuristic is Called: 35
Total number of added OH and OHbar Cuts: 8626
Number of Explored B&C tree nodes: 3661
Number of Unexplored B&C tree nodes: 0
========================
Input Graph:
Number of Vertices: 25
Erdos Renyi p Parameter: 0.25
Number of Edges: 75
Expected No of Odd Holes: 408
Expected No of Odd Anti Holes: 0
ODD_HOLE_TERMINATION_BATCH_SIZE: 0
Graph Density: 0.25
0,0,0,0,0,0,0,0,1,1,0,0,0,0,1,1,0,0,0,0,0,0,0,0,0,
0,0,1,0,0,0,0,1,1,0,0,1,0,1,0,0,0,1,0,1,0,0,0,0,1,
0,1,0,1,0,0,0,0,0,0,0,0,0,0,1,0,0,1,0,0,1,1,0,0,0,
0,0,1,0,0,0,0,1,0,0,0,0,0,0,0,1,0,0,0,0,0,0,1,0,0,
0,0,0,0,0,0,1,1,1,0,0,1,0,0,0,0,0,1,0,0,1,1,0,0,1,
0,0,0,0,0,0,0,0,0,0,0,1,0,0,0,1,0,1,0,0,0,1,0,0,0,
0,0,0,0,1,0,0,0,1,0,0,0,0,1,0,0,0,1,0,0,1,0,1,0,0,
0,1,0,1,1,0,0,0,0,0,0,1,0,0,0,0,0,0,0,0,0,0,0,1,1,
1,1,0,0,1,0,1,0,0,0,0,0,0,0,0,1,1,1,0,0,0,0,1,0,1,
1,0,0,0,0,0,0,0,0,0,0,1,0,1,0,0,1,0,0,0,0,0,0,1,0,
0,0,0,0,0,0,0,0,0,0,0,0,1,1,0,0,0,1,0,1,0,0,0,0,1,
0,1,0,0,1,1,0,1,0,1,0,0,1,1,0,0,0,0,0,1,0,1,0,0,0,
0,0,0,0,0,0,0,0,0,0,1,1,0,0,0,1,1,0,0,0,0,0,0,0,0,
0,1,0,0,0,0,1,0,0,1,1,1,0,0,0,0,0,0,1,0,0,0,0,0,0,
1,0,1,0,0,0,0,0,0,0,0,0,0,0,0,0,0,0,0,1,0,0,1,1,0,
1,0,0,1,0,1,0,0,1,0,0,0,1,0,0,0,1,0,0,0,0,0,0,0,0,
0,0,0,0,0,0,0,0,1,1,0,0,1,0,0,1,0,1,1,0,0,1,1,0,0,
0,1,1,0,1,1,1,0,1,0,1,0,0,0,0,0,1,0,0,0,1,1,0,0,1,
0,0,0,0,0,0,0,0,0,0,0,0,0,1,0,0,1,0,0,0,1,0,0,0,0,
0,1,0,0,0,0,0,0,0,0,1,1,0,0,1,0,0,0,0,0,0,0,1,0,0,
0,0,1,0,1,0,1,0,0,0,0,0,0,0,0,0,0,1,1,0,0,0,0,0,0,
0,0,1,0,1,1,0,0,0,0,0,1,0,0,0,0,1,1,0,0,0,0,0,0,0,
0,0,0,1,0,0,1,0,1,0,0,0,0,0,1,0,1,0,0,1,0,0,0,1,0,
0,0,0,0,0,0,0,1,0,1,0,0,0,0,1,0,0,0,0,0,0,0,1,0,0,
0,1,0,0,1,0,0,1,1,0,1,0,0,0,0,0,0,1,0,0,0,0,0,0,0,
========================
Output Graph: 
Number of Vertices: 25
Number of Edges: 105
Graph Density: 0.35
0,0,0,0,0,0,0,0,1,1,0,1,0,0,1,1,0,0,0,0,0,0,1,0,0,
0,0,1,0,1,0,0,1,1,0,0,1,0,1,0,0,0,1,0,1,0,0,0,0,1,
0,1,0,1,0,0,0,1,1,0,0,1,0,0,1,1,0,1,0,0,1,1,1,0,0,
0,0,1,0,0,0,0,1,1,0,0,1,0,0,0,1,0,0,0,0,0,0,1,0,0,
0,1,0,0,0,0,1,1,1,0,1,1,0,0,0,0,0,1,0,0,1,1,1,0,1,
0,0,0,0,0,0,0,0,1,0,0,1,0,0,0,1,0,1,0,0,0,1,0,0,0,
0,0,0,0,1,0,0,0,1,0,0,0,0,1,0,0,0,1,0,0,1,0,1,0,0,
0,1,1,1,1,0,0,0,0,0,0,1,0,1,0,0,0,0,0,1,0,0,0,1,1,
1,1,1,1,1,1,1,0,0,0,0,0,1,1,0,1,1,1,0,1,0,1,1,1,1,
1,0,0,0,0,0,0,0,0,0,0,1,0,1,0,0,1,0,0,0,0,0,0,1,0,
0,0,0,0,1,0,0,0,0,0,0,0,1,1,0,0,1,1,0,1,0,0,0,0,1,
1,1,1,1,1,1,0,1,0,1,0,0,1,1,0,0,1,0,0,1,0,1,0,1,1,
0,0,0,0,0,0,0,0,1,0,1,1,0,0,0,1,1,1,0,0,0,0,0,0,0,
0,1,0,0,0,0,1,1,1,1,1,1,0,0,0,0,0,1,1,0,1,0,1,0,0,
1,0,1,0,0,0,0,0,0,0,0,0,0,0,0,0,0,0,0,1,0,0,1,1,0,
1,0,1,1,0,1,0,0,1,0,0,0,1,0,0,0,1,0,0,0,0,0,0,0,0,
0,0,0,0,0,0,0,0,1,1,1,1,1,0,0,1,0,1,1,0,1,1,1,0,0,
0,1,1,0,1,1,1,0,1,0,1,0,1,1,0,0,1,0,0,1,1,1,0,0,1,
0,0,0,0,0,0,0,0,0,0,0,0,0,1,0,0,1,0,0,0,1,0,0,0,0,
0,1,0,0,0,0,0,1,1,0,1,1,0,0,1,0,0,1,0,0,0,0,1,0,0,
0,0,1,0,1,0,1,0,0,0,0,0,0,1,0,0,1,1,1,0,0,0,0,0,0,
0,0,1,0,1,1,0,0,1,0,0,1,0,0,0,0,1,1,0,0,0,0,0,0,0,
1,0,1,1,1,0,1,0,1,0,0,0,0,1,1,0,1,0,0,1,0,0,0,1,0,
0,0,0,0,0,0,0,1,1,1,0,1,0,0,1,0,0,0,0,0,0,0,1,0,0,
0,1,0,0,1,0,0,1,1,0,1,1,0,0,0,0,0,1,0,0,0,0,0,0,0,
Is Output Graph Empty or Complete?: 0
Ratio of Added Edges Over Added + Removed Edges: 1
Changes from Input to Output: 
Added Edge: (0, 11)
Added Edge: (0, 22)
Added Edge: (1, 4)
Added Edge: (2, 7)
Added Edge: (2, 8)
Added Edge: (2, 11)
Added Edge: (2, 15)
Added Edge: (2, 22)
Added Edge: (3, 8)
Added Edge: (3, 11)
Added Edge: (4, 10)
Added Edge: (4, 22)
Added Edge: (5, 8)
Added Edge: (7, 13)
Added Edge: (7, 19)
Added Edge: (8, 12)
Added Edge: (8, 13)
Added Edge: (8, 19)
Added Edge: (8, 21)
Added Edge: (8, 23)
Added Edge: (10, 16)
Added Edge: (11, 16)
Added Edge: (11, 23)
Added Edge: (11, 24)
Added Edge: (12, 17)
Added Edge: (13, 17)
Added Edge: (13, 20)
Added Edge: (13, 22)
Added Edge: (16, 20)
Added Edge: (17, 19)
========================
