========================
TIME_LIMIT_SECONDS: 900
ODD_HOLE_TERMINATION_PERCENTAGE: 999
N_THREADS: 24
IS_RUNNING_HEURISTIC_ON_CANDIDATE: 1
IS_RUNNING_HEURISTIC_ON_RELAXATION: 1
ADD_ALL_AT_START: 0
========================
Wall-Clock Runtime (ms): 902394
Calculated Odd Hole Termination Batch Size: 0
Total Time of All Workers in OddHoleAlg (nano): 484876351
Total Time of All Workers in OddHoleAlg (ms): 484
OddHoleAlg calls: 40
Number of Found Odd-Holes: 179925
Number of Found Odd Anti-Holes: 12684
Is Optimal? (1e-6): 0
Optimality Gap: 0.429326
Objective Value: 162
Number of Feasible Solutions Found: 1036
Number of Times Heuristic is Called: 2857
Total number of added OH and OHbar Cuts: 192609
Number of Explored B&C tree nodes: 14023
Number of Unexplored B&C tree nodes: 8838
========================
Input Graph:
Number of Vertices: 40
Erdos Renyi p Parameter: 0.25
Number of Edges: 195
Expected No of Odd Holes: 21547
Expected No of Odd Anti Holes: 3
ODD_HOLE_TERMINATION_BATCH_SIZE: 0
Graph Density: 0.25
0,0,0,0,0,0,1,1,1,0,0,0,0,0,0,0,1,0,0,1,1,1,1,0,0,0,0,0,0,1,0,0,0,0,0,0,0,0,0,0,
0,0,1,0,1,0,1,0,0,0,0,0,1,1,0,1,0,1,0,0,0,1,1,0,0,0,0,1,0,0,0,1,0,0,1,0,1,0,0,0,
0,1,0,0,0,0,0,0,1,1,0,0,1,0,0,0,0,1,0,0,0,0,0,1,0,1,0,0,0,0,0,0,0,1,0,0,0,0,1,0,
0,0,0,0,0,0,0,0,0,0,0,0,0,1,0,0,0,0,1,0,0,0,0,1,0,1,0,0,0,1,0,0,0,0,0,0,0,0,0,0,
0,1,0,0,0,0,1,0,0,0,1,0,0,0,0,0,0,0,0,1,0,1,1,0,0,0,1,0,0,0,1,0,0,0,1,0,0,0,1,0,
0,0,0,0,0,0,0,0,0,0,0,0,0,0,1,0,0,1,0,0,1,0,0,0,1,0,1,0,0,0,0,1,0,0,0,0,1,0,0,0,
1,1,0,0,1,0,0,0,0,0,1,1,0,1,0,0,0,0,0,0,0,0,0,0,1,1,0,0,0,0,0,0,0,0,0,0,1,0,0,0,
1,0,0,0,0,0,0,0,0,0,0,0,0,0,0,0,0,0,0,0,0,0,1,0,0,0,1,0,1,0,1,0,1,0,1,1,0,0,1,0,
1,0,1,0,0,0,0,0,0,0,0,1,0,1,0,1,1,0,1,1,0,0,0,1,0,0,0,0,0,0,0,0,0,0,0,0,0,1,0,1,
0,0,1,0,0,0,0,0,0,0,0,0,0,0,0,0,0,0,0,0,0,0,0,0,0,0,0,0,0,0,0,0,0,0,0,0,0,0,1,0,
0,0,0,0,1,0,1,0,0,0,0,1,0,0,1,0,0,0,0,1,0,0,1,1,0,0,0,0,1,0,1,1,0,0,0,0,1,0,0,0,
0,0,0,0,0,0,1,0,1,0,1,0,0,0,0,0,0,0,1,0,0,0,1,1,1,0,0,0,1,0,0,1,0,0,0,1,1,0,0,1,
0,1,1,0,0,0,0,0,0,0,0,0,0,0,0,0,0,0,1,0,1,1,0,1,1,0,0,0,0,0,0,0,0,0,0,1,1,0,0,0,
0,1,0,1,0,0,1,0,1,0,0,0,0,0,1,0,0,0,0,1,0,1,0,0,0,1,1,0,0,0,0,0,0,0,0,0,0,0,0,0,
0,0,0,0,0,1,0,0,0,0,1,0,0,1,0,1,0,0,1,1,0,0,0,0,1,0,0,0,0,0,0,0,1,0,0,0,1,0,0,0,
0,1,0,0,0,0,0,0,1,0,0,0,0,0,1,0,0,1,1,0,1,0,0,0,0,0,0,0,0,0,1,0,0,1,0,0,1,0,0,0,
1,0,0,0,0,0,0,0,1,0,0,0,0,0,0,0,0,0,1,0,0,1,1,0,0,0,0,0,0,1,0,1,0,0,0,0,0,1,0,0,
0,1,1,0,0,1,0,0,0,0,0,0,0,0,0,1,0,0,0,0,0,1,0,1,0,1,1,0,1,1,0,1,0,1,0,0,0,0,0,1,
0,0,0,1,0,0,0,0,1,0,0,1,1,0,1,1,1,0,0,0,1,0,0,1,0,0,0,0,1,1,1,1,0,0,0,0,0,0,1,0,
1,0,0,0,1,0,0,0,1,0,1,0,0,1,1,0,0,0,0,0,0,0,1,0,0,0,0,0,0,0,1,0,0,0,1,1,1,1,0,0,
1,0,0,0,0,1,0,0,0,0,0,0,1,0,0,1,0,0,1,0,0,0,1,0,0,0,0,0,1,1,1,0,0,1,0,0,0,0,1,1,
1,1,0,0,1,0,0,0,0,0,0,0,1,1,0,0,1,1,0,0,0,0,0,0,1,0,1,1,0,0,1,1,0,0,0,0,1,1,0,1,
1,1,0,0,1,0,0,1,0,0,1,1,0,0,0,0,1,0,0,1,1,0,0,0,1,1,0,0,1,0,0,0,0,1,0,0,1,0,0,0,
0,0,1,1,0,0,0,0,1,0,1,1,1,0,0,0,0,1,1,0,0,0,0,0,0,0,0,0,0,0,0,0,0,0,0,1,1,0,0,1,
0,0,0,0,0,1,1,0,0,0,0,1,1,0,1,0,0,0,0,0,0,1,1,0,0,1,0,0,0,0,0,0,0,0,1,0,0,1,0,0,
0,0,1,1,0,0,1,0,0,0,0,0,0,1,0,0,0,1,0,0,0,0,1,0,1,0,0,0,0,0,1,0,0,0,0,0,0,0,0,0,
0,0,0,0,1,1,0,1,0,0,0,0,0,1,0,0,0,1,0,0,0,1,0,0,0,0,0,1,0,0,1,1,0,0,1,0,0,1,0,0,
0,1,0,0,0,0,0,0,0,0,0,0,0,0,0,0,0,0,0,0,0,1,0,0,0,0,1,0,0,0,0,1,0,0,1,1,0,0,0,1,
0,0,0,0,0,0,0,1,0,0,1,1,0,0,0,0,0,1,1,0,1,0,1,0,0,0,0,0,0,0,0,0,0,1,1,0,0,0,0,0,
1,0,0,1,0,0,0,0,0,0,0,0,0,0,0,0,1,1,1,0,1,0,0,0,0,0,0,0,0,0,0,0,0,1,0,1,0,0,0,0,
0,0,0,0,1,0,0,1,0,0,1,0,0,0,0,1,0,0,1,1,1,1,0,0,0,1,1,0,0,0,0,0,0,0,0,0,0,1,0,0,
0,1,0,0,0,1,0,0,0,0,1,1,0,0,0,0,1,1,1,0,0,1,0,0,0,0,1,1,0,0,0,0,0,0,1,0,0,0,1,0,
0,0,0,0,0,0,0,1,0,0,0,0,0,0,1,0,0,0,0,0,0,0,0,0,0,0,0,0,0,0,0,0,0,0,0,1,0,0,0,0,
0,0,1,0,0,0,0,0,0,0,0,0,0,0,0,1,0,1,0,0,1,0,1,0,0,0,0,0,1,1,0,0,0,0,0,0,1,1,0,0,
0,1,0,0,1,0,0,1,0,0,0,0,0,0,0,0,0,0,0,1,0,0,0,0,1,0,1,1,1,0,0,1,0,0,0,0,1,0,0,0,
0,0,0,0,0,0,0,1,0,0,0,1,1,0,0,0,0,0,0,1,0,0,0,1,0,0,0,1,0,1,0,0,1,0,0,0,0,1,0,0,
0,1,0,0,0,1,1,0,0,0,1,1,1,0,1,1,0,0,0,1,0,1,1,1,0,0,0,0,0,0,0,0,0,1,1,0,0,1,1,0,
0,0,0,0,0,0,0,0,1,0,0,0,0,0,0,0,1,0,0,1,0,1,0,0,1,0,1,0,0,0,1,0,0,1,0,1,1,0,0,0,
0,0,1,0,1,0,0,1,0,1,0,0,0,0,0,0,0,0,1,0,1,0,0,0,0,0,0,0,0,0,0,1,0,0,0,0,1,0,0,0,
0,0,0,0,0,0,0,0,1,0,0,1,0,0,0,0,0,1,0,0,1,1,0,1,0,0,0,1,0,0,0,0,0,0,0,0,0,0,0,0,
========================
Output Graph: 
Number of Vertices: 40
Number of Edges: 357
Graph Density: 0.457692
0,1,0,0,0,0,1,1,1,0,0,0,0,0,0,0,1,0,1,1,1,1,1,1,1,0,1,0,0,1,0,0,0,0,0,0,0,1,0,0,
1,0,1,0,1,0,1,1,0,0,0,1,1,1,1,1,0,1,1,1,1,1,1,1,1,1,1,1,0,1,1,1,0,0,1,0,1,1,0,1,
0,1,0,0,1,0,0,1,1,1,1,0,1,1,0,0,0,1,1,0,1,0,0,1,1,1,0,0,0,1,1,1,0,1,0,1,1,0,1,0,
0,0,0,0,0,0,0,0,0,0,0,0,0,1,0,0,0,0,1,0,0,0,0,1,0,1,0,0,0,1,0,0,0,0,0,0,0,0,0,0,
0,1,1,0,0,0,1,1,0,0,1,0,0,0,0,0,0,0,1,1,1,1,1,1,0,0,1,0,0,0,1,0,0,0,1,0,0,0,1,0,
0,0,0,0,0,0,0,0,0,0,0,0,0,0,1,0,0,1,0,0,1,0,0,0,1,0,1,0,0,0,0,1,0,0,0,0,1,0,0,0,
1,1,0,0,1,0,0,1,1,0,1,1,0,1,0,0,0,1,1,0,1,0,1,0,1,1,0,0,0,1,1,1,0,1,1,1,1,0,0,1,
1,1,1,0,1,0,1,0,1,0,0,1,0,0,1,0,0,1,1,1,0,1,1,1,1,0,1,0,1,0,1,1,1,1,1,1,1,0,1,0,
1,0,1,0,0,0,1,1,0,0,0,1,0,1,1,1,1,0,1,1,1,1,1,1,0,1,1,0,0,1,0,1,0,0,1,0,0,1,0,1,
0,0,1,0,0,0,0,0,0,0,0,0,0,0,0,0,0,0,0,0,0,0,0,0,0,0,0,0,0,0,0,0,0,0,0,0,0,0,1,0,
0,0,1,0,1,0,1,0,0,0,0,1,0,0,1,0,0,1,1,1,0,1,1,1,0,0,1,0,1,0,1,1,0,0,1,0,1,0,0,0,
0,1,0,0,0,0,1,1,1,0,1,0,0,0,0,0,0,1,1,0,1,0,1,1,1,0,0,0,1,0,1,1,0,1,1,1,1,0,0,1,
0,1,1,0,0,0,0,0,0,0,0,0,0,0,0,0,0,0,1,0,1,1,0,1,1,0,0,0,0,0,0,0,0,0,0,1,1,0,0,0,
0,1,1,1,0,0,1,0,1,0,0,0,0,0,1,0,0,0,0,1,0,1,1,1,0,1,1,0,0,0,0,0,0,0,0,0,0,0,0,0,
0,1,0,0,0,1,0,1,1,0,1,0,0,1,0,1,0,1,1,1,1,0,0,0,1,0,0,0,0,1,1,1,1,1,0,1,1,0,0,0,
0,1,0,0,0,0,0,0,1,0,0,0,0,0,1,0,0,1,1,0,1,0,0,0,0,0,0,0,0,0,1,0,0,1,0,0,1,0,0,0,
1,0,0,0,0,0,0,0,1,0,0,0,0,0,0,0,0,0,1,0,0,1,1,0,0,0,0,0,0,1,0,1,0,0,0,0,0,1,0,0,
0,1,1,0,0,1,1,1,0,0,1,1,0,0,1,1,0,0,1,1,1,1,1,1,0,1,1,0,1,1,0,1,0,1,1,0,0,1,0,1,
1,1,1,1,1,0,1,1,1,0,1,1,1,0,1,1,1,1,0,1,1,1,1,1,1,0,1,0,1,1,1,1,0,1,0,1,1,0,1,0,
1,1,0,0,1,0,0,1,1,0,1,0,0,1,1,0,0,1,1,0,1,0,1,0,1,0,1,0,0,1,1,1,0,1,1,1,1,1,0,0,
1,1,1,0,1,1,1,0,1,0,0,1,1,0,1,1,0,1,1,1,0,1,1,1,1,0,1,0,1,1,1,1,0,1,1,1,1,0,1,1,
1,1,0,0,1,0,0,1,1,0,1,0,1,1,0,0,1,1,1,0,1,0,1,0,1,1,1,1,0,1,1,1,0,1,1,1,1,1,0,1,
1,1,0,0,1,0,1,1,1,0,1,1,0,1,0,0,1,1,1,1,1,1,0,1,1,1,1,0,1,1,1,1,0,1,0,1,1,0,0,0,
1,1,1,1,1,0,0,1,1,0,1,1,1,1,0,0,0,1,1,0,1,0,1,0,1,1,0,0,0,1,1,1,0,1,1,1,1,0,0,1,
1,1,1,0,0,1,1,1,0,0,0,1,1,0,1,0,0,0,1,1,1,1,1,1,0,1,1,0,0,1,0,1,0,0,1,0,0,1,0,0,
0,1,1,1,0,0,1,0,1,0,0,0,0,1,0,0,0,1,0,0,0,1,1,1,1,0,0,0,0,0,1,1,0,0,0,1,0,0,0,0,
1,1,0,0,1,1,0,1,1,0,1,0,0,1,0,0,0,1,1,1,1,1,1,0,1,0,0,1,0,1,1,1,0,1,1,1,1,1,0,1,
0,1,0,0,0,0,0,0,0,0,0,0,0,0,0,0,0,0,0,0,0,1,0,0,0,0,1,0,0,0,0,1,0,0,1,1,0,0,0,1,
0,0,0,0,0,0,0,1,0,0,1,1,0,0,0,0,0,1,1,0,1,0,1,0,0,0,0,0,0,0,0,0,0,1,1,0,0,0,0,0,
1,1,1,1,0,0,1,0,1,0,0,0,0,0,1,0,1,1,1,1,1,1,1,1,1,0,1,0,0,0,1,1,0,1,0,1,1,1,0,0,
0,1,1,0,1,0,1,1,0,0,1,1,0,0,1,1,0,0,1,1,1,1,1,1,0,1,1,0,0,1,0,1,0,1,1,0,0,1,1,0,
0,1,1,0,0,1,1,1,1,0,1,1,0,0,1,0,1,1,1,1,1,1,1,1,1,1,1,1,0,1,1,0,0,1,1,1,1,1,1,0,
0,0,0,0,0,0,0,1,0,0,0,0,0,0,1,0,0,0,0,0,0,0,0,0,0,0,0,0,0,0,0,0,0,0,0,1,0,0,0,0,
0,0,1,0,0,0,1,1,0,0,0,1,0,0,1,1,0,1,1,1,1,1,1,1,0,0,1,0,1,1,1,1,0,0,1,0,1,1,0,0,
0,1,0,0,1,0,1,1,1,0,1,1,0,0,0,0,0,1,0,1,1,1,0,1,1,0,1,1,1,0,1,1,0,1,0,1,1,0,0,1,
0,0,1,0,0,0,1,1,0,0,0,1,1,0,1,0,0,0,1,1,1,1,1,1,0,1,1,1,0,1,0,1,1,0,1,0,0,1,0,1,
0,1,1,0,0,1,1,1,0,0,1,1,1,0,1,1,0,0,1,1,1,1,1,1,0,0,1,0,0,1,0,1,0,1,1,0,0,1,1,0,
1,1,0,0,0,0,0,0,1,0,0,0,0,0,0,0,1,1,0,1,0,1,0,0,1,0,1,0,0,1,1,1,0,1,0,1,1,0,0,0,
0,0,1,0,1,0,0,1,0,1,0,0,0,0,0,0,0,0,1,0,1,0,0,0,0,0,0,0,0,0,1,1,0,0,0,0,1,0,0,0,
0,1,0,0,0,0,1,0,1,0,0,1,0,0,0,0,0,1,0,0,1,1,0,1,0,0,1,1,0,0,0,0,0,0,1,1,0,0,0,0,
Is Output Graph Empty or Complete?: 0
Ratio of Added Edges Over Added + Removed Edges: 1
Changes from Input to Output: 
Added Edge: (0, 1)
Added Edge: (0, 18)
Added Edge: (0, 23)
Added Edge: (0, 24)
Added Edge: (0, 26)
Added Edge: (0, 37)
Added Edge: (1, 7)
Added Edge: (1, 11)
Added Edge: (1, 14)
Added Edge: (1, 18)
Added Edge: (1, 19)
Added Edge: (1, 20)
Added Edge: (1, 23)
Added Edge: (1, 24)
Added Edge: (1, 25)
Added Edge: (1, 26)
Added Edge: (1, 29)
Added Edge: (1, 30)
Added Edge: (1, 37)
Added Edge: (1, 39)
Added Edge: (2, 4)
Added Edge: (2, 7)
Added Edge: (2, 10)
Added Edge: (2, 13)
Added Edge: (2, 18)
Added Edge: (2, 20)
Added Edge: (2, 24)
Added Edge: (2, 29)
Added Edge: (2, 30)
Added Edge: (2, 31)
Added Edge: (2, 35)
Added Edge: (2, 36)
Added Edge: (4, 7)
Added Edge: (4, 18)
Added Edge: (4, 20)
Added Edge: (4, 23)
Added Edge: (6, 7)
Added Edge: (6, 8)
Added Edge: (6, 17)
Added Edge: (6, 18)
Added Edge: (6, 20)
Added Edge: (6, 22)
Added Edge: (6, 29)
Added Edge: (6, 30)
Added Edge: (6, 31)
Added Edge: (6, 33)
Added Edge: (6, 34)
Added Edge: (6, 35)
Added Edge: (6, 39)
Added Edge: (7, 8)
Added Edge: (7, 11)
Added Edge: (7, 14)
Added Edge: (7, 17)
Added Edge: (7, 18)
Added Edge: (7, 19)
Added Edge: (7, 21)
Added Edge: (7, 23)
Added Edge: (7, 24)
Added Edge: (7, 31)
Added Edge: (7, 33)
Added Edge: (7, 36)
Added Edge: (8, 14)
Added Edge: (8, 20)
Added Edge: (8, 21)
Added Edge: (8, 22)
Added Edge: (8, 25)
Added Edge: (8, 26)
Added Edge: (8, 29)
Added Edge: (8, 31)
Added Edge: (8, 34)
Added Edge: (10, 17)
Added Edge: (10, 18)
Added Edge: (10, 21)
Added Edge: (10, 26)
Added Edge: (10, 34)
Added Edge: (11, 17)
Added Edge: (11, 20)
Added Edge: (11, 30)
Added Edge: (11, 33)
Added Edge: (11, 34)
Added Edge: (13, 22)
Added Edge: (13, 23)
Added Edge: (14, 17)
Added Edge: (14, 20)
Added Edge: (14, 29)
Added Edge: (14, 30)
Added Edge: (14, 31)
Added Edge: (14, 33)
Added Edge: (14, 35)
Added Edge: (17, 18)
Added Edge: (17, 19)
Added Edge: (17, 20)
Added Edge: (17, 22)
Added Edge: (17, 34)
Added Edge: (17, 37)
Added Edge: (18, 19)
Added Edge: (18, 21)
Added Edge: (18, 22)
Added Edge: (18, 24)
Added Edge: (18, 26)
Added Edge: (18, 33)
Added Edge: (18, 35)
Added Edge: (18, 36)
Added Edge: (19, 20)
Added Edge: (19, 24)
Added Edge: (19, 26)
Added Edge: (19, 29)
Added Edge: (19, 31)
Added Edge: (19, 33)
Added Edge: (20, 21)
Added Edge: (20, 23)
Added Edge: (20, 24)
Added Edge: (20, 26)
Added Edge: (20, 31)
Added Edge: (20, 34)
Added Edge: (20, 35)
Added Edge: (20, 36)
Added Edge: (21, 22)
Added Edge: (21, 25)
Added Edge: (21, 29)
Added Edge: (21, 33)
Added Edge: (21, 34)
Added Edge: (21, 35)
Added Edge: (22, 23)
Added Edge: (22, 26)
Added Edge: (22, 29)
Added Edge: (22, 30)
Added Edge: (22, 31)
Added Edge: (22, 35)
Added Edge: (23, 24)
Added Edge: (23, 25)
Added Edge: (23, 29)
Added Edge: (23, 30)
Added Edge: (23, 31)
Added Edge: (23, 33)
Added Edge: (23, 34)
Added Edge: (24, 26)
Added Edge: (24, 29)
Added Edge: (24, 31)
Added Edge: (25, 31)
Added Edge: (25, 35)
Added Edge: (26, 29)
Added Edge: (26, 33)
Added Edge: (26, 35)
Added Edge: (26, 36)
Added Edge: (26, 39)
Added Edge: (29, 30)
Added Edge: (29, 31)
Added Edge: (29, 36)
Added Edge: (29, 37)
Added Edge: (30, 31)
Added Edge: (30, 33)
Added Edge: (30, 34)
Added Edge: (30, 38)
Added Edge: (31, 33)
Added Edge: (31, 35)
Added Edge: (31, 36)
Added Edge: (31, 37)
Added Edge: (33, 34)
Added Edge: (34, 35)
Added Edge: (34, 39)
Added Edge: (35, 39)
========================
