========================
TIME_LIMIT_SECONDS: 900
ODD_HOLE_TERMINATION_PERCENTAGE: 999
N_THREADS: 24
IS_RUNNING_HEURISTIC_ON_CANDIDATE: 1
IS_RUNNING_HEURISTIC_ON_RELAXATION: 1
ADD_ALL_AT_START: 0
========================
Wall-Clock Runtime (ms): 901496
Calculated Odd Hole Termination Batch Size: 0
Total Time of All Workers in OddHoleAlg (nano): 460307810
Total Time of All Workers in OddHoleAlg (ms): 460
OddHoleAlg calls: 36
Number of Found Odd-Holes: 192485
Number of Found Odd Anti-Holes: 11339
Is Optimal? (1e-6): 0
Optimality Gap: 0.411073
Objective Value: 158
Number of Feasible Solutions Found: 840
Number of Times Heuristic is Called: 2797
Total number of added OH and OHbar Cuts: 203824
Number of Explored B&C tree nodes: 14064
Number of Unexplored B&C tree nodes: 8838
========================
Input Graph:
Number of Vertices: 40
Erdos Renyi p Parameter: 0.25
Number of Edges: 202
Expected No of Odd Holes: 21547
Expected No of Odd Anti Holes: 3
ODD_HOLE_TERMINATION_BATCH_SIZE: 0
Graph Density: 0.258974
0,0,0,1,0,0,0,0,0,0,1,1,0,0,1,0,1,0,1,0,0,0,0,0,0,0,1,0,0,0,1,0,1,0,1,0,0,0,0,1,
0,0,0,0,1,0,1,0,0,0,0,0,1,0,0,1,0,0,0,0,0,0,1,0,0,1,0,0,0,1,0,1,0,0,1,0,0,0,0,0,
0,0,0,0,0,1,0,0,0,0,0,1,0,0,1,0,0,1,0,0,0,0,0,0,0,0,1,0,0,0,0,0,0,0,1,0,0,0,0,0,
1,0,0,0,0,0,0,0,0,0,1,0,0,0,1,0,0,1,1,0,0,1,0,0,0,1,0,0,0,0,0,0,1,1,0,0,0,0,0,0,
0,1,0,0,0,0,0,0,0,0,0,0,0,1,1,0,1,0,0,0,0,0,1,0,0,0,0,0,0,0,0,0,1,0,0,0,0,0,0,1,
0,0,1,0,0,0,0,0,0,0,1,0,1,1,0,0,0,0,0,1,0,0,0,0,0,1,0,1,0,0,0,0,1,1,0,0,0,0,1,0,
0,1,0,0,0,0,0,1,0,0,0,0,0,0,0,0,0,1,0,0,0,0,0,0,0,0,0,0,0,0,0,0,0,0,0,0,0,1,0,0,
0,0,0,0,0,0,1,0,0,0,1,0,1,0,0,1,1,0,1,0,0,1,0,1,0,0,0,1,0,0,0,0,0,0,0,0,0,0,1,0,
0,0,0,0,0,0,0,0,0,1,0,0,0,0,0,0,0,0,1,0,1,1,0,0,0,1,0,1,0,0,0,0,1,1,0,0,1,0,0,1,
0,0,0,0,0,0,0,0,1,0,0,1,0,1,0,0,0,0,0,1,0,0,0,0,0,0,0,1,1,1,0,0,0,1,1,1,1,1,0,0,
1,0,0,1,0,1,0,1,0,0,0,0,0,1,0,0,1,1,1,0,1,1,1,1,0,0,0,0,0,0,1,0,0,0,0,0,1,0,0,0,
1,0,1,0,0,0,0,0,0,1,0,0,0,0,1,0,0,0,0,1,0,0,0,0,0,1,0,1,0,0,0,0,1,0,0,1,0,0,0,0,
0,1,0,0,0,1,0,1,0,0,0,0,0,0,1,0,0,0,0,0,0,1,0,0,0,0,1,0,1,0,0,1,0,0,1,0,1,0,0,1,
0,0,0,0,1,1,0,0,0,1,1,0,0,0,1,0,0,0,0,0,0,1,0,1,1,1,0,1,0,0,0,0,0,0,0,1,0,0,0,1,
1,0,1,1,1,0,0,0,0,0,0,1,1,1,0,0,0,0,0,0,1,0,0,0,0,1,0,1,0,0,0,1,0,0,0,1,1,1,0,0,
0,1,0,0,0,0,0,1,0,0,0,0,0,0,0,0,0,1,0,0,0,1,1,0,1,1,1,0,0,0,0,0,1,0,0,0,1,1,0,0,
1,0,0,0,1,0,0,1,0,0,1,0,0,0,0,0,0,0,1,1,0,0,1,0,0,0,0,0,1,0,0,1,0,1,1,0,0,1,0,0,
0,0,1,1,0,0,1,0,0,0,1,0,0,0,0,1,0,0,0,0,0,0,1,1,0,1,0,0,0,1,0,0,0,0,0,0,0,0,0,0,
1,0,0,1,0,0,0,1,1,0,1,0,0,0,0,0,1,0,0,0,0,0,1,0,0,0,0,0,0,0,1,0,0,1,0,0,1,1,1,1,
0,0,0,0,0,1,0,0,0,1,0,1,0,0,0,0,1,0,0,0,0,0,0,0,1,0,0,0,0,0,1,0,0,0,0,0,1,1,0,0,
0,0,0,0,0,0,0,0,1,0,1,0,0,0,1,0,0,0,0,0,0,0,0,0,0,1,0,0,0,0,0,0,1,1,1,0,0,0,0,0,
0,0,0,1,0,0,0,1,1,0,1,0,1,1,0,1,0,0,0,0,0,0,0,0,0,0,1,0,0,0,0,0,0,1,0,1,0,0,0,0,
0,1,0,0,1,0,0,0,0,0,1,0,0,0,0,1,1,1,1,0,0,0,0,1,1,0,1,0,0,1,0,0,0,1,0,0,1,1,0,0,
0,0,0,0,0,0,0,1,0,0,1,0,0,1,0,0,0,1,0,0,0,0,1,0,0,0,0,1,0,0,1,1,0,1,1,0,0,0,0,0,
0,0,0,0,0,0,0,0,0,0,0,0,0,1,0,1,0,0,0,1,0,0,1,0,0,0,0,0,1,1,0,0,1,0,1,0,0,1,1,0,
0,1,0,1,0,1,0,0,1,0,0,1,0,1,1,1,0,1,0,0,1,0,0,0,0,0,0,0,0,1,0,0,1,0,0,1,0,0,1,0,
1,0,1,0,0,0,0,0,0,0,0,0,1,0,0,1,0,0,0,0,0,1,1,0,0,0,0,0,0,0,0,0,1,0,0,0,0,1,0,0,
0,0,0,0,0,1,0,1,1,1,0,1,0,1,1,0,0,0,0,0,0,0,0,1,0,0,0,0,1,0,0,0,0,1,1,0,1,0,0,1,
0,0,0,0,0,0,0,0,0,1,0,0,1,0,0,0,1,0,0,0,0,0,0,0,1,0,0,1,0,0,0,0,0,1,0,0,0,0,0,0,
0,1,0,0,0,0,0,0,0,1,0,0,0,0,0,0,0,1,0,0,0,0,1,0,1,1,0,0,0,0,0,0,0,1,0,0,0,0,0,1,
1,0,0,0,0,0,0,0,0,0,1,0,0,0,0,0,0,0,1,1,0,0,0,1,0,0,0,0,0,0,0,0,0,1,0,0,0,0,0,1,
0,1,0,0,0,0,0,0,0,0,0,0,1,0,1,0,1,0,0,0,0,0,0,1,0,0,0,0,0,0,0,0,0,0,1,0,0,0,0,1,
1,0,0,1,1,1,0,0,1,0,0,1,0,0,0,1,0,0,0,0,1,0,0,0,1,1,1,0,0,0,0,0,0,0,1,0,0,0,1,0,
0,0,0,1,0,1,0,0,1,1,0,0,0,0,0,0,1,0,1,0,1,1,1,1,0,0,0,1,1,1,1,0,0,0,0,1,0,0,0,1,
1,1,1,0,0,0,0,0,0,1,0,0,1,0,0,0,1,0,0,0,1,0,0,1,1,0,0,1,0,0,0,1,1,0,0,0,0,1,0,0,
0,0,0,0,0,0,0,0,0,1,0,1,0,1,1,0,0,0,0,0,0,1,0,0,0,1,0,0,0,0,0,0,0,1,0,0,0,0,0,0,
0,0,0,0,0,0,0,0,1,1,1,0,1,0,1,1,0,0,1,1,0,0,1,0,0,0,0,1,0,0,0,0,0,0,0,0,0,0,1,0,
0,0,0,0,0,0,1,0,0,1,0,0,0,0,1,1,1,0,1,1,0,0,1,0,1,0,1,0,0,0,0,0,0,0,1,0,0,0,0,0,
0,0,0,0,0,1,0,1,0,0,0,0,0,0,0,0,0,0,1,0,0,0,0,0,1,1,0,0,0,0,0,0,1,0,0,0,1,0,0,0,
1,0,0,0,1,0,0,0,1,0,0,0,1,1,0,0,0,0,1,0,0,0,0,0,0,0,0,1,0,1,1,1,0,1,0,0,0,0,0,0,
========================
Output Graph: 
Number of Vertices: 40
Number of Edges: 360
Graph Density: 0.461538
0,1,0,1,0,0,0,1,0,1,1,1,0,1,1,0,1,1,1,0,0,1,0,1,1,0,1,0,0,0,1,0,1,0,1,0,0,0,0,1,
1,0,0,0,1,0,1,1,1,1,1,0,1,1,1,1,1,1,1,1,0,0,1,1,0,1,0,1,0,1,0,1,1,1,1,0,0,1,0,1,
0,0,0,0,0,1,0,1,0,1,0,1,0,1,1,0,0,1,1,0,0,1,0,0,1,0,1,0,0,0,0,0,0,0,1,0,1,0,1,0,
1,0,0,0,0,0,0,0,0,0,1,0,0,0,1,0,0,1,1,0,0,1,0,0,0,1,0,0,0,0,0,0,1,1,0,0,0,0,0,0,
0,1,0,0,0,0,0,0,0,0,0,0,0,1,1,0,1,0,0,0,0,0,1,0,0,0,0,0,0,0,0,0,1,0,0,0,0,0,0,1,
0,0,1,0,0,0,0,1,0,0,1,0,1,1,0,0,0,1,1,1,0,0,0,0,0,1,0,1,0,0,0,0,1,1,1,0,0,0,1,0,
0,1,0,0,0,0,0,1,0,0,0,0,0,0,0,0,1,1,0,0,0,0,0,0,0,0,0,0,0,0,0,0,0,0,0,0,0,1,0,0,
1,1,1,0,0,1,1,0,0,1,1,0,1,0,1,1,1,1,1,1,0,1,1,1,1,1,1,1,0,0,0,0,1,1,1,0,1,0,1,1,
0,1,0,0,0,0,0,0,0,1,1,0,0,0,0,0,0,0,1,0,1,1,0,0,1,1,0,1,0,0,0,0,1,1,1,0,1,0,0,1,
1,1,1,0,0,0,0,1,1,0,1,1,1,1,1,1,0,1,1,1,0,1,1,0,1,1,0,1,1,1,0,0,1,1,1,1,1,1,0,0,
1,1,0,1,0,1,0,1,1,1,0,1,0,1,1,0,1,1,1,0,1,1,1,1,1,0,1,0,0,0,1,0,1,1,1,0,1,0,0,1,
1,0,1,0,0,0,0,0,0,1,1,0,0,0,1,0,0,0,0,1,0,0,0,0,0,1,0,1,0,0,0,0,1,1,0,1,0,0,0,0,
0,1,0,0,0,1,0,1,0,1,0,0,0,0,1,0,1,0,0,0,0,1,0,1,1,0,1,0,1,0,0,1,0,0,1,0,1,0,0,1,
1,1,1,0,1,1,0,0,0,1,1,0,0,0,1,0,1,0,0,1,0,1,1,1,1,1,1,1,0,0,0,0,1,1,0,1,1,0,0,1,
1,1,1,1,1,0,0,1,0,1,1,1,1,1,0,1,0,1,1,1,1,1,1,0,1,1,0,1,1,1,0,1,1,1,1,1,1,1,0,1,
0,1,0,0,0,0,0,1,0,1,0,0,0,0,1,0,1,1,0,1,0,1,1,0,1,1,1,0,0,0,0,0,1,0,0,0,1,1,0,0,
1,1,0,0,1,0,1,1,0,0,1,0,1,1,0,1,0,1,1,1,0,0,1,0,1,1,0,1,1,0,0,1,1,1,1,0,0,1,0,0,
1,1,1,1,0,1,1,1,0,1,1,0,0,0,1,1,1,0,0,1,0,1,1,1,1,1,1,1,0,1,0,0,1,1,0,0,1,1,0,1,
1,1,1,1,0,1,0,1,1,1,1,0,0,0,1,0,1,0,0,1,0,1,1,1,1,1,1,1,0,1,1,0,1,1,0,0,1,1,1,1,
0,1,0,0,0,1,0,1,0,1,0,1,0,1,1,1,1,1,1,0,0,1,1,1,1,0,1,0,0,0,1,0,1,0,1,0,1,1,0,1,
0,0,0,0,0,0,0,0,1,0,1,0,0,0,1,0,0,0,0,0,0,0,0,0,0,1,0,0,0,0,0,0,1,1,1,0,0,0,0,0,
1,0,1,1,0,0,0,1,1,1,1,0,1,1,1,1,0,1,1,1,0,0,1,0,0,1,1,1,0,0,0,0,1,1,1,1,0,1,0,0,
0,1,0,0,1,0,0,1,0,1,1,0,0,1,1,1,1,1,1,1,0,1,0,1,1,1,1,0,0,1,0,0,0,1,1,0,1,1,0,1,
1,1,0,0,0,0,0,1,0,0,1,0,1,1,0,0,0,1,1,1,0,0,1,0,0,1,0,1,0,0,1,1,1,1,1,0,0,0,0,0,
1,0,1,0,0,0,0,1,1,1,1,0,1,1,1,1,1,1,1,1,0,0,1,0,0,1,0,1,1,1,0,0,1,1,1,0,0,1,1,1,
0,1,0,1,0,1,0,1,1,1,0,1,0,1,1,1,1,1,1,0,1,1,1,1,1,0,1,0,0,1,0,0,1,0,1,1,1,0,1,1,
1,0,1,0,0,0,0,1,0,0,1,0,1,1,0,1,0,1,1,1,0,1,1,0,0,1,0,1,0,0,0,0,1,1,1,0,0,1,0,0,
0,1,0,0,0,1,0,1,1,1,0,1,0,1,1,0,1,1,1,0,0,1,0,1,1,0,1,0,1,0,0,0,0,1,1,0,1,0,0,1,
0,0,0,0,0,0,0,0,0,1,0,0,1,0,1,0,1,0,0,0,0,0,0,0,1,0,0,1,0,0,0,0,0,1,0,0,0,0,0,0,
0,1,0,0,0,0,0,0,0,1,0,0,0,0,1,0,0,1,1,0,0,0,1,0,1,1,0,0,0,0,0,0,0,1,0,0,0,0,0,1,
1,0,0,0,0,0,0,0,0,0,1,0,0,0,0,0,0,0,1,1,0,0,0,1,0,0,0,0,0,0,0,0,0,1,0,0,0,0,0,1,
0,1,0,0,0,0,0,0,0,0,0,0,1,0,1,0,1,0,0,0,0,0,0,1,0,0,0,0,0,0,0,0,0,0,1,0,0,0,0,1,
1,1,0,1,1,1,0,1,1,1,1,1,0,1,1,1,1,1,1,1,1,1,0,1,1,1,1,0,0,0,0,0,0,1,1,0,1,0,1,1,
0,1,0,1,0,1,0,1,1,1,1,1,0,1,1,0,1,1,1,0,1,1,1,1,1,0,1,1,1,1,1,0,1,0,1,1,1,0,0,1,
1,1,1,0,0,1,0,1,1,1,1,0,1,0,1,0,1,0,0,1,1,1,1,1,1,1,1,1,0,0,0,1,1,1,0,0,1,1,0,1,
0,0,0,0,0,0,0,0,0,1,0,1,0,1,1,0,0,0,0,0,0,1,0,0,0,1,0,0,0,0,0,0,0,1,0,0,0,0,0,0,
0,0,1,0,0,0,0,1,1,1,1,0,1,1,1,1,0,1,1,1,0,0,1,0,0,1,0,1,0,0,0,0,1,1,1,0,0,0,1,0,
0,1,0,0,0,0,1,0,0,1,0,0,0,0,1,1,1,1,1,1,0,1,1,0,1,0,1,0,0,0,0,0,0,0,1,0,0,0,0,0,
0,0,1,0,0,1,0,1,0,0,0,0,0,0,0,0,0,0,1,0,0,0,0,0,1,1,0,0,0,0,0,0,1,0,0,0,1,0,0,0,
1,1,0,0,1,0,0,1,1,0,1,0,1,1,1,0,0,1,1,1,0,0,1,0,1,1,0,1,0,1,1,1,1,1,1,0,0,0,0,0,
Is Output Graph Empty or Complete?: 0
Ratio of Added Edges Over Added + Removed Edges: 1
Changes from Input to Output: 
Added Edge: (0, 1)
Added Edge: (0, 7)
Added Edge: (0, 9)
Added Edge: (0, 13)
Added Edge: (0, 17)
Added Edge: (0, 21)
Added Edge: (0, 23)
Added Edge: (0, 24)
Added Edge: (1, 7)
Added Edge: (1, 8)
Added Edge: (1, 9)
Added Edge: (1, 10)
Added Edge: (1, 13)
Added Edge: (1, 14)
Added Edge: (1, 16)
Added Edge: (1, 17)
Added Edge: (1, 18)
Added Edge: (1, 19)
Added Edge: (1, 23)
Added Edge: (1, 27)
Added Edge: (1, 32)
Added Edge: (1, 33)
Added Edge: (1, 37)
Added Edge: (1, 39)
Added Edge: (2, 7)
Added Edge: (2, 9)
Added Edge: (2, 13)
Added Edge: (2, 18)
Added Edge: (2, 21)
Added Edge: (2, 24)
Added Edge: (2, 36)
Added Edge: (2, 38)
Added Edge: (5, 7)
Added Edge: (5, 17)
Added Edge: (5, 18)
Added Edge: (5, 34)
Added Edge: (6, 16)
Added Edge: (7, 9)
Added Edge: (7, 14)
Added Edge: (7, 17)
Added Edge: (7, 19)
Added Edge: (7, 22)
Added Edge: (7, 24)
Added Edge: (7, 25)
Added Edge: (7, 26)
Added Edge: (7, 32)
Added Edge: (7, 33)
Added Edge: (7, 34)
Added Edge: (7, 36)
Added Edge: (7, 39)
Added Edge: (8, 10)
Added Edge: (8, 24)
Added Edge: (8, 34)
Added Edge: (9, 10)
Added Edge: (9, 12)
Added Edge: (9, 14)
Added Edge: (9, 15)
Added Edge: (9, 17)
Added Edge: (9, 18)
Added Edge: (9, 21)
Added Edge: (9, 22)
Added Edge: (9, 24)
Added Edge: (9, 25)
Added Edge: (9, 32)
Added Edge: (10, 11)
Added Edge: (10, 14)
Added Edge: (10, 24)
Added Edge: (10, 26)
Added Edge: (10, 32)
Added Edge: (10, 33)
Added Edge: (10, 34)
Added Edge: (10, 39)
Added Edge: (11, 33)
Added Edge: (12, 16)
Added Edge: (12, 23)
Added Edge: (12, 24)
Added Edge: (13, 16)
Added Edge: (13, 19)
Added Edge: (13, 22)
Added Edge: (13, 26)
Added Edge: (13, 32)
Added Edge: (13, 33)
Added Edge: (13, 36)
Added Edge: (14, 15)
Added Edge: (14, 17)
Added Edge: (14, 18)
Added Edge: (14, 19)
Added Edge: (14, 21)
Added Edge: (14, 22)
Added Edge: (14, 24)
Added Edge: (14, 28)
Added Edge: (14, 29)
Added Edge: (14, 32)
Added Edge: (14, 33)
Added Edge: (14, 34)
Added Edge: (14, 39)
Added Edge: (15, 16)
Added Edge: (15, 19)
Added Edge: (16, 17)
Added Edge: (16, 24)
Added Edge: (16, 25)
Added Edge: (16, 27)
Added Edge: (16, 32)
Added Edge: (17, 19)
Added Edge: (17, 21)
Added Edge: (17, 24)
Added Edge: (17, 26)
Added Edge: (17, 27)
Added Edge: (17, 32)
Added Edge: (17, 33)
Added Edge: (17, 36)
Added Edge: (17, 37)
Added Edge: (17, 39)
Added Edge: (18, 19)
Added Edge: (18, 21)
Added Edge: (18, 23)
Added Edge: (18, 24)
Added Edge: (18, 25)
Added Edge: (18, 26)
Added Edge: (18, 27)
Added Edge: (18, 29)
Added Edge: (18, 32)
Added Edge: (19, 21)
Added Edge: (19, 22)
Added Edge: (19, 23)
Added Edge: (19, 26)
Added Edge: (19, 32)
Added Edge: (19, 34)
Added Edge: (19, 39)
Added Edge: (21, 22)
Added Edge: (21, 25)
Added Edge: (21, 27)
Added Edge: (21, 32)
Added Edge: (21, 34)
Added Edge: (21, 37)
Added Edge: (22, 25)
Added Edge: (22, 34)
Added Edge: (22, 39)
Added Edge: (23, 25)
Added Edge: (23, 32)
Added Edge: (24, 25)
Added Edge: (24, 27)
Added Edge: (24, 33)
Added Edge: (24, 39)
Added Edge: (25, 26)
Added Edge: (25, 34)
Added Edge: (25, 36)
Added Edge: (25, 39)
Added Edge: (26, 27)
Added Edge: (26, 33)
Added Edge: (26, 34)
Added Edge: (32, 33)
Added Edge: (32, 36)
Added Edge: (32, 39)
Added Edge: (33, 34)
Added Edge: (33, 36)
Added Edge: (34, 36)
Added Edge: (34, 39)
========================
