========================
TIME_LIMIT_SECONDS: 900
ODD_HOLE_TERMINATION_PERCENTAGE: 999
N_THREADS: 24
IS_RUNNING_HEURISTIC_ON_CANDIDATE: 1
IS_RUNNING_HEURISTIC_ON_RELAXATION: 1
ADD_ALL_AT_START: 0
========================
Wall-Clock Runtime (ms): 901876
Calculated Odd Hole Termination Batch Size: 0
Total Time of All Workers in OddHoleAlg (nano): 261180720
Total Time of All Workers in OddHoleAlg (ms): 261
OddHoleAlg calls: 40
Number of Found Odd-Holes: 55984
Number of Found Odd Anti-Holes: 69567
Is Optimal? (1e-6): 0
Optimality Gap: 0.482916
Objective Value: 123
Number of Feasible Solutions Found: 3200
Number of Times Heuristic is Called: 5681
Total number of added OH and OHbar Cuts: 125551
Number of Explored B&C tree nodes: 28598
Number of Unexplored B&C tree nodes: 17364
========================
Input Graph:
Number of Vertices: 35
Erdos Renyi p Parameter: 0.5
Number of Edges: 285
Expected No of Odd Holes: 4979
Expected No of Odd Anti Holes: 1175
ODD_HOLE_TERMINATION_BATCH_SIZE: 0
Graph Density: 0.478992
0,0,0,0,0,0,1,0,1,1,0,1,1,0,1,1,0,1,1,0,0,0,0,1,0,1,0,0,0,0,1,1,0,1,1,
0,0,0,0,0,1,1,0,0,1,0,1,1,0,0,0,1,1,1,1,0,1,0,0,0,0,1,0,0,0,1,0,1,0,0,
0,0,0,1,0,1,0,0,0,1,1,1,1,0,0,0,0,0,1,0,1,0,0,1,0,1,0,1,1,1,0,0,0,1,1,
0,0,1,0,0,0,0,1,1,1,1,0,0,1,0,1,0,1,1,0,0,1,1,1,0,1,0,1,0,0,1,0,1,0,0,
0,0,0,0,0,0,1,0,1,0,1,0,1,1,1,1,0,1,0,0,0,1,0,1,0,1,1,1,1,0,0,1,0,1,0,
0,1,1,0,0,0,1,1,1,0,1,0,0,1,1,1,0,0,0,1,1,0,0,1,0,1,1,0,1,1,0,1,0,1,0,
1,1,0,0,1,1,0,1,0,0,1,1,1,0,0,0,1,0,1,1,0,1,1,0,1,0,0,1,1,0,0,1,1,1,0,
0,0,0,1,0,1,1,0,1,0,1,1,1,1,1,0,0,0,0,0,0,0,1,0,1,0,0,0,1,1,0,1,0,1,0,
1,0,0,1,1,1,0,1,0,0,1,1,0,1,1,0,1,0,0,0,1,1,1,1,1,0,1,1,0,0,1,0,1,1,0,
1,1,1,1,0,0,0,0,0,0,0,0,1,1,1,1,0,0,1,0,1,0,1,0,0,1,0,1,0,0,0,0,0,1,0,
0,0,1,1,1,1,1,1,1,0,0,0,0,1,0,1,0,1,0,1,0,1,1,1,1,0,0,1,1,1,1,0,0,0,1,
1,1,1,0,0,0,1,1,1,0,0,0,1,0,0,1,0,1,0,0,1,1,0,1,0,1,1,1,0,1,0,1,0,0,0,
1,1,1,0,1,0,1,1,0,1,0,1,0,0,1,0,0,1,1,0,0,0,1,1,0,0,0,0,0,1,1,0,1,1,0,
0,0,0,1,1,1,0,1,1,1,1,0,0,0,0,0,0,1,1,0,1,0,1,0,0,1,0,1,0,0,1,0,1,1,0,
1,0,0,0,1,1,0,1,1,1,0,0,1,0,0,1,0,0,1,1,1,0,0,1,1,0,1,0,1,0,1,1,0,0,1,
1,0,0,1,1,1,0,0,0,1,1,1,0,0,1,0,1,0,0,1,1,0,0,0,0,0,1,1,0,0,0,1,0,0,1,
0,1,0,0,0,0,1,0,1,0,0,0,0,0,0,1,0,1,1,0,0,0,0,0,0,1,0,0,1,0,1,1,1,0,0,
1,1,0,1,1,0,0,0,0,0,1,1,1,1,0,0,1,0,0,0,1,0,1,0,0,1,0,0,0,1,0,0,1,1,0,
1,1,1,1,0,0,1,0,0,1,0,0,1,1,1,0,1,0,0,1,0,0,1,0,0,1,1,1,0,1,0,0,0,0,0,
0,1,0,0,0,1,1,0,0,0,1,0,0,0,1,1,0,0,1,0,1,0,1,1,1,0,1,1,0,1,1,0,0,0,1,
0,0,1,0,0,1,0,0,1,1,0,1,0,1,1,1,0,1,0,1,0,1,1,0,0,0,1,1,1,1,0,1,1,0,1,
0,1,0,1,1,0,1,0,1,0,1,1,0,0,0,0,0,0,0,0,1,0,0,1,1,1,1,0,0,0,0,1,1,1,0,
0,0,0,1,0,0,1,1,1,1,1,0,1,1,0,0,0,1,1,1,1,0,0,0,0,1,0,0,0,1,0,1,1,0,0,
1,0,1,1,1,1,0,0,1,0,1,1,1,0,1,0,0,0,0,1,0,1,0,0,1,1,1,1,0,0,1,1,1,0,1,
0,0,0,0,0,0,1,1,1,0,1,0,0,0,1,0,0,0,0,1,0,1,0,1,0,1,1,1,0,0,0,1,0,0,1,
1,0,1,1,1,1,0,0,0,1,0,1,0,1,0,0,1,1,1,0,0,1,1,1,1,0,0,1,1,1,1,1,1,0,0,
0,1,0,0,1,1,0,0,1,0,0,1,0,0,1,1,0,0,1,1,1,1,0,1,1,0,0,0,1,0,1,0,1,1,0,
0,0,1,1,1,0,1,0,1,1,1,1,0,1,0,1,0,0,1,1,1,0,0,1,1,1,0,0,1,0,1,1,0,0,0,
0,0,1,0,1,1,1,1,0,0,1,0,0,0,1,0,1,0,0,0,1,0,0,0,0,1,1,1,0,0,1,0,0,1,1,
0,0,1,0,0,1,0,1,0,0,1,1,1,0,0,0,0,1,1,1,1,0,1,0,0,1,0,0,0,0,0,0,1,0,0,
1,1,0,1,0,0,0,0,1,0,1,0,1,1,1,0,1,0,0,1,0,0,0,1,0,1,1,1,1,0,0,1,1,0,0,
1,0,0,0,1,1,1,1,0,0,0,1,0,0,1,1,1,0,0,0,1,1,1,1,1,1,0,1,0,0,1,0,1,0,1,
0,1,0,1,0,0,1,0,1,0,0,0,1,1,0,0,1,1,0,0,1,1,1,1,0,1,1,0,0,1,1,1,0,0,1,
1,0,1,0,1,1,1,1,1,1,0,0,1,1,0,0,0,1,0,0,0,1,0,0,0,0,1,0,1,0,0,0,0,0,0,
1,0,1,0,0,0,0,0,0,0,1,0,0,0,1,1,0,0,0,1,1,0,0,1,1,0,0,0,1,0,0,1,1,0,0,
========================
Output Graph: 
Number of Vertices: 35
Number of Edges: 408
Graph Density: 0.685714
0,1,1,1,0,0,1,0,1,1,1,1,1,1,1,1,0,1,1,0,1,1,1,1,0,1,1,1,1,1,1,1,0,1,1,
1,0,0,0,0,1,1,1,0,1,1,1,1,0,0,0,1,1,1,1,1,1,0,0,0,0,1,0,0,0,1,0,1,0,0,
1,0,0,1,1,1,1,1,0,1,1,1,1,0,0,0,1,1,1,1,1,1,1,1,0,1,1,1,1,1,1,0,1,1,1,
1,0,1,0,0,0,1,1,1,1,1,0,1,1,0,1,0,1,1,1,1,1,1,1,0,1,1,1,1,1,1,0,1,0,0,
0,0,1,0,0,0,1,0,1,0,1,0,1,1,1,1,0,1,0,0,0,1,0,1,0,1,1,1,1,0,0,1,0,1,0,
0,1,1,0,0,0,1,1,1,0,1,0,1,1,1,1,0,1,0,1,1,0,0,1,0,1,1,1,1,1,0,1,0,1,0,
1,1,1,1,1,1,0,1,1,1,1,1,1,0,0,0,1,1,1,1,1,1,1,0,1,1,1,1,1,0,1,1,1,1,0,
0,1,1,1,0,1,1,0,1,0,1,1,1,1,1,1,0,1,0,0,1,1,1,1,1,1,1,1,1,1,0,1,0,1,1,
1,0,0,1,1,1,1,1,0,1,1,1,0,1,1,0,1,1,1,1,1,1,1,1,1,1,1,1,0,0,1,0,1,1,1,
1,1,1,1,0,0,1,0,1,0,1,0,1,1,1,1,0,1,1,0,1,0,1,1,0,1,1,1,1,1,0,1,0,1,0,
1,1,1,1,1,1,1,1,1,1,0,0,1,1,1,1,0,1,1,1,1,1,1,1,1,1,1,1,1,1,1,1,1,0,1,
1,1,1,0,0,0,1,1,1,0,0,0,1,1,0,1,0,1,0,0,1,1,0,1,0,1,1,1,1,1,0,1,0,0,0,
1,1,1,1,1,1,1,1,0,1,1,1,0,0,1,0,1,1,1,1,1,1,1,1,0,1,1,1,0,1,1,0,1,1,1,
1,0,0,1,1,1,0,1,1,1,1,1,0,0,0,0,0,1,1,1,1,1,1,0,0,1,0,1,0,0,1,0,1,1,0,
1,0,0,0,1,1,0,1,1,1,1,0,1,0,0,1,0,0,1,1,1,1,0,1,1,0,1,0,1,0,1,1,1,0,1,
1,0,0,1,1,1,0,1,0,1,1,1,0,0,1,0,1,0,1,1,1,1,0,0,1,0,1,1,0,0,1,1,1,0,1,
0,1,1,0,0,0,1,0,1,0,0,0,1,0,0,1,0,1,1,0,0,0,0,1,0,1,0,0,1,0,1,1,1,0,0,
1,1,1,1,1,1,1,1,1,1,1,1,1,1,0,0,1,0,1,1,1,1,1,0,0,1,1,1,1,1,1,0,1,1,0,
1,1,1,1,0,0,1,0,1,1,1,0,1,1,1,1,1,1,0,1,0,0,1,1,0,1,1,1,1,1,0,1,1,0,0,
0,1,1,1,0,1,1,0,1,0,1,0,1,1,1,1,0,1,1,0,1,1,1,1,1,1,1,1,1,1,1,1,0,1,1,
1,1,1,1,0,1,1,1,1,1,1,1,1,1,1,1,0,1,0,1,0,1,1,1,0,1,1,1,1,1,0,1,1,0,1,
1,1,1,1,1,0,1,1,1,0,1,1,1,1,1,1,0,1,0,1,1,0,0,1,1,1,1,1,1,1,0,1,1,1,0,
1,0,1,1,0,0,1,1,1,1,1,0,1,1,0,0,0,1,1,1,1,0,0,0,0,1,1,0,1,1,0,1,1,0,0,
1,0,1,1,1,1,0,1,1,1,1,1,1,0,1,0,1,0,1,1,1,1,0,0,1,1,1,1,0,0,1,1,1,0,1,
0,0,0,0,0,0,1,1,1,0,1,0,0,0,1,1,0,0,0,1,0,1,0,1,0,1,1,1,0,0,0,1,0,0,1,
1,0,1,1,1,1,1,1,1,1,1,1,1,1,0,0,1,1,1,1,1,1,1,1,1,0,1,1,1,1,1,1,1,0,0,
1,1,1,1,1,1,1,1,1,1,1,1,1,0,1,1,0,1,1,1,1,1,1,1,1,1,0,1,1,0,1,1,1,1,0,
1,0,1,1,1,1,1,1,1,1,1,1,1,1,0,1,0,1,1,1,1,1,0,1,1,1,1,0,1,0,1,1,1,0,0,
1,0,1,1,1,1,1,1,0,1,1,1,0,0,1,0,1,1,1,1,1,1,1,0,0,1,1,1,0,0,1,0,1,1,1,
1,0,1,1,0,1,0,1,0,1,1,1,1,0,0,0,0,1,1,1,1,1,1,0,0,1,0,0,0,0,1,0,1,0,0,
1,1,1,1,0,0,1,0,1,0,1,0,1,1,1,1,1,1,0,1,0,0,0,1,0,1,1,1,1,1,0,1,1,0,0,
1,0,0,0,1,1,1,1,0,1,1,1,0,0,1,1,1,0,1,1,1,1,1,1,1,1,1,1,0,0,1,0,1,0,1,
0,1,1,1,0,0,1,0,1,0,1,0,1,1,1,1,1,1,1,0,1,1,1,1,0,1,1,1,1,1,1,1,0,1,1,
1,0,1,0,1,1,1,1,1,1,0,0,1,1,0,0,0,1,0,1,0,1,0,0,0,0,1,0,1,0,0,0,1,0,0,
1,0,1,0,0,0,0,1,1,0,1,0,1,0,1,1,0,0,0,1,1,0,0,1,1,0,0,0,1,0,0,1,1,0,0,
Is Output Graph Empty or Complete?: 0
Ratio of Added Edges Over Added + Removed Edges: 1
Changes from Input to Output: 
Added Edge: (0, 1)
Added Edge: (0, 2)
Added Edge: (0, 3)
Added Edge: (0, 10)
Added Edge: (0, 13)
Added Edge: (0, 20)
Added Edge: (0, 21)
Added Edge: (0, 22)
Added Edge: (0, 26)
Added Edge: (0, 27)
Added Edge: (0, 28)
Added Edge: (0, 29)
Added Edge: (1, 7)
Added Edge: (1, 10)
Added Edge: (1, 20)
Added Edge: (2, 4)
Added Edge: (2, 6)
Added Edge: (2, 7)
Added Edge: (2, 16)
Added Edge: (2, 17)
Added Edge: (2, 19)
Added Edge: (2, 21)
Added Edge: (2, 22)
Added Edge: (2, 26)
Added Edge: (2, 30)
Added Edge: (2, 32)
Added Edge: (3, 6)
Added Edge: (3, 12)
Added Edge: (3, 19)
Added Edge: (3, 20)
Added Edge: (3, 26)
Added Edge: (3, 28)
Added Edge: (3, 29)
Added Edge: (5, 12)
Added Edge: (5, 17)
Added Edge: (5, 27)
Added Edge: (6, 8)
Added Edge: (6, 9)
Added Edge: (6, 17)
Added Edge: (6, 20)
Added Edge: (6, 25)
Added Edge: (6, 26)
Added Edge: (6, 30)
Added Edge: (7, 15)
Added Edge: (7, 17)
Added Edge: (7, 20)
Added Edge: (7, 21)
Added Edge: (7, 23)
Added Edge: (7, 25)
Added Edge: (7, 26)
Added Edge: (7, 27)
Added Edge: (7, 34)
Added Edge: (8, 9)
Added Edge: (8, 17)
Added Edge: (8, 18)
Added Edge: (8, 19)
Added Edge: (8, 25)
Added Edge: (8, 34)
Added Edge: (9, 10)
Added Edge: (9, 17)
Added Edge: (9, 23)
Added Edge: (9, 26)
Added Edge: (9, 28)
Added Edge: (9, 29)
Added Edge: (9, 31)
Added Edge: (10, 12)
Added Edge: (10, 14)
Added Edge: (10, 18)
Added Edge: (10, 20)
Added Edge: (10, 25)
Added Edge: (10, 26)
Added Edge: (10, 31)
Added Edge: (10, 32)
Added Edge: (11, 13)
Added Edge: (11, 28)
Added Edge: (12, 16)
Added Edge: (12, 19)
Added Edge: (12, 20)
Added Edge: (12, 21)
Added Edge: (12, 25)
Added Edge: (12, 26)
Added Edge: (12, 27)
Added Edge: (12, 34)
Added Edge: (13, 19)
Added Edge: (13, 21)
Added Edge: (14, 21)
Added Edge: (14, 32)
Added Edge: (15, 18)
Added Edge: (15, 21)
Added Edge: (15, 24)
Added Edge: (15, 30)
Added Edge: (15, 32)
Added Edge: (16, 23)
Added Edge: (17, 18)
Added Edge: (17, 19)
Added Edge: (17, 21)
Added Edge: (17, 26)
Added Edge: (17, 27)
Added Edge: (17, 28)
Added Edge: (17, 30)
Added Edge: (18, 23)
Added Edge: (18, 28)
Added Edge: (18, 31)
Added Edge: (18, 32)
Added Edge: (19, 21)
Added Edge: (19, 25)
Added Edge: (19, 28)
Added Edge: (19, 31)
Added Edge: (19, 33)
Added Edge: (20, 23)
Added Edge: (20, 25)
Added Edge: (21, 27)
Added Edge: (21, 28)
Added Edge: (21, 29)
Added Edge: (22, 26)
Added Edge: (22, 28)
Added Edge: (25, 26)
Added Edge: (26, 27)
Added Edge: (26, 31)
Added Edge: (27, 32)
Added Edge: (28, 32)
Added Edge: (29, 30)
Added Edge: (32, 33)
========================
