========================
TIME_LIMIT_SECONDS: 900
ODD_HOLE_TERMINATION_PERCENTAGE: 999
N_THREADS: 24
IS_RUNNING_HEURISTIC_ON_CANDIDATE: 1
IS_RUNNING_HEURISTIC_ON_RELAXATION: 0
ADD_ALL_AT_START: 0
========================
Wall-Clock Runtime (ms): 2895
Calculated Odd Hole Termination Batch Size: 0
Total Time of All Workers in OddHoleAlg (nano): 23096637
Total Time of All Workers in OddHoleAlg (ms): 23
OddHoleAlg calls: 72
Number of Found Odd-Holes: 6935
Number of Found Odd Anti-Holes: 352
Is Optimal? (1e-6): 1
Optimality Gap: 0
Objective Value: 32
Number of Feasible Solutions Found: 24
Number of Times Heuristic is Called: 32
Total number of added OH and OHbar Cuts: 7287
Number of Explored B&C tree nodes: 9760
Number of Unexplored B&C tree nodes: 0
========================
Input Graph:
Number of Vertices: 25
Erdos Renyi p Parameter: 0.25
Number of Edges: 86
Expected No of Odd Holes: 408
Expected No of Odd Anti Holes: 0
ODD_HOLE_TERMINATION_BATCH_SIZE: 0
Graph Density: 0.286667
0,1,1,0,1,0,0,1,1,1,0,0,0,1,0,0,0,1,0,0,0,0,0,0,0,
1,0,0,0,0,1,0,0,1,0,1,0,0,0,0,1,0,0,1,0,1,0,0,1,0,
1,0,0,0,1,0,0,0,0,0,1,0,0,0,0,0,1,1,0,0,1,0,1,0,1,
0,0,0,0,0,0,1,0,1,0,0,1,0,0,0,1,0,0,0,0,0,1,1,1,0,
1,0,1,0,0,0,0,0,1,0,1,0,1,0,0,0,0,1,0,1,0,1,0,0,0,
0,1,0,0,0,0,0,0,0,0,0,0,0,1,0,0,0,0,0,1,1,0,0,0,1,
0,0,0,1,0,0,0,0,0,0,0,0,0,1,1,0,0,1,0,1,0,0,0,1,1,
1,0,0,0,0,0,0,0,0,0,0,0,1,0,0,0,0,1,0,0,0,0,1,1,0,
1,1,0,1,1,0,0,0,0,1,0,0,0,0,0,0,0,1,1,0,0,1,1,1,0,
1,0,0,0,0,0,0,0,1,0,0,0,0,0,0,0,0,0,1,0,0,0,0,0,0,
0,1,1,0,1,0,0,0,0,0,0,1,0,0,0,0,1,0,0,1,0,0,0,0,0,
0,0,0,1,0,0,0,0,0,0,1,0,0,0,0,0,0,0,1,0,0,1,0,0,0,
0,0,0,0,1,0,0,1,0,0,0,0,0,1,1,1,0,0,1,1,0,1,0,0,0,
1,0,0,0,0,1,1,0,0,0,0,0,1,0,1,0,0,0,1,1,0,1,0,1,1,
0,0,0,0,0,0,1,0,0,0,0,0,1,1,0,0,0,0,1,0,1,0,0,0,0,
0,1,0,1,0,0,0,0,0,0,0,0,1,0,0,0,0,0,0,0,0,0,0,1,1,
0,0,1,0,0,0,0,0,0,0,1,0,0,0,0,0,0,1,0,0,0,1,0,0,0,
1,0,1,0,1,0,1,1,1,0,0,0,0,0,0,0,1,0,0,1,0,0,0,0,1,
0,1,0,0,0,0,0,0,1,1,0,1,1,1,1,0,0,0,0,1,0,0,1,0,0,
0,0,0,0,1,1,1,0,0,0,1,0,1,1,0,0,0,1,1,0,0,0,0,1,0,
0,1,1,0,0,1,0,0,0,0,0,0,0,0,1,0,0,0,0,0,0,0,0,0,0,
0,0,0,1,1,0,0,0,1,0,0,1,1,1,0,0,1,0,0,0,0,0,1,0,0,
0,0,1,1,0,0,0,1,1,0,0,0,0,0,0,0,0,0,1,0,0,1,0,0,0,
0,1,0,1,0,0,1,1,1,0,0,0,0,1,0,1,0,0,0,1,0,0,0,0,1,
0,0,1,0,0,1,1,0,0,0,0,0,0,1,0,1,0,1,0,0,0,0,0,1,0,
========================
Output Graph: 
Number of Vertices: 25
Number of Edges: 118
Graph Density: 0.393333
0,1,1,1,1,0,0,1,1,1,0,0,0,1,0,0,0,1,1,1,0,0,0,0,0,
1,0,0,0,0,1,0,0,1,0,1,0,1,0,0,1,0,1,1,0,1,1,0,1,1,
1,0,0,0,1,0,0,0,1,0,1,0,1,0,0,0,1,1,1,0,1,1,1,1,1,
1,0,0,0,0,0,1,0,1,0,1,1,1,0,0,1,0,1,1,0,0,1,1,1,1,
1,0,1,0,0,0,0,0,1,0,1,0,1,0,0,0,0,1,1,1,0,1,0,0,0,
0,1,0,0,0,0,0,0,0,0,0,0,0,1,0,0,0,0,0,1,1,0,0,0,1,
0,0,0,1,0,0,0,0,0,0,0,0,0,1,1,0,0,1,0,1,0,0,0,1,1,
1,0,0,0,0,0,0,0,0,0,0,0,1,0,0,0,0,1,1,0,0,1,1,1,0,
1,1,1,1,1,0,0,0,0,1,0,0,1,0,0,0,0,1,1,1,0,1,1,1,0,
1,0,0,0,0,0,0,0,1,0,0,0,0,0,0,0,0,0,1,0,0,0,0,0,0,
0,1,1,1,1,0,0,0,0,0,0,1,0,0,0,0,1,0,0,1,0,0,0,0,0,
0,0,0,1,0,0,0,0,0,0,1,0,0,0,0,0,0,0,1,0,0,1,0,0,0,
0,1,1,1,1,0,0,1,1,0,0,0,0,1,1,1,0,1,1,1,0,1,0,1,0,
1,0,0,0,0,1,1,0,0,0,0,0,1,0,1,0,0,1,1,1,1,1,0,1,1,
0,0,0,0,0,0,1,0,0,0,0,0,1,1,0,0,0,1,1,0,1,0,0,1,1,
0,1,0,1,0,0,0,0,0,0,0,0,1,0,0,0,0,0,0,0,0,0,0,1,1,
0,0,1,0,0,0,0,0,0,0,1,0,0,0,0,0,0,1,0,0,0,1,0,0,0,
1,1,1,1,1,0,1,1,1,0,0,0,1,1,1,0,1,0,0,1,0,0,0,0,1,
1,1,1,1,1,0,0,1,1,1,0,1,1,1,1,0,0,0,0,1,0,0,1,0,0,
1,0,0,0,1,1,1,0,1,0,1,0,1,1,0,0,0,1,1,0,1,1,0,1,1,
0,1,1,0,0,1,0,0,0,0,0,0,0,1,1,0,0,0,0,1,0,0,0,0,0,
0,1,1,1,1,0,0,1,1,0,0,1,1,1,0,0,1,0,0,1,0,0,1,0,0,
0,0,1,1,0,0,0,1,1,0,0,0,0,0,0,0,0,0,1,0,0,1,0,0,0,
0,1,1,1,0,0,1,1,1,0,0,0,1,1,1,1,0,0,0,1,0,0,0,0,1,
0,1,1,1,0,1,1,0,0,0,0,0,0,1,1,1,0,1,0,1,0,0,0,1,0,
Is Output Graph Empty or Complete?: 0
Ratio of Added Edges Over Added + Removed Edges: 1
Changes from Input to Output: 
Added Edge: (0, 3)
Added Edge: (0, 18)
Added Edge: (0, 19)
Added Edge: (1, 12)
Added Edge: (1, 17)
Added Edge: (1, 21)
Added Edge: (1, 24)
Added Edge: (2, 8)
Added Edge: (2, 12)
Added Edge: (2, 18)
Added Edge: (2, 21)
Added Edge: (2, 23)
Added Edge: (3, 10)
Added Edge: (3, 12)
Added Edge: (3, 17)
Added Edge: (3, 18)
Added Edge: (3, 24)
Added Edge: (4, 18)
Added Edge: (7, 18)
Added Edge: (7, 21)
Added Edge: (8, 12)
Added Edge: (8, 19)
Added Edge: (12, 17)
Added Edge: (12, 23)
Added Edge: (13, 17)
Added Edge: (13, 20)
Added Edge: (14, 17)
Added Edge: (14, 23)
Added Edge: (14, 24)
Added Edge: (19, 20)
Added Edge: (19, 21)
Added Edge: (19, 24)
========================
