========================
TIME_LIMIT_SECONDS: 900
ODD_HOLE_TERMINATION_PERCENTAGE: 999
N_THREADS: 24
IS_RUNNING_HEURISTIC_ON_CANDIDATE: 0
IS_RUNNING_HEURISTIC_ON_RELAXATION: 0
ADD_ALL_AT_START: 0
========================
Wall-Clock Runtime (ms): 176
Calculated Odd Hole Termination Batch Size: 0
Total Time of All Workers in OddHoleAlg (nano): 12845798
Total Time of All Workers in OddHoleAlg (ms): 12
OddHoleAlg calls: 70
Number of Found Odd-Holes: 2338
Number of Found Odd Anti-Holes: 16
Is Optimal? (1e-6): 1
Optimality Gap: 0
Objective Value: 19
Number of Feasible Solutions Found: 5
Number of Times Heuristic is Called: 0
Total number of added OH and OHbar Cuts: 2354
Number of Explored B&C tree nodes: 359
Number of Unexplored B&C tree nodes: 0
========================
Input Graph:
Number of Vertices: 25
Erdos Renyi p Parameter: 0.25
Number of Edges: 71
Expected No of Odd Holes: 408
Expected No of Odd Anti Holes: 0
ODD_HOLE_TERMINATION_BATCH_SIZE: 0
Graph Density: 0.236667
0,0,0,0,0,0,0,0,0,0,0,0,0,0,1,0,0,0,0,1,0,0,0,0,1,
0,0,0,0,0,0,0,0,0,0,1,0,0,0,0,1,0,0,0,0,0,0,1,0,0,
0,0,0,0,1,1,0,1,1,0,0,0,0,0,1,0,0,0,0,0,0,0,0,0,0,
0,0,0,0,1,1,0,0,0,0,0,0,0,0,0,0,0,0,0,0,0,1,0,0,0,
0,0,1,1,0,1,0,0,0,0,0,0,1,0,0,1,0,0,0,0,1,0,1,0,1,
0,0,1,1,1,0,0,0,1,0,0,0,0,0,0,1,1,1,0,0,0,1,1,0,1,
0,0,0,0,0,0,0,0,0,0,1,1,0,0,0,0,0,0,0,0,0,0,1,0,0,
0,0,1,0,0,0,0,0,0,0,1,1,0,0,0,0,0,0,1,1,0,0,1,1,0,
0,0,1,0,0,1,0,0,0,0,0,0,0,0,0,0,0,0,0,0,1,0,0,0,0,
0,0,0,0,0,0,0,0,0,0,0,0,0,0,0,0,0,0,0,1,0,0,0,0,0,
0,1,0,0,0,0,1,1,0,0,0,0,0,0,1,1,0,0,1,0,0,0,0,0,0,
0,0,0,0,0,0,1,1,0,0,0,0,1,1,0,0,0,0,1,0,0,0,0,1,0,
0,0,0,0,1,0,0,0,0,0,0,1,0,1,0,0,0,0,0,0,0,1,0,0,0,
0,0,0,0,0,0,0,0,0,0,0,1,1,0,0,0,1,0,0,1,0,1,0,0,1,
1,0,1,0,0,0,0,0,0,0,1,0,0,0,0,0,1,0,1,1,1,0,1,0,0,
0,1,0,0,1,1,0,0,0,0,1,0,0,0,0,0,1,0,1,1,0,0,0,0,1,
0,0,0,0,0,1,0,0,0,0,0,0,0,1,1,1,0,0,1,0,0,0,1,1,0,
0,0,0,0,0,1,0,0,0,0,0,0,0,0,0,0,0,0,1,1,0,0,1,0,0,
0,0,0,0,0,0,0,1,0,0,1,1,0,0,1,1,1,1,0,0,0,0,0,0,0,
1,0,0,0,0,0,0,1,0,1,0,0,0,1,1,1,0,1,0,0,1,1,1,0,0,
0,0,0,0,1,0,0,0,1,0,0,0,0,0,1,0,0,0,0,1,0,1,0,0,1,
0,0,0,1,0,1,0,0,0,0,0,0,1,1,0,0,0,0,0,1,1,0,0,0,0,
0,1,0,0,1,1,1,1,0,0,0,0,0,0,1,0,1,1,0,1,0,0,0,0,0,
0,0,0,0,0,0,0,1,0,0,0,1,0,0,0,0,1,0,0,0,0,0,0,0,0,
1,0,0,0,1,1,0,0,0,0,0,0,0,1,0,1,0,0,0,0,1,0,0,0,0,
========================
Output Graph: 
Number of Vertices: 25
Number of Edges: 90
Graph Density: 0.3
0,0,0,0,0,0,0,0,0,0,0,0,0,0,1,0,0,0,0,1,0,0,0,0,1,
0,0,0,0,0,0,0,0,0,0,1,0,0,0,0,1,0,0,0,0,0,0,1,0,0,
0,0,0,0,1,1,0,1,1,0,0,0,0,0,1,0,0,0,0,0,1,0,0,0,0,
0,0,0,0,1,1,0,0,0,0,0,0,0,0,0,0,0,0,0,0,0,1,0,0,0,
0,0,1,1,0,1,0,1,0,0,0,0,1,1,1,1,0,0,0,1,1,0,1,0,1,
0,0,1,1,1,0,0,1,1,0,0,1,0,0,1,1,1,1,0,1,0,1,1,0,1,
0,0,0,0,0,0,0,0,0,0,1,1,0,0,0,0,0,0,0,0,0,0,1,0,0,
0,0,1,0,1,1,0,0,0,0,1,1,0,0,0,0,1,0,1,1,0,0,1,1,0,
0,0,1,0,0,1,0,0,0,0,0,0,0,0,0,0,0,0,0,0,1,0,0,0,0,
0,0,0,0,0,0,0,0,0,0,0,0,0,0,0,0,0,0,0,1,0,0,0,0,0,
0,1,0,0,0,0,1,1,0,0,0,0,0,0,1,1,0,0,1,0,0,0,0,0,0,
0,0,0,0,0,1,1,1,0,0,0,0,1,1,1,1,0,0,1,0,0,0,1,1,0,
0,0,0,0,1,0,0,0,0,0,0,1,0,1,0,0,0,0,0,1,0,1,0,0,0,
0,0,0,0,1,0,0,0,0,0,0,1,1,0,0,0,1,0,0,1,0,1,0,0,1,
1,0,1,0,1,1,0,0,0,0,1,1,0,0,0,0,1,0,1,1,1,1,1,0,1,
0,1,0,0,1,1,0,0,0,0,1,1,0,0,0,0,1,0,1,1,0,0,1,0,1,
0,0,0,0,0,1,0,1,0,0,0,0,0,1,1,1,0,0,1,0,0,0,1,1,0,
0,0,0,0,0,1,0,0,0,0,0,0,0,0,0,0,0,0,1,1,0,0,1,0,0,
0,0,0,0,0,0,0,1,0,0,1,1,0,0,1,1,1,1,0,1,0,0,1,0,0,
1,0,0,0,1,1,0,1,0,1,0,0,1,1,1,1,0,1,1,0,1,1,1,0,0,
0,0,1,0,1,0,0,0,1,0,0,0,0,0,1,0,0,0,0,1,0,1,0,0,1,
0,0,0,1,0,1,0,0,0,0,0,0,1,1,1,0,0,0,0,1,1,0,0,0,0,
0,1,0,0,1,1,1,1,0,0,0,1,0,0,1,1,1,1,1,1,0,0,0,0,0,
0,0,0,0,0,0,0,1,0,0,0,1,0,0,0,0,1,0,0,0,0,0,0,0,0,
1,0,0,0,1,1,0,0,0,0,0,0,0,1,1,1,0,0,0,0,1,0,0,0,0,
Is Output Graph Empty or Complete?: 0
Ratio of Added Edges Over Added + Removed Edges: 1
Changes from Input to Output: 
Added Edge: (2, 20)
Added Edge: (4, 7)
Added Edge: (4, 13)
Added Edge: (4, 14)
Added Edge: (4, 19)
Added Edge: (5, 7)
Added Edge: (5, 11)
Added Edge: (5, 14)
Added Edge: (5, 19)
Added Edge: (7, 16)
Added Edge: (11, 14)
Added Edge: (11, 15)
Added Edge: (11, 22)
Added Edge: (12, 19)
Added Edge: (14, 21)
Added Edge: (14, 24)
Added Edge: (15, 22)
Added Edge: (18, 19)
Added Edge: (18, 22)
========================
