========================
TIME_LIMIT_SECONDS: 900
ODD_HOLE_TERMINATION_PERCENTAGE: 999
N_THREADS: 24
IS_RUNNING_HEURISTIC_ON_CANDIDATE: 1
IS_RUNNING_HEURISTIC_ON_RELAXATION: 0
ADD_ALL_AT_START: 0
========================
Wall-Clock Runtime (ms): 901357
Calculated Odd Hole Termination Batch Size: 0
Total Time of All Workers in OddHoleAlg (nano): 245104184
Total Time of All Workers in OddHoleAlg (ms): 245
OddHoleAlg calls: 216
Number of Found Odd-Holes: 29100
Number of Found Odd Anti-Holes: 46409
Is Optimal? (1e-6): 0
Optimality Gap: 0.303394
Objective Value: 69
Number of Feasible Solutions Found: 32
Number of Times Heuristic is Called: 102
Total number of added OH and OHbar Cuts: 75509
Number of Explored B&C tree nodes: 124983
Number of Unexplored B&C tree nodes: 91324
========================
Input Graph:
Number of Vertices: 30
Erdos Renyi p Parameter: 0.5
Number of Edges: 225
Expected No of Odd Holes: 2023
Expected No of Odd Anti Holes: 353
ODD_HOLE_TERMINATION_BATCH_SIZE: 0
Graph Density: 0.517241
0,1,1,1,0,1,0,1,0,0,1,0,0,1,1,0,1,1,1,1,1,0,1,1,1,1,0,1,1,1,
1,0,0,1,1,1,1,0,0,1,1,1,1,0,0,0,1,0,0,1,0,1,1,1,1,1,1,0,1,0,
1,0,0,0,0,0,1,1,0,1,0,1,1,1,0,1,1,1,0,0,1,1,0,0,1,1,1,0,0,1,
1,1,0,0,1,0,0,1,0,0,1,1,1,0,0,0,1,1,1,0,1,1,0,1,1,1,1,0,1,0,
0,1,0,1,0,0,0,1,0,0,0,1,1,0,1,1,0,0,1,1,1,1,0,1,1,0,1,0,0,0,
1,1,0,0,0,0,1,1,1,0,0,0,0,0,1,0,0,0,0,1,1,1,1,0,1,0,1,0,0,0,
0,1,1,0,0,1,0,1,0,0,1,0,0,0,1,1,0,1,0,0,0,1,0,1,0,0,1,1,0,0,
1,0,1,1,1,1,1,0,1,1,1,0,1,0,0,0,0,0,0,1,0,1,0,1,0,1,1,1,1,1,
0,0,0,0,0,1,0,1,0,1,1,0,0,0,0,0,1,1,0,1,0,1,1,1,1,0,0,1,0,0,
0,1,1,0,0,0,0,1,1,0,1,1,1,1,0,1,1,1,0,0,1,0,1,1,0,0,1,1,1,1,
1,1,0,1,0,0,1,1,1,1,0,0,0,0,1,0,0,1,0,0,0,1,0,1,0,0,1,0,1,0,
0,1,1,1,1,0,0,0,0,1,0,0,0,1,1,0,1,1,0,0,1,0,0,1,1,1,1,0,1,0,
0,1,1,1,1,0,0,1,0,1,0,0,0,1,1,0,0,0,1,0,1,0,1,1,0,1,1,0,0,0,
1,0,1,0,0,0,0,0,0,1,0,1,1,0,0,0,0,1,1,0,0,0,0,0,0,1,1,0,0,0,
1,0,0,0,1,1,1,0,0,0,1,1,1,0,0,1,1,1,0,1,1,1,1,1,1,1,1,0,0,0,
0,0,1,0,1,0,1,0,0,1,0,0,0,0,1,0,0,0,1,1,1,0,1,0,1,0,0,1,0,0,
1,1,1,1,0,0,0,0,1,1,0,1,0,0,1,0,0,0,1,0,1,0,1,0,1,0,0,1,0,0,
1,0,1,1,0,0,1,0,1,1,1,1,0,1,1,0,0,0,0,1,1,1,0,0,1,0,0,1,1,1,
1,0,0,1,1,0,0,0,0,0,0,0,1,1,0,1,1,0,0,1,0,1,1,1,1,0,1,1,1,0,
1,1,0,0,1,1,0,1,1,0,0,0,0,0,1,1,0,1,1,0,0,0,1,1,0,1,0,0,1,1,
1,0,1,1,1,1,0,0,0,1,0,1,1,0,1,1,1,1,0,0,0,0,0,0,0,1,1,1,1,0,
0,1,1,1,1,1,1,1,1,0,1,0,0,0,1,0,0,1,1,0,0,0,1,0,0,1,0,0,1,0,
1,1,0,0,0,1,0,0,1,1,0,0,1,0,1,1,1,0,1,1,0,1,0,0,0,0,0,1,0,1,
1,1,0,1,1,0,1,1,1,1,1,1,1,0,1,0,0,0,1,1,0,0,0,0,0,0,0,1,0,1,
1,1,1,1,1,1,0,0,1,0,0,1,0,0,1,1,1,1,1,0,0,0,0,0,0,1,0,0,1,1,
1,1,1,1,0,0,0,1,0,0,0,1,1,1,1,0,0,0,0,1,1,1,0,0,1,0,1,0,1,1,
0,1,1,1,1,1,1,1,0,1,1,1,1,1,1,0,0,0,1,0,1,0,0,0,0,1,0,1,0,1,
1,0,0,0,0,0,1,1,1,1,0,0,0,0,0,1,1,1,1,0,1,0,1,1,0,0,1,0,0,1,
1,1,0,1,0,0,0,1,0,1,1,1,0,0,0,0,0,1,1,1,1,1,0,0,1,1,0,0,0,1,
1,0,1,0,0,0,0,1,0,1,0,0,0,0,0,0,0,1,0,1,0,0,1,1,1,1,1,1,1,0,
========================
Output Graph: 
Number of Vertices: 30
Number of Edges: 294
Graph Density: 0.675862
0,1,1,1,1,1,0,1,1,1,1,0,0,1,1,1,1,1,1,1,1,0,1,1,1,1,1,1,1,1,
1,0,0,1,1,1,1,1,0,1,1,1,1,0,0,1,1,1,1,1,1,1,1,1,1,1,1,0,1,1,
1,0,0,0,0,0,1,1,0,1,0,1,1,1,0,1,1,1,1,1,1,1,1,1,1,1,1,0,0,1,
1,1,0,0,1,0,1,1,0,1,1,1,1,0,0,1,1,1,1,1,1,1,1,1,1,1,1,0,1,1,
1,1,0,1,0,0,0,1,0,1,0,1,1,0,1,1,0,0,1,1,1,1,1,1,1,0,1,0,0,0,
1,1,0,0,0,0,1,1,1,1,0,0,0,0,1,0,0,0,0,1,1,1,1,0,1,0,1,0,0,0,
0,1,1,1,0,1,0,1,1,0,1,0,0,0,1,1,0,1,0,0,0,1,0,1,0,1,1,1,1,0,
1,1,1,1,1,1,1,0,1,1,1,1,1,0,1,1,0,1,1,1,0,1,0,1,0,1,1,1,1,1,
1,0,0,0,0,1,1,1,0,1,1,1,0,0,0,1,1,1,1,1,1,1,1,1,1,1,1,1,0,1,
1,1,1,1,1,1,0,1,1,0,1,1,1,1,1,1,1,1,1,0,1,0,1,1,0,1,1,1,1,1,
1,1,0,1,0,0,1,1,1,1,0,0,0,0,1,0,0,1,0,0,0,1,0,1,0,0,1,0,1,0,
0,1,1,1,1,0,0,1,1,1,0,0,0,1,1,1,1,1,0,0,1,0,1,1,1,1,1,1,1,0,
0,1,1,1,1,0,0,1,0,1,0,0,0,1,1,1,0,1,1,0,1,0,1,1,0,1,1,0,0,0,
1,0,1,0,0,0,0,0,0,1,0,1,1,0,0,0,0,1,1,0,0,0,0,0,0,1,1,0,0,0,
1,0,0,0,1,1,1,1,0,1,1,1,1,0,0,1,1,1,1,1,1,1,1,1,1,1,1,0,0,1,
1,1,1,1,1,0,1,1,1,1,0,1,1,0,1,0,0,0,1,1,1,0,1,0,1,1,0,1,0,0,
1,1,1,1,0,0,0,0,1,1,0,1,0,0,1,0,0,0,1,0,1,0,1,0,1,0,0,1,0,0,
1,1,1,1,0,0,1,1,1,1,1,1,1,1,1,0,0,0,1,1,1,1,1,0,1,1,0,1,1,1,
1,1,1,1,1,0,0,1,1,1,0,0,1,1,1,1,1,1,0,1,1,1,1,1,1,1,1,1,1,0,
1,1,1,1,1,1,0,1,1,0,0,0,0,0,1,1,0,1,1,0,0,0,1,1,0,1,1,1,1,1,
1,1,1,1,1,1,0,0,1,1,0,1,1,0,1,1,1,1,1,0,0,0,0,1,0,1,1,1,1,0,
0,1,1,1,1,1,1,1,1,0,1,0,0,0,1,0,0,1,1,0,0,0,1,1,0,1,1,1,1,0,
1,1,1,1,1,1,0,0,1,1,0,1,1,0,1,1,1,1,1,1,0,1,0,1,0,1,1,1,1,1,
1,1,1,1,1,0,1,1,1,1,1,1,1,0,1,0,0,0,1,1,1,1,1,0,1,1,0,1,0,1,
1,1,1,1,1,1,0,0,1,0,0,1,0,0,1,1,1,1,1,0,0,0,0,1,0,1,1,1,1,1,
1,1,1,1,0,0,1,1,1,1,0,1,1,1,1,1,0,1,1,1,1,1,1,1,1,0,1,0,1,1,
1,1,1,1,1,1,1,1,1,1,1,1,1,1,1,0,0,0,1,1,1,1,1,0,1,1,0,1,0,1,
1,0,0,0,0,0,1,1,1,1,0,1,0,0,0,1,1,1,1,1,1,1,1,1,1,0,1,0,0,1,
1,1,0,1,0,0,1,1,0,1,1,1,0,0,0,0,0,1,1,1,1,1,1,0,1,1,0,0,0,1,
1,1,1,1,0,0,0,1,1,1,0,0,0,0,1,0,0,1,0,1,0,0,1,1,1,1,1,1,1,0,
Is Output Graph Empty or Complete?: 0
Ratio of Added Edges Over Added + Removed Edges: 1
Changes from Input to Output: 
Added Edge: (0, 4)
Added Edge: (0, 8)
Added Edge: (0, 9)
Added Edge: (0, 15)
Added Edge: (0, 26)
Added Edge: (1, 7)
Added Edge: (1, 15)
Added Edge: (1, 17)
Added Edge: (1, 18)
Added Edge: (1, 20)
Added Edge: (1, 29)
Added Edge: (2, 18)
Added Edge: (2, 19)
Added Edge: (2, 22)
Added Edge: (2, 23)
Added Edge: (3, 6)
Added Edge: (3, 9)
Added Edge: (3, 15)
Added Edge: (3, 19)
Added Edge: (3, 22)
Added Edge: (3, 29)
Added Edge: (4, 9)
Added Edge: (4, 22)
Added Edge: (5, 9)
Added Edge: (6, 8)
Added Edge: (6, 25)
Added Edge: (6, 28)
Added Edge: (7, 11)
Added Edge: (7, 14)
Added Edge: (7, 15)
Added Edge: (7, 17)
Added Edge: (7, 18)
Added Edge: (8, 11)
Added Edge: (8, 15)
Added Edge: (8, 18)
Added Edge: (8, 20)
Added Edge: (8, 25)
Added Edge: (8, 26)
Added Edge: (8, 29)
Added Edge: (9, 14)
Added Edge: (9, 18)
Added Edge: (9, 25)
Added Edge: (11, 15)
Added Edge: (11, 22)
Added Edge: (11, 27)
Added Edge: (12, 15)
Added Edge: (12, 17)
Added Edge: (14, 18)
Added Edge: (14, 29)
Added Edge: (15, 25)
Added Edge: (17, 18)
Added Edge: (17, 22)
Added Edge: (17, 25)
Added Edge: (18, 20)
Added Edge: (18, 25)
Added Edge: (19, 26)
Added Edge: (19, 27)
Added Edge: (20, 23)
Added Edge: (21, 23)
Added Edge: (21, 26)
Added Edge: (21, 27)
Added Edge: (22, 23)
Added Edge: (22, 25)
Added Edge: (22, 26)
Added Edge: (22, 28)
Added Edge: (23, 24)
Added Edge: (23, 25)
Added Edge: (24, 26)
Added Edge: (24, 27)
========================
