========================
TIME_LIMIT_SECONDS: 900
ODD_HOLE_TERMINATION_PERCENTAGE: 999
N_THREADS: 24
IS_RUNNING_HEURISTIC_ON_CANDIDATE: 1
IS_RUNNING_HEURISTIC_ON_RELAXATION: 1
ADD_ALL_AT_START: 0
========================
Wall-Clock Runtime (ms): 20063
Calculated Odd Hole Termination Batch Size: 0
Total Time of All Workers in OddHoleAlg (nano): 32069186
Total Time of All Workers in OddHoleAlg (ms): 32
OddHoleAlg calls: 96
Number of Found Odd-Holes: 6765
Number of Found Odd Anti-Holes: 2114
Is Optimal? (1e-6): 1
Optimality Gap: 0
Objective Value: 33
Number of Feasible Solutions Found: 2959
Number of Times Heuristic is Called: 3051
Total number of added OH and OHbar Cuts: 8879
Number of Explored B&C tree nodes: 23581
Number of Unexplored B&C tree nodes: 0
========================
Input Graph:
Number of Vertices: 25
Erdos Renyi p Parameter: 0.5
Number of Edges: 139
Expected No of Odd Holes: 705
Expected No of Odd Anti Holes: 83
ODD_HOLE_TERMINATION_BATCH_SIZE: 0
Graph Density: 0.463333
0,0,0,1,1,0,1,0,1,1,0,1,1,0,1,0,0,1,0,0,1,0,1,0,1,
0,0,0,1,0,0,1,0,0,0,1,1,0,0,0,0,0,1,0,0,1,1,0,1,1,
0,0,0,0,0,1,0,0,0,0,0,1,1,0,1,0,0,1,0,1,0,1,0,1,1,
1,1,0,0,0,1,0,0,0,1,1,0,1,1,0,1,1,1,1,1,1,0,1,1,1,
1,0,0,0,0,1,1,1,1,0,1,0,0,1,0,1,0,0,0,0,0,1,0,0,1,
0,0,1,1,1,0,1,1,0,0,1,0,1,0,1,0,1,1,0,0,1,0,0,0,1,
1,1,0,0,1,1,0,0,1,1,0,0,0,1,0,1,1,0,1,1,1,1,0,1,0,
0,0,0,0,1,1,0,0,1,0,1,1,1,1,0,0,0,0,0,0,0,0,1,0,0,
1,0,0,0,1,0,1,1,0,0,0,1,0,1,0,0,0,1,0,0,1,0,0,0,1,
1,0,0,1,0,0,1,0,0,0,1,1,0,1,0,0,0,1,0,1,1,0,0,0,1,
0,1,0,1,1,1,0,1,0,1,0,0,0,1,0,0,1,1,0,0,0,1,1,0,1,
1,1,1,0,0,0,0,1,1,1,0,0,0,1,0,0,0,1,1,1,1,1,0,1,1,
1,0,1,1,0,1,0,1,0,0,0,0,0,1,0,0,0,1,0,0,1,0,0,1,0,
0,0,0,1,1,0,1,1,1,1,1,1,1,0,1,0,1,0,0,0,0,1,1,1,1,
1,0,1,0,0,1,0,0,0,0,0,0,0,1,0,0,1,1,1,0,0,1,0,0,0,
0,0,0,1,1,0,1,0,0,0,0,0,0,0,0,0,1,0,1,0,0,0,0,1,1,
0,0,0,1,0,1,1,0,0,0,1,0,0,1,1,1,0,1,1,1,0,1,0,1,1,
1,1,1,1,0,1,0,0,1,1,1,1,1,0,1,0,1,0,0,1,0,1,1,1,1,
0,0,0,1,0,0,1,0,0,0,0,1,0,0,1,1,1,0,0,1,0,1,0,1,0,
0,0,1,1,0,0,1,0,0,1,0,1,0,0,0,0,1,1,1,0,1,0,0,0,1,
1,1,0,1,0,1,1,0,1,1,0,1,1,0,0,0,0,0,0,1,0,0,0,0,0,
0,1,1,0,1,0,1,0,0,0,1,1,0,1,1,0,1,1,1,0,0,0,0,0,0,
1,0,0,1,0,0,0,1,0,0,1,0,0,1,0,0,0,1,0,0,0,0,0,0,1,
0,1,1,1,0,0,1,0,0,0,0,1,1,1,0,1,1,1,1,0,0,0,0,0,0,
1,1,1,1,1,1,0,0,1,1,1,1,0,1,0,1,1,1,0,1,0,0,1,0,0,
========================
Output Graph: 
Number of Vertices: 25
Number of Edges: 172
Graph Density: 0.573333
0,0,0,1,1,0,1,1,1,1,1,1,1,1,1,0,0,1,0,0,1,0,1,0,1,
0,0,0,1,0,0,1,0,0,0,1,1,0,0,0,0,0,1,0,0,1,1,0,1,1,
0,0,0,1,0,1,0,0,0,0,0,1,1,0,1,0,0,1,0,1,0,1,0,1,1,
1,1,1,0,0,1,0,1,0,1,1,0,1,1,0,1,1,1,1,1,1,1,1,1,1,
1,0,0,0,0,1,1,1,1,0,1,0,0,1,0,1,1,1,1,1,1,1,0,1,1,
0,0,1,1,1,0,1,1,0,0,1,1,1,1,1,0,1,1,0,0,1,0,0,0,1,
1,1,0,0,1,1,0,1,1,1,0,0,0,1,0,1,1,1,1,1,1,1,0,1,0,
1,0,0,1,1,1,1,0,1,0,1,1,1,1,0,0,0,0,0,0,0,0,1,0,1,
1,0,0,0,1,0,1,1,0,0,0,1,0,1,0,0,0,1,0,0,1,0,0,0,1,
1,0,0,1,0,0,1,0,0,0,1,1,0,1,0,0,0,1,0,1,1,0,0,0,1,
1,1,0,1,1,1,0,1,0,1,0,1,0,1,0,0,1,1,0,1,1,1,1,1,1,
1,1,1,0,0,1,0,1,1,1,1,0,0,1,0,0,1,1,1,1,1,1,0,1,1,
1,0,1,1,0,1,0,1,0,0,0,0,0,1,0,0,0,1,0,1,1,1,0,1,0,
1,0,0,1,1,1,1,1,1,1,1,1,1,0,1,0,1,0,0,1,0,1,1,1,1,
1,0,1,0,0,1,0,0,0,0,0,0,0,1,0,0,1,1,1,1,0,1,0,1,0,
0,0,0,1,1,0,1,0,0,0,0,0,0,0,0,0,1,0,1,0,0,0,0,1,1,
0,0,0,1,1,1,1,0,0,0,1,1,0,1,1,1,0,1,1,1,0,1,0,1,1,
1,1,1,1,1,1,1,0,1,1,1,1,1,0,1,0,1,0,0,1,0,1,1,1,1,
0,0,0,1,1,0,1,0,0,0,0,1,0,0,1,1,1,0,0,1,0,1,0,1,1,
0,0,1,1,1,0,1,0,0,1,1,1,1,1,1,0,1,1,1,0,1,0,0,0,1,
1,1,0,1,1,1,1,0,1,1,1,1,1,0,0,0,0,0,0,1,0,1,0,1,1,
0,1,1,1,1,0,1,0,0,0,1,1,1,1,1,0,1,1,1,0,1,0,0,0,1,
1,0,0,1,0,0,0,1,0,0,1,0,0,1,0,0,0,1,0,0,0,0,0,0,1,
0,1,1,1,1,0,1,0,0,0,1,1,1,1,1,1,1,1,1,0,1,0,0,0,1,
1,1,1,1,1,1,0,1,1,1,1,1,0,1,0,1,1,1,1,1,1,1,1,1,0,
Is Output Graph Empty or Complete?: 0
Ratio of Added Edges Over Added + Removed Edges: 1
Changes from Input to Output: 
Added Edge: (0, 7)
Added Edge: (0, 10)
Added Edge: (0, 13)
Added Edge: (2, 3)
Added Edge: (3, 7)
Added Edge: (3, 21)
Added Edge: (4, 16)
Added Edge: (4, 17)
Added Edge: (4, 18)
Added Edge: (4, 19)
Added Edge: (4, 20)
Added Edge: (4, 23)
Added Edge: (5, 11)
Added Edge: (5, 13)
Added Edge: (6, 7)
Added Edge: (6, 17)
Added Edge: (7, 24)
Added Edge: (10, 11)
Added Edge: (10, 19)
Added Edge: (10, 20)
Added Edge: (10, 23)
Added Edge: (11, 16)
Added Edge: (12, 19)
Added Edge: (12, 21)
Added Edge: (13, 19)
Added Edge: (14, 19)
Added Edge: (14, 23)
Added Edge: (18, 24)
Added Edge: (20, 21)
Added Edge: (20, 23)
Added Edge: (20, 24)
Added Edge: (21, 24)
Added Edge: (23, 24)
========================
