========================
TIME_LIMIT_SECONDS: 900
ODD_HOLE_TERMINATION_PERCENTAGE: 999
N_THREADS: 24
IS_RUNNING_HEURISTIC_ON_CANDIDATE: 1
IS_RUNNING_HEURISTIC_ON_RELAXATION: 0
ADD_ALL_AT_START: 0
========================
Wall-Clock Runtime (ms): 900686
Calculated Odd Hole Termination Batch Size: 0
Total Time of All Workers in OddHoleAlg (nano): 1341347012
Total Time of All Workers in OddHoleAlg (ms): 1341
OddHoleAlg calls: 92
Number of Found Odd-Holes: 20784
Number of Found Odd Anti-Holes: 525770
Is Optimal? (1e-6): 0
Optimality Gap: 0.458657
Objective Value: 75
Number of Feasible Solutions Found: 31
Number of Times Heuristic is Called: 44
Total number of added OH and OHbar Cuts: 546554
Number of Explored B&C tree nodes: 7625
Number of Unexplored B&C tree nodes: 2618
========================
Input Graph:
Number of Vertices: 40
Erdos Renyi p Parameter: 0.75
Number of Edges: 587
Expected No of Odd Holes: 1833
Expected No of Odd Anti Holes: 19717
ODD_HOLE_TERMINATION_BATCH_SIZE: 0
Graph Density: 0.752564
0,0,1,1,0,0,0,1,1,1,1,1,1,1,1,1,0,1,1,1,0,1,1,0,0,1,0,1,1,1,1,1,1,1,0,1,1,1,1,1,
0,0,0,1,1,1,0,1,0,0,1,0,0,1,1,1,1,1,1,1,1,1,0,1,1,1,1,1,0,0,1,1,1,1,1,1,1,1,0,1,
1,0,0,0,1,0,1,1,1,1,0,1,0,1,1,0,1,0,1,0,1,0,1,1,1,1,0,1,1,1,1,1,1,1,1,1,1,1,1,1,
1,1,0,0,0,1,1,1,1,1,0,1,1,0,1,1,1,1,0,0,1,1,1,1,1,1,1,1,1,1,1,1,0,0,1,1,1,1,0,1,
0,1,1,0,0,0,1,1,1,0,0,1,1,0,1,1,0,1,1,1,1,1,1,0,0,1,1,1,1,0,1,1,1,1,1,1,1,1,1,1,
0,1,0,1,0,0,1,1,1,1,1,1,1,1,1,1,1,1,0,1,1,1,0,1,0,0,1,1,1,0,1,1,1,0,0,1,0,1,1,0,
0,0,1,1,1,1,0,0,1,0,1,1,0,1,1,1,1,0,1,1,1,1,1,1,0,1,1,1,1,1,1,0,1,0,1,0,1,1,1,0,
1,1,1,1,1,1,0,0,1,1,1,0,1,0,1,1,0,0,1,1,0,1,1,1,1,1,1,0,1,0,1,0,1,1,1,1,1,1,1,0,
1,0,1,1,1,1,1,1,0,1,0,0,1,1,0,0,0,1,1,1,1,0,1,1,1,1,1,1,0,0,1,1,1,1,1,0,1,1,1,1,
1,0,1,1,0,1,0,1,1,0,1,0,1,0,1,0,1,0,1,1,1,0,1,1,1,1,1,1,1,1,0,1,1,1,0,1,0,1,0,1,
1,1,0,0,0,1,1,1,0,1,0,1,1,0,1,0,0,1,0,1,0,1,1,1,0,1,0,1,1,1,1,1,0,1,1,1,1,1,1,1,
1,0,1,1,1,1,1,0,0,0,1,0,0,1,1,1,1,1,0,0,0,1,1,1,1,1,1,1,0,1,1,0,1,1,0,0,1,1,1,1,
1,0,0,1,1,1,0,1,1,1,1,0,0,1,1,1,1,1,1,1,1,0,1,1,0,1,1,1,1,1,0,1,1,1,1,1,1,1,1,1,
1,1,1,0,0,1,1,0,1,0,0,1,1,0,1,1,1,1,0,0,1,1,1,1,1,1,1,1,1,1,1,1,1,1,1,0,1,0,1,1,
1,1,1,1,1,1,1,1,0,1,1,1,1,1,0,0,0,1,0,1,1,0,1,1,1,0,1,1,0,1,1,1,1,1,1,0,0,1,1,1,
1,1,0,1,1,1,1,1,0,0,0,1,1,1,0,0,1,1,1,1,0,1,1,1,0,1,1,1,1,0,1,1,1,1,1,1,0,0,1,1,
0,1,1,1,0,1,1,0,0,1,0,1,1,1,0,1,0,0,0,1,1,1,1,1,0,1,1,1,1,1,1,0,1,1,1,1,1,0,1,0,
1,1,0,1,1,1,0,0,1,0,1,1,1,1,1,1,0,0,1,1,0,1,1,1,1,1,1,1,1,1,1,1,0,1,1,1,1,1,1,1,
1,1,1,0,1,0,1,1,1,1,0,0,1,0,0,1,0,1,0,1,1,1,0,1,1,0,0,0,0,1,1,0,1,1,1,1,1,1,1,0,
1,1,0,0,1,1,1,1,1,1,1,0,1,0,1,1,1,1,1,0,0,0,1,1,0,1,1,0,1,0,0,1,1,0,0,1,0,1,1,1,
0,1,1,1,1,1,1,0,1,1,0,0,1,1,1,0,1,0,1,0,0,1,1,0,1,1,0,1,1,1,1,1,1,0,0,0,1,1,0,1,
1,1,0,1,1,1,1,1,0,0,1,1,0,1,0,1,1,1,1,0,1,0,0,0,0,1,1,1,1,0,1,1,0,0,1,0,1,1,1,1,
1,0,1,1,1,0,1,1,1,1,1,1,1,1,1,1,1,1,0,1,1,0,0,1,1,1,1,1,0,1,1,0,1,0,1,1,1,1,1,1,
0,1,1,1,0,1,1,1,1,1,1,1,1,1,1,1,1,1,1,1,0,0,1,0,1,0,1,1,0,0,1,1,1,0,0,1,1,0,1,0,
0,1,1,1,0,0,0,1,1,1,0,1,0,1,1,0,0,1,1,0,1,0,1,1,0,0,1,1,1,1,1,1,1,1,1,1,1,1,0,0,
1,1,1,1,1,0,1,1,1,1,1,1,1,1,0,1,1,1,0,1,1,1,1,0,0,0,1,1,1,1,1,1,0,1,1,1,1,0,1,1,
0,1,0,1,1,1,1,1,1,1,0,1,1,1,1,1,1,1,0,1,0,1,1,1,1,1,0,1,1,1,1,1,1,1,0,1,1,1,1,1,
1,1,1,1,1,1,1,0,1,1,1,1,1,1,1,1,1,1,0,0,1,1,1,1,1,1,1,0,0,1,1,0,0,1,1,1,1,1,1,1,
1,0,1,1,1,1,1,1,0,1,1,0,1,1,0,1,1,1,0,1,1,1,0,0,1,1,1,0,0,1,1,1,1,1,1,1,0,1,1,1,
1,0,1,1,0,0,1,0,0,1,1,1,1,1,1,0,1,1,1,0,1,0,1,0,1,1,1,1,1,0,1,1,1,1,1,1,1,1,1,1,
1,1,1,1,1,1,1,1,1,0,1,1,0,1,1,1,1,1,1,0,1,1,1,1,1,1,1,1,1,1,0,0,0,1,1,1,1,1,1,1,
1,1,1,1,1,1,0,0,1,1,1,0,1,1,1,1,0,1,0,1,1,1,0,1,1,1,1,0,1,1,0,0,1,1,1,0,1,0,1,1,
1,1,1,0,1,1,1,1,1,1,0,1,1,1,1,1,1,0,1,1,1,0,1,1,1,0,1,0,1,1,0,1,0,1,1,1,1,1,1,1,
1,1,1,0,1,0,0,1,1,1,1,1,1,1,1,1,1,1,1,0,0,0,0,0,1,1,1,1,1,1,1,1,1,0,1,1,1,0,1,0,
0,1,1,1,1,0,1,1,1,0,1,0,1,1,1,1,1,1,1,0,0,1,1,0,1,1,0,1,1,1,1,1,1,1,0,0,1,0,1,0,
1,1,1,1,1,1,0,1,0,1,1,0,1,0,0,1,1,1,1,1,0,0,1,1,1,1,1,1,1,1,1,0,1,1,0,0,1,1,1,1,
1,1,1,1,1,0,1,1,1,0,1,1,1,1,0,0,1,1,1,0,1,1,1,1,1,1,1,1,0,1,1,1,1,1,1,1,0,1,1,0,
1,1,1,1,1,1,1,1,1,1,1,1,1,0,1,0,0,1,1,1,1,1,1,0,1,0,1,1,1,1,1,0,1,0,0,1,1,0,1,1,
1,0,1,0,1,1,1,1,1,0,1,1,1,1,1,1,1,1,1,1,0,1,1,1,0,1,1,1,1,1,1,1,1,1,1,1,1,1,0,1,
1,1,1,1,1,0,0,0,1,1,1,1,1,1,1,1,0,1,0,1,1,1,1,0,0,1,1,1,1,1,1,1,1,0,0,1,0,1,1,0,
========================
Output Graph: 
Number of Vertices: 40
Number of Edges: 662
Graph Density: 0.848718
0,0,1,1,0,0,0,1,1,1,1,1,1,1,1,1,0,1,1,1,1,1,1,1,1,1,1,1,1,1,1,1,1,1,0,1,1,1,1,1,
0,0,0,1,1,1,1,1,1,0,1,0,1,1,1,1,1,1,1,1,1,1,0,1,1,1,1,1,1,0,1,1,1,1,1,1,1,1,1,1,
1,0,0,1,1,0,1,1,1,1,1,1,0,1,1,0,1,1,1,0,1,0,1,1,1,1,1,1,1,1,1,1,1,1,1,1,1,1,1,1,
1,1,1,0,0,1,1,1,1,1,1,1,1,0,1,1,1,1,0,0,1,1,1,1,1,1,1,1,1,1,1,1,1,0,1,1,1,1,0,1,
0,1,1,0,0,1,1,1,1,1,0,1,1,1,1,1,1,1,1,1,1,1,1,0,0,1,1,1,1,0,1,1,1,1,1,1,1,1,1,1,
0,1,0,1,1,0,1,1,1,1,1,1,1,1,1,1,1,1,1,1,1,1,0,1,0,0,1,1,1,0,1,1,1,1,1,1,0,1,1,0,
0,1,1,1,1,1,0,1,1,0,1,1,1,1,1,1,1,0,1,1,1,1,1,1,0,1,1,1,1,1,1,1,1,1,1,1,1,1,1,0,
1,1,1,1,1,1,1,0,1,1,1,0,1,1,1,1,1,0,1,1,1,1,1,1,1,1,1,0,1,0,1,1,1,1,1,1,1,1,1,0,
1,1,1,1,1,1,1,1,0,1,1,1,1,1,0,1,1,1,1,1,1,0,1,1,1,1,1,1,1,0,1,1,1,1,1,0,1,1,1,1,
1,0,1,1,1,1,0,1,1,0,1,1,1,0,1,0,1,1,1,1,1,0,1,1,1,1,1,1,1,1,1,1,1,1,0,1,1,1,0,1,
1,1,1,1,0,1,1,1,1,1,0,1,1,0,1,0,0,1,0,1,0,1,1,1,1,1,0,1,1,1,1,1,0,1,1,1,1,1,1,1,
1,0,1,1,1,1,1,0,1,1,1,0,1,1,1,1,1,1,0,0,0,1,1,1,1,1,1,1,0,1,1,0,1,1,0,1,1,1,1,1,
1,1,0,1,1,1,1,1,1,1,1,1,0,1,1,1,1,1,1,1,1,0,1,1,0,1,1,1,1,1,1,1,1,1,1,1,1,1,1,1,
1,1,1,0,1,1,1,1,1,0,0,1,1,0,1,1,1,1,1,1,1,1,1,1,1,1,1,1,1,1,1,1,1,1,1,0,1,0,1,1,
1,1,1,1,1,1,1,1,0,1,1,1,1,1,0,0,0,1,0,1,1,0,1,1,1,1,1,1,1,1,1,1,1,1,1,1,1,1,1,1,
1,1,0,1,1,1,1,1,1,0,0,1,1,1,0,0,1,1,1,1,1,1,1,1,0,1,1,1,1,0,1,1,1,1,1,1,0,0,1,1,
0,1,1,1,1,1,1,1,1,1,0,1,1,1,0,1,0,0,1,1,1,1,1,1,0,1,1,1,1,1,1,1,1,1,1,1,1,0,1,0,
1,1,1,1,1,1,0,0,1,1,1,1,1,1,1,1,0,0,1,1,0,1,1,1,1,1,1,1,1,1,1,1,0,1,1,1,1,1,1,1,
1,1,1,0,1,1,1,1,1,1,0,0,1,1,0,1,1,1,0,1,1,1,0,1,1,0,0,0,1,1,1,1,1,1,1,1,1,1,1,0,
1,1,0,0,1,1,1,1,1,1,1,0,1,1,1,1,1,1,1,0,1,1,1,1,0,1,1,0,1,0,1,1,1,1,1,1,1,1,1,1,
1,1,1,1,1,1,1,1,1,1,0,0,1,1,1,1,1,0,1,1,0,1,1,0,1,1,0,1,1,1,1,1,1,1,1,0,1,1,1,1,
1,1,0,1,1,1,1,1,0,0,1,1,0,1,0,1,1,1,1,1,1,0,0,0,0,1,1,1,1,0,1,1,1,1,1,0,1,1,1,1,
1,0,1,1,1,0,1,1,1,1,1,1,1,1,1,1,1,1,0,1,1,0,0,1,1,1,1,1,0,1,1,0,1,0,1,1,1,1,1,1,
1,1,1,1,0,1,1,1,1,1,1,1,1,1,1,1,1,1,1,1,0,0,1,0,1,1,1,1,0,1,1,1,1,0,0,1,1,1,1,1,
1,1,1,1,0,0,0,1,1,1,1,1,0,1,1,0,0,1,1,0,1,0,1,1,0,1,1,1,1,1,1,1,1,1,1,1,1,1,0,1,
1,1,1,1,1,0,1,1,1,1,1,1,1,1,1,1,1,1,0,1,1,1,1,1,1,0,1,1,1,1,1,1,0,1,1,1,1,1,1,1,
1,1,1,1,1,1,1,1,1,1,0,1,1,1,1,1,1,1,0,1,0,1,1,1,1,1,0,1,1,1,1,1,1,1,1,1,1,1,1,1,
1,1,1,1,1,1,1,0,1,1,1,1,1,1,1,1,1,1,0,0,1,1,1,1,1,1,1,0,0,1,1,0,0,1,1,1,1,1,1,1,
1,1,1,1,1,1,1,1,1,1,1,0,1,1,1,1,1,1,1,1,1,1,0,0,1,1,1,0,0,1,1,1,1,1,1,1,0,1,1,1,
1,0,1,1,0,0,1,0,0,1,1,1,1,1,1,0,1,1,1,0,1,0,1,1,1,1,1,1,1,0,1,1,1,1,1,1,1,1,1,1,
1,1,1,1,1,1,1,1,1,1,1,1,1,1,1,1,1,1,1,1,1,1,1,1,1,1,1,1,1,1,0,0,0,1,1,1,1,1,1,1,
1,1,1,1,1,1,1,1,1,1,1,0,1,1,1,1,1,1,1,1,1,1,0,1,1,1,1,0,1,1,0,0,1,1,1,0,1,0,1,1,
1,1,1,1,1,1,1,1,1,1,0,1,1,1,1,1,1,0,1,1,1,1,1,1,1,0,1,0,1,1,0,1,0,1,1,1,1,1,1,1,
1,1,1,0,1,1,1,1,1,1,1,1,1,1,1,1,1,1,1,1,1,1,0,0,1,1,1,1,1,1,1,1,1,0,1,1,1,0,1,0,
0,1,1,1,1,1,1,1,1,0,1,0,1,1,1,1,1,1,1,1,1,1,1,0,1,1,1,1,1,1,1,1,1,1,0,0,1,0,1,0,
1,1,1,1,1,1,1,1,0,1,1,1,1,0,1,1,1,1,1,1,0,0,1,1,1,1,1,1,1,1,1,0,1,1,0,0,1,1,1,1,
1,1,1,1,1,0,1,1,1,1,1,1,1,1,1,0,1,1,1,1,1,1,1,1,1,1,1,1,0,1,1,1,1,1,1,1,0,1,1,1,
1,1,1,1,1,1,1,1,1,1,1,1,1,0,1,0,0,1,1,1,1,1,1,1,1,1,1,1,1,1,1,0,1,0,0,1,1,0,1,1,
1,1,1,0,1,1,1,1,1,0,1,1,1,1,1,1,1,1,1,1,1,1,1,1,0,1,1,1,1,1,1,1,1,1,1,1,1,1,0,1,
1,1,1,1,1,0,0,0,1,1,1,1,1,1,1,1,0,1,0,1,1,1,1,1,1,1,1,1,1,1,1,1,1,0,0,1,1,1,1,0,
Is Output Graph Empty or Complete?: 0
Ratio of Added Edges Over Added + Removed Edges: 1
Changes from Input to Output: 
Added Edge: (0, 20)
Added Edge: (0, 23)
Added Edge: (0, 24)
Added Edge: (0, 26)
Added Edge: (1, 6)
Added Edge: (1, 8)
Added Edge: (1, 12)
Added Edge: (1, 28)
Added Edge: (1, 38)
Added Edge: (2, 3)
Added Edge: (2, 10)
Added Edge: (2, 17)
Added Edge: (2, 26)
Added Edge: (3, 10)
Added Edge: (3, 32)
Added Edge: (4, 5)
Added Edge: (4, 9)
Added Edge: (4, 13)
Added Edge: (4, 16)
Added Edge: (5, 18)
Added Edge: (5, 33)
Added Edge: (5, 34)
Added Edge: (6, 7)
Added Edge: (6, 12)
Added Edge: (6, 31)
Added Edge: (6, 33)
Added Edge: (6, 35)
Added Edge: (7, 13)
Added Edge: (7, 16)
Added Edge: (7, 20)
Added Edge: (7, 31)
Added Edge: (8, 10)
Added Edge: (8, 11)
Added Edge: (8, 15)
Added Edge: (8, 16)
Added Edge: (8, 28)
Added Edge: (9, 11)
Added Edge: (9, 17)
Added Edge: (9, 30)
Added Edge: (9, 36)
Added Edge: (10, 24)
Added Edge: (11, 12)
Added Edge: (11, 35)
Added Edge: (12, 30)
Added Edge: (13, 18)
Added Edge: (13, 19)
Added Edge: (14, 25)
Added Edge: (14, 28)
Added Edge: (14, 35)
Added Edge: (14, 36)
Added Edge: (15, 20)
Added Edge: (16, 18)
Added Edge: (16, 31)
Added Edge: (18, 28)
Added Edge: (18, 31)
Added Edge: (19, 20)
Added Edge: (19, 21)
Added Edge: (19, 30)
Added Edge: (19, 33)
Added Edge: (19, 34)
Added Edge: (19, 36)
Added Edge: (20, 33)
Added Edge: (20, 34)
Added Edge: (20, 38)
Added Edge: (21, 32)
Added Edge: (21, 33)
Added Edge: (23, 25)
Added Edge: (23, 29)
Added Edge: (23, 37)
Added Edge: (23, 39)
Added Edge: (24, 25)
Added Edge: (24, 39)
Added Edge: (25, 37)
Added Edge: (26, 34)
Added Edge: (36, 39)
========================
