========================
TIME_LIMIT_SECONDS: 900
ODD_HOLE_TERMINATION_PERCENTAGE: 999
N_THREADS: 24
IS_RUNNING_HEURISTIC_ON_CANDIDATE: 1
IS_RUNNING_HEURISTIC_ON_RELAXATION: 1
ADD_ALL_AT_START: 1
========================
Wall-Clock Runtime (ms): 900927
Calculated Odd Hole Termination Batch Size: 0
Total Time of All Workers in OddHoleAlg (nano): 221168353
Total Time of All Workers in OddHoleAlg (ms): 221
OddHoleAlg calls: 184
Number of Found Odd-Holes: 21023
Number of Found Odd Anti-Holes: 81450
Is Optimal? (1e-6): 0
Optimality Gap: 0.323503
Objective Value: 77
Number of Feasible Solutions Found: 22317
Number of Times Heuristic is Called: 31922
Total number of added OH and OHbar Cuts: 102473
Number of Explored B&C tree nodes: 164553
Number of Unexplored B&C tree nodes: 59228
========================
Input Graph:
Number of Vertices: 30
Erdos Renyi p Parameter: 0.5
Number of Edges: 219
Expected No of Odd Holes: 2023
Expected No of Odd Anti Holes: 353
ODD_HOLE_TERMINATION_BATCH_SIZE: 0
Graph Density: 0.503448
0,1,1,1,1,0,0,0,1,0,0,0,1,0,0,0,1,1,0,0,1,0,1,0,0,1,0,0,1,0,
1,0,0,1,0,0,1,1,1,0,1,1,0,0,0,1,1,1,0,0,0,1,1,1,1,1,1,0,0,0,
1,0,0,1,1,1,1,0,0,0,1,1,1,0,1,1,1,0,1,1,0,0,0,1,0,0,0,0,0,0,
1,1,1,0,1,0,0,0,0,1,0,1,1,0,0,0,1,1,0,1,0,1,0,0,0,0,0,1,1,0,
1,0,1,1,0,0,0,1,0,0,0,1,1,1,0,0,1,0,0,0,0,0,0,1,0,0,1,1,0,0,
0,0,1,0,0,0,1,0,1,0,0,0,0,1,1,0,1,1,0,1,1,1,1,0,0,0,1,1,0,0,
0,1,1,0,0,1,0,0,1,0,1,1,1,1,0,1,1,1,1,0,1,1,0,1,1,1,0,0,1,1,
0,1,0,0,1,0,0,0,1,1,0,0,0,0,0,1,1,1,0,1,0,1,1,1,1,0,1,0,1,0,
1,1,0,0,0,1,1,1,0,0,1,1,0,0,0,0,0,1,1,1,0,0,0,0,1,1,1,0,1,0,
0,0,0,1,0,0,0,1,0,0,0,1,0,0,1,0,0,0,0,0,1,1,1,1,0,0,0,0,0,1,
0,1,1,0,0,0,1,0,1,0,0,0,0,0,1,1,0,0,0,1,1,1,0,1,0,1,1,1,1,0,
0,1,1,1,1,0,1,0,1,1,0,0,1,1,0,1,1,0,1,1,0,1,0,0,0,0,1,0,1,0,
1,0,1,1,1,0,1,0,0,0,0,1,0,0,0,0,0,0,1,1,0,0,1,0,1,1,1,0,0,0,
0,0,0,0,1,1,1,0,0,0,0,1,0,0,1,1,1,1,1,1,1,0,0,0,1,0,0,0,1,0,
0,0,1,0,0,1,0,0,0,1,1,0,0,1,0,1,1,1,1,0,0,1,0,0,0,0,1,1,1,1,
0,1,1,0,0,0,1,1,0,0,1,1,0,1,1,0,1,1,0,1,0,0,1,0,0,0,1,1,1,1,
1,1,1,1,1,1,1,1,0,0,0,1,0,1,1,1,0,0,1,0,0,1,0,1,0,1,0,0,1,1,
1,1,0,1,0,1,1,1,1,0,0,0,0,1,1,1,0,0,1,1,1,1,1,0,0,1,0,1,1,0,
0,0,1,0,0,0,1,0,1,0,0,1,1,1,1,0,1,1,0,1,0,1,0,1,1,0,0,1,1,1,
0,0,1,1,0,1,0,1,1,0,1,1,1,1,0,1,0,1,1,0,1,0,1,1,1,1,0,1,1,1,
1,0,0,0,0,1,1,0,0,1,1,0,0,1,0,0,0,1,0,1,0,0,1,0,1,1,0,1,0,1,
0,1,0,1,0,1,1,1,0,1,1,1,0,0,1,0,1,1,1,0,0,0,1,0,0,1,1,1,0,1,
1,1,0,0,0,1,0,1,0,1,0,0,1,0,0,1,0,1,0,1,1,1,0,0,1,1,1,1,1,1,
0,1,1,0,1,0,1,1,0,1,1,0,0,0,0,0,1,0,1,1,0,0,0,0,1,0,1,0,0,0,
0,1,0,0,0,0,1,1,1,0,0,0,1,1,0,0,0,0,1,1,1,0,1,1,0,1,0,0,1,1,
1,1,0,0,0,0,1,0,1,0,1,0,1,0,0,0,1,1,0,1,1,1,1,0,1,0,1,0,0,1,
0,1,0,0,1,1,0,1,1,0,1,1,1,0,1,1,0,0,0,0,0,1,1,1,0,1,0,0,0,1,
0,0,0,1,1,1,0,0,0,0,1,0,0,0,1,1,0,1,1,1,1,1,1,0,0,0,0,0,1,0,
1,0,0,1,0,0,1,1,1,0,1,1,0,1,1,1,1,1,1,1,0,0,1,0,1,0,0,1,0,0,
0,0,0,0,0,0,1,0,0,1,0,0,0,0,1,1,1,0,1,1,1,1,1,0,1,1,1,0,0,0,
========================
Output Graph: 
Number of Vertices: 30
Number of Edges: 296
Graph Density: 0.68046
0,1,1,1,1,0,0,0,1,0,0,1,1,0,0,0,1,1,0,0,1,1,1,0,1,1,1,0,1,0,
1,0,0,1,1,0,1,1,1,0,1,1,0,0,0,1,1,1,1,1,1,1,1,1,1,1,1,0,0,0,
1,0,0,1,1,1,1,1,1,0,1,1,1,0,1,1,1,0,1,1,1,1,1,1,0,1,0,0,1,0,
1,1,1,0,1,0,0,0,0,1,0,1,1,0,0,0,1,1,0,1,0,1,0,0,1,1,1,1,1,0,
1,1,1,1,0,0,1,1,0,1,1,1,1,1,0,0,1,1,1,1,0,0,0,1,1,1,1,1,1,0,
0,0,1,0,0,0,1,0,1,0,0,0,0,1,1,1,1,1,0,1,1,1,1,0,1,0,1,1,0,0,
0,1,1,0,1,1,0,0,1,1,1,1,1,1,0,1,1,1,1,0,1,1,1,1,1,1,1,1,1,1,
0,1,1,0,1,0,0,0,1,1,0,0,0,0,0,1,1,1,0,1,0,1,1,1,1,1,1,0,1,0,
1,1,1,0,0,1,1,1,0,1,1,1,0,1,0,0,1,1,1,1,0,0,0,0,1,1,1,1,1,0,
0,0,0,1,1,0,1,1,1,0,1,1,0,0,1,1,0,0,1,1,1,1,1,1,0,1,0,0,0,1,
0,1,1,0,1,0,1,0,1,1,0,0,0,1,1,1,1,1,0,1,1,1,1,1,1,1,1,1,1,0,
1,1,1,1,1,0,1,0,1,1,0,0,1,1,0,1,1,1,1,1,1,1,1,0,1,1,1,1,1,0,
1,0,1,1,1,0,1,0,0,0,0,1,0,0,0,0,1,0,1,1,0,0,1,0,1,1,1,0,0,0,
0,0,0,0,1,1,1,0,1,0,1,1,0,0,1,1,1,1,1,1,1,1,1,0,1,0,0,0,1,0,
0,0,1,0,0,1,0,0,0,1,1,0,0,1,0,1,1,1,1,0,0,1,0,0,1,1,1,1,1,1,
0,1,1,0,0,1,1,1,0,1,1,1,0,1,1,0,1,1,1,1,0,0,1,0,1,1,1,1,1,1,
1,1,1,1,1,1,1,1,1,0,1,1,1,1,1,1,0,0,1,1,1,1,1,1,0,1,0,0,1,1,
1,1,0,1,1,1,1,1,1,0,1,1,0,1,1,1,0,0,1,1,1,1,1,1,0,1,0,1,1,0,
0,1,1,0,1,0,1,0,1,1,0,1,1,1,1,1,1,1,0,1,1,1,1,1,1,1,1,1,1,1,
0,1,1,1,1,1,0,1,1,1,1,1,1,1,0,1,1,1,1,0,1,1,1,1,1,1,1,1,1,1,
1,1,1,0,0,1,1,0,0,1,1,1,0,1,0,0,1,1,1,1,0,0,1,0,1,1,1,1,1,1,
1,1,1,1,0,1,1,1,0,1,1,1,0,1,1,0,1,1,1,1,0,0,1,0,1,1,1,1,1,1,
1,1,1,0,0,1,1,1,0,1,1,1,1,1,0,1,1,1,1,1,1,1,0,0,1,1,1,1,1,1,
0,1,1,0,1,0,1,1,0,1,1,0,0,0,0,0,1,1,1,1,0,0,0,0,1,0,1,0,0,0,
1,1,0,1,1,1,1,1,1,0,1,1,1,1,1,1,0,0,1,1,1,1,1,1,0,1,0,0,1,1,
1,1,1,1,1,0,1,1,1,1,1,1,1,0,1,1,1,1,1,1,1,1,1,0,1,0,1,0,0,1,
1,1,0,1,1,1,1,1,1,0,1,1,1,0,1,1,0,0,1,1,1,1,1,1,0,1,0,0,1,1,
0,0,0,1,1,1,1,0,1,0,1,1,0,0,1,1,0,1,1,1,1,1,1,0,0,0,0,0,1,0,
1,0,1,1,1,0,1,1,1,0,1,1,0,1,1,1,1,1,1,1,1,1,1,0,1,0,1,1,0,0,
0,0,0,0,0,0,1,0,0,1,0,0,0,0,1,1,1,0,1,1,1,1,1,0,1,1,1,0,0,0,
Is Output Graph Empty or Complete?: 0
Ratio of Added Edges Over Added + Removed Edges: 1
Changes from Input to Output: 
Added Edge: (0, 11)
Added Edge: (0, 21)
Added Edge: (0, 24)
Added Edge: (0, 26)
Added Edge: (1, 4)
Added Edge: (1, 18)
Added Edge: (1, 19)
Added Edge: (1, 20)
Added Edge: (2, 7)
Added Edge: (2, 8)
Added Edge: (2, 20)
Added Edge: (2, 21)
Added Edge: (2, 22)
Added Edge: (2, 25)
Added Edge: (2, 28)
Added Edge: (3, 24)
Added Edge: (3, 25)
Added Edge: (3, 26)
Added Edge: (4, 6)
Added Edge: (4, 9)
Added Edge: (4, 10)
Added Edge: (4, 17)
Added Edge: (4, 18)
Added Edge: (4, 19)
Added Edge: (4, 24)
Added Edge: (4, 25)
Added Edge: (4, 28)
Added Edge: (5, 15)
Added Edge: (5, 24)
Added Edge: (6, 9)
Added Edge: (6, 22)
Added Edge: (6, 26)
Added Edge: (6, 27)
Added Edge: (7, 25)
Added Edge: (8, 9)
Added Edge: (8, 13)
Added Edge: (8, 16)
Added Edge: (8, 27)
Added Edge: (9, 10)
Added Edge: (9, 15)
Added Edge: (9, 18)
Added Edge: (9, 19)
Added Edge: (9, 25)
Added Edge: (10, 13)
Added Edge: (10, 16)
Added Edge: (10, 17)
Added Edge: (10, 22)
Added Edge: (10, 24)
Added Edge: (11, 17)
Added Edge: (11, 20)
Added Edge: (11, 22)
Added Edge: (11, 24)
Added Edge: (11, 25)
Added Edge: (11, 27)
Added Edge: (12, 16)
Added Edge: (13, 21)
Added Edge: (13, 22)
Added Edge: (14, 24)
Added Edge: (14, 25)
Added Edge: (15, 18)
Added Edge: (15, 24)
Added Edge: (15, 25)
Added Edge: (16, 19)
Added Edge: (16, 20)
Added Edge: (16, 22)
Added Edge: (17, 23)
Added Edge: (18, 20)
Added Edge: (18, 22)
Added Edge: (18, 25)
Added Edge: (18, 26)
Added Edge: (19, 21)
Added Edge: (19, 26)
Added Edge: (20, 26)
Added Edge: (20, 28)
Added Edge: (21, 24)
Added Edge: (21, 28)
Added Edge: (26, 28)
========================
