========================
TIME_LIMIT_SECONDS: 900
ODD_HOLE_TERMINATION_PERCENTAGE: 999
N_THREADS: 24
IS_RUNNING_HEURISTIC_ON_CANDIDATE: 1
IS_RUNNING_HEURISTIC_ON_RELAXATION: 1
ADD_ALL_AT_START: 0
========================
Wall-Clock Runtime (ms): 901136
Calculated Odd Hole Termination Batch Size: 0
Total Time of All Workers in OddHoleAlg (nano): 190166051
Total Time of All Workers in OddHoleAlg (ms): 190
OddHoleAlg calls: 34
Number of Found Odd-Holes: 47137
Number of Found Odd Anti-Holes: 53971
Is Optimal? (1e-6): 0
Optimality Gap: 0.447545
Objective Value: 114
Number of Feasible Solutions Found: 4709
Number of Times Heuristic is Called: 8008
Total number of added OH and OHbar Cuts: 101108
Number of Explored B&C tree nodes: 40789
Number of Unexplored B&C tree nodes: 28826
========================
Input Graph:
Number of Vertices: 35
Erdos Renyi p Parameter: 0.5
Number of Edges: 295
Expected No of Odd Holes: 4979
Expected No of Odd Anti Holes: 1175
ODD_HOLE_TERMINATION_BATCH_SIZE: 0
Graph Density: 0.495798
0,0,0,0,1,1,0,1,0,0,0,0,1,1,0,0,0,0,0,1,1,1,1,0,1,0,1,0,1,0,1,0,0,0,0,
0,0,1,0,0,0,1,0,1,1,1,1,0,0,1,0,0,0,0,1,1,1,0,0,0,1,1,0,1,0,1,0,0,1,0,
0,1,0,0,0,0,1,1,0,0,1,0,0,1,1,0,1,0,1,1,1,0,0,1,1,0,1,1,1,0,1,1,1,0,1,
0,0,0,0,1,1,0,1,0,1,1,1,1,1,0,1,1,0,0,0,1,1,0,1,0,1,0,1,0,1,1,1,1,1,1,
1,0,0,1,0,1,0,0,0,0,0,0,1,0,1,0,0,1,1,0,0,1,1,1,0,1,0,1,0,0,1,0,0,0,1,
1,0,0,1,1,0,1,1,1,0,0,0,0,0,0,0,1,0,0,0,1,0,1,0,0,1,1,0,0,1,0,0,1,0,0,
0,1,1,0,0,1,0,0,1,0,1,0,0,1,0,1,0,1,0,0,0,0,1,0,0,0,1,0,1,0,0,1,1,0,1,
1,0,1,1,0,1,0,0,1,1,0,0,1,0,1,0,1,1,1,0,1,1,1,0,1,1,0,1,0,1,0,1,0,1,0,
0,1,0,0,0,1,1,1,0,0,1,1,0,0,0,0,0,0,0,1,0,1,0,1,0,0,0,0,1,1,1,0,0,1,1,
0,1,0,1,0,0,0,1,0,0,0,0,1,0,1,0,1,1,1,0,1,0,0,0,0,1,1,0,1,1,1,1,1,0,1,
0,1,1,1,0,0,1,0,1,0,0,0,1,1,1,0,0,1,1,0,0,0,1,1,0,0,1,0,1,1,0,1,1,1,1,
0,1,0,1,0,0,0,0,1,0,0,0,1,0,1,0,1,1,1,0,1,0,0,1,0,1,1,0,1,1,0,0,1,0,1,
1,0,0,1,1,0,0,1,0,1,1,1,0,0,0,1,0,0,1,1,1,1,0,1,1,0,0,1,0,1,0,1,0,1,0,
1,0,1,1,0,0,1,0,0,0,1,0,0,0,0,0,0,0,0,0,1,0,0,1,1,0,1,0,1,0,0,0,1,1,1,
0,1,1,0,1,0,0,1,0,1,1,1,0,0,0,0,1,1,0,1,1,0,0,1,1,0,1,1,1,1,0,0,0,0,0,
0,0,0,1,0,0,1,0,0,0,0,0,1,0,0,0,1,1,1,1,0,0,1,1,0,1,0,1,1,1,1,0,1,0,1,
0,0,1,1,0,1,0,1,0,1,0,1,0,0,1,1,0,0,0,0,0,0,1,0,0,0,1,0,1,1,0,1,1,0,1,
0,0,0,0,1,0,1,1,0,1,1,1,0,0,1,1,0,0,1,0,1,0,1,1,0,1,0,1,0,1,1,0,0,1,1,
0,0,1,0,1,0,0,1,0,1,1,1,1,0,0,1,0,1,0,0,0,1,1,1,1,0,0,0,1,1,0,0,1,0,1,
1,1,1,0,0,0,0,0,1,0,0,0,1,0,1,1,0,0,0,0,0,0,1,0,0,0,1,0,1,1,0,1,1,0,0,
1,1,1,1,0,1,0,1,0,1,0,1,1,1,1,0,0,1,0,0,0,1,0,1,0,1,1,0,1,0,1,1,1,0,1,
1,1,0,1,1,0,0,1,1,0,0,0,1,0,0,0,0,0,1,0,1,0,0,0,1,0,0,0,0,1,0,1,1,1,0,
1,0,0,0,1,1,1,1,0,0,1,0,0,0,0,1,1,1,1,1,0,0,0,0,0,1,1,0,0,0,0,0,1,0,0,
0,0,1,1,1,0,0,0,1,0,1,1,1,1,1,1,0,1,1,0,1,0,0,0,1,1,1,0,0,0,0,1,0,1,0,
1,0,1,0,0,0,0,1,0,0,0,0,1,1,1,0,0,0,1,0,0,1,0,1,0,1,1,0,0,0,1,1,1,0,1,
0,1,0,1,1,1,0,1,0,1,0,1,0,0,0,1,0,1,0,0,1,0,1,1,1,0,1,1,0,0,0,1,1,0,1,
1,1,1,0,0,1,1,0,0,1,1,1,0,1,1,0,1,0,0,1,1,0,1,1,1,1,0,1,1,1,1,1,1,1,0,
0,0,1,1,1,0,0,1,0,0,0,0,1,0,1,1,0,1,0,0,0,0,0,0,0,1,1,0,1,1,0,1,1,0,0,
1,1,1,0,0,0,1,0,1,1,1,1,0,1,1,1,1,0,1,1,1,0,0,0,0,0,1,1,0,0,1,0,0,1,1,
0,0,0,1,0,1,0,1,1,1,1,1,1,0,1,1,1,1,1,1,0,1,0,0,0,0,1,1,0,0,0,1,1,0,1,
1,1,1,1,1,0,0,0,1,1,0,0,0,0,0,1,0,1,0,0,1,0,0,0,1,0,1,0,1,0,0,0,1,1,1,
0,0,1,1,0,0,1,1,0,1,1,0,1,0,0,0,1,0,0,1,1,1,0,1,1,1,1,1,0,1,0,0,0,1,1,
0,0,1,1,0,1,1,0,0,1,1,1,0,1,0,1,1,0,1,1,1,1,1,0,1,1,1,1,0,1,1,0,0,0,0,
0,1,0,1,0,0,0,1,1,0,1,0,1,1,0,0,0,1,0,0,0,1,0,1,0,0,1,0,1,0,1,1,0,0,0,
0,0,1,1,1,0,1,0,1,1,1,1,0,1,0,1,1,1,1,0,1,0,0,0,1,1,0,0,1,1,1,1,0,0,0,
========================
Output Graph: 
Number of Vertices: 35
Number of Edges: 409
Graph Density: 0.687395
0,1,1,1,1,1,0,1,1,0,0,0,1,1,1,1,0,1,1,1,1,1,1,1,1,1,1,0,1,1,1,1,1,0,1,
1,0,1,0,0,1,1,1,1,1,1,1,0,1,1,0,1,0,1,1,1,1,0,1,0,1,1,1,1,1,1,0,0,1,1,
1,1,0,1,0,0,1,1,0,0,1,0,1,1,1,0,1,0,1,1,1,1,0,1,1,1,1,1,1,1,1,1,1,0,1,
1,0,1,0,1,1,1,1,0,1,1,1,1,1,1,1,1,0,1,1,1,1,1,1,1,1,0,1,0,1,1,1,1,1,1,
1,0,0,1,0,1,0,1,0,0,0,0,1,0,1,0,0,1,1,0,0,1,1,1,0,1,0,1,0,0,1,0,0,0,1,
1,1,0,1,1,0,1,1,1,0,0,0,1,1,1,0,1,1,1,0,1,1,1,1,0,1,1,1,1,1,1,0,1,0,1,
0,1,1,1,0,1,0,0,1,0,1,0,1,1,0,1,0,1,0,0,0,0,1,0,0,0,1,0,1,0,0,1,1,0,1,
1,1,1,1,1,1,0,0,1,1,1,1,1,0,1,1,1,1,1,0,1,1,1,0,1,1,1,1,1,1,0,1,1,1,1,
1,1,0,0,0,1,1,1,0,0,1,1,0,1,1,0,1,0,1,1,1,1,0,1,0,1,0,1,1,1,1,0,0,1,1,
0,1,0,1,0,0,0,1,0,0,0,0,1,0,1,0,1,1,1,0,1,0,0,1,0,1,1,0,1,1,1,1,1,0,1,
0,1,1,1,0,0,1,1,1,0,0,0,1,1,1,1,0,1,1,0,0,1,1,1,0,0,1,0,1,1,1,1,1,1,1,
0,1,0,1,0,0,0,1,1,0,0,0,1,0,1,0,1,1,1,0,1,0,0,1,0,1,1,0,1,1,0,0,1,0,1,
1,0,1,1,1,1,1,1,0,1,1,1,0,1,1,1,1,0,1,1,1,1,1,1,1,1,0,1,0,1,1,1,0,1,1,
1,1,1,1,0,1,1,0,1,0,1,0,1,0,0,1,0,1,0,0,1,0,1,1,1,0,1,0,1,1,0,1,1,1,1,
1,1,1,1,1,1,0,1,1,1,1,1,1,0,0,1,1,1,0,1,1,0,1,1,1,1,1,1,1,1,0,1,1,0,0,
1,0,0,1,0,0,1,1,0,0,1,0,1,1,1,0,1,1,1,1,1,1,1,1,0,1,1,1,1,1,1,0,1,0,1,
0,1,1,1,0,1,0,1,1,1,0,1,1,0,1,1,0,1,0,0,0,0,1,0,0,0,1,0,1,1,0,1,1,0,1,
1,0,0,0,1,1,1,1,0,1,1,1,0,1,1,1,1,0,1,1,1,1,1,1,0,1,0,1,0,1,1,0,0,1,1,
1,1,1,1,1,1,0,1,1,1,1,1,1,0,0,1,0,1,0,0,1,1,1,1,1,0,1,0,1,1,0,1,1,1,1,
1,1,1,1,0,0,0,0,1,0,0,0,1,0,1,1,0,1,0,0,0,0,1,0,0,0,1,0,1,1,0,1,1,0,0,
1,1,1,1,0,1,0,1,1,1,0,1,1,1,1,1,0,1,1,0,0,1,1,1,0,1,1,1,1,0,1,1,1,0,1,
1,1,1,1,1,1,0,1,1,0,1,0,1,0,0,1,0,1,1,0,1,0,1,0,1,0,1,0,1,1,0,1,1,1,0,
1,0,0,1,1,1,1,1,0,0,1,0,1,1,1,1,1,1,1,1,1,1,0,1,0,1,1,1,0,1,1,0,1,0,1,
1,1,1,1,1,1,0,0,1,1,1,1,1,1,1,1,0,1,1,0,1,0,1,0,1,1,1,0,1,1,0,1,1,1,1,
1,0,1,1,0,0,0,1,0,0,0,0,1,1,1,0,0,0,1,0,0,1,0,1,0,1,1,0,0,0,1,1,1,0,1,
1,1,1,1,1,1,0,1,1,1,0,1,1,0,1,1,0,1,0,0,1,0,1,1,1,0,1,1,1,1,0,1,1,0,1,
1,1,1,0,0,1,1,1,0,1,1,1,0,1,1,1,1,0,1,1,1,1,1,1,1,1,0,1,1,1,1,1,1,1,1,
0,1,1,1,1,1,0,1,1,0,0,0,1,0,1,1,0,1,0,0,1,0,1,0,0,1,1,0,1,1,0,1,1,0,0,
1,1,1,0,0,1,1,1,1,1,1,1,0,1,1,1,1,0,1,1,1,1,0,1,0,1,1,1,0,1,1,0,0,1,1,
1,1,1,1,0,1,0,1,1,1,1,1,1,1,1,1,1,1,1,1,0,1,1,1,0,1,1,1,1,0,1,1,1,0,1,
1,1,1,1,1,1,0,0,1,1,1,0,1,0,0,1,0,1,0,0,1,0,1,0,1,0,1,0,1,1,0,1,1,1,1,
1,0,1,1,0,0,1,1,0,1,1,0,1,1,1,0,1,0,1,1,1,1,0,1,1,1,1,1,0,1,1,0,0,1,1,
1,0,1,1,0,1,1,1,0,1,1,1,0,1,1,1,1,0,1,1,1,1,1,1,1,1,1,1,0,1,1,0,0,0,1,
0,1,0,1,0,0,0,1,1,0,1,0,1,1,0,0,0,1,1,0,0,1,0,1,0,0,1,0,1,0,1,1,0,0,1,
1,1,1,1,1,1,1,1,1,1,1,1,1,1,0,1,1,1,1,0,1,0,1,1,1,1,1,0,1,1,1,1,1,1,0,
Is Output Graph Empty or Complete?: 0
Ratio of Added Edges Over Added + Removed Edges: 1
Changes from Input to Output: 
Added Edge: (0, 1)
Added Edge: (0, 2)
Added Edge: (0, 3)
Added Edge: (0, 8)
Added Edge: (0, 14)
Added Edge: (0, 15)
Added Edge: (0, 17)
Added Edge: (0, 18)
Added Edge: (0, 23)
Added Edge: (0, 25)
Added Edge: (0, 29)
Added Edge: (0, 31)
Added Edge: (0, 32)
Added Edge: (0, 34)
Added Edge: (1, 5)
Added Edge: (1, 7)
Added Edge: (1, 13)
Added Edge: (1, 16)
Added Edge: (1, 18)
Added Edge: (1, 23)
Added Edge: (1, 27)
Added Edge: (1, 29)
Added Edge: (1, 34)
Added Edge: (2, 3)
Added Edge: (2, 12)
Added Edge: (2, 21)
Added Edge: (2, 25)
Added Edge: (2, 29)
Added Edge: (3, 6)
Added Edge: (3, 14)
Added Edge: (3, 18)
Added Edge: (3, 19)
Added Edge: (3, 22)
Added Edge: (3, 24)
Added Edge: (4, 7)
Added Edge: (5, 12)
Added Edge: (5, 13)
Added Edge: (5, 14)
Added Edge: (5, 17)
Added Edge: (5, 18)
Added Edge: (5, 21)
Added Edge: (5, 23)
Added Edge: (5, 27)
Added Edge: (5, 28)
Added Edge: (5, 30)
Added Edge: (5, 34)
Added Edge: (6, 12)
Added Edge: (7, 10)
Added Edge: (7, 11)
Added Edge: (7, 15)
Added Edge: (7, 26)
Added Edge: (7, 28)
Added Edge: (7, 32)
Added Edge: (7, 34)
Added Edge: (8, 13)
Added Edge: (8, 14)
Added Edge: (8, 16)
Added Edge: (8, 18)
Added Edge: (8, 20)
Added Edge: (8, 25)
Added Edge: (8, 27)
Added Edge: (9, 23)
Added Edge: (10, 15)
Added Edge: (10, 21)
Added Edge: (10, 30)
Added Edge: (12, 13)
Added Edge: (12, 14)
Added Edge: (12, 16)
Added Edge: (12, 22)
Added Edge: (12, 25)
Added Edge: (12, 30)
Added Edge: (12, 34)
Added Edge: (13, 15)
Added Edge: (13, 17)
Added Edge: (13, 22)
Added Edge: (13, 29)
Added Edge: (13, 31)
Added Edge: (14, 15)
Added Edge: (14, 22)
Added Edge: (14, 25)
Added Edge: (14, 31)
Added Edge: (14, 32)
Added Edge: (15, 20)
Added Edge: (15, 21)
Added Edge: (15, 26)
Added Edge: (16, 17)
Added Edge: (17, 19)
Added Edge: (17, 21)
Added Edge: (18, 20)
Added Edge: (18, 26)
Added Edge: (18, 31)
Added Edge: (18, 33)
Added Edge: (20, 22)
Added Edge: (20, 27)
Added Edge: (21, 22)
Added Edge: (21, 26)
Added Edge: (21, 28)
Added Edge: (22, 23)
Added Edge: (22, 27)
Added Edge: (22, 29)
Added Edge: (22, 30)
Added Edge: (22, 34)
Added Edge: (23, 28)
Added Edge: (23, 29)
Added Edge: (23, 32)
Added Edge: (23, 34)
Added Edge: (25, 28)
Added Edge: (25, 29)
Added Edge: (26, 34)
Added Edge: (28, 29)
Added Edge: (29, 30)
Added Edge: (30, 31)
Added Edge: (32, 34)
Added Edge: (33, 34)
========================
