========================
TIME_LIMIT_SECONDS: 900
ODD_HOLE_TERMINATION_PERCENTAGE: 999
N_THREADS: 24
IS_RUNNING_HEURISTIC_ON_CANDIDATE: 1
IS_RUNNING_HEURISTIC_ON_RELAXATION: 0
ADD_ALL_AT_START: 0
========================
Wall-Clock Runtime (ms): 900825
Calculated Odd Hole Termination Batch Size: 0
Total Time of All Workers in OddHoleAlg (nano): 323403584
Total Time of All Workers in OddHoleAlg (ms): 323
OddHoleAlg calls: 244
Number of Found Odd-Holes: 38722
Number of Found Odd Anti-Holes: 72372
Is Optimal? (1e-6): 0
Optimality Gap: 0.49822
Objective Value: 99
Number of Feasible Solutions Found: 15
Number of Times Heuristic is Called: 120
Total number of added OH and OHbar Cuts: 111094
Number of Explored B&C tree nodes: 51934
Number of Unexplored B&C tree nodes: 38836
========================
Input Graph:
Number of Vertices: 30
Erdos Renyi p Parameter: 0.5
Number of Edges: 204
Expected No of Odd Holes: 2023
Expected No of Odd Anti Holes: 353
ODD_HOLE_TERMINATION_BATCH_SIZE: 0
Graph Density: 0.468966
0,1,0,0,0,1,1,0,0,1,1,1,0,1,0,1,0,0,1,0,0,0,1,0,1,0,0,0,1,0,
1,0,1,0,0,0,1,0,1,0,1,1,1,0,1,0,1,0,0,0,1,0,1,1,0,0,0,1,1,1,
0,1,0,1,0,1,0,1,0,1,0,1,0,0,0,1,0,0,0,0,1,1,0,0,1,0,0,0,1,1,
0,0,1,0,0,0,1,1,1,1,0,0,0,1,0,0,0,0,1,1,1,0,0,1,1,0,0,1,0,0,
0,0,0,0,0,0,0,0,0,0,1,0,0,1,1,0,1,0,1,1,1,0,1,1,1,0,1,0,1,1,
1,0,1,0,0,0,1,1,1,0,1,1,0,1,0,0,1,0,1,0,0,0,0,0,0,1,1,1,0,1,
1,1,0,1,0,1,0,0,1,0,1,1,1,1,0,0,1,0,0,0,0,0,1,0,1,0,0,0,1,1,
0,0,1,1,0,1,0,0,0,1,1,1,0,0,1,1,0,1,0,0,0,0,1,1,1,1,0,1,0,0,
0,1,0,1,0,1,1,0,0,1,1,1,1,1,0,1,1,0,0,0,0,0,1,1,0,1,1,1,0,1,
1,0,1,1,0,0,0,1,1,0,0,0,1,0,0,1,1,0,0,0,1,0,0,1,0,1,1,1,0,0,
1,1,0,0,1,1,1,1,1,0,0,1,0,0,1,0,0,0,1,0,0,0,0,1,0,1,0,0,0,0,
1,1,1,0,0,1,1,1,1,0,1,0,1,0,1,1,0,0,0,0,0,1,0,1,1,1,1,0,0,1,
0,1,0,0,0,0,1,0,1,1,0,1,0,0,0,0,1,1,0,1,1,0,1,1,0,1,0,1,1,1,
1,0,0,1,1,1,1,0,1,0,0,0,0,0,0,0,1,0,0,0,1,1,0,1,0,0,1,0,1,1,
0,1,0,0,1,0,0,1,0,0,1,1,0,0,0,1,0,1,0,0,0,1,1,0,0,1,0,1,0,0,
1,0,1,0,0,0,0,1,1,1,0,1,0,0,1,0,0,1,0,0,0,0,1,1,0,1,1,0,0,0,
0,1,0,0,1,1,1,0,1,1,0,0,1,1,0,0,0,1,1,0,0,1,0,0,1,1,0,0,0,1,
0,0,0,0,0,0,0,1,0,0,0,0,1,0,1,1,1,0,0,0,1,0,0,0,0,0,1,1,1,1,
1,0,0,1,1,1,0,0,0,0,1,0,0,0,0,0,1,0,0,1,1,0,1,1,0,0,0,1,0,1,
0,0,0,1,1,0,0,0,0,0,0,0,1,0,0,0,0,0,1,0,1,1,1,0,1,0,0,0,0,1,
0,1,1,1,1,0,0,0,0,1,0,0,1,1,0,0,0,1,1,1,0,1,0,1,1,0,1,1,0,0,
0,0,1,0,0,0,0,0,0,0,0,1,0,1,1,0,1,0,0,1,1,0,1,0,1,1,1,0,1,1,
1,1,0,0,1,0,1,1,1,0,0,0,1,0,1,1,0,0,1,1,0,1,0,0,1,1,0,1,0,1,
0,1,0,1,1,0,0,1,1,1,1,1,1,1,0,1,0,0,1,0,1,0,0,0,0,1,0,0,1,1,
1,0,1,1,1,0,1,1,0,0,0,1,0,0,0,0,1,0,0,1,1,1,1,0,0,0,1,0,0,0,
0,0,0,0,0,1,0,1,1,1,1,1,1,0,1,1,1,0,0,0,0,1,1,1,0,0,1,0,0,0,
0,0,0,0,1,1,0,0,1,1,0,1,0,1,0,1,0,1,0,0,1,1,0,0,1,1,0,1,0,1,
0,1,0,1,0,1,0,1,1,1,0,0,1,0,1,0,0,1,1,0,1,0,1,0,0,0,1,0,1,1,
1,1,1,0,1,0,1,0,0,0,0,0,1,1,0,0,0,1,0,0,0,1,0,1,0,0,0,1,0,1,
0,1,1,0,1,1,1,0,1,0,0,1,1,1,0,0,1,1,1,1,0,1,1,1,0,0,1,1,1,0,
========================
Output Graph: 
Number of Vertices: 30
Number of Edges: 303
Graph Density: 0.696552
0,1,0,0,1,1,1,1,1,1,1,1,0,1,0,1,0,1,1,0,0,1,1,1,1,1,0,1,1,0,
1,0,1,1,0,0,1,1,1,0,1,1,1,0,1,1,1,0,1,0,1,0,1,1,0,1,1,1,1,1,
0,1,0,1,1,1,1,1,1,1,0,1,0,1,0,1,0,1,1,1,1,1,1,1,1,1,0,1,1,1,
0,1,1,0,1,1,1,1,1,1,0,1,0,1,0,0,0,1,1,1,1,1,1,1,1,1,0,1,0,1,
1,0,1,1,0,0,1,1,0,0,1,0,1,1,1,0,1,0,1,1,1,1,1,1,1,0,1,0,1,1,
1,0,1,1,0,0,1,1,1,0,1,1,1,1,1,1,1,0,1,0,1,0,1,1,0,1,1,1,1,1,
1,1,1,1,1,1,0,0,1,1,1,1,1,1,1,0,1,1,1,0,0,1,1,1,1,1,0,1,1,1,
1,1,1,1,1,1,0,0,1,1,1,1,0,1,1,1,0,1,1,0,0,1,1,1,1,1,1,1,0,1,
1,1,1,1,0,1,1,1,0,1,1,1,1,1,1,1,1,0,1,0,1,0,1,1,0,1,1,1,1,1,
1,0,1,1,0,0,1,1,1,0,0,0,1,0,1,1,1,0,1,0,1,0,1,1,0,1,1,1,1,1,
1,1,0,0,1,1,1,1,1,0,0,1,0,0,1,0,0,0,1,0,0,0,0,1,0,1,0,0,0,0,
1,1,1,1,0,1,1,1,1,0,1,0,1,1,1,1,1,0,1,0,1,1,1,1,1,1,1,0,1,1,
0,1,0,0,1,1,1,0,1,1,0,1,0,1,0,0,1,1,1,1,1,1,1,1,1,1,0,1,1,1,
1,0,1,1,1,1,1,1,1,0,0,1,1,0,1,0,1,0,1,0,1,1,1,1,0,0,1,0,1,1,
0,1,0,0,1,1,1,1,1,1,1,1,0,1,0,1,0,1,1,0,0,1,1,1,1,1,0,1,0,0,
1,1,1,0,0,1,0,1,1,1,0,1,0,0,1,0,0,1,0,0,0,0,1,1,0,1,1,0,0,1,
0,1,0,0,1,1,1,0,1,1,0,1,1,1,0,0,0,1,1,0,0,1,0,1,1,1,0,0,0,1,
1,0,1,1,0,0,1,1,0,0,0,0,1,0,1,1,1,0,1,0,1,0,1,0,0,0,1,1,1,1,
1,1,1,1,1,1,1,1,1,1,1,1,1,1,1,0,1,1,0,1,1,1,1,1,1,1,1,1,0,1,
0,0,1,1,1,0,0,0,0,0,0,0,1,0,0,0,0,0,1,0,1,1,1,0,1,0,0,0,0,1,
0,1,1,1,1,1,0,0,1,1,0,1,1,1,0,0,0,1,1,1,0,1,0,1,1,1,1,1,0,0,
1,0,1,1,1,0,1,1,0,0,0,1,1,1,1,0,1,0,1,1,1,0,1,0,1,1,1,0,1,1,
1,1,1,1,1,1,1,1,1,1,0,1,1,1,1,1,0,1,1,1,0,1,0,1,1,1,1,1,0,1,
1,1,1,1,1,1,1,1,1,1,1,1,1,1,1,1,1,0,1,0,1,0,1,0,0,1,1,0,1,1,
1,0,1,1,1,0,1,1,0,0,0,1,1,0,1,0,1,0,1,1,1,1,1,0,0,0,1,0,1,1,
1,1,1,1,0,1,1,1,1,1,1,1,1,0,1,1,1,0,1,0,1,1,1,1,0,0,1,0,1,1,
0,1,0,0,1,1,0,1,1,1,0,1,0,1,0,1,0,1,1,0,1,1,1,1,1,1,0,1,0,1,
1,1,1,1,0,1,1,1,1,1,0,0,1,0,1,0,0,1,1,0,1,0,1,0,0,0,1,0,1,1,
1,1,1,0,1,1,1,0,1,1,0,1,1,1,0,0,0,1,0,0,0,1,0,1,1,1,0,1,0,1,
0,1,1,1,1,1,1,1,1,1,0,1,1,1,0,1,1,1,1,1,0,1,1,1,1,1,1,1,1,0,
Is Output Graph Empty or Complete?: 0
Ratio of Added Edges Over Added + Removed Edges: 1
Changes from Input to Output: 
Added Edge: (0, 4)
Added Edge: (0, 7)
Added Edge: (0, 8)
Added Edge: (0, 17)
Added Edge: (0, 21)
Added Edge: (0, 23)
Added Edge: (0, 25)
Added Edge: (0, 27)
Added Edge: (1, 3)
Added Edge: (1, 7)
Added Edge: (1, 15)
Added Edge: (1, 18)
Added Edge: (1, 25)
Added Edge: (1, 26)
Added Edge: (2, 4)
Added Edge: (2, 6)
Added Edge: (2, 8)
Added Edge: (2, 13)
Added Edge: (2, 17)
Added Edge: (2, 18)
Added Edge: (2, 19)
Added Edge: (2, 22)
Added Edge: (2, 23)
Added Edge: (2, 25)
Added Edge: (2, 27)
Added Edge: (3, 4)
Added Edge: (3, 5)
Added Edge: (3, 11)
Added Edge: (3, 17)
Added Edge: (3, 21)
Added Edge: (3, 22)
Added Edge: (3, 25)
Added Edge: (3, 29)
Added Edge: (4, 6)
Added Edge: (4, 7)
Added Edge: (4, 12)
Added Edge: (4, 21)
Added Edge: (5, 12)
Added Edge: (5, 14)
Added Edge: (5, 15)
Added Edge: (5, 20)
Added Edge: (5, 22)
Added Edge: (5, 23)
Added Edge: (5, 28)
Added Edge: (6, 9)
Added Edge: (6, 14)
Added Edge: (6, 17)
Added Edge: (6, 18)
Added Edge: (6, 21)
Added Edge: (6, 23)
Added Edge: (6, 25)
Added Edge: (6, 27)
Added Edge: (7, 8)
Added Edge: (7, 13)
Added Edge: (7, 18)
Added Edge: (7, 21)
Added Edge: (7, 26)
Added Edge: (7, 29)
Added Edge: (8, 14)
Added Edge: (8, 18)
Added Edge: (8, 20)
Added Edge: (8, 28)
Added Edge: (9, 14)
Added Edge: (9, 18)
Added Edge: (9, 22)
Added Edge: (9, 28)
Added Edge: (9, 29)
Added Edge: (11, 13)
Added Edge: (11, 16)
Added Edge: (11, 18)
Added Edge: (11, 20)
Added Edge: (11, 22)
Added Edge: (11, 28)
Added Edge: (12, 13)
Added Edge: (12, 18)
Added Edge: (12, 21)
Added Edge: (12, 24)
Added Edge: (13, 14)
Added Edge: (13, 18)
Added Edge: (13, 22)
Added Edge: (14, 18)
Added Edge: (14, 23)
Added Edge: (14, 24)
Added Edge: (15, 29)
Added Edge: (16, 23)
Added Edge: (17, 18)
Added Edge: (17, 22)
Added Edge: (18, 21)
Added Edge: (18, 24)
Added Edge: (18, 25)
Added Edge: (18, 26)
Added Edge: (20, 25)
Added Edge: (22, 23)
Added Edge: (22, 26)
Added Edge: (23, 26)
Added Edge: (24, 28)
Added Edge: (24, 29)
Added Edge: (25, 28)
Added Edge: (25, 29)
========================
