========================
TIME_LIMIT_SECONDS: 900
ODD_HOLE_TERMINATION_PERCENTAGE: 999
N_THREADS: 24
IS_RUNNING_HEURISTIC_ON_CANDIDATE: 1
IS_RUNNING_HEURISTIC_ON_RELAXATION: 0
ADD_ALL_AT_START: 0
========================
Wall-Clock Runtime (ms): 901030
Calculated Odd Hole Termination Batch Size: 0
Total Time of All Workers in OddHoleAlg (nano): 275434995
Total Time of All Workers in OddHoleAlg (ms): 275
OddHoleAlg calls: 88
Number of Found Odd-Holes: 91689
Number of Found Odd Anti-Holes: 9133
Is Optimal? (1e-6): 0
Optimality Gap: 0.386643
Objective Value: 115
Number of Feasible Solutions Found: 10
Number of Times Heuristic is Called: 43
Total number of added OH and OHbar Cuts: 100822
Number of Explored B&C tree nodes: 94595
Number of Unexplored B&C tree nodes: 86210
========================
Input Graph:
Number of Vertices: 35
Erdos Renyi p Parameter: 0.25
Number of Edges: 159
Expected No of Odd Holes: 6448
Expected No of Odd Anti Holes: 1
ODD_HOLE_TERMINATION_BATCH_SIZE: 0
Graph Density: 0.267227
0,0,1,0,0,1,0,1,1,1,0,0,1,0,1,0,1,0,0,0,0,0,0,0,0,0,0,1,0,0,0,1,0,0,1,
0,0,1,0,1,1,0,1,0,1,1,0,0,0,1,1,1,0,1,1,0,0,0,1,0,0,0,0,0,0,0,1,0,0,1,
1,1,0,1,0,0,1,0,0,0,0,1,0,0,0,0,0,0,0,0,0,0,1,1,1,1,1,1,0,0,1,0,0,1,0,
0,0,1,0,0,0,0,0,1,1,1,1,0,1,0,0,1,0,0,1,0,1,1,1,1,0,0,0,0,0,0,0,0,0,0,
0,1,0,0,0,0,0,1,0,0,0,1,0,0,1,0,1,0,1,0,0,1,0,1,0,0,0,0,1,0,1,0,0,0,0,
1,1,0,0,0,0,1,1,0,0,0,0,0,0,1,0,0,1,0,0,0,0,0,0,0,0,0,1,0,0,0,0,1,0,1,
0,0,1,0,0,1,0,0,0,0,0,1,0,0,0,0,0,0,0,0,0,0,0,1,1,0,0,0,1,0,0,0,0,0,0,
1,1,0,0,1,1,0,0,0,0,0,0,0,0,0,0,0,1,0,0,0,0,0,0,0,0,0,0,0,0,0,0,0,0,0,
1,0,0,1,0,0,0,0,0,0,0,0,0,0,1,0,0,0,0,0,0,0,1,0,0,0,1,0,1,1,0,0,1,0,1,
1,1,0,1,0,0,0,0,0,0,0,0,0,0,0,0,1,0,0,0,0,0,0,0,0,1,0,0,0,1,0,0,0,1,0,
0,1,0,1,0,0,0,0,0,0,0,0,0,0,0,1,0,0,0,1,0,0,1,0,0,0,0,1,0,0,1,0,0,0,0,
0,0,1,1,1,0,1,0,0,0,0,0,0,1,1,0,1,0,0,0,1,0,0,0,0,0,0,1,1,0,0,0,0,0,1,
1,0,0,0,0,0,0,0,0,0,0,0,0,1,0,0,1,1,1,0,1,0,0,1,0,0,0,0,1,1,0,1,1,0,1,
0,0,0,1,0,0,0,0,0,0,0,1,1,0,0,1,0,1,0,1,1,0,1,0,1,0,1,0,0,0,1,0,0,0,0,
1,1,0,0,1,1,0,0,1,0,0,1,0,0,0,0,1,1,1,0,0,0,0,0,1,0,1,0,0,0,0,0,0,0,0,
0,1,0,0,0,0,0,0,0,0,1,0,0,1,0,0,0,0,1,0,0,0,0,0,1,0,0,0,0,1,0,0,1,0,0,
1,1,0,1,1,0,0,0,0,1,0,1,1,0,1,0,0,0,0,1,1,0,0,0,1,0,0,0,0,0,0,0,0,0,1,
0,0,0,0,0,1,0,1,0,0,0,0,1,1,1,0,0,0,0,0,1,0,1,0,0,0,0,1,0,0,1,1,0,1,0,
0,1,0,0,1,0,0,0,0,0,0,0,1,0,1,1,0,0,0,0,0,0,0,0,0,0,0,0,0,1,0,0,0,0,0,
0,1,0,1,0,0,0,0,0,0,1,0,0,1,0,0,1,0,0,0,0,0,0,0,0,0,0,0,0,0,0,0,0,1,1,
0,0,0,0,0,0,0,0,0,0,0,1,1,1,0,0,1,1,0,0,0,0,0,0,0,0,0,1,0,1,0,0,0,0,0,
0,0,0,1,1,0,0,0,0,0,0,0,0,0,0,0,0,0,0,0,0,0,0,0,0,1,0,0,1,0,0,1,0,0,1,
0,0,1,1,0,0,0,0,1,0,1,0,0,1,0,0,0,1,0,0,0,0,0,1,0,0,0,0,1,1,0,1,1,0,0,
0,1,1,1,1,0,1,0,0,0,0,0,1,0,0,0,0,0,0,0,0,0,1,0,1,0,0,1,0,0,0,0,1,1,0,
0,0,1,1,0,0,1,0,0,0,0,0,0,1,1,1,1,0,0,0,0,0,0,1,0,0,0,1,0,0,0,0,0,0,0,
0,0,1,0,0,0,0,0,0,1,0,0,0,0,0,0,0,0,0,0,0,1,0,0,0,0,0,0,1,1,0,1,0,0,0,
0,0,1,0,0,0,0,0,1,0,0,0,0,1,1,0,0,0,0,0,0,0,0,0,0,0,0,1,0,1,0,0,0,0,0,
1,0,1,0,0,1,0,0,0,0,1,1,0,0,0,0,0,1,0,0,1,0,0,1,1,0,1,0,0,0,0,0,0,1,0,
0,0,0,0,1,0,1,0,1,0,0,1,1,0,0,0,0,0,0,0,0,1,1,0,0,1,0,0,0,0,1,1,0,0,0,
0,0,0,0,0,0,0,0,1,1,0,0,1,0,0,1,0,0,1,0,1,0,1,0,0,1,1,0,0,0,0,0,1,0,0,
0,0,1,0,1,0,0,0,0,0,1,0,0,1,0,0,0,1,0,0,0,0,0,0,0,0,0,0,1,0,0,0,0,0,0,
1,1,0,0,0,0,0,0,0,0,0,0,1,0,0,0,0,1,0,0,0,1,1,0,0,1,0,0,1,0,0,0,0,1,0,
0,0,0,0,0,1,0,0,1,0,0,0,1,0,0,1,0,0,0,0,0,0,1,1,0,0,0,0,0,1,0,0,0,0,0,
0,0,1,0,0,0,0,0,0,1,0,0,0,0,0,0,0,1,0,1,0,0,0,1,0,0,0,1,0,0,0,1,0,0,1,
1,1,0,0,0,1,0,0,1,0,0,1,1,0,0,0,1,0,0,1,0,1,0,0,0,0,0,0,0,0,0,0,0,1,0,
========================
Output Graph: 
Number of Vertices: 35
Number of Edges: 274
Graph Density: 0.460504
0,0,1,0,0,1,0,1,1,1,0,0,1,1,1,1,1,1,0,0,0,0,0,1,0,0,0,1,1,1,0,1,0,0,1,
0,0,1,1,1,1,0,1,1,1,1,0,1,1,1,1,1,1,1,1,0,0,0,1,0,0,0,1,1,1,0,1,0,0,1,
1,1,0,1,1,0,1,0,0,0,0,1,1,0,1,1,0,1,0,0,1,0,1,1,1,1,1,1,1,1,1,0,1,1,1,
0,1,1,0,0,1,0,0,1,1,1,1,1,1,1,1,1,1,0,1,0,1,1,1,1,0,0,1,1,1,0,1,0,0,1,
0,1,1,0,0,1,0,1,0,1,1,1,1,1,1,1,1,1,1,0,0,1,0,1,0,0,0,1,1,1,1,1,0,0,1,
1,1,0,1,1,0,1,1,0,0,0,1,0,1,1,0,0,1,0,0,1,0,0,0,1,0,0,1,1,0,0,0,1,0,1,
0,0,1,0,0,1,0,0,0,0,0,1,0,1,0,0,0,0,0,0,0,0,0,1,1,0,0,0,1,0,0,0,0,0,0,
1,1,0,0,1,1,0,0,0,0,0,0,0,0,0,0,0,1,0,0,0,0,0,0,0,0,0,0,0,0,0,0,0,0,0,
1,1,0,1,0,0,0,0,0,0,0,0,0,0,1,0,0,0,0,0,0,0,1,0,0,0,1,0,1,1,0,0,1,0,1,
1,1,0,1,1,0,0,0,0,0,0,0,0,0,0,0,1,1,0,0,0,1,0,0,0,1,0,0,0,1,0,1,0,1,0,
0,1,0,1,1,0,0,0,0,0,0,0,0,0,0,1,1,0,0,1,0,0,1,0,0,0,0,1,1,0,1,0,1,1,1,
0,0,1,1,1,1,1,0,0,0,0,0,0,1,1,0,1,0,0,0,1,0,0,1,1,0,0,1,1,0,0,0,0,0,1,
1,1,1,1,1,0,0,0,0,0,0,0,0,1,1,1,1,1,1,0,1,0,0,1,0,0,0,1,1,1,0,1,1,0,1,
1,1,0,1,1,1,1,0,0,0,0,1,1,0,1,1,0,1,0,1,1,0,1,0,1,0,1,1,1,1,1,0,1,1,1,
1,1,1,1,1,1,0,0,1,0,0,1,1,1,0,1,1,1,1,0,0,0,1,1,1,0,1,1,0,1,0,0,1,0,0,
1,1,1,1,1,0,0,0,0,0,1,0,1,1,1,0,1,1,1,0,0,0,1,0,1,0,0,0,1,1,0,0,1,1,1,
1,1,0,1,1,0,0,0,0,1,1,1,1,0,1,1,0,1,0,1,1,0,1,0,1,1,0,1,1,1,1,0,1,1,1,
1,1,1,1,1,1,0,1,0,1,0,0,1,1,1,1,1,0,0,0,1,0,1,1,0,1,0,1,1,0,1,1,1,1,1,
0,1,0,0,1,0,0,0,0,0,0,0,1,0,1,1,0,0,0,0,0,0,0,0,0,0,0,0,0,1,0,0,0,0,0,
0,1,0,1,0,0,0,0,0,0,1,0,0,1,0,0,1,0,0,0,0,0,0,0,0,0,0,0,0,0,0,0,0,1,1,
0,0,1,0,0,1,0,0,0,0,0,1,1,1,0,0,1,1,0,0,0,0,0,1,1,0,0,1,0,1,0,0,0,0,0,
0,0,0,1,1,0,0,0,0,1,0,0,0,0,0,0,0,0,0,0,0,0,0,0,0,1,0,0,1,0,0,1,0,0,1,
0,0,1,1,0,0,0,0,1,0,1,0,0,1,1,1,1,1,0,0,0,0,0,1,0,0,0,1,1,1,0,1,1,0,1,
1,1,1,1,1,0,1,0,0,0,0,1,1,0,1,0,0,1,0,0,1,0,1,0,1,0,0,1,1,0,0,0,1,1,1,
0,0,1,1,0,1,1,0,0,0,0,1,0,1,1,1,1,0,0,0,1,0,0,1,0,0,0,1,1,0,0,0,0,0,0,
0,0,1,0,0,0,0,0,0,1,0,0,0,0,0,0,1,1,0,0,0,1,0,0,0,0,0,0,1,1,0,1,0,0,0,
0,0,1,0,0,0,0,0,1,0,0,0,0,1,1,0,0,0,0,0,0,0,0,0,0,0,0,1,0,1,0,0,0,0,0,
1,1,1,1,1,1,0,0,0,0,1,1,1,1,1,0,1,1,0,0,1,0,1,1,1,0,1,0,1,1,0,0,1,1,1,
1,1,1,1,1,1,1,0,1,0,1,1,1,1,0,1,1,1,0,0,0,1,1,1,1,1,0,1,0,1,1,1,1,1,0,
1,1,1,1,1,0,0,0,1,1,0,0,1,1,1,1,1,0,1,0,1,0,1,0,0,1,1,1,1,0,0,0,1,1,1,
0,0,1,0,1,0,0,0,0,0,1,0,0,1,0,0,1,1,0,0,0,0,0,0,0,0,0,0,1,0,0,0,0,0,0,
1,1,0,1,1,0,0,0,0,1,0,0,1,0,0,0,0,1,0,0,0,1,1,0,0,1,0,0,1,0,0,0,1,1,0,
0,0,1,0,0,1,0,0,1,0,1,0,1,1,1,1,1,1,0,0,0,0,1,1,0,0,0,1,1,1,0,1,0,0,1,
0,0,1,0,0,0,0,0,0,1,1,0,0,1,0,1,1,1,0,1,0,0,0,1,0,0,0,1,1,1,0,1,0,0,1,
1,1,1,1,1,1,0,0,1,0,1,1,1,1,0,1,1,1,0,1,0,1,1,1,0,0,0,1,0,1,0,0,1,1,0,
Is Output Graph Empty or Complete?: 0
Ratio of Added Edges Over Added + Removed Edges: 1
Changes from Input to Output: 
Added Edge: (0, 13)
Added Edge: (0, 15)
Added Edge: (0, 17)
Added Edge: (0, 23)
Added Edge: (0, 28)
Added Edge: (0, 29)
Added Edge: (1, 3)
Added Edge: (1, 8)
Added Edge: (1, 12)
Added Edge: (1, 13)
Added Edge: (1, 17)
Added Edge: (1, 27)
Added Edge: (1, 28)
Added Edge: (1, 29)
Added Edge: (2, 4)
Added Edge: (2, 12)
Added Edge: (2, 14)
Added Edge: (2, 15)
Added Edge: (2, 17)
Added Edge: (2, 20)
Added Edge: (2, 28)
Added Edge: (2, 29)
Added Edge: (2, 32)
Added Edge: (2, 34)
Added Edge: (3, 5)
Added Edge: (3, 12)
Added Edge: (3, 14)
Added Edge: (3, 15)
Added Edge: (3, 17)
Added Edge: (3, 27)
Added Edge: (3, 28)
Added Edge: (3, 29)
Added Edge: (3, 31)
Added Edge: (3, 34)
Added Edge: (4, 5)
Added Edge: (4, 9)
Added Edge: (4, 10)
Added Edge: (4, 12)
Added Edge: (4, 13)
Added Edge: (4, 15)
Added Edge: (4, 17)
Added Edge: (4, 27)
Added Edge: (4, 29)
Added Edge: (4, 31)
Added Edge: (4, 34)
Added Edge: (5, 11)
Added Edge: (5, 13)
Added Edge: (5, 20)
Added Edge: (5, 24)
Added Edge: (5, 28)
Added Edge: (6, 13)
Added Edge: (9, 17)
Added Edge: (9, 21)
Added Edge: (9, 31)
Added Edge: (10, 16)
Added Edge: (10, 28)
Added Edge: (10, 32)
Added Edge: (10, 33)
Added Edge: (10, 34)
Added Edge: (11, 23)
Added Edge: (11, 24)
Added Edge: (12, 14)
Added Edge: (12, 15)
Added Edge: (12, 27)
Added Edge: (13, 14)
Added Edge: (13, 27)
Added Edge: (13, 28)
Added Edge: (13, 29)
Added Edge: (13, 32)
Added Edge: (13, 33)
Added Edge: (13, 34)
Added Edge: (14, 15)
Added Edge: (14, 22)
Added Edge: (14, 23)
Added Edge: (14, 27)
Added Edge: (14, 29)
Added Edge: (14, 32)
Added Edge: (15, 16)
Added Edge: (15, 17)
Added Edge: (15, 22)
Added Edge: (15, 28)
Added Edge: (15, 33)
Added Edge: (15, 34)
Added Edge: (16, 17)
Added Edge: (16, 22)
Added Edge: (16, 25)
Added Edge: (16, 27)
Added Edge: (16, 28)
Added Edge: (16, 29)
Added Edge: (16, 30)
Added Edge: (16, 32)
Added Edge: (16, 33)
Added Edge: (17, 23)
Added Edge: (17, 25)
Added Edge: (17, 28)
Added Edge: (17, 32)
Added Edge: (17, 34)
Added Edge: (20, 23)
Added Edge: (20, 24)
Added Edge: (22, 27)
Added Edge: (22, 34)
Added Edge: (23, 28)
Added Edge: (23, 34)
Added Edge: (24, 28)
Added Edge: (27, 28)
Added Edge: (27, 29)
Added Edge: (27, 32)
Added Edge: (27, 34)
Added Edge: (28, 29)
Added Edge: (28, 32)
Added Edge: (28, 33)
Added Edge: (29, 33)
Added Edge: (29, 34)
Added Edge: (31, 32)
Added Edge: (32, 34)
========================
