========================
TIME_LIMIT_SECONDS: 900
ODD_HOLE_TERMINATION_PERCENTAGE: 999
N_THREADS: 24
IS_RUNNING_HEURISTIC_ON_CANDIDATE: 1
IS_RUNNING_HEURISTIC_ON_RELAXATION: 1
ADD_ALL_AT_START: 1
========================
Wall-Clock Runtime (ms): 901976
Calculated Odd Hole Termination Batch Size: 0
Total Time of All Workers in OddHoleAlg (nano): 489748098
Total Time of All Workers in OddHoleAlg (ms): 489
OddHoleAlg calls: 48
Number of Found Odd-Holes: 15543
Number of Found Odd Anti-Holes: 173163
Is Optimal? (1e-6): 0
Optimality Gap: 0.534936
Objective Value: 182
Number of Feasible Solutions Found: 1160
Number of Times Heuristic is Called: 1588
Total number of added OH and OHbar Cuts: 188706
Number of Explored B&C tree nodes: 7737
Number of Unexplored B&C tree nodes: 2552
========================
Input Graph:
Number of Vertices: 40
Erdos Renyi p Parameter: 0.5
Number of Edges: 382
Expected No of Odd Holes: 10991
Expected No of Odd Anti Holes: 3280
ODD_HOLE_TERMINATION_BATCH_SIZE: 0
Graph Density: 0.489744
0,0,0,1,1,1,1,0,0,1,1,0,1,1,1,0,1,1,0,0,0,1,1,0,0,0,0,1,0,1,1,0,0,1,0,0,1,1,1,1,
0,0,0,1,0,1,1,1,1,0,1,1,0,0,1,0,0,1,1,1,0,0,1,1,1,0,0,1,1,1,0,1,1,1,1,1,0,0,0,1,
0,0,0,0,1,1,0,0,1,0,1,0,0,1,1,0,1,0,0,0,1,1,0,0,0,1,0,1,0,0,1,1,0,1,1,1,1,1,0,1,
1,1,0,0,0,0,0,0,0,1,1,0,0,1,1,1,0,0,1,0,0,0,1,1,0,1,0,0,1,0,1,0,1,1,0,1,0,1,0,1,
1,0,1,0,0,1,1,1,0,0,1,0,1,1,0,0,0,0,1,1,1,1,0,0,0,1,1,0,1,1,0,1,0,0,1,0,0,1,0,0,
1,1,1,0,1,0,1,0,1,0,0,1,1,0,0,1,0,0,0,1,0,1,1,1,0,0,0,1,0,1,0,1,0,1,1,0,1,0,1,0,
1,1,0,0,1,1,0,0,0,0,1,0,0,1,1,0,0,0,1,0,1,0,0,1,0,1,0,1,1,0,1,1,1,1,0,0,1,1,0,1,
0,1,0,0,1,0,0,0,1,1,0,0,1,1,0,0,1,1,1,0,0,1,1,0,1,1,0,0,1,0,1,0,0,1,0,1,0,1,0,0,
0,1,1,0,0,1,0,1,0,1,1,1,0,1,0,0,0,1,1,0,0,1,0,1,1,1,1,0,0,1,1,0,1,1,0,1,1,0,0,1,
1,0,0,1,0,0,0,1,1,0,0,0,1,1,0,0,1,0,1,0,0,0,1,0,0,0,0,0,0,0,0,0,1,0,0,1,0,0,1,1,
1,1,1,1,1,0,1,0,1,0,0,0,1,0,0,0,0,1,0,0,0,1,0,0,0,0,1,1,1,0,1,1,1,0,0,0,0,0,1,0,
0,1,0,0,0,1,0,0,1,0,0,0,1,0,1,1,1,1,1,0,0,0,1,0,1,1,1,0,0,1,0,1,1,1,1,1,1,1,1,0,
1,0,0,0,1,1,0,1,0,1,1,1,0,0,0,0,0,1,1,1,1,0,1,1,0,0,1,0,1,1,0,1,0,1,1,1,1,1,1,0,
1,0,1,1,1,0,1,1,1,1,0,0,0,0,1,0,0,0,1,1,0,1,1,0,1,1,0,0,0,0,1,1,1,1,1,1,1,0,0,0,
1,1,1,1,0,0,1,0,0,0,0,1,0,1,0,0,0,0,0,0,1,0,1,1,0,0,0,0,1,1,0,1,0,1,0,1,1,1,0,0,
0,0,0,1,0,1,0,0,0,0,0,1,0,0,0,0,1,1,0,1,1,0,0,1,1,0,0,1,0,0,1,0,0,0,0,1,0,1,1,0,
1,0,1,0,0,0,0,1,0,1,0,1,0,0,0,1,0,1,1,1,1,1,0,1,1,0,0,0,0,1,0,1,0,0,0,1,0,0,1,0,
1,1,0,0,0,0,0,1,1,0,1,1,1,0,0,1,1,0,1,0,1,0,0,0,0,0,1,0,0,0,1,0,0,1,0,0,1,1,1,1,
0,1,0,1,1,0,1,1,1,1,0,1,1,1,0,0,1,1,0,0,0,0,0,1,0,0,0,0,0,1,1,1,1,0,1,0,1,0,1,0,
0,1,0,0,1,1,0,0,0,0,0,0,1,1,0,1,1,0,0,0,0,0,1,0,1,0,1,0,0,0,1,1,0,0,1,1,0,0,0,1,
0,0,1,0,1,0,1,0,0,0,0,0,1,0,1,1,1,1,0,0,0,0,0,0,0,1,1,1,0,0,1,1,1,0,1,1,0,0,1,1,
1,0,1,0,1,1,0,1,1,0,1,0,0,1,0,0,1,0,0,0,0,0,0,1,1,0,1,1,0,0,1,0,1,0,0,0,0,0,1,0,
1,1,0,1,0,1,0,1,0,1,0,1,1,1,1,0,0,0,0,1,0,0,0,0,1,0,1,0,0,0,0,0,0,0,1,0,1,1,0,1,
0,1,0,1,0,1,1,0,1,0,0,0,1,0,1,1,1,0,1,0,0,1,0,0,1,0,0,1,0,1,1,0,1,0,1,0,1,1,0,0,
0,1,0,0,0,0,0,1,1,0,0,1,0,1,0,1,1,0,0,1,0,1,1,1,0,1,1,0,0,0,0,0,1,1,0,1,1,1,1,0,
0,0,1,1,1,0,1,1,1,0,0,1,0,1,0,0,0,0,0,0,1,0,0,0,1,0,0,0,1,1,0,0,1,0,1,0,1,1,1,1,
0,0,0,0,1,0,0,0,1,0,1,1,1,0,0,0,0,1,0,1,1,1,1,0,1,0,0,1,1,0,1,0,0,0,0,1,1,1,0,1,
1,1,1,0,0,1,1,0,0,0,1,0,0,0,0,1,0,0,0,0,1,1,0,1,0,0,1,0,0,1,1,1,0,1,0,0,1,1,1,0,
0,1,0,1,1,0,1,1,0,0,1,0,1,0,1,0,0,0,0,0,0,0,0,0,0,1,1,0,0,0,0,0,1,1,1,1,0,0,0,0,
1,1,0,0,1,1,0,0,1,0,0,1,1,0,1,0,1,0,1,0,0,0,0,1,0,1,0,1,0,0,0,0,0,1,1,0,0,0,0,1,
1,0,1,1,0,0,1,1,1,0,1,0,0,1,0,1,0,1,1,1,1,1,0,1,0,0,1,1,0,0,0,1,1,1,0,0,1,1,1,1,
0,1,1,0,1,1,1,0,0,0,1,1,1,1,1,0,1,0,1,1,1,0,0,0,0,0,0,1,0,0,1,0,1,0,0,0,0,1,1,0,
0,1,0,1,0,0,1,0,1,1,1,1,0,1,0,0,0,0,1,0,1,1,0,1,1,1,0,0,1,0,1,1,0,0,1,0,1,1,1,1,
1,1,1,1,0,1,1,1,1,0,0,1,1,1,1,0,0,1,0,0,0,0,0,0,1,0,0,1,1,1,1,0,0,0,0,0,1,0,1,1,
0,1,1,0,1,1,0,0,0,0,0,1,1,1,0,0,0,0,1,1,1,0,1,1,0,1,0,0,1,1,0,0,1,0,0,0,0,0,1,1,
0,1,1,1,0,0,0,1,1,1,0,1,1,1,1,1,1,0,0,1,1,0,0,0,1,0,1,0,1,0,0,0,0,0,0,0,0,1,1,1,
1,0,1,0,0,1,1,0,1,0,0,1,1,1,1,0,0,1,1,0,0,0,1,1,1,1,1,1,0,0,1,0,1,1,0,0,0,1,0,1,
1,0,1,1,1,0,1,1,0,0,0,1,1,0,1,1,0,1,0,0,0,0,1,1,1,1,1,1,0,0,1,1,1,0,0,1,1,0,1,1,
1,0,0,0,0,1,0,0,0,1,1,1,1,0,0,1,1,1,1,0,1,1,0,0,1,1,0,1,0,0,1,1,1,1,1,1,0,1,0,0,
1,1,1,1,0,0,1,0,1,1,0,0,0,0,0,0,0,1,0,1,1,0,1,0,0,1,1,0,0,1,1,0,1,1,1,1,1,1,0,0,
========================
Output Graph: 
Number of Vertices: 40
Number of Edges: 564
Graph Density: 0.723077
0,1,1,1,1,1,1,1,1,1,1,0,1,1,1,1,1,1,1,1,0,1,1,0,1,1,1,1,1,1,1,1,1,1,1,1,1,1,1,1,
1,0,1,1,1,1,1,1,1,0,1,1,0,1,1,0,0,1,1,1,1,0,1,1,1,0,1,1,1,1,0,1,1,1,1,1,1,1,1,1,
1,1,0,0,1,1,0,1,1,0,1,0,1,1,1,0,1,0,0,0,1,1,0,0,1,1,0,1,0,0,1,1,1,1,1,1,1,1,0,1,
1,1,0,0,1,1,0,0,0,1,1,0,1,1,1,1,1,1,1,0,1,0,1,1,1,1,1,1,1,0,1,1,1,1,1,1,1,1,0,1,
1,1,1,1,0,1,1,1,1,0,1,1,1,1,0,0,1,0,1,1,1,1,0,1,1,1,1,0,1,1,1,1,0,0,1,0,1,1,1,1,
1,1,1,1,1,0,1,1,1,0,0,1,1,1,1,1,1,1,0,1,0,1,1,1,0,1,1,1,0,1,1,1,1,1,1,1,1,0,1,0,
1,1,0,0,1,1,0,1,0,0,1,0,1,1,1,0,1,0,1,0,1,0,0,1,1,1,0,1,1,0,1,1,1,1,1,1,1,1,0,1,
1,1,1,0,1,1,1,0,1,1,1,0,1,1,1,1,1,1,1,0,1,1,1,1,1,1,0,1,1,0,1,1,1,1,1,1,1,1,0,1,
1,1,1,0,1,1,0,1,0,1,1,1,1,1,1,1,1,1,1,0,1,1,1,1,1,1,1,1,0,1,1,1,1,1,1,1,1,1,0,1,
1,0,0,1,0,0,0,1,1,0,0,0,1,1,0,0,1,0,1,0,0,0,1,0,0,0,1,0,0,0,0,0,1,0,0,1,0,0,1,1,
1,1,1,1,1,0,1,1,1,0,0,0,1,0,1,0,1,1,0,0,0,1,0,0,0,1,1,1,1,0,1,1,1,1,1,1,0,0,1,0,
0,1,0,0,1,1,0,0,1,0,0,0,1,0,1,1,1,1,1,0,0,0,1,0,1,1,1,1,0,1,1,1,1,1,1,1,1,1,1,1,
1,0,1,1,1,1,1,1,1,1,1,1,0,1,0,0,0,1,1,1,1,0,1,1,1,0,1,1,1,1,0,1,1,1,1,1,1,1,1,1,
1,1,1,1,1,1,1,1,1,1,0,0,1,0,1,1,1,1,1,1,0,1,1,0,1,1,1,1,0,0,1,1,1,1,1,1,1,1,1,1,
1,1,1,1,0,1,1,1,1,0,1,1,0,1,0,0,0,0,1,1,1,0,1,1,1,0,1,1,1,1,0,1,1,1,0,1,1,1,1,1,
1,0,0,1,0,1,0,1,1,0,0,1,0,1,0,0,1,1,1,1,1,0,0,1,1,0,1,1,0,0,1,0,0,0,0,1,1,1,1,1,
1,0,1,1,1,1,1,1,1,1,1,1,0,1,0,1,0,1,1,1,1,1,1,1,1,0,1,1,1,1,0,1,1,1,0,1,1,1,1,1,
1,1,0,1,0,1,0,1,1,0,1,1,1,1,0,1,1,0,1,1,1,0,0,1,1,0,1,0,0,0,1,0,0,1,0,0,1,1,1,1,
1,1,0,1,1,0,1,1,1,1,0,1,1,1,1,1,1,1,0,0,0,0,1,1,0,1,1,1,0,1,1,1,1,1,1,1,1,0,1,0,
1,1,0,0,1,1,0,0,0,0,0,0,1,1,1,1,1,1,0,0,0,0,1,0,1,0,1,1,0,0,1,1,1,1,1,1,0,0,0,1,
0,1,1,1,1,0,1,1,1,0,0,0,1,0,1,1,1,1,0,0,0,1,0,0,0,1,1,1,0,0,1,1,1,1,1,1,0,0,1,1,
1,0,1,0,1,1,0,1,1,0,1,0,0,1,0,0,1,0,0,0,1,0,0,1,1,0,1,1,0,0,1,0,1,0,0,0,0,1,1,1,
1,1,0,1,0,1,0,1,1,1,0,1,1,1,1,0,1,0,1,1,0,0,0,1,1,0,1,0,0,0,0,0,0,0,1,0,1,1,1,1,
0,1,0,1,1,1,1,1,1,0,0,0,1,0,1,1,1,1,1,0,0,1,1,0,1,1,1,1,0,1,1,1,1,1,1,1,1,1,1,1,
1,1,1,1,1,0,1,1,1,0,0,1,1,1,1,1,1,1,0,1,0,1,1,1,0,1,1,1,0,0,1,1,1,1,1,1,1,1,1,0,
1,0,1,1,1,1,1,1,1,0,1,1,0,1,0,0,0,0,1,0,1,0,0,1,1,0,1,0,1,1,0,0,1,0,1,0,1,1,1,1,
1,1,0,1,1,1,0,0,1,1,1,1,1,1,1,1,1,1,1,1,1,1,1,1,1,1,0,1,1,0,1,1,1,1,1,1,1,1,0,1,
1,1,1,1,0,1,1,1,1,0,1,1,1,1,1,1,1,0,1,1,1,1,0,1,1,0,1,0,1,1,1,1,0,1,0,0,1,1,1,1,
1,1,0,1,1,0,1,1,0,0,1,0,1,0,1,0,1,0,0,0,0,0,0,0,0,1,1,1,0,0,0,0,1,1,1,1,0,0,0,0,
1,1,0,0,1,1,0,0,1,0,0,1,1,0,1,0,1,0,1,0,0,0,0,1,0,1,0,1,0,0,1,0,1,1,1,1,0,0,0,1,
1,0,1,1,1,1,1,1,1,0,1,1,0,1,0,1,0,1,1,1,1,1,0,1,1,0,1,1,0,1,0,1,1,1,0,1,1,1,1,1,
1,1,1,1,1,1,1,1,1,0,1,1,1,1,1,0,1,0,1,1,1,0,0,1,1,0,1,1,0,0,1,0,1,1,1,1,1,1,1,1,
1,1,1,1,0,1,1,1,1,1,1,1,1,1,1,0,1,0,1,1,1,1,0,1,1,1,1,0,1,1,1,1,0,0,1,0,1,1,1,1,
1,1,1,1,0,1,1,1,1,0,1,1,1,1,1,0,1,1,1,1,1,0,0,1,1,0,1,1,1,1,1,1,0,0,0,1,1,1,1,1,
1,1,1,1,1,1,1,1,1,0,1,1,1,1,0,0,0,0,1,1,1,0,1,1,1,1,1,0,1,1,0,1,1,0,0,1,1,1,1,1,
1,1,1,1,0,1,1,1,1,1,1,1,1,1,1,1,1,0,1,1,1,0,0,1,1,0,1,0,1,1,1,1,0,1,1,0,1,1,1,1,
1,1,1,1,1,1,1,1,1,0,0,1,1,1,1,1,1,1,1,0,0,0,1,1,1,1,1,1,0,0,1,1,1,1,1,1,0,1,1,1,
1,1,1,1,1,0,1,1,1,0,0,1,1,1,1,1,1,1,0,0,0,1,1,1,1,1,1,1,0,0,1,1,1,1,1,1,1,0,1,1,
1,1,0,0,1,1,0,0,0,1,1,1,1,1,1,1,1,1,1,0,1,1,1,1,1,1,0,1,0,0,1,1,1,1,1,1,1,1,0,1,
1,1,1,1,1,0,1,1,1,1,0,1,1,1,1,1,1,1,0,1,1,1,1,1,0,1,1,1,0,1,1,1,1,1,1,1,1,1,1,0,
Is Output Graph Empty or Complete?: 0
Ratio of Added Edges Over Added + Removed Edges: 1
Changes from Input to Output: 
Added Edge: (0, 1)
Added Edge: (0, 2)
Added Edge: (0, 7)
Added Edge: (0, 8)
Added Edge: (0, 15)
Added Edge: (0, 18)
Added Edge: (0, 19)
Added Edge: (0, 24)
Added Edge: (0, 25)
Added Edge: (0, 26)
Added Edge: (0, 28)
Added Edge: (0, 31)
Added Edge: (0, 32)
Added Edge: (0, 34)
Added Edge: (0, 35)
Added Edge: (1, 2)
Added Edge: (1, 4)
Added Edge: (1, 13)
Added Edge: (1, 20)
Added Edge: (1, 26)
Added Edge: (1, 36)
Added Edge: (1, 37)
Added Edge: (1, 38)
Added Edge: (2, 7)
Added Edge: (2, 12)
Added Edge: (2, 24)
Added Edge: (2, 32)
Added Edge: (3, 4)
Added Edge: (3, 5)
Added Edge: (3, 12)
Added Edge: (3, 16)
Added Edge: (3, 17)
Added Edge: (3, 20)
Added Edge: (3, 24)
Added Edge: (3, 26)
Added Edge: (3, 27)
Added Edge: (3, 31)
Added Edge: (3, 34)
Added Edge: (3, 36)
Added Edge: (4, 8)
Added Edge: (4, 11)
Added Edge: (4, 16)
Added Edge: (4, 23)
Added Edge: (4, 24)
Added Edge: (4, 30)
Added Edge: (4, 36)
Added Edge: (4, 38)
Added Edge: (4, 39)
Added Edge: (5, 7)
Added Edge: (5, 13)
Added Edge: (5, 14)
Added Edge: (5, 16)
Added Edge: (5, 17)
Added Edge: (5, 25)
Added Edge: (5, 26)
Added Edge: (5, 30)
Added Edge: (5, 32)
Added Edge: (5, 35)
Added Edge: (6, 7)
Added Edge: (6, 12)
Added Edge: (6, 16)
Added Edge: (6, 24)
Added Edge: (6, 34)
Added Edge: (6, 35)
Added Edge: (7, 10)
Added Edge: (7, 14)
Added Edge: (7, 15)
Added Edge: (7, 20)
Added Edge: (7, 23)
Added Edge: (7, 27)
Added Edge: (7, 31)
Added Edge: (7, 32)
Added Edge: (7, 34)
Added Edge: (7, 36)
Added Edge: (7, 39)
Added Edge: (8, 12)
Added Edge: (8, 14)
Added Edge: (8, 15)
Added Edge: (8, 16)
Added Edge: (8, 20)
Added Edge: (8, 22)
Added Edge: (8, 27)
Added Edge: (8, 31)
Added Edge: (8, 34)
Added Edge: (8, 37)
Added Edge: (9, 26)
Added Edge: (10, 14)
Added Edge: (10, 16)
Added Edge: (10, 25)
Added Edge: (10, 33)
Added Edge: (10, 34)
Added Edge: (10, 35)
Added Edge: (11, 27)
Added Edge: (11, 30)
Added Edge: (11, 39)
Added Edge: (12, 13)
Added Edge: (12, 24)
Added Edge: (12, 27)
Added Edge: (12, 32)
Added Edge: (12, 39)
Added Edge: (13, 15)
Added Edge: (13, 16)
Added Edge: (13, 17)
Added Edge: (13, 26)
Added Edge: (13, 27)
Added Edge: (13, 37)
Added Edge: (13, 38)
Added Edge: (13, 39)
Added Edge: (14, 18)
Added Edge: (14, 19)
Added Edge: (14, 24)
Added Edge: (14, 26)
Added Edge: (14, 27)
Added Edge: (14, 32)
Added Edge: (14, 38)
Added Edge: (14, 39)
Added Edge: (15, 18)
Added Edge: (15, 26)
Added Edge: (15, 36)
Added Edge: (15, 39)
Added Edge: (16, 22)
Added Edge: (16, 26)
Added Edge: (16, 27)
Added Edge: (16, 28)
Added Edge: (16, 32)
Added Edge: (16, 33)
Added Edge: (16, 36)
Added Edge: (16, 37)
Added Edge: (16, 39)
Added Edge: (17, 19)
Added Edge: (17, 23)
Added Edge: (17, 24)
Added Edge: (18, 22)
Added Edge: (18, 25)
Added Edge: (18, 26)
Added Edge: (18, 27)
Added Edge: (18, 33)
Added Edge: (18, 35)
Added Edge: (19, 27)
Added Edge: (19, 32)
Added Edge: (19, 33)
Added Edge: (20, 21)
Added Edge: (20, 33)
Added Edge: (21, 37)
Added Edge: (21, 39)
Added Edge: (22, 23)
Added Edge: (22, 38)
Added Edge: (23, 25)
Added Edge: (23, 26)
Added Edge: (23, 31)
Added Edge: (23, 33)
Added Edge: (23, 35)
Added Edge: (23, 38)
Added Edge: (23, 39)
Added Edge: (24, 27)
Added Edge: (24, 30)
Added Edge: (24, 31)
Added Edge: (24, 34)
Added Edge: (25, 26)
Added Edge: (26, 31)
Added Edge: (26, 32)
Added Edge: (26, 33)
Added Edge: (26, 34)
Added Edge: (27, 28)
Added Edge: (27, 39)
Added Edge: (29, 30)
Added Edge: (29, 32)
Added Edge: (29, 35)
Added Edge: (30, 35)
Added Edge: (31, 33)
Added Edge: (31, 34)
Added Edge: (31, 35)
Added Edge: (31, 36)
Added Edge: (31, 39)
Added Edge: (33, 35)
Added Edge: (33, 37)
Added Edge: (34, 35)
Added Edge: (34, 36)
Added Edge: (34, 37)
Added Edge: (35, 36)
Added Edge: (36, 38)
Added Edge: (38, 39)
========================
