========================
TIME_LIMIT_SECONDS: 900
ODD_HOLE_TERMINATION_PERCENTAGE: 999
N_THREADS: 24
IS_RUNNING_HEURISTIC_ON_CANDIDATE: 0
IS_RUNNING_HEURISTIC_ON_RELAXATION: 1
ADD_ALL_AT_START: 0
========================
Wall-Clock Runtime (ms): 903166
Calculated Odd Hole Termination Batch Size: 0
Total Time of All Workers in OddHoleAlg (nano): 438134085
Total Time of All Workers in OddHoleAlg (ms): 438
OddHoleAlg calls: 38
Number of Found Odd-Holes: 191730
Number of Found Odd Anti-Holes: 9358
Is Optimal? (1e-6): 0
Optimality Gap: 0.46067
Objective Value: 170
Number of Feasible Solutions Found: 911
Number of Times Heuristic is Called: 2478
Total number of added OH and OHbar Cuts: 201088
Number of Explored B&C tree nodes: 12220
Number of Unexplored B&C tree nodes: 7286
========================
Input Graph:
Number of Vertices: 40
Erdos Renyi p Parameter: 0.25
Number of Edges: 195
Expected No of Odd Holes: 21547
Expected No of Odd Anti Holes: 3
ODD_HOLE_TERMINATION_BATCH_SIZE: 0
Graph Density: 0.25
0,0,0,0,0,0,1,1,1,0,0,0,0,0,0,0,1,0,0,1,1,1,1,0,0,0,0,0,0,1,0,0,0,0,0,0,0,0,0,0,
0,0,1,0,1,0,1,0,0,0,0,0,1,1,0,1,0,1,0,0,0,1,1,0,0,0,0,1,0,0,0,1,0,0,1,0,1,0,0,0,
0,1,0,0,0,0,0,0,1,1,0,0,1,0,0,0,0,1,0,0,0,0,0,1,0,1,0,0,0,0,0,0,0,1,0,0,0,0,1,0,
0,0,0,0,0,0,0,0,0,0,0,0,0,1,0,0,0,0,1,0,0,0,0,1,0,1,0,0,0,1,0,0,0,0,0,0,0,0,0,0,
0,1,0,0,0,0,1,0,0,0,1,0,0,0,0,0,0,0,0,1,0,1,1,0,0,0,1,0,0,0,1,0,0,0,1,0,0,0,1,0,
0,0,0,0,0,0,0,0,0,0,0,0,0,0,1,0,0,1,0,0,1,0,0,0,1,0,1,0,0,0,0,1,0,0,0,0,1,0,0,0,
1,1,0,0,1,0,0,0,0,0,1,1,0,1,0,0,0,0,0,0,0,0,0,0,1,1,0,0,0,0,0,0,0,0,0,0,1,0,0,0,
1,0,0,0,0,0,0,0,0,0,0,0,0,0,0,0,0,0,0,0,0,0,1,0,0,0,1,0,1,0,1,0,1,0,1,1,0,0,1,0,
1,0,1,0,0,0,0,0,0,0,0,1,0,1,0,1,1,0,1,1,0,0,0,1,0,0,0,0,0,0,0,0,0,0,0,0,0,1,0,1,
0,0,1,0,0,0,0,0,0,0,0,0,0,0,0,0,0,0,0,0,0,0,0,0,0,0,0,0,0,0,0,0,0,0,0,0,0,0,1,0,
0,0,0,0,1,0,1,0,0,0,0,1,0,0,1,0,0,0,0,1,0,0,1,1,0,0,0,0,1,0,1,1,0,0,0,0,1,0,0,0,
0,0,0,0,0,0,1,0,1,0,1,0,0,0,0,0,0,0,1,0,0,0,1,1,1,0,0,0,1,0,0,1,0,0,0,1,1,0,0,1,
0,1,1,0,0,0,0,0,0,0,0,0,0,0,0,0,0,0,1,0,1,1,0,1,1,0,0,0,0,0,0,0,0,0,0,1,1,0,0,0,
0,1,0,1,0,0,1,0,1,0,0,0,0,0,1,0,0,0,0,1,0,1,0,0,0,1,1,0,0,0,0,0,0,0,0,0,0,0,0,0,
0,0,0,0,0,1,0,0,0,0,1,0,0,1,0,1,0,0,1,1,0,0,0,0,1,0,0,0,0,0,0,0,1,0,0,0,1,0,0,0,
0,1,0,0,0,0,0,0,1,0,0,0,0,0,1,0,0,1,1,0,1,0,0,0,0,0,0,0,0,0,1,0,0,1,0,0,1,0,0,0,
1,0,0,0,0,0,0,0,1,0,0,0,0,0,0,0,0,0,1,0,0,1,1,0,0,0,0,0,0,1,0,1,0,0,0,0,0,1,0,0,
0,1,1,0,0,1,0,0,0,0,0,0,0,0,0,1,0,0,0,0,0,1,0,1,0,1,1,0,1,1,0,1,0,1,0,0,0,0,0,1,
0,0,0,1,0,0,0,0,1,0,0,1,1,0,1,1,1,0,0,0,1,0,0,1,0,0,0,0,1,1,1,1,0,0,0,0,0,0,1,0,
1,0,0,0,1,0,0,0,1,0,1,0,0,1,1,0,0,0,0,0,0,0,1,0,0,0,0,0,0,0,1,0,0,0,1,1,1,1,0,0,
1,0,0,0,0,1,0,0,0,0,0,0,1,0,0,1,0,0,1,0,0,0,1,0,0,0,0,0,1,1,1,0,0,1,0,0,0,0,1,1,
1,1,0,0,1,0,0,0,0,0,0,0,1,1,0,0,1,1,0,0,0,0,0,0,1,0,1,1,0,0,1,1,0,0,0,0,1,1,0,1,
1,1,0,0,1,0,0,1,0,0,1,1,0,0,0,0,1,0,0,1,1,0,0,0,1,1,0,0,1,0,0,0,0,1,0,0,1,0,0,0,
0,0,1,1,0,0,0,0,1,0,1,1,1,0,0,0,0,1,1,0,0,0,0,0,0,0,0,0,0,0,0,0,0,0,0,1,1,0,0,1,
0,0,0,0,0,1,1,0,0,0,0,1,1,0,1,0,0,0,0,0,0,1,1,0,0,1,0,0,0,0,0,0,0,0,1,0,0,1,0,0,
0,0,1,1,0,0,1,0,0,0,0,0,0,1,0,0,0,1,0,0,0,0,1,0,1,0,0,0,0,0,1,0,0,0,0,0,0,0,0,0,
0,0,0,0,1,1,0,1,0,0,0,0,0,1,0,0,0,1,0,0,0,1,0,0,0,0,0,1,0,0,1,1,0,0,1,0,0,1,0,0,
0,1,0,0,0,0,0,0,0,0,0,0,0,0,0,0,0,0,0,0,0,1,0,0,0,0,1,0,0,0,0,1,0,0,1,1,0,0,0,1,
0,0,0,0,0,0,0,1,0,0,1,1,0,0,0,0,0,1,1,0,1,0,1,0,0,0,0,0,0,0,0,0,0,1,1,0,0,0,0,0,
1,0,0,1,0,0,0,0,0,0,0,0,0,0,0,0,1,1,1,0,1,0,0,0,0,0,0,0,0,0,0,0,0,1,0,1,0,0,0,0,
0,0,0,0,1,0,0,1,0,0,1,0,0,0,0,1,0,0,1,1,1,1,0,0,0,1,1,0,0,0,0,0,0,0,0,0,0,1,0,0,
0,1,0,0,0,1,0,0,0,0,1,1,0,0,0,0,1,1,1,0,0,1,0,0,0,0,1,1,0,0,0,0,0,0,1,0,0,0,1,0,
0,0,0,0,0,0,0,1,0,0,0,0,0,0,1,0,0,0,0,0,0,0,0,0,0,0,0,0,0,0,0,0,0,0,0,1,0,0,0,0,
0,0,1,0,0,0,0,0,0,0,0,0,0,0,0,1,0,1,0,0,1,0,1,0,0,0,0,0,1,1,0,0,0,0,0,0,1,1,0,0,
0,1,0,0,1,0,0,1,0,0,0,0,0,0,0,0,0,0,0,1,0,0,0,0,1,0,1,1,1,0,0,1,0,0,0,0,1,0,0,0,
0,0,0,0,0,0,0,1,0,0,0,1,1,0,0,0,0,0,0,1,0,0,0,1,0,0,0,1,0,1,0,0,1,0,0,0,0,1,0,0,
0,1,0,0,0,1,1,0,0,0,1,1,1,0,1,1,0,0,0,1,0,1,1,1,0,0,0,0,0,0,0,0,0,1,1,0,0,1,1,0,
0,0,0,0,0,0,0,0,1,0,0,0,0,0,0,0,1,0,0,1,0,1,0,0,1,0,1,0,0,0,1,0,0,1,0,1,1,0,0,0,
0,0,1,0,1,0,0,1,0,1,0,0,0,0,0,0,0,0,1,0,1,0,0,0,0,0,0,0,0,0,0,1,0,0,0,0,1,0,0,0,
0,0,0,0,0,0,0,0,1,0,0,1,0,0,0,0,0,1,0,0,1,1,0,1,0,0,0,1,0,0,0,0,0,0,0,0,0,0,0,0,
========================
Output Graph: 
Number of Vertices: 40
Number of Edges: 365
Graph Density: 0.467949
0,0,0,0,0,0,1,1,1,0,0,0,0,0,0,0,1,0,0,1,1,1,1,0,0,0,0,0,0,1,0,0,0,0,0,0,0,1,0,0,
0,0,1,0,1,0,1,1,0,0,1,1,1,1,0,1,0,1,1,1,1,1,1,1,1,0,1,1,0,1,1,1,0,1,1,1,1,0,0,1,
0,1,0,1,1,0,0,1,1,1,1,0,1,1,0,0,0,1,1,0,1,0,0,1,1,1,0,0,0,1,0,1,0,1,0,1,1,0,1,0,
0,0,1,0,0,0,0,0,0,0,0,0,0,1,0,0,0,0,1,0,0,0,1,1,0,1,0,0,0,1,0,0,0,0,0,0,0,0,0,0,
0,1,1,0,0,0,1,0,0,0,1,0,0,0,0,0,0,0,1,1,0,1,1,1,0,0,1,0,0,0,1,0,0,1,1,1,0,0,1,0,
0,0,0,0,0,0,0,0,0,0,0,0,0,0,1,0,0,1,0,0,1,0,0,0,1,0,1,0,0,0,0,1,0,0,0,0,1,0,0,0,
1,1,0,0,1,0,0,1,1,0,1,1,0,1,0,0,0,1,1,1,1,0,0,0,1,1,0,0,0,1,0,1,0,1,0,1,1,1,0,0,
1,1,1,0,0,0,1,0,1,0,1,0,0,1,0,1,0,0,1,1,0,1,1,1,1,0,1,0,1,1,1,1,1,1,1,1,1,0,1,0,
1,0,1,0,0,0,1,1,0,0,1,1,0,1,0,1,1,1,1,1,1,1,1,1,1,0,1,0,0,1,1,1,0,1,1,1,1,1,0,1,
0,0,1,0,0,0,0,0,0,0,0,0,0,0,0,0,0,0,0,0,0,0,0,0,0,0,0,0,0,0,0,0,0,0,0,0,0,0,1,0,
0,1,1,0,1,0,1,1,1,0,0,1,0,0,1,1,0,1,1,1,1,1,1,1,1,0,1,0,1,0,1,1,0,0,1,1,1,0,0,0,
0,1,0,0,0,0,1,0,1,0,1,0,0,0,0,0,0,0,1,0,1,1,1,1,1,0,1,0,1,0,0,1,0,0,1,1,1,0,0,1,
0,1,1,0,0,0,0,0,0,0,0,0,0,0,0,0,0,0,1,0,1,1,0,1,1,0,0,0,0,0,0,0,0,0,0,1,1,0,0,0,
0,1,1,1,0,0,1,1,1,0,0,0,0,0,1,0,0,1,1,1,1,1,1,1,0,1,1,0,0,0,1,0,0,0,0,0,0,0,0,0,
0,0,0,0,0,1,0,0,0,0,1,0,0,1,0,1,0,0,1,1,0,0,0,0,1,0,1,0,0,1,0,1,1,1,0,1,1,0,0,0,
0,1,0,0,0,0,0,1,1,0,1,0,0,0,1,0,0,1,1,0,1,0,0,0,0,0,0,0,0,0,1,0,1,1,0,0,1,0,0,0,
1,0,0,0,0,0,0,0,1,0,0,0,0,0,0,0,0,0,1,0,0,1,1,0,0,0,0,0,0,1,0,1,0,0,0,0,0,1,0,0,
0,1,1,0,0,1,1,0,1,0,1,0,0,1,0,1,0,0,1,1,0,1,1,1,1,1,1,0,1,1,1,1,0,1,1,1,1,0,0,1,
0,1,1,1,1,0,1,1,1,0,1,1,1,1,1,1,1,1,0,1,1,1,1,1,1,0,1,0,1,1,1,1,0,1,0,1,1,0,1,0,
1,1,0,0,1,0,1,1,1,0,1,0,0,1,1,0,0,1,1,0,1,1,1,1,1,0,1,0,0,1,1,1,0,1,1,1,1,1,0,0,
1,1,1,0,0,1,1,0,1,0,1,1,1,1,0,1,0,0,1,1,0,1,1,1,1,0,1,0,1,1,1,1,0,1,1,1,1,0,1,1,
1,1,0,0,1,0,0,1,1,0,1,1,1,1,0,0,1,1,1,1,1,0,0,0,1,1,1,1,1,1,1,1,0,1,0,1,1,1,0,1,
1,1,0,1,1,0,0,1,1,0,1,1,0,1,0,0,1,1,1,1,1,0,0,0,1,1,1,0,1,1,0,1,0,1,0,1,1,1,0,1,
0,1,1,1,1,0,0,1,1,0,1,1,1,1,0,0,0,1,1,1,1,0,0,0,1,1,0,0,0,1,0,1,0,1,0,1,1,0,0,1,
0,1,1,0,0,1,1,1,1,0,1,1,1,0,1,0,0,1,1,1,1,1,1,1,0,1,1,0,0,1,1,0,0,1,1,0,0,1,0,0,
0,0,1,1,0,0,1,0,0,0,0,0,0,1,0,0,0,1,0,0,0,1,1,1,1,0,1,0,0,0,1,0,0,0,0,0,0,0,0,0,
0,1,0,0,1,1,0,1,1,0,1,1,0,1,1,0,0,1,1,1,1,1,1,0,1,1,0,1,0,1,1,1,0,1,1,1,1,1,0,1,
0,1,0,0,0,0,0,0,0,0,0,0,0,0,0,0,0,0,0,0,0,1,0,0,0,0,1,0,1,0,0,1,0,0,1,1,0,0,0,1,
0,0,0,0,0,0,0,1,0,0,1,1,0,0,0,0,0,1,1,0,1,1,1,0,0,0,0,1,0,0,0,0,0,1,1,0,0,0,0,1,
1,1,1,1,0,0,1,1,1,0,0,0,0,0,1,0,1,1,1,1,1,1,1,1,1,0,1,0,0,0,1,1,0,1,0,1,0,1,0,0,
0,1,0,0,1,0,0,1,1,0,1,0,0,1,0,1,0,1,1,1,1,1,0,0,1,1,1,0,0,1,0,1,0,1,0,1,1,1,0,0,
0,1,1,0,0,1,1,1,1,0,1,1,0,0,1,0,1,1,1,1,1,1,1,1,0,0,1,1,0,1,1,0,0,1,1,0,0,1,1,0,
0,0,0,0,0,0,0,1,0,0,0,0,0,0,1,1,0,0,0,0,0,0,0,0,0,0,0,0,0,0,0,0,0,0,0,1,1,0,0,0,
0,1,1,0,1,0,1,1,1,0,0,0,0,0,1,1,0,1,1,1,1,1,1,1,1,0,1,0,1,1,1,1,0,0,1,1,1,1,0,0,
0,1,0,0,1,0,0,1,1,0,1,1,0,0,0,0,0,1,0,1,1,0,0,0,1,0,1,1,1,0,0,1,0,1,0,1,1,0,0,1,
0,1,1,0,1,0,1,1,1,0,1,1,1,0,1,0,0,1,1,1,1,1,1,1,0,0,1,1,0,1,1,0,1,1,1,0,0,1,1,0,
0,1,1,0,0,1,1,1,1,0,1,1,1,0,1,1,0,1,1,1,1,1,1,1,0,0,1,0,0,0,1,0,1,1,1,0,0,1,1,0,
1,0,0,0,0,0,1,0,1,0,0,0,0,0,0,0,1,0,0,1,0,1,1,0,1,0,1,0,0,1,1,1,0,1,0,1,1,0,0,0,
0,0,1,0,1,0,0,1,0,1,0,0,0,0,0,0,0,0,1,0,1,0,0,0,0,0,0,0,0,0,0,1,0,0,0,1,1,0,0,0,
0,1,0,0,0,0,0,0,1,0,0,1,0,0,0,0,0,1,0,0,1,1,1,1,0,0,1,1,1,0,0,0,0,0,1,0,0,0,0,0,
Is Output Graph Empty or Complete?: 0
Ratio of Added Edges Over Added + Removed Edges: 1
Changes from Input to Output: 
Added Edge: (0, 37)
Added Edge: (1, 7)
Added Edge: (1, 10)
Added Edge: (1, 11)
Added Edge: (1, 18)
Added Edge: (1, 19)
Added Edge: (1, 20)
Added Edge: (1, 23)
Added Edge: (1, 24)
Added Edge: (1, 26)
Added Edge: (1, 29)
Added Edge: (1, 30)
Added Edge: (1, 33)
Added Edge: (1, 35)
Added Edge: (1, 39)
Added Edge: (2, 3)
Added Edge: (2, 4)
Added Edge: (2, 7)
Added Edge: (2, 10)
Added Edge: (2, 13)
Added Edge: (2, 18)
Added Edge: (2, 20)
Added Edge: (2, 24)
Added Edge: (2, 29)
Added Edge: (2, 31)
Added Edge: (2, 35)
Added Edge: (2, 36)
Added Edge: (3, 22)
Added Edge: (4, 18)
Added Edge: (4, 23)
Added Edge: (4, 33)
Added Edge: (4, 35)
Added Edge: (6, 7)
Added Edge: (6, 8)
Added Edge: (6, 17)
Added Edge: (6, 18)
Added Edge: (6, 19)
Added Edge: (6, 20)
Added Edge: (6, 29)
Added Edge: (6, 31)
Added Edge: (6, 33)
Added Edge: (6, 35)
Added Edge: (6, 37)
Added Edge: (7, 8)
Added Edge: (7, 10)
Added Edge: (7, 13)
Added Edge: (7, 15)
Added Edge: (7, 18)
Added Edge: (7, 19)
Added Edge: (7, 21)
Added Edge: (7, 23)
Added Edge: (7, 24)
Added Edge: (7, 29)
Added Edge: (7, 31)
Added Edge: (7, 33)
Added Edge: (7, 36)
Added Edge: (8, 10)
Added Edge: (8, 17)
Added Edge: (8, 20)
Added Edge: (8, 21)
Added Edge: (8, 22)
Added Edge: (8, 24)
Added Edge: (8, 26)
Added Edge: (8, 29)
Added Edge: (8, 30)
Added Edge: (8, 31)
Added Edge: (8, 33)
Added Edge: (8, 34)
Added Edge: (8, 35)
Added Edge: (8, 36)
Added Edge: (10, 15)
Added Edge: (10, 17)
Added Edge: (10, 18)
Added Edge: (10, 20)
Added Edge: (10, 21)
Added Edge: (10, 24)
Added Edge: (10, 26)
Added Edge: (10, 34)
Added Edge: (10, 35)
Added Edge: (11, 20)
Added Edge: (11, 21)
Added Edge: (11, 26)
Added Edge: (11, 34)
Added Edge: (13, 17)
Added Edge: (13, 18)
Added Edge: (13, 20)
Added Edge: (13, 22)
Added Edge: (13, 23)
Added Edge: (13, 30)
Added Edge: (14, 26)
Added Edge: (14, 29)
Added Edge: (14, 31)
Added Edge: (14, 33)
Added Edge: (14, 35)
Added Edge: (15, 32)
Added Edge: (17, 18)
Added Edge: (17, 19)
Added Edge: (17, 22)
Added Edge: (17, 24)
Added Edge: (17, 30)
Added Edge: (17, 34)
Added Edge: (17, 35)
Added Edge: (17, 36)
Added Edge: (18, 19)
Added Edge: (18, 21)
Added Edge: (18, 22)
Added Edge: (18, 24)
Added Edge: (18, 26)
Added Edge: (18, 33)
Added Edge: (18, 35)
Added Edge: (18, 36)
Added Edge: (19, 20)
Added Edge: (19, 21)
Added Edge: (19, 23)
Added Edge: (19, 24)
Added Edge: (19, 26)
Added Edge: (19, 29)
Added Edge: (19, 31)
Added Edge: (19, 33)
Added Edge: (20, 21)
Added Edge: (20, 23)
Added Edge: (20, 24)
Added Edge: (20, 26)
Added Edge: (20, 31)
Added Edge: (20, 34)
Added Edge: (20, 35)
Added Edge: (20, 36)
Added Edge: (21, 25)
Added Edge: (21, 28)
Added Edge: (21, 29)
Added Edge: (21, 33)
Added Edge: (21, 35)
Added Edge: (22, 26)
Added Edge: (22, 29)
Added Edge: (22, 31)
Added Edge: (22, 35)
Added Edge: (22, 37)
Added Edge: (22, 39)
Added Edge: (23, 24)
Added Edge: (23, 25)
Added Edge: (23, 29)
Added Edge: (23, 31)
Added Edge: (23, 33)
Added Edge: (24, 26)
Added Edge: (24, 29)
Added Edge: (24, 30)
Added Edge: (24, 33)
Added Edge: (25, 26)
Added Edge: (26, 29)
Added Edge: (26, 33)
Added Edge: (26, 35)
Added Edge: (26, 36)
Added Edge: (26, 39)
Added Edge: (27, 28)
Added Edge: (28, 39)
Added Edge: (29, 30)
Added Edge: (29, 31)
Added Edge: (29, 37)
Added Edge: (30, 31)
Added Edge: (30, 33)
Added Edge: (30, 35)
Added Edge: (30, 36)
Added Edge: (31, 33)
Added Edge: (31, 37)
Added Edge: (32, 36)
Added Edge: (33, 34)
Added Edge: (33, 35)
Added Edge: (34, 35)
Added Edge: (34, 39)
Added Edge: (35, 38)
========================
