========================
TIME_LIMIT_SECONDS: 900
ODD_HOLE_TERMINATION_PERCENTAGE: 999
N_THREADS: 24
IS_RUNNING_HEURISTIC_ON_CANDIDATE: 1
IS_RUNNING_HEURISTIC_ON_RELAXATION: 0
ADD_ALL_AT_START: 0
========================
Wall-Clock Runtime (ms): 901117
Calculated Odd Hole Termination Batch Size: 0
Total Time of All Workers in OddHoleAlg (nano): 638412706
Total Time of All Workers in OddHoleAlg (ms): 638
OddHoleAlg calls: 152
Number of Found Odd-Holes: 13201
Number of Found Odd Anti-Holes: 145007
Is Optimal? (1e-6): 0
Optimality Gap: 0.192166
Objective Value: 46
Number of Feasible Solutions Found: 51
Number of Times Heuristic is Called: 65
Total number of added OH and OHbar Cuts: 158208
Number of Explored B&C tree nodes: 77972
Number of Unexplored B&C tree nodes: 41845
========================
Input Graph:
Number of Vertices: 35
Erdos Renyi p Parameter: 0.75
Number of Edges: 441
Expected No of Odd Holes: 903
Expected No of Odd Anti Holes: 5546
ODD_HOLE_TERMINATION_BATCH_SIZE: 0
Graph Density: 0.741176
0,1,1,1,1,1,1,1,1,1,1,1,1,1,1,1,1,1,1,1,1,1,1,1,0,1,1,0,1,1,1,1,0,1,1,
1,0,1,1,0,1,1,0,1,1,1,0,1,0,0,1,0,1,0,1,1,1,1,0,1,1,1,0,1,1,1,0,1,1,0,
1,1,0,1,0,0,1,1,1,0,0,0,1,1,1,1,0,1,1,1,1,1,0,1,0,1,1,1,1,1,0,1,1,1,1,
1,1,1,0,0,1,1,1,1,1,1,1,0,1,1,1,1,0,1,1,1,0,1,0,1,1,1,0,1,1,0,1,0,1,1,
1,0,0,0,0,1,1,1,0,0,1,0,1,1,0,0,1,0,0,1,1,1,0,1,1,1,1,1,1,1,1,1,1,1,1,
1,1,0,1,1,0,1,1,0,1,0,1,1,0,1,0,1,1,0,1,0,0,0,1,1,1,1,1,0,0,1,1,1,1,1,
1,1,1,1,1,1,0,1,0,1,0,1,1,0,1,1,1,0,1,1,1,1,1,0,1,0,1,1,0,1,1,1,0,1,1,
1,0,1,1,1,1,1,0,0,1,1,0,0,1,1,0,1,1,0,0,1,1,0,1,1,1,1,1,1,1,1,0,1,1,0,
1,1,1,1,0,0,0,0,0,0,1,1,1,0,1,1,0,1,0,1,0,1,1,1,1,1,1,1,1,1,0,0,1,0,1,
1,1,0,1,0,1,1,1,0,0,0,1,1,0,1,0,0,1,1,1,0,1,1,1,0,1,1,1,1,1,1,1,1,1,1,
1,1,0,1,1,0,0,1,1,0,0,1,1,1,1,0,0,0,1,1,0,1,0,1,1,1,1,1,1,1,1,1,1,0,0,
1,0,0,1,0,1,1,0,1,1,1,0,0,1,1,1,1,0,1,1,1,0,1,1,1,1,1,1,1,1,0,1,1,1,1,
1,1,1,0,1,1,1,0,1,1,1,0,0,1,1,1,1,1,0,0,0,1,1,1,1,1,1,1,0,1,0,1,1,1,1,
1,0,1,1,1,0,0,1,0,0,1,1,1,0,1,1,1,0,1,1,1,1,1,1,1,0,1,1,1,0,1,1,1,1,1,
1,0,1,1,0,1,1,1,1,1,1,1,1,1,0,1,1,1,1,0,0,1,1,1,0,0,1,1,1,1,1,1,0,0,1,
1,1,1,1,0,0,1,0,1,0,0,1,1,1,1,0,1,0,1,1,1,1,1,0,1,1,1,1,1,1,1,1,1,0,1,
1,0,0,1,1,1,1,1,0,0,0,1,1,1,1,1,0,0,1,0,1,0,1,1,1,1,0,1,0,1,1,1,1,0,1,
1,1,1,0,0,1,0,1,1,1,0,0,1,0,1,0,0,0,1,1,1,1,1,1,0,1,1,1,1,1,0,1,1,0,1,
1,0,1,1,0,0,1,0,0,1,1,1,0,1,1,1,1,1,0,1,1,1,1,0,1,0,0,1,1,1,1,1,1,1,1,
1,1,1,1,1,1,1,0,1,1,1,1,0,1,0,1,0,1,1,0,0,1,0,1,0,1,1,1,1,1,1,1,1,0,1,
1,1,1,1,1,0,1,1,0,0,0,1,0,1,0,1,1,1,1,0,0,0,1,1,1,1,1,0,1,0,0,1,0,1,0,
1,1,1,0,1,0,1,1,1,1,1,0,1,1,1,1,0,1,1,1,0,0,0,0,1,1,1,0,1,0,1,1,0,1,1,
1,1,0,1,0,0,1,0,1,1,0,1,1,1,1,1,1,1,1,0,1,0,0,0,0,1,1,0,1,1,0,0,1,0,1,
1,0,1,0,1,1,0,1,1,1,1,1,1,1,1,0,1,1,0,1,1,0,0,0,0,1,1,1,1,1,1,1,1,0,1,
0,1,0,1,1,1,1,1,1,0,1,1,1,1,0,1,1,0,1,0,1,1,0,0,0,0,1,1,1,1,1,1,0,1,0,
1,1,1,1,1,1,0,1,1,1,1,1,1,0,0,1,1,1,0,1,1,1,1,1,0,0,0,1,1,1,1,1,1,1,1,
1,1,1,1,1,1,1,1,1,1,1,1,1,1,1,1,0,1,0,1,1,1,1,1,1,0,0,1,1,0,0,1,1,1,1,
0,0,1,0,1,1,1,1,1,1,1,1,1,1,1,1,1,1,1,1,0,0,0,1,1,1,1,0,1,1,1,1,0,0,1,
1,1,1,1,1,0,0,1,1,1,1,1,0,1,1,1,0,1,1,1,1,1,1,1,1,1,1,1,0,0,1,1,1,0,1,
1,1,1,1,1,0,1,1,1,1,1,1,1,0,1,1,1,1,1,1,0,0,1,1,1,1,0,1,0,0,0,1,1,1,1,
1,1,0,0,1,1,1,1,0,1,1,0,0,1,1,1,1,0,1,1,0,1,0,1,1,1,0,1,1,0,0,1,1,1,1,
1,0,1,1,1,1,1,0,0,1,1,1,1,1,1,1,1,1,1,1,1,1,0,1,1,1,1,1,1,1,1,0,1,1,1,
0,1,1,0,1,1,0,1,1,1,1,1,1,1,0,1,1,1,1,1,0,0,1,1,0,1,1,0,1,1,1,1,0,1,1,
1,1,1,1,1,1,1,1,0,1,0,1,1,1,0,0,0,0,1,0,1,1,0,0,1,1,1,0,0,1,1,1,1,0,1,
1,0,1,1,1,1,1,0,1,1,0,1,1,1,1,1,1,1,1,1,0,1,1,1,0,1,1,1,1,1,1,1,1,1,0,
========================
Output Graph: 
Number of Vertices: 35
Number of Edges: 487
Graph Density: 0.818487
0,1,1,1,1,1,1,1,1,1,1,1,1,1,1,1,1,1,1,1,1,1,1,1,0,1,1,0,1,1,1,1,0,1,1,
1,0,1,1,0,1,1,0,1,1,1,1,1,0,0,1,0,1,1,1,1,1,1,0,1,1,1,0,1,1,1,0,1,1,1,
1,1,0,1,0,0,1,1,1,0,0,1,1,1,1,1,0,1,1,1,1,1,1,1,0,1,1,1,1,1,0,1,1,1,1,
1,1,1,0,0,1,1,1,1,1,1,1,0,1,1,1,1,1,1,1,1,0,1,0,1,1,1,0,1,1,0,1,1,1,1,
1,0,0,0,0,1,1,1,0,0,1,0,1,1,1,0,1,0,0,1,1,1,1,1,1,1,1,1,1,1,1,1,1,1,1,
1,1,0,1,1,0,1,1,0,1,1,1,1,1,1,0,1,1,0,1,0,1,0,1,1,1,1,1,0,0,1,1,1,1,1,
1,1,1,1,1,1,0,1,0,1,1,1,1,1,1,1,1,0,1,1,1,1,1,1,1,0,1,1,0,1,1,1,0,1,1,
1,0,1,1,1,1,1,0,0,1,1,0,1,1,1,0,1,1,0,0,1,1,0,1,1,1,1,1,1,1,1,0,1,1,0,
1,1,1,1,0,0,0,0,0,1,1,1,1,0,1,1,0,1,1,1,1,1,1,1,1,1,1,1,1,1,0,0,1,0,1,
1,1,0,1,0,1,1,1,1,0,0,1,1,1,1,0,1,1,1,1,1,1,1,1,1,1,1,1,1,1,1,1,1,1,1,
1,1,0,1,1,1,1,1,1,0,0,1,1,1,1,0,1,0,1,1,0,1,0,1,1,1,1,1,1,1,1,1,1,1,0,
1,1,1,1,0,1,1,0,1,1,1,0,0,1,1,1,1,1,1,1,1,0,1,1,1,1,1,1,1,1,0,1,1,1,1,
1,1,1,0,1,1,1,1,1,1,1,0,0,1,1,1,1,1,0,0,0,1,1,1,1,1,1,1,0,1,1,1,1,1,1,
1,0,1,1,1,1,1,1,0,1,1,1,1,0,1,1,1,0,1,1,1,1,1,1,1,0,1,1,1,0,1,1,1,1,1,
1,0,1,1,1,1,1,1,1,1,1,1,1,1,0,1,1,1,1,0,0,1,1,1,1,0,1,1,1,1,1,1,0,1,1,
1,1,1,1,0,0,1,0,1,0,0,1,1,1,1,0,1,1,1,1,1,1,1,0,1,1,1,1,1,1,1,1,1,0,1,
1,0,0,1,1,1,1,1,0,1,1,1,1,1,1,1,0,0,1,0,1,1,1,1,1,1,1,1,0,1,1,1,1,1,1,
1,1,1,1,0,1,0,1,1,1,0,1,1,0,1,1,0,0,1,1,1,1,1,1,0,1,1,1,1,1,0,1,1,0,1,
1,1,1,1,0,0,1,0,1,1,1,1,0,1,1,1,1,1,0,1,1,1,1,0,1,1,0,1,1,1,1,1,1,1,1,
1,1,1,1,1,1,1,0,1,1,1,1,0,1,0,1,0,1,1,0,1,1,1,1,0,1,1,1,1,1,1,1,1,0,1,
1,1,1,1,1,0,1,1,1,1,0,1,0,1,0,1,1,1,1,1,0,0,1,1,1,1,1,0,1,1,0,1,1,1,1,
1,1,1,0,1,1,1,1,1,1,1,0,1,1,1,1,1,1,1,1,0,0,0,1,1,1,1,1,1,0,1,1,0,1,1,
1,1,1,1,1,0,1,0,1,1,0,1,1,1,1,1,1,1,1,1,1,0,0,0,0,1,1,0,1,1,0,0,1,0,1,
1,0,1,0,1,1,1,1,1,1,1,1,1,1,1,0,1,1,0,1,1,1,0,0,1,1,1,1,1,1,1,1,1,1,1,
0,1,0,1,1,1,1,1,1,1,1,1,1,1,1,1,1,0,1,0,1,1,0,1,0,0,1,1,1,1,1,1,0,1,0,
1,1,1,1,1,1,0,1,1,1,1,1,1,0,0,1,1,1,1,1,1,1,1,1,0,0,0,1,1,1,1,1,1,1,1,
1,1,1,1,1,1,1,1,1,1,1,1,1,1,1,1,1,1,0,1,1,1,1,1,1,0,0,1,1,0,1,1,1,1,1,
0,0,1,0,1,1,1,1,1,1,1,1,1,1,1,1,1,1,1,1,0,1,0,1,1,1,1,0,1,1,1,1,0,1,1,
1,1,1,1,1,0,0,1,1,1,1,1,0,1,1,1,0,1,1,1,1,1,1,1,1,1,1,1,0,1,1,1,1,0,1,
1,1,1,1,1,0,1,1,1,1,1,1,1,0,1,1,1,1,1,1,1,0,1,1,1,1,0,1,1,0,0,1,1,1,1,
1,1,0,0,1,1,1,1,0,1,1,0,1,1,1,1,1,0,1,1,0,1,0,1,1,1,1,1,1,0,0,1,1,1,1,
1,0,1,1,1,1,1,0,0,1,1,1,1,1,1,1,1,1,1,1,1,1,0,1,1,1,1,1,1,1,1,0,1,1,1,
0,1,1,1,1,1,0,1,1,1,1,1,1,1,0,1,1,1,1,1,1,0,1,1,0,1,1,0,1,1,1,1,0,1,1,
1,1,1,1,1,1,1,1,0,1,1,1,1,1,1,0,1,0,1,0,1,1,0,1,1,1,1,1,0,1,1,1,1,0,1,
1,1,1,1,1,1,1,0,1,1,0,1,1,1,1,1,1,1,1,1,1,1,1,1,0,1,1,1,1,1,1,1,1,1,0,
Is Output Graph Empty or Complete?: 0
Ratio of Added Edges Over Added + Removed Edges: 1
Changes from Input to Output: 
Added Edge: (1, 11)
Added Edge: (1, 18)
Added Edge: (1, 34)
Added Edge: (2, 11)
Added Edge: (2, 22)
Added Edge: (3, 17)
Added Edge: (3, 32)
Added Edge: (4, 14)
Added Edge: (4, 22)
Added Edge: (5, 10)
Added Edge: (5, 13)
Added Edge: (5, 21)
Added Edge: (6, 10)
Added Edge: (6, 13)
Added Edge: (6, 23)
Added Edge: (7, 12)
Added Edge: (8, 9)
Added Edge: (8, 18)
Added Edge: (8, 20)
Added Edge: (9, 13)
Added Edge: (9, 16)
Added Edge: (9, 20)
Added Edge: (9, 24)
Added Edge: (10, 16)
Added Edge: (10, 33)
Added Edge: (11, 17)
Added Edge: (12, 30)
Added Edge: (14, 24)
Added Edge: (14, 33)
Added Edge: (15, 17)
Added Edge: (16, 21)
Added Edge: (16, 26)
Added Edge: (16, 33)
Added Edge: (18, 25)
Added Edge: (19, 20)
Added Edge: (19, 22)
Added Edge: (20, 29)
Added Edge: (20, 32)
Added Edge: (20, 34)
Added Edge: (21, 23)
Added Edge: (21, 27)
Added Edge: (23, 24)
Added Edge: (23, 33)
Added Edge: (26, 30)
Added Edge: (27, 33)
Added Edge: (28, 29)
========================
