========================
TIME_LIMIT_SECONDS: 900
ODD_HOLE_TERMINATION_PERCENTAGE: 999
N_THREADS: 24
IS_RUNNING_HEURISTIC_ON_CANDIDATE: 1
IS_RUNNING_HEURISTIC_ON_RELAXATION: 1
ADD_ALL_AT_START: 1
========================
Wall-Clock Runtime (ms): 44208
Calculated Odd Hole Termination Batch Size: 0
Total Time of All Workers in OddHoleAlg (nano): 77328716
Total Time of All Workers in OddHoleAlg (ms): 77
OddHoleAlg calls: 134
Number of Found Odd-Holes: 2074
Number of Found Odd Anti-Holes: 20165
Is Optimal? (1e-6): 1
Optimality Gap: 0
Objective Value: 34
Number of Feasible Solutions Found: 3202
Number of Times Heuristic is Called: 3225
Total number of added OH and OHbar Cuts: 22239
Number of Explored B&C tree nodes: 27030
Number of Unexplored B&C tree nodes: 0
========================
Input Graph:
Number of Vertices: 30
Erdos Renyi p Parameter: 0.75
Number of Edges: 310
Expected No of Odd Holes: 396
Expected No of Odd Anti Holes: 1341
ODD_HOLE_TERMINATION_BATCH_SIZE: 0
Graph Density: 0.712644
0,1,0,0,1,1,1,1,1,1,0,1,1,1,0,1,1,0,1,1,0,1,1,0,0,1,1,1,1,1,
1,0,1,0,0,1,0,0,0,1,0,1,1,1,1,1,0,1,1,0,0,1,1,1,1,0,0,1,1,0,
0,1,0,1,1,1,1,1,1,0,1,1,1,1,1,0,0,1,1,1,0,1,0,0,1,1,0,0,1,1,
0,0,1,0,0,1,0,1,1,1,1,0,1,1,0,1,1,1,1,1,1,1,0,1,1,0,1,1,1,1,
1,0,1,0,0,1,1,1,1,0,1,1,1,0,1,1,0,0,1,1,1,1,0,1,1,1,1,1,1,0,
1,1,1,1,1,0,1,1,1,1,1,1,1,1,0,1,1,1,1,1,1,0,1,1,1,1,0,1,1,1,
1,0,1,0,1,1,0,1,1,1,1,0,1,0,1,1,1,0,0,1,1,0,1,1,1,1,0,1,1,1,
1,0,1,1,1,1,1,0,1,1,0,1,1,1,1,0,0,1,1,1,0,0,1,1,0,1,1,1,1,0,
1,0,1,1,1,1,1,1,0,0,1,1,0,1,0,1,0,1,1,1,1,1,0,1,1,1,0,1,1,0,
1,1,0,1,0,1,1,1,0,0,1,1,1,1,1,0,1,1,1,1,0,0,1,1,1,0,1,1,1,1,
0,0,1,1,1,1,1,0,1,1,0,0,1,1,1,1,1,0,0,0,0,0,1,1,0,1,1,1,1,1,
1,1,1,0,1,1,0,1,1,1,0,0,1,1,1,0,1,0,1,1,1,1,0,1,1,0,0,1,1,1,
1,1,1,1,1,1,1,1,0,1,1,1,0,1,1,0,1,0,1,1,1,1,0,0,0,1,0,0,1,1,
1,1,1,1,0,1,0,1,1,1,1,1,1,0,1,1,1,1,1,1,0,1,1,1,0,1,0,1,1,1,
0,1,1,0,1,0,1,1,0,1,1,1,1,1,0,0,1,1,1,1,0,1,1,0,0,1,1,1,1,1,
1,1,0,1,1,1,1,0,1,0,1,0,0,1,0,0,1,0,1,1,1,1,0,1,1,1,1,1,1,1,
1,0,0,1,0,1,1,0,0,1,1,1,1,1,1,1,0,1,1,1,1,1,0,0,0,1,1,1,1,0,
0,1,1,1,0,1,0,1,1,1,0,0,0,1,1,0,1,0,1,1,0,1,1,0,1,0,1,1,0,0,
1,1,1,1,1,1,0,1,1,1,0,1,1,1,1,1,1,1,0,1,0,1,1,0,1,1,0,1,1,1,
1,0,1,1,1,1,1,1,1,1,0,1,1,1,1,1,1,1,1,0,1,1,0,1,1,1,0,1,1,1,
0,0,0,1,1,1,1,0,1,0,0,1,1,0,0,1,1,0,0,1,0,1,0,1,1,0,1,1,0,0,
1,1,1,1,1,0,0,0,1,0,0,1,1,1,1,1,1,1,1,1,1,0,0,1,1,1,1,1,0,1,
1,1,0,0,0,1,1,1,0,1,1,0,0,1,1,0,0,1,1,0,0,0,0,1,1,1,1,1,0,1,
0,1,0,1,1,1,1,1,1,1,1,1,0,1,0,1,0,0,0,1,1,1,1,0,0,0,0,1,1,1,
0,1,1,1,1,1,1,0,1,1,0,1,0,0,0,1,0,1,1,1,1,1,1,0,0,1,1,1,0,1,
1,0,1,0,1,1,1,1,1,0,1,0,1,1,1,1,1,0,1,1,0,1,1,0,1,0,0,0,0,1,
1,0,0,1,1,0,0,1,0,1,1,0,0,0,1,1,1,1,0,0,1,1,1,0,1,0,0,0,1,0,
1,1,0,1,1,1,1,1,1,1,1,1,0,1,1,1,1,1,1,1,1,1,1,1,1,0,0,0,1,1,
1,1,1,1,1,1,1,1,1,1,1,1,1,1,1,1,1,0,1,1,0,0,0,1,0,0,1,1,0,1,
1,0,1,1,0,1,1,0,0,1,1,1,1,1,1,1,0,0,1,1,0,1,1,1,1,1,0,1,1,0,
========================
Output Graph: 
Number of Vertices: 30
Number of Edges: 344
Graph Density: 0.790805
0,1,1,0,1,1,1,1,1,1,1,1,1,1,0,1,1,1,1,1,0,1,1,0,0,1,1,1,1,1,
1,0,1,0,0,1,0,1,0,1,0,1,1,1,1,1,0,1,1,0,0,1,1,1,1,1,0,1,1,0,
1,1,0,1,1,1,1,1,1,1,1,1,1,1,1,0,1,1,1,1,0,1,1,0,1,1,0,0,1,1,
0,0,1,0,1,1,1,1,1,1,1,0,1,1,0,1,1,1,1,1,1,1,0,1,1,0,1,1,1,1,
1,0,1,1,0,1,1,1,1,0,1,1,1,0,1,1,0,0,1,1,1,1,0,1,1,1,1,1,1,0,
1,1,1,1,1,0,1,1,1,1,1,1,1,1,1,1,1,1,1,1,1,0,1,1,1,1,0,1,1,1,
1,0,1,1,1,1,0,1,1,1,1,0,1,0,1,1,1,0,0,1,1,1,1,1,1,1,1,1,1,1,
1,1,1,1,1,1,1,0,1,1,0,1,1,1,1,0,1,1,1,1,0,0,1,1,0,1,1,1,1,1,
1,0,1,1,1,1,1,1,0,0,1,1,0,1,0,1,0,1,1,1,1,1,0,1,1,1,1,1,1,0,
1,1,1,1,0,1,1,1,0,0,1,1,1,1,1,0,1,1,1,1,0,0,1,1,1,1,1,1,1,1,
1,0,1,1,1,1,1,0,1,1,0,0,1,1,1,1,1,0,0,0,1,1,1,1,1,1,1,1,1,1,
1,1,1,0,1,1,0,1,1,1,0,0,1,1,1,0,1,1,1,1,1,1,1,1,1,1,0,1,1,1,
1,1,1,1,1,1,1,1,0,1,1,1,0,1,1,0,1,1,1,1,1,1,1,0,0,1,0,0,1,1,
1,1,1,1,0,1,0,1,1,1,1,1,1,0,1,1,1,1,1,1,0,1,1,1,0,1,0,1,1,1,
0,1,1,0,1,1,1,1,0,1,1,1,1,1,0,0,1,1,1,1,0,1,1,0,0,1,1,1,1,1,
1,1,0,1,1,1,1,0,1,0,1,0,0,1,0,0,1,0,1,1,1,1,0,1,1,1,1,1,1,1,
1,0,1,1,0,1,1,1,0,1,1,1,1,1,1,1,0,1,1,1,1,1,0,1,1,1,1,1,1,0,
1,1,1,1,0,1,0,1,1,1,0,1,1,1,1,0,1,0,1,1,0,1,1,0,1,1,1,1,0,1,
1,1,1,1,1,1,0,1,1,1,0,1,1,1,1,1,1,1,0,1,0,1,1,0,1,1,0,1,1,1,
1,0,1,1,1,1,1,1,1,1,0,1,1,1,1,1,1,1,1,0,1,1,1,1,1,1,0,1,1,1,
0,0,0,1,1,1,1,0,1,0,1,1,1,0,0,1,1,0,0,1,0,1,0,1,1,0,1,1,0,0,
1,1,1,1,1,0,1,0,1,0,1,1,1,1,1,1,1,1,1,1,1,0,0,1,1,1,1,1,1,1,
1,1,1,0,0,1,1,1,0,1,1,1,1,1,1,0,0,1,1,1,0,0,0,1,1,1,1,1,0,1,
0,1,0,1,1,1,1,1,1,1,1,1,0,1,0,1,1,0,0,1,1,1,1,0,1,0,1,1,1,1,
0,1,1,1,1,1,1,0,1,1,1,1,0,0,0,1,1,1,1,1,1,1,1,1,0,1,1,1,1,1,
1,1,1,0,1,1,1,1,1,1,1,1,1,1,1,1,1,1,1,1,0,1,1,0,1,0,0,0,0,1,
1,0,0,1,1,0,1,1,1,1,1,0,0,0,1,1,1,1,0,0,1,1,1,1,1,0,0,0,1,0,
1,1,0,1,1,1,1,1,1,1,1,1,0,1,1,1,1,1,1,1,1,1,1,1,1,0,0,0,1,1,
1,1,1,1,1,1,1,1,1,1,1,1,1,1,1,1,1,0,1,1,0,1,0,1,1,0,1,1,0,1,
1,0,1,1,0,1,1,1,0,1,1,1,1,1,1,1,0,1,1,1,0,1,1,1,1,1,0,1,1,0,
Is Output Graph Empty or Complete?: 0
Ratio of Added Edges Over Added + Removed Edges: 1
Changes from Input to Output: 
Added Edge: (0, 2)
Added Edge: (0, 10)
Added Edge: (0, 17)
Added Edge: (1, 7)
Added Edge: (1, 25)
Added Edge: (2, 9)
Added Edge: (2, 16)
Added Edge: (2, 22)
Added Edge: (3, 4)
Added Edge: (3, 6)
Added Edge: (5, 14)
Added Edge: (6, 21)
Added Edge: (6, 26)
Added Edge: (7, 16)
Added Edge: (7, 29)
Added Edge: (8, 26)
Added Edge: (9, 25)
Added Edge: (10, 20)
Added Edge: (10, 21)
Added Edge: (10, 24)
Added Edge: (11, 17)
Added Edge: (11, 22)
Added Edge: (11, 25)
Added Edge: (12, 17)
Added Edge: (12, 22)
Added Edge: (16, 23)
Added Edge: (16, 24)
Added Edge: (17, 25)
Added Edge: (17, 29)
Added Edge: (19, 22)
Added Edge: (21, 28)
Added Edge: (23, 24)
Added Edge: (23, 26)
Added Edge: (24, 28)
========================
