========================
TIME_LIMIT_SECONDS: 900
ODD_HOLE_TERMINATION_PERCENTAGE: 999
N_THREADS: 24
IS_RUNNING_HEURISTIC_ON_CANDIDATE: 1
IS_RUNNING_HEURISTIC_ON_RELAXATION: 1
ADD_ALL_AT_START: 1
========================
Wall-Clock Runtime (ms): 24789
Calculated Odd Hole Termination Batch Size: 0
Total Time of All Workers in OddHoleAlg (nano): 108284006
Total Time of All Workers in OddHoleAlg (ms): 108
OddHoleAlg calls: 152
Number of Found Odd-Holes: 21764
Number of Found Odd Anti-Holes: 306
Is Optimal? (1e-6): 1
Optimality Gap: 0
Objective Value: 36
Number of Feasible Solutions Found: 480
Number of Times Heuristic is Called: 673
Total number of added OH and OHbar Cuts: 22070
Number of Explored B&C tree nodes: 3324
Number of Unexplored B&C tree nodes: 0
========================
Input Graph:
Number of Vertices: 30
Erdos Renyi p Parameter: 0.25
Number of Edges: 89
Expected No of Odd Holes: 1737
Expected No of Odd Anti Holes: 0
ODD_HOLE_TERMINATION_BATCH_SIZE: 0
Graph Density: 0.204598
0,0,0,0,0,0,0,0,0,0,1,1,1,0,0,1,0,0,0,0,0,0,1,0,0,0,0,0,0,0,
0,0,0,0,0,0,0,0,0,0,0,0,0,1,0,0,0,1,1,1,0,0,1,0,0,0,0,0,0,1,
0,0,0,0,0,0,0,0,0,0,1,0,1,0,0,0,0,0,0,0,0,0,1,0,0,0,0,0,0,0,
0,0,0,0,0,0,1,0,0,1,0,0,0,0,0,0,0,0,0,0,0,0,0,0,1,0,0,0,1,0,
0,0,0,0,0,0,0,0,0,0,0,0,0,0,0,1,0,1,0,0,1,0,0,0,0,0,0,0,1,0,
0,0,0,0,0,0,0,0,0,1,0,0,0,0,0,1,0,1,1,1,0,0,0,1,0,0,0,0,0,0,
0,0,0,1,0,0,0,0,1,0,1,0,0,0,0,0,0,0,0,0,0,0,1,0,0,0,0,0,0,0,
0,0,0,0,0,0,0,0,1,0,1,0,1,0,0,0,0,0,0,1,1,0,0,0,1,0,0,0,0,0,
0,0,0,0,0,0,1,1,0,0,0,0,0,0,0,0,1,0,0,0,1,1,0,0,1,0,0,0,1,0,
0,0,0,1,0,1,0,0,0,0,0,0,0,0,0,1,1,0,0,0,0,0,0,0,0,0,0,0,0,1,
1,0,1,0,0,0,1,1,0,0,0,1,0,1,1,0,0,0,0,0,0,0,0,1,0,0,0,0,0,0,
1,0,0,0,0,0,0,0,0,0,1,0,0,1,0,1,0,0,0,1,0,0,1,0,0,0,0,0,1,0,
1,0,1,0,0,0,0,1,0,0,0,0,0,0,0,0,1,0,0,0,0,0,0,0,0,0,1,1,0,0,
0,1,0,0,0,0,0,0,0,0,1,1,0,0,1,0,1,0,0,1,0,0,0,0,0,0,0,1,1,0,
0,0,0,0,0,0,0,0,0,0,1,0,0,1,0,0,1,0,0,1,0,0,0,0,0,1,0,0,0,0,
1,0,0,0,1,1,0,0,0,1,0,1,0,0,0,0,0,0,0,0,0,1,0,0,0,1,1,0,0,1,
0,0,0,0,0,0,0,0,1,1,0,0,1,1,1,0,0,1,0,0,0,1,0,0,0,0,0,0,0,0,
0,1,0,0,1,1,0,0,0,0,0,0,0,0,0,0,1,0,1,0,1,0,0,0,0,0,0,0,0,0,
0,1,0,0,0,1,0,0,0,0,0,0,0,0,0,0,0,1,0,1,0,1,0,0,0,0,0,0,1,0,
0,1,0,0,0,1,0,1,0,0,0,1,0,1,1,0,0,0,1,0,0,1,0,1,0,0,0,0,0,1,
0,0,0,0,1,0,0,1,1,0,0,0,0,0,0,0,0,1,0,0,0,1,0,0,0,0,0,0,0,0,
0,0,0,0,0,0,0,0,1,0,0,0,0,0,0,1,1,0,1,1,1,0,0,1,0,0,0,1,0,1,
1,1,1,0,0,0,1,0,0,0,0,1,0,0,0,0,0,0,0,0,0,0,0,0,0,0,1,0,0,1,
0,0,0,0,0,1,0,0,0,0,1,0,0,0,0,0,0,0,0,1,0,1,0,0,1,0,1,0,0,1,
0,0,0,1,0,0,0,1,1,0,0,0,0,0,0,0,0,0,0,0,0,0,0,1,0,0,0,0,0,0,
0,0,0,0,0,0,0,0,0,0,0,0,0,0,1,1,0,0,0,0,0,0,0,0,0,0,0,0,0,0,
0,0,0,0,0,0,0,0,0,0,0,0,1,0,0,1,0,0,0,0,0,0,1,1,0,0,0,0,0,1,
0,0,0,0,0,0,0,0,0,0,0,0,1,1,0,0,0,0,0,0,0,1,0,0,0,0,0,0,0,0,
0,0,0,1,1,0,0,0,1,0,0,1,0,1,0,0,0,0,1,0,0,0,0,0,0,0,0,0,0,0,
0,1,0,0,0,0,0,0,0,1,0,0,0,0,0,1,0,0,0,1,0,1,1,1,0,0,1,0,0,0,
========================
Output Graph: 
Number of Vertices: 30
Number of Edges: 125
Graph Density: 0.287356
0,0,0,0,0,0,0,0,0,0,1,1,1,1,0,1,0,0,0,0,0,0,1,0,0,0,0,0,0,0,
0,0,0,0,0,0,0,0,0,1,0,0,0,1,0,0,0,1,1,1,0,1,1,1,0,0,0,0,0,1,
0,0,0,0,0,0,0,0,0,0,1,0,1,0,0,0,0,0,0,0,0,0,1,0,0,0,0,0,0,0,
0,0,0,0,0,0,1,0,0,1,1,0,0,0,0,0,0,0,0,0,0,0,0,0,1,0,0,0,1,0,
0,0,0,0,0,0,0,0,0,0,0,0,0,0,0,1,0,1,0,0,1,0,0,0,0,0,0,0,1,0,
0,0,0,0,0,0,0,0,0,1,0,0,0,0,0,1,0,1,1,1,0,1,0,1,0,0,0,0,0,0,
0,0,0,1,0,0,0,0,1,1,1,0,0,0,0,0,0,0,0,0,0,1,1,0,0,0,0,0,0,0,
0,0,0,0,0,0,0,0,1,0,1,0,1,0,0,0,0,0,0,1,1,1,0,0,1,0,0,0,0,0,
0,0,0,0,0,0,1,1,0,0,1,0,0,0,0,0,1,0,0,1,1,1,0,0,1,0,0,0,1,0,
0,1,0,1,0,1,1,0,0,0,1,0,0,0,0,1,1,0,0,1,0,0,0,0,1,0,1,0,1,1,
1,0,1,1,0,0,1,1,1,1,0,1,1,1,1,0,0,0,0,0,0,1,1,1,0,0,0,0,0,0,
1,0,0,0,0,0,0,0,0,0,1,0,0,1,0,1,0,0,0,1,0,0,1,0,0,0,0,0,1,0,
1,0,1,0,0,0,0,1,0,0,1,0,0,0,0,1,1,0,0,1,1,0,0,0,1,0,1,1,0,0,
1,1,0,0,0,0,0,0,0,0,1,1,0,0,1,1,1,0,0,1,0,0,0,0,0,0,0,1,1,0,
0,0,0,0,0,0,0,0,0,0,1,0,0,1,0,1,1,0,0,1,0,0,0,0,0,1,0,0,0,0,
1,0,0,0,1,1,0,0,0,1,0,1,1,1,1,0,0,1,1,0,0,1,1,1,0,1,1,0,0,1,
0,0,0,0,0,0,0,0,1,1,0,0,1,1,1,0,0,1,0,0,0,1,0,0,0,0,0,0,0,0,
0,1,0,0,1,1,0,0,0,0,0,0,0,0,0,1,1,0,1,1,1,0,0,0,0,0,0,0,1,0,
0,1,0,0,0,1,0,0,0,0,0,0,0,0,0,1,0,1,0,1,0,1,0,0,0,0,0,0,1,0,
0,1,0,0,0,1,0,1,1,1,0,1,1,1,1,0,0,1,1,0,0,1,1,1,0,0,0,0,0,1,
0,0,0,0,1,0,0,1,1,0,0,0,1,0,0,0,0,1,0,0,0,1,0,0,0,0,0,0,0,0,
0,1,0,0,0,1,1,1,1,0,1,0,0,0,0,1,1,0,1,1,1,0,0,1,1,0,1,1,1,1,
1,1,1,0,0,0,1,0,0,0,1,1,0,0,0,1,0,0,0,1,0,0,0,0,0,0,1,0,1,1,
0,1,0,0,0,1,0,0,0,0,1,0,0,0,0,1,0,0,0,1,0,1,0,0,1,0,1,0,0,1,
0,0,0,1,0,0,0,1,1,1,0,0,1,0,0,0,0,0,0,0,0,1,0,1,0,0,0,0,0,0,
0,0,0,0,0,0,0,0,0,0,0,0,0,0,1,1,0,0,0,0,0,0,0,0,0,0,0,0,0,0,
0,0,0,0,0,0,0,0,0,1,0,0,1,0,0,1,0,0,0,0,0,1,1,1,0,0,0,0,0,1,
0,0,0,0,0,0,0,0,0,0,0,0,1,1,0,0,0,0,0,0,0,1,0,0,0,0,0,0,0,0,
0,0,0,1,1,0,0,0,1,1,0,1,0,1,0,0,0,1,1,0,0,1,1,0,0,0,0,0,0,0,
0,1,0,0,0,0,0,0,0,1,0,0,0,0,0,1,0,0,0,1,0,1,1,1,0,0,1,0,0,0,
Is Output Graph Empty or Complete?: 0
Ratio of Added Edges Over Added + Removed Edges: 1
Changes from Input to Output: 
Added Edge: (0, 13)
Added Edge: (1, 9)
Added Edge: (1, 21)
Added Edge: (1, 23)
Added Edge: (3, 10)
Added Edge: (5, 21)
Added Edge: (6, 9)
Added Edge: (6, 21)
Added Edge: (7, 21)
Added Edge: (8, 10)
Added Edge: (8, 19)
Added Edge: (9, 10)
Added Edge: (9, 19)
Added Edge: (9, 24)
Added Edge: (9, 26)
Added Edge: (9, 28)
Added Edge: (10, 12)
Added Edge: (10, 21)
Added Edge: (10, 22)
Added Edge: (12, 15)
Added Edge: (12, 19)
Added Edge: (12, 20)
Added Edge: (12, 24)
Added Edge: (13, 15)
Added Edge: (14, 15)
Added Edge: (15, 17)
Added Edge: (15, 18)
Added Edge: (15, 22)
Added Edge: (15, 23)
Added Edge: (17, 19)
Added Edge: (17, 28)
Added Edge: (19, 22)
Added Edge: (21, 24)
Added Edge: (21, 26)
Added Edge: (21, 28)
Added Edge: (22, 28)
========================
