========================
TIME_LIMIT_SECONDS: 900
ODD_HOLE_TERMINATION_PERCENTAGE: 999
N_THREADS: 24
IS_RUNNING_HEURISTIC_ON_CANDIDATE: 0
IS_RUNNING_HEURISTIC_ON_RELAXATION: 1
ADD_ALL_AT_START: 0
========================
Wall-Clock Runtime (ms): 901117
Calculated Odd Hole Termination Batch Size: 0
Total Time of All Workers in OddHoleAlg (nano): 403171259
Total Time of All Workers in OddHoleAlg (ms): 403
OddHoleAlg calls: 70
Number of Found Odd-Holes: 12174
Number of Found Odd Anti-Holes: 108900
Is Optimal? (1e-6): 0
Optimality Gap: 0.225786
Objective Value: 48
Number of Feasible Solutions Found: 12044
Number of Times Heuristic is Called: 12132
Total number of added OH and OHbar Cuts: 121074
Number of Explored B&C tree nodes: 66549
Number of Unexplored B&C tree nodes: 43051
========================
Input Graph:
Number of Vertices: 35
Erdos Renyi p Parameter: 0.75
Number of Edges: 441
Expected No of Odd Holes: 903
Expected No of Odd Anti Holes: 5546
ODD_HOLE_TERMINATION_BATCH_SIZE: 0
Graph Density: 0.741176
0,1,1,1,1,1,1,1,1,1,1,1,1,1,1,1,1,1,1,1,1,1,1,1,0,1,1,0,1,1,1,1,0,1,1,
1,0,1,1,0,1,1,0,1,1,1,0,1,0,0,1,0,1,0,1,1,1,1,0,1,1,1,0,1,1,1,0,1,1,0,
1,1,0,1,0,0,1,1,1,0,0,0,1,1,1,1,0,1,1,1,1,1,0,1,0,1,1,1,1,1,0,1,1,1,1,
1,1,1,0,0,1,1,1,1,1,1,1,0,1,1,1,1,0,1,1,1,0,1,0,1,1,1,0,1,1,0,1,0,1,1,
1,0,0,0,0,1,1,1,0,0,1,0,1,1,0,0,1,0,0,1,1,1,0,1,1,1,1,1,1,1,1,1,1,1,1,
1,1,0,1,1,0,1,1,0,1,0,1,1,0,1,0,1,1,0,1,0,0,0,1,1,1,1,1,0,0,1,1,1,1,1,
1,1,1,1,1,1,0,1,0,1,0,1,1,0,1,1,1,0,1,1,1,1,1,0,1,0,1,1,0,1,1,1,0,1,1,
1,0,1,1,1,1,1,0,0,1,1,0,0,1,1,0,1,1,0,0,1,1,0,1,1,1,1,1,1,1,1,0,1,1,0,
1,1,1,1,0,0,0,0,0,0,1,1,1,0,1,1,0,1,0,1,0,1,1,1,1,1,1,1,1,1,0,0,1,0,1,
1,1,0,1,0,1,1,1,0,0,0,1,1,0,1,0,0,1,1,1,0,1,1,1,0,1,1,1,1,1,1,1,1,1,1,
1,1,0,1,1,0,0,1,1,0,0,1,1,1,1,0,0,0,1,1,0,1,0,1,1,1,1,1,1,1,1,1,1,0,0,
1,0,0,1,0,1,1,0,1,1,1,0,0,1,1,1,1,0,1,1,1,0,1,1,1,1,1,1,1,1,0,1,1,1,1,
1,1,1,0,1,1,1,0,1,1,1,0,0,1,1,1,1,1,0,0,0,1,1,1,1,1,1,1,0,1,0,1,1,1,1,
1,0,1,1,1,0,0,1,0,0,1,1,1,0,1,1,1,0,1,1,1,1,1,1,1,0,1,1,1,0,1,1,1,1,1,
1,0,1,1,0,1,1,1,1,1,1,1,1,1,0,1,1,1,1,0,0,1,1,1,0,0,1,1,1,1,1,1,0,0,1,
1,1,1,1,0,0,1,0,1,0,0,1,1,1,1,0,1,0,1,1,1,1,1,0,1,1,1,1,1,1,1,1,1,0,1,
1,0,0,1,1,1,1,1,0,0,0,1,1,1,1,1,0,0,1,0,1,0,1,1,1,1,0,1,0,1,1,1,1,0,1,
1,1,1,0,0,1,0,1,1,1,0,0,1,0,1,0,0,0,1,1,1,1,1,1,0,1,1,1,1,1,0,1,1,0,1,
1,0,1,1,0,0,1,0,0,1,1,1,0,1,1,1,1,1,0,1,1,1,1,0,1,0,0,1,1,1,1,1,1,1,1,
1,1,1,1,1,1,1,0,1,1,1,1,0,1,0,1,0,1,1,0,0,1,0,1,0,1,1,1,1,1,1,1,1,0,1,
1,1,1,1,1,0,1,1,0,0,0,1,0,1,0,1,1,1,1,0,0,0,1,1,1,1,1,0,1,0,0,1,0,1,0,
1,1,1,0,1,0,1,1,1,1,1,0,1,1,1,1,0,1,1,1,0,0,0,0,1,1,1,0,1,0,1,1,0,1,1,
1,1,0,1,0,0,1,0,1,1,0,1,1,1,1,1,1,1,1,0,1,0,0,0,0,1,1,0,1,1,0,0,1,0,1,
1,0,1,0,1,1,0,1,1,1,1,1,1,1,1,0,1,1,0,1,1,0,0,0,0,1,1,1,1,1,1,1,1,0,1,
0,1,0,1,1,1,1,1,1,0,1,1,1,1,0,1,1,0,1,0,1,1,0,0,0,0,1,1,1,1,1,1,0,1,0,
1,1,1,1,1,1,0,1,1,1,1,1,1,0,0,1,1,1,0,1,1,1,1,1,0,0,0,1,1,1,1,1,1,1,1,
1,1,1,1,1,1,1,1,1,1,1,1,1,1,1,1,0,1,0,1,1,1,1,1,1,0,0,1,1,0,0,1,1,1,1,
0,0,1,0,1,1,1,1,1,1,1,1,1,1,1,1,1,1,1,1,0,0,0,1,1,1,1,0,1,1,1,1,0,0,1,
1,1,1,1,1,0,0,1,1,1,1,1,0,1,1,1,0,1,1,1,1,1,1,1,1,1,1,1,0,0,1,1,1,0,1,
1,1,1,1,1,0,1,1,1,1,1,1,1,0,1,1,1,1,1,1,0,0,1,1,1,1,0,1,0,0,0,1,1,1,1,
1,1,0,0,1,1,1,1,0,1,1,0,0,1,1,1,1,0,1,1,0,1,0,1,1,1,0,1,1,0,0,1,1,1,1,
1,0,1,1,1,1,1,0,0,1,1,1,1,1,1,1,1,1,1,1,1,1,0,1,1,1,1,1,1,1,1,0,1,1,1,
0,1,1,0,1,1,0,1,1,1,1,1,1,1,0,1,1,1,1,1,0,0,1,1,0,1,1,0,1,1,1,1,0,1,1,
1,1,1,1,1,1,1,1,0,1,0,1,1,1,0,0,0,0,1,0,1,1,0,0,1,1,1,0,0,1,1,1,1,0,1,
1,0,1,1,1,1,1,0,1,1,0,1,1,1,1,1,1,1,1,1,0,1,1,1,0,1,1,1,1,1,1,1,1,1,0,
========================
Output Graph: 
Number of Vertices: 35
Number of Edges: 489
Graph Density: 0.821849
0,1,1,1,1,1,1,1,1,1,1,1,1,1,1,1,1,1,1,1,1,1,1,1,1,1,1,0,1,1,1,1,0,1,1,
1,0,1,1,1,1,1,0,1,1,1,0,1,1,0,1,0,1,1,1,1,1,1,0,1,1,1,0,1,1,1,1,1,1,0,
1,1,0,1,1,0,1,1,1,0,1,0,1,1,1,1,0,1,1,1,1,1,0,1,1,1,1,1,1,1,1,1,1,1,1,
1,1,1,0,1,1,1,1,1,1,1,1,0,1,1,1,1,0,1,1,1,1,1,0,1,1,1,0,1,1,1,1,0,1,1,
1,1,1,1,0,1,1,1,0,0,1,0,1,1,0,1,1,0,1,1,1,1,0,1,1,1,1,1,1,1,1,1,1,1,1,
1,1,0,1,1,0,1,1,1,1,0,1,1,0,1,0,1,1,0,1,0,0,1,1,1,1,1,1,0,1,1,1,1,1,1,
1,1,1,1,1,1,0,1,0,1,1,1,1,1,1,1,1,0,1,1,1,1,1,0,1,0,1,1,1,1,1,1,0,1,1,
1,0,1,1,1,1,1,0,1,1,1,1,1,1,1,0,1,1,0,0,1,1,1,1,1,1,1,1,1,1,1,0,1,1,1,
1,1,1,1,0,1,0,1,0,1,1,1,1,0,1,1,1,1,0,1,0,1,1,1,1,1,1,1,1,1,0,0,1,0,1,
1,1,0,1,0,1,1,1,1,0,0,1,1,0,1,0,1,1,1,1,0,1,1,1,0,1,1,1,1,1,1,1,1,1,1,
1,1,1,1,1,0,1,1,1,0,0,1,1,1,1,1,0,0,1,1,1,1,0,1,1,1,1,1,1,1,1,1,1,1,0,
1,0,0,1,0,1,1,1,1,1,1,0,1,1,1,1,1,1,1,1,1,0,1,1,1,1,1,1,1,1,0,1,1,1,1,
1,1,1,0,1,1,1,1,1,1,1,1,0,1,1,1,1,1,0,0,0,1,1,1,1,1,1,1,0,1,0,1,1,1,1,
1,1,1,1,1,0,1,1,0,0,1,1,1,0,1,1,1,0,1,1,1,1,1,1,1,0,1,1,1,0,1,1,1,1,1,
1,0,1,1,0,1,1,1,1,1,1,1,1,1,0,1,1,1,1,0,0,1,1,1,0,1,1,1,1,1,1,1,1,0,1,
1,1,1,1,1,0,1,0,1,0,1,1,1,1,1,0,1,0,1,1,1,1,1,0,1,1,1,1,1,1,1,1,1,1,1,
1,0,0,1,1,1,1,1,1,1,0,1,1,1,1,1,0,1,1,0,1,0,1,1,1,1,0,1,0,1,1,1,1,0,1,
1,1,1,0,0,1,0,1,1,1,0,1,1,0,1,0,1,0,1,1,1,1,1,1,0,1,1,1,1,1,0,1,1,0,1,
1,1,1,1,1,0,1,0,0,1,1,1,0,1,1,1,1,1,0,1,1,1,1,0,1,0,1,1,1,1,1,1,1,1,1,
1,1,1,1,1,1,1,0,1,1,1,1,0,1,0,1,0,1,1,0,1,1,0,1,1,1,1,1,1,1,1,1,1,1,1,
1,1,1,1,1,0,1,1,0,0,1,1,0,1,0,1,1,1,1,1,0,1,1,1,1,1,1,0,1,0,1,1,0,1,0,
1,1,1,1,1,0,1,1,1,1,1,0,1,1,1,1,0,1,1,1,1,0,0,0,1,1,1,0,1,0,1,1,0,1,1,
1,1,0,1,0,1,1,1,1,1,0,1,1,1,1,1,1,1,1,0,1,0,0,1,0,1,1,1,1,1,0,0,1,0,1,
1,0,1,0,1,1,0,1,1,1,1,1,1,1,1,0,1,1,0,1,1,0,1,0,0,1,1,1,1,1,1,1,1,0,1,
1,1,1,1,1,1,1,1,1,0,1,1,1,1,0,1,1,0,1,1,1,1,0,0,0,0,1,1,1,1,1,1,0,1,0,
1,1,1,1,1,1,0,1,1,1,1,1,1,0,1,1,1,1,0,1,1,1,1,1,0,0,0,1,1,1,1,1,1,1,1,
1,1,1,1,1,1,1,1,1,1,1,1,1,1,1,1,0,1,1,1,1,1,1,1,1,0,0,1,1,0,1,1,1,1,1,
0,0,1,0,1,1,1,1,1,1,1,1,1,1,1,1,1,1,1,1,0,0,1,1,1,1,1,0,1,1,1,1,1,0,1,
1,1,1,1,1,0,1,1,1,1,1,1,0,1,1,1,0,1,1,1,1,1,1,1,1,1,1,1,0,0,1,1,1,1,1,
1,1,1,1,1,1,1,1,1,1,1,1,1,0,1,1,1,1,1,1,0,0,1,1,1,1,0,1,0,0,0,1,1,1,1,
1,1,1,1,1,1,1,1,0,1,1,0,0,1,1,1,1,0,1,1,1,1,0,1,1,1,1,1,1,0,0,1,1,1,1,
1,1,1,1,1,1,1,0,0,1,1,1,1,1,1,1,1,1,1,1,1,1,0,1,1,1,1,1,1,1,1,0,1,1,1,
0,1,1,0,1,1,0,1,1,1,1,1,1,1,1,1,1,1,1,1,0,0,1,1,0,1,1,1,1,1,1,1,0,1,1,
1,1,1,1,1,1,1,1,0,1,1,1,1,1,0,1,0,0,1,1,1,1,0,0,1,1,1,0,1,1,1,1,1,0,1,
1,0,1,1,1,1,1,1,1,1,0,1,1,1,1,1,1,1,1,1,0,1,1,1,0,1,1,1,1,1,1,1,1,1,0,
Is Output Graph Empty or Complete?: 0
Ratio of Added Edges Over Added + Removed Edges: 1
Changes from Input to Output: 
Added Edge: (0, 24)
Added Edge: (1, 4)
Added Edge: (1, 13)
Added Edge: (1, 18)
Added Edge: (1, 31)
Added Edge: (2, 4)
Added Edge: (2, 10)
Added Edge: (2, 24)
Added Edge: (2, 30)
Added Edge: (3, 4)
Added Edge: (3, 21)
Added Edge: (3, 30)
Added Edge: (4, 15)
Added Edge: (4, 18)
Added Edge: (5, 8)
Added Edge: (5, 22)
Added Edge: (5, 29)
Added Edge: (6, 10)
Added Edge: (6, 13)
Added Edge: (6, 28)
Added Edge: (7, 8)
Added Edge: (7, 11)
Added Edge: (7, 12)
Added Edge: (7, 22)
Added Edge: (7, 34)
Added Edge: (8, 9)
Added Edge: (8, 16)
Added Edge: (9, 16)
Added Edge: (10, 15)
Added Edge: (10, 20)
Added Edge: (10, 33)
Added Edge: (11, 12)
Added Edge: (11, 17)
Added Edge: (14, 25)
Added Edge: (14, 32)
Added Edge: (15, 33)
Added Edge: (16, 17)
Added Edge: (18, 26)
Added Edge: (19, 20)
Added Edge: (19, 24)
Added Edge: (19, 33)
Added Edge: (20, 21)
Added Edge: (20, 30)
Added Edge: (22, 23)
Added Edge: (22, 27)
Added Edge: (26, 30)
Added Edge: (27, 32)
Added Edge: (28, 33)
========================
