========================
TIME_LIMIT_SECONDS: 900
ODD_HOLE_TERMINATION_PERCENTAGE: 999
N_THREADS: 24
IS_RUNNING_HEURISTIC_ON_CANDIDATE: 1
IS_RUNNING_HEURISTIC_ON_RELAXATION: 0
ADD_ALL_AT_START: 0
========================
Wall-Clock Runtime (ms): 900987
Calculated Odd Hole Termination Batch Size: 0
Total Time of All Workers in OddHoleAlg (nano): 457237895
Total Time of All Workers in OddHoleAlg (ms): 457
OddHoleAlg calls: 72
Number of Found Odd-Holes: 62699
Number of Found Odd Anti-Holes: 130232
Is Optimal? (1e-6): 0
Optimality Gap: 0.555236
Objective Value: 143
Number of Feasible Solutions Found: 8
Number of Times Heuristic is Called: 35
Total number of added OH and OHbar Cuts: 192931
Number of Explored B&C tree nodes: 26319
Number of Unexplored B&C tree nodes: 15100
========================
Input Graph:
Number of Vertices: 35
Erdos Renyi p Parameter: 0.5
Number of Edges: 285
Expected No of Odd Holes: 4979
Expected No of Odd Anti Holes: 1175
ODD_HOLE_TERMINATION_BATCH_SIZE: 0
Graph Density: 0.478992
0,0,0,0,0,0,1,0,1,1,0,1,1,0,1,1,0,1,1,0,0,0,0,1,0,1,0,0,0,0,1,1,0,1,1,
0,0,0,0,0,1,1,0,0,1,0,1,1,0,0,0,1,1,1,1,0,1,0,0,0,0,1,0,0,0,1,0,1,0,0,
0,0,0,1,0,1,0,0,0,1,1,1,1,0,0,0,0,0,1,0,1,0,0,1,0,1,0,1,1,1,0,0,0,1,1,
0,0,1,0,0,0,0,1,1,1,1,0,0,1,0,1,0,1,1,0,0,1,1,1,0,1,0,1,0,0,1,0,1,0,0,
0,0,0,0,0,0,1,0,1,0,1,0,1,1,1,1,0,1,0,0,0,1,0,1,0,1,1,1,1,0,0,1,0,1,0,
0,1,1,0,0,0,1,1,1,0,1,0,0,1,1,1,0,0,0,1,1,0,0,1,0,1,1,0,1,1,0,1,0,1,0,
1,1,0,0,1,1,0,1,0,0,1,1,1,0,0,0,1,0,1,1,0,1,1,0,1,0,0,1,1,0,0,1,1,1,0,
0,0,0,1,0,1,1,0,1,0,1,1,1,1,1,0,0,0,0,0,0,0,1,0,1,0,0,0,1,1,0,1,0,1,0,
1,0,0,1,1,1,0,1,0,0,1,1,0,1,1,0,1,0,0,0,1,1,1,1,1,0,1,1,0,0,1,0,1,1,0,
1,1,1,1,0,0,0,0,0,0,0,0,1,1,1,1,0,0,1,0,1,0,1,0,0,1,0,1,0,0,0,0,0,1,0,
0,0,1,1,1,1,1,1,1,0,0,0,0,1,0,1,0,1,0,1,0,1,1,1,1,0,0,1,1,1,1,0,0,0,1,
1,1,1,0,0,0,1,1,1,0,0,0,1,0,0,1,0,1,0,0,1,1,0,1,0,1,1,1,0,1,0,1,0,0,0,
1,1,1,0,1,0,1,1,0,1,0,1,0,0,1,0,0,1,1,0,0,0,1,1,0,0,0,0,0,1,1,0,1,1,0,
0,0,0,1,1,1,0,1,1,1,1,0,0,0,0,0,0,1,1,0,1,0,1,0,0,1,0,1,0,0,1,0,1,1,0,
1,0,0,0,1,1,0,1,1,1,0,0,1,0,0,1,0,0,1,1,1,0,0,1,1,0,1,0,1,0,1,1,0,0,1,
1,0,0,1,1,1,0,0,0,1,1,1,0,0,1,0,1,0,0,1,1,0,0,0,0,0,1,1,0,0,0,1,0,0,1,
0,1,0,0,0,0,1,0,1,0,0,0,0,0,0,1,0,1,1,0,0,0,0,0,0,1,0,0,1,0,1,1,1,0,0,
1,1,0,1,1,0,0,0,0,0,1,1,1,1,0,0,1,0,0,0,1,0,1,0,0,1,0,0,0,1,0,0,1,1,0,
1,1,1,1,0,0,1,0,0,1,0,0,1,1,1,0,1,0,0,1,0,0,1,0,0,1,1,1,0,1,0,0,0,0,0,
0,1,0,0,0,1,1,0,0,0,1,0,0,0,1,1,0,0,1,0,1,0,1,1,1,0,1,1,0,1,1,0,0,0,1,
0,0,1,0,0,1,0,0,1,1,0,1,0,1,1,1,0,1,0,1,0,1,1,0,0,0,1,1,1,1,0,1,1,0,1,
0,1,0,1,1,0,1,0,1,0,1,1,0,0,0,0,0,0,0,0,1,0,0,1,1,1,1,0,0,0,0,1,1,1,0,
0,0,0,1,0,0,1,1,1,1,1,0,1,1,0,0,0,1,1,1,1,0,0,0,0,1,0,0,0,1,0,1,1,0,0,
1,0,1,1,1,1,0,0,1,0,1,1,1,0,1,0,0,0,0,1,0,1,0,0,1,1,1,1,0,0,1,1,1,0,1,
0,0,0,0,0,0,1,1,1,0,1,0,0,0,1,0,0,0,0,1,0,1,0,1,0,1,1,1,0,0,0,1,0,0,1,
1,0,1,1,1,1,0,0,0,1,0,1,0,1,0,0,1,1,1,0,0,1,1,1,1,0,0,1,1,1,1,1,1,0,0,
0,1,0,0,1,1,0,0,1,0,0,1,0,0,1,1,0,0,1,1,1,1,0,1,1,0,0,0,1,0,1,0,1,1,0,
0,0,1,1,1,0,1,0,1,1,1,1,0,1,0,1,0,0,1,1,1,0,0,1,1,1,0,0,1,0,1,1,0,0,0,
0,0,1,0,1,1,1,1,0,0,1,0,0,0,1,0,1,0,0,0,1,0,0,0,0,1,1,1,0,0,1,0,0,1,1,
0,0,1,0,0,1,0,1,0,0,1,1,1,0,0,0,0,1,1,1,1,0,1,0,0,1,0,0,0,0,0,0,1,0,0,
1,1,0,1,0,0,0,0,1,0,1,0,1,1,1,0,1,0,0,1,0,0,0,1,0,1,1,1,1,0,0,1,1,0,0,
1,0,0,0,1,1,1,1,0,0,0,1,0,0,1,1,1,0,0,0,1,1,1,1,1,1,0,1,0,0,1,0,1,0,1,
0,1,0,1,0,0,1,0,1,0,0,0,1,1,0,0,1,1,0,0,1,1,1,1,0,1,1,0,0,1,1,1,0,0,1,
1,0,1,0,1,1,1,1,1,1,0,0,1,1,0,0,0,1,0,0,0,1,0,0,0,0,1,0,1,0,0,0,0,0,0,
1,0,1,0,0,0,0,0,0,0,1,0,0,0,1,1,0,0,0,1,1,0,0,1,1,0,0,0,1,0,0,1,1,0,0,
========================
Output Graph: 
Number of Vertices: 35
Number of Edges: 428
Graph Density: 0.719328
0,1,1,0,0,0,1,1,1,1,1,1,1,0,1,1,0,1,1,1,1,1,0,1,1,1,1,0,1,0,1,1,1,1,1,
1,0,1,0,0,1,1,1,1,1,1,1,1,1,0,1,1,1,1,1,1,1,0,1,1,1,1,1,1,0,1,1,1,0,1,
1,1,0,1,1,1,1,1,1,1,1,1,1,0,1,1,1,1,1,1,1,0,0,1,1,1,1,1,1,1,1,1,1,1,1,
0,0,1,0,0,1,0,1,1,1,1,1,1,1,0,1,0,1,1,1,0,1,1,1,0,1,0,1,1,0,1,1,1,0,0,
0,0,1,0,0,0,1,1,1,1,1,0,1,1,1,1,0,1,1,1,0,1,0,1,0,1,1,1,1,0,1,1,0,1,0,
0,1,1,1,0,0,1,1,1,1,1,1,1,1,1,1,0,1,1,1,1,0,0,1,0,1,1,0,1,1,1,1,1,1,0,
1,1,1,0,1,1,0,1,1,0,1,1,1,0,1,1,1,0,1,1,1,1,1,1,1,1,0,1,1,0,1,1,1,1,0,
1,1,1,1,1,1,1,0,1,1,1,1,1,1,1,0,1,1,1,1,1,0,1,0,1,0,0,1,1,1,0,1,1,1,0,
1,1,1,1,1,1,1,1,0,0,1,1,1,1,1,1,1,0,1,1,1,1,1,1,1,1,1,1,0,0,1,0,1,1,1,
1,1,1,1,1,1,0,1,0,0,1,1,1,1,1,1,0,0,1,0,1,0,1,0,0,1,0,1,0,0,0,0,1,1,0,
1,1,1,1,1,1,1,1,1,1,0,0,1,1,0,1,0,1,1,1,1,1,1,1,1,1,1,1,1,1,1,1,0,0,1,
1,1,1,1,0,1,1,1,1,1,0,0,1,1,0,1,0,1,1,1,1,1,0,1,0,1,1,1,1,1,1,1,0,0,0,
1,1,1,1,1,1,1,1,1,1,1,1,0,0,1,1,0,1,1,1,1,0,1,1,0,1,0,1,0,1,1,0,1,1,0,
0,1,0,1,1,1,0,1,1,1,1,1,0,0,1,0,0,1,1,1,1,0,1,0,0,1,0,1,0,1,1,0,1,1,0,
1,0,1,0,1,1,1,1,1,1,0,0,1,1,0,1,0,1,1,1,1,1,0,1,1,1,1,1,1,0,1,1,0,0,1,
1,1,1,1,1,1,1,0,1,1,1,1,1,0,1,0,1,1,0,1,1,0,0,0,1,1,1,1,1,0,1,1,1,1,1,
0,1,1,0,0,0,1,1,1,0,0,0,0,0,0,1,0,1,1,1,0,1,0,1,1,1,1,0,1,0,1,1,1,0,1,
1,1,1,1,1,1,0,1,0,0,1,1,1,1,1,1,1,0,1,0,1,0,1,0,0,1,0,1,0,1,0,0,1,1,0,
1,1,1,1,1,1,1,1,1,1,1,1,1,1,1,0,1,1,0,1,1,0,1,0,0,1,1,1,0,1,0,1,1,1,0,
1,1,1,1,1,1,1,1,1,0,1,1,1,1,1,1,1,0,1,0,1,0,1,1,1,1,1,1,0,1,1,0,1,1,1,
1,1,1,0,0,1,1,1,1,1,1,1,1,1,1,1,0,1,1,1,0,1,1,1,0,1,1,1,1,1,1,1,1,0,1,
1,1,0,1,1,0,1,0,1,0,1,1,0,0,1,0,1,0,0,0,1,0,0,1,1,1,1,0,0,0,0,1,1,1,1,
0,0,0,1,0,0,1,1,1,1,1,0,1,1,0,0,0,1,1,1,1,0,0,0,0,1,0,0,0,1,0,1,1,0,0,
1,1,1,1,1,1,1,0,1,0,1,1,1,0,1,0,1,0,0,1,1,1,0,0,1,1,1,1,1,0,1,1,1,1,1,
1,1,1,0,0,0,1,1,1,0,1,0,0,0,1,1,1,0,0,1,0,1,0,1,0,1,1,1,1,0,1,1,1,0,1,
1,1,1,1,1,1,1,0,1,1,1,1,1,1,1,1,1,1,1,1,1,1,1,1,1,0,0,1,1,1,1,1,1,1,0,
1,1,1,0,1,1,0,0,1,0,1,1,0,0,1,1,1,0,1,1,1,1,0,1,1,0,0,1,1,0,1,1,1,1,0,
0,1,1,1,1,0,1,1,1,1,1,1,1,1,1,1,0,1,1,1,1,0,0,1,1,1,1,0,1,0,1,1,1,1,0,
1,1,1,1,1,1,1,1,0,0,1,1,0,0,1,1,1,0,0,0,1,0,0,1,1,1,1,1,0,0,1,0,1,1,1,
0,0,1,0,0,1,0,1,0,0,1,1,1,1,0,0,0,1,1,1,1,0,1,0,0,1,0,0,0,0,0,0,1,0,0,
1,1,1,1,1,1,1,0,1,0,1,1,1,1,1,1,1,0,0,1,1,0,0,1,1,1,1,1,1,0,0,1,1,1,0,
1,1,1,1,1,1,1,1,0,0,1,1,0,0,1,1,1,0,1,0,1,1,1,1,1,1,1,1,0,0,1,0,1,1,1,
1,1,1,1,0,1,1,1,1,1,0,0,1,1,0,1,1,1,1,1,1,1,1,1,1,1,1,1,1,1,1,1,0,0,1,
1,0,1,0,1,1,1,1,1,1,0,0,1,1,0,1,0,1,1,1,0,1,0,1,0,1,1,1,1,0,1,1,0,0,0,
1,1,1,0,0,0,0,0,1,0,1,0,0,0,1,1,1,0,0,1,1,1,0,1,1,0,0,0,1,0,0,1,1,0,0,
Is Output Graph Empty or Complete?: 0
Ratio of Added Edges Over Added + Removed Edges: 1
Changes from Input to Output: 
Added Edge: (0, 1)
Added Edge: (0, 2)
Added Edge: (0, 7)
Added Edge: (0, 10)
Added Edge: (0, 19)
Added Edge: (0, 20)
Added Edge: (0, 21)
Added Edge: (0, 24)
Added Edge: (0, 26)
Added Edge: (0, 28)
Added Edge: (0, 32)
Added Edge: (1, 2)
Added Edge: (1, 7)
Added Edge: (1, 8)
Added Edge: (1, 10)
Added Edge: (1, 13)
Added Edge: (1, 15)
Added Edge: (1, 20)
Added Edge: (1, 23)
Added Edge: (1, 24)
Added Edge: (1, 25)
Added Edge: (1, 27)
Added Edge: (1, 28)
Added Edge: (1, 31)
Added Edge: (1, 34)
Added Edge: (2, 4)
Added Edge: (2, 6)
Added Edge: (2, 7)
Added Edge: (2, 8)
Added Edge: (2, 14)
Added Edge: (2, 15)
Added Edge: (2, 16)
Added Edge: (2, 17)
Added Edge: (2, 19)
Added Edge: (2, 24)
Added Edge: (2, 26)
Added Edge: (2, 30)
Added Edge: (2, 31)
Added Edge: (2, 32)
Added Edge: (3, 5)
Added Edge: (3, 11)
Added Edge: (3, 12)
Added Edge: (3, 19)
Added Edge: (3, 28)
Added Edge: (3, 31)
Added Edge: (4, 7)
Added Edge: (4, 9)
Added Edge: (4, 18)
Added Edge: (4, 19)
Added Edge: (4, 30)
Added Edge: (5, 9)
Added Edge: (5, 11)
Added Edge: (5, 12)
Added Edge: (5, 17)
Added Edge: (5, 18)
Added Edge: (5, 30)
Added Edge: (5, 32)
Added Edge: (6, 8)
Added Edge: (6, 14)
Added Edge: (6, 15)
Added Edge: (6, 20)
Added Edge: (6, 23)
Added Edge: (6, 25)
Added Edge: (6, 30)
Added Edge: (7, 9)
Added Edge: (7, 16)
Added Edge: (7, 17)
Added Edge: (7, 18)
Added Edge: (7, 19)
Added Edge: (7, 20)
Added Edge: (7, 27)
Added Edge: (7, 32)
Added Edge: (8, 12)
Added Edge: (8, 15)
Added Edge: (8, 18)
Added Edge: (8, 19)
Added Edge: (8, 25)
Added Edge: (8, 34)
Added Edge: (9, 10)
Added Edge: (9, 11)
Added Edge: (9, 32)
Added Edge: (10, 12)
Added Edge: (10, 18)
Added Edge: (10, 20)
Added Edge: (10, 25)
Added Edge: (10, 26)
Added Edge: (10, 31)
Added Edge: (11, 13)
Added Edge: (11, 18)
Added Edge: (11, 19)
Added Edge: (11, 28)
Added Edge: (11, 30)
Added Edge: (12, 15)
Added Edge: (12, 19)
Added Edge: (12, 20)
Added Edge: (12, 25)
Added Edge: (12, 27)
Added Edge: (13, 14)
Added Edge: (13, 19)
Added Edge: (13, 29)
Added Edge: (14, 17)
Added Edge: (14, 21)
Added Edge: (14, 25)
Added Edge: (14, 27)
Added Edge: (15, 17)
Added Edge: (15, 24)
Added Edge: (15, 25)
Added Edge: (15, 28)
Added Edge: (15, 30)
Added Edge: (15, 32)
Added Edge: (15, 33)
Added Edge: (16, 19)
Added Edge: (16, 21)
Added Edge: (16, 23)
Added Edge: (16, 24)
Added Edge: (16, 26)
Added Edge: (16, 34)
Added Edge: (17, 18)
Added Edge: (17, 27)
Added Edge: (18, 20)
Added Edge: (18, 31)
Added Edge: (18, 32)
Added Edge: (18, 33)
Added Edge: (19, 25)
Added Edge: (19, 32)
Added Edge: (19, 33)
Added Edge: (20, 23)
Added Edge: (20, 25)
Added Edge: (20, 30)
Added Edge: (21, 34)
Added Edge: (23, 28)
Added Edge: (23, 33)
Added Edge: (24, 28)
Added Edge: (24, 30)
Added Edge: (24, 32)
Added Edge: (25, 33)
Added Edge: (26, 27)
Added Edge: (26, 31)
Added Edge: (27, 32)
Added Edge: (27, 33)
Added Edge: (28, 32)
Added Edge: (30, 33)
Added Edge: (31, 33)
========================
