========================
TIME_LIMIT_SECONDS: 900
ODD_HOLE_TERMINATION_PERCENTAGE: 999
N_THREADS: 24
IS_RUNNING_HEURISTIC_ON_CANDIDATE: 1
IS_RUNNING_HEURISTIC_ON_RELAXATION: 1
ADD_ALL_AT_START: 1
========================
Wall-Clock Runtime (ms): 900287
Calculated Odd Hole Termination Batch Size: 0
Total Time of All Workers in OddHoleAlg (nano): 251491981
Total Time of All Workers in OddHoleAlg (ms): 251
OddHoleAlg calls: 168
Number of Found Odd-Holes: 3668
Number of Found Odd Anti-Holes: 67980
Is Optimal? (1e-6): 0
Optimality Gap: 0.0925048
Objective Value: 45
Number of Feasible Solutions Found: 25909
Number of Times Heuristic is Called: 25967
Total number of added OH and OHbar Cuts: 71648
Number of Explored B&C tree nodes: 159149
Number of Unexplored B&C tree nodes: 36356
========================
Input Graph:
Number of Vertices: 35
Erdos Renyi p Parameter: 0.75
Number of Edges: 438
Expected No of Odd Holes: 903
Expected No of Odd Anti Holes: 5546
ODD_HOLE_TERMINATION_BATCH_SIZE: 0
Graph Density: 0.736134
0,0,0,0,1,1,1,1,1,1,1,1,1,1,0,1,1,1,1,1,1,1,1,1,0,1,0,1,0,1,0,1,0,0,1,
0,0,1,1,1,1,1,0,1,1,0,0,0,0,1,1,1,0,0,1,0,0,0,1,1,1,0,0,0,0,1,1,1,1,0,
0,1,0,0,1,1,1,1,0,1,0,0,1,1,1,1,0,1,1,1,0,0,1,1,0,0,1,1,1,1,1,1,1,1,1,
0,1,0,0,1,0,1,0,1,1,1,1,1,1,0,1,1,1,1,0,0,0,1,0,1,0,1,0,1,1,1,1,1,1,1,
1,1,1,1,0,0,1,1,1,0,1,1,1,1,1,1,1,1,0,1,1,1,0,1,1,0,1,1,1,1,0,1,0,0,1,
1,1,1,0,0,0,1,0,0,1,1,0,1,1,1,1,1,1,1,1,0,0,1,1,1,0,1,1,0,1,1,1,0,0,1,
1,1,1,1,1,1,0,1,1,1,0,0,1,1,1,1,1,1,0,1,1,1,1,0,1,1,0,0,1,1,1,0,1,0,1,
1,0,1,0,1,0,1,0,0,0,1,1,0,1,1,1,1,1,1,1,1,1,1,1,1,0,1,0,1,1,1,0,1,1,1,
1,1,0,1,1,0,1,0,0,1,0,1,1,1,1,1,1,1,1,1,1,1,1,1,1,1,1,1,1,1,1,1,1,1,1,
1,1,1,1,0,1,1,0,1,0,1,0,1,1,1,1,0,1,1,0,1,1,1,1,1,1,1,0,0,1,1,0,1,1,1,
1,0,0,1,1,1,0,1,0,1,0,0,1,1,1,0,1,1,1,1,1,1,0,1,1,0,1,0,1,1,1,1,1,1,0,
1,0,0,1,1,0,0,1,1,0,0,0,1,0,0,0,1,1,1,1,1,1,1,0,1,1,0,1,1,1,0,1,0,1,1,
1,0,1,1,1,1,1,0,1,1,1,1,0,0,1,1,1,1,1,0,0,1,1,1,1,1,1,1,0,0,0,1,1,1,1,
1,0,1,1,1,1,1,1,1,1,1,0,0,0,1,0,1,0,0,1,1,1,1,1,1,1,1,1,0,1,1,1,1,1,1,
0,1,1,0,1,1,1,1,1,1,1,0,1,1,0,1,1,1,1,1,0,0,0,1,1,0,0,1,1,1,1,0,0,1,1,
1,1,1,1,1,1,1,1,1,1,0,0,1,0,1,0,1,0,0,1,1,1,1,1,1,1,0,1,1,0,1,0,1,0,0,
1,1,0,1,1,1,1,1,1,0,1,1,1,1,1,1,0,1,1,0,0,1,1,1,0,1,1,1,1,1,1,1,1,1,0,
1,0,1,1,1,1,1,1,1,1,1,1,1,0,1,0,1,0,1,1,0,1,1,1,1,1,1,1,1,1,1,0,0,1,1,
1,0,1,1,0,1,0,1,1,1,1,1,1,0,1,0,1,1,0,1,1,1,1,1,1,1,1,1,0,1,1,0,1,1,1,
1,1,1,0,1,1,1,1,1,0,1,1,0,1,1,1,0,1,1,0,1,1,1,1,1,0,1,1,1,1,1,1,1,1,1,
1,0,0,0,1,0,1,1,1,1,1,1,0,1,0,1,0,0,1,1,0,1,1,1,0,0,0,1,0,1,1,0,1,0,1,
1,0,0,0,1,0,1,1,1,1,1,1,1,1,0,1,1,1,1,1,1,0,0,1,1,1,1,1,1,1,1,1,1,0,1,
1,0,1,1,0,1,1,1,1,1,0,1,1,1,0,1,1,1,1,1,1,0,0,0,1,1,1,0,0,1,1,1,1,1,1,
1,1,1,0,1,1,0,1,1,1,1,0,1,1,1,1,1,1,1,1,1,1,0,0,1,0,1,1,0,0,1,1,1,1,0,
0,1,0,1,1,1,1,1,1,1,1,1,1,1,1,1,0,1,1,1,0,1,1,1,0,1,1,1,0,0,1,0,1,1,1,
1,1,0,0,0,0,1,0,1,1,0,1,1,1,0,1,1,1,1,0,0,1,1,0,1,0,0,0,1,1,1,1,1,0,1,
0,0,1,1,1,1,0,1,1,1,1,0,1,1,0,0,1,1,1,1,0,1,1,1,1,0,0,1,1,1,1,1,1,1,1,
1,0,1,0,1,1,0,0,1,0,0,1,1,1,1,1,1,1,1,1,1,1,0,1,1,0,1,0,0,1,1,1,1,0,0,
0,0,1,1,1,0,1,1,1,0,1,1,0,0,1,1,1,1,0,1,0,1,0,0,0,1,1,0,0,1,1,1,0,0,1,
1,0,1,1,1,1,1,1,1,1,1,1,0,1,1,0,1,1,1,1,1,1,1,0,0,1,1,1,1,0,1,1,1,1,1,
0,1,1,1,0,1,1,1,1,1,1,0,0,1,1,1,1,1,1,1,1,1,1,1,1,1,1,1,1,1,0,1,1,1,1,
1,1,1,1,1,1,0,0,1,0,1,1,1,1,0,0,1,0,0,1,0,1,1,1,0,1,1,1,1,1,1,0,1,0,0,
0,1,1,1,0,0,1,1,1,1,1,0,1,1,0,1,1,0,1,1,1,1,1,1,1,1,1,1,0,1,1,1,0,1,0,
0,1,1,1,0,0,0,1,1,1,1,1,1,1,1,0,1,1,1,1,0,0,1,1,1,0,1,0,0,1,1,0,1,0,1,
1,0,1,1,1,1,1,1,1,1,0,1,1,1,1,0,0,1,1,1,1,1,1,0,1,1,1,0,1,1,1,0,0,1,0,
========================
Output Graph: 
Number of Vertices: 35
Number of Edges: 483
Graph Density: 0.811765
0,0,0,1,1,1,1,1,1,1,1,1,1,1,0,1,1,1,1,1,1,1,1,1,0,1,1,1,1,1,0,1,0,0,1,
0,0,1,1,1,1,1,1,1,1,1,0,0,0,1,1,1,0,0,1,1,0,0,1,1,1,0,0,0,0,1,1,1,1,0,
0,1,0,0,1,1,1,1,0,1,1,0,1,1,1,1,0,1,1,1,1,0,1,1,1,0,1,1,1,1,1,1,1,1,1,
1,1,0,0,1,0,1,0,1,1,1,1,1,1,0,1,1,1,1,0,0,1,1,0,1,0,1,1,1,1,1,1,1,1,1,
1,1,1,1,0,0,1,1,1,0,1,1,1,1,1,1,1,1,1,1,1,1,1,1,1,1,1,1,1,1,0,1,0,0,1,
1,1,1,0,0,0,1,1,0,1,1,0,1,1,1,1,1,1,1,1,1,0,1,1,1,0,1,1,0,1,1,1,1,1,1,
1,1,1,1,1,1,0,1,1,1,1,0,1,1,1,1,1,1,0,1,1,1,1,1,1,1,0,0,1,1,1,0,1,1,1,
1,1,1,0,1,1,1,0,0,1,1,1,0,1,1,1,1,1,1,1,1,1,1,1,1,0,1,0,1,1,1,0,1,1,1,
1,1,0,1,1,0,1,0,0,1,0,1,1,1,1,1,1,1,1,1,1,1,1,1,1,1,1,1,1,1,1,1,1,1,1,
1,1,1,1,0,1,1,1,1,0,1,0,1,1,1,1,0,1,1,1,1,1,1,1,1,1,1,0,0,1,1,0,1,1,1,
1,1,1,1,1,1,1,1,0,1,0,0,1,1,1,1,1,1,1,1,1,1,1,1,1,0,1,0,1,1,1,1,1,1,0,
1,0,0,1,1,0,0,1,1,0,0,0,1,0,0,0,1,1,1,1,1,1,1,0,1,1,0,1,1,1,0,1,0,1,1,
1,0,1,1,1,1,1,0,1,1,1,1,0,0,1,1,1,1,1,0,0,1,1,1,1,1,1,1,1,1,0,1,1,1,1,
1,0,1,1,1,1,1,1,1,1,1,0,0,0,1,1,1,0,0,1,1,1,1,1,1,1,1,1,0,1,1,1,1,1,1,
0,1,1,0,1,1,1,1,1,1,1,0,1,1,0,1,1,1,1,1,1,0,1,1,1,0,0,1,1,1,1,0,1,1,1,
1,1,1,1,1,1,1,1,1,1,1,0,1,1,1,0,1,0,0,1,1,1,1,1,1,1,0,1,1,0,1,0,1,1,0,
1,1,0,1,1,1,1,1,1,0,1,1,1,1,1,1,0,1,1,0,0,1,1,1,0,1,1,1,1,1,1,1,1,1,1,
1,0,1,1,1,1,1,1,1,1,1,1,1,0,1,0,1,0,1,1,0,1,1,1,1,1,1,1,1,1,1,1,0,1,1,
1,0,1,1,1,1,0,1,1,1,1,1,1,0,1,0,1,1,0,1,1,1,1,1,1,1,1,1,1,1,1,1,1,1,1,
1,1,1,0,1,1,1,1,1,1,1,1,0,1,1,1,0,1,1,0,1,1,1,1,1,0,1,1,1,1,1,1,1,1,1,
1,1,1,0,1,1,1,1,1,1,1,1,0,1,1,1,0,0,1,1,0,1,1,1,1,0,1,1,0,1,1,0,1,1,1,
1,0,0,1,1,0,1,1,1,1,1,1,1,1,0,1,1,1,1,1,1,0,0,1,1,1,1,1,1,1,1,1,1,0,1,
1,0,1,1,1,1,1,1,1,1,1,1,1,1,1,1,1,1,1,1,1,0,0,1,1,1,1,0,0,1,1,1,1,1,1,
1,1,1,0,1,1,1,1,1,1,1,0,1,1,1,1,1,1,1,1,1,1,1,0,1,0,1,1,0,0,1,1,1,1,0,
0,1,1,1,1,1,1,1,1,1,1,1,1,1,1,1,0,1,1,1,1,1,1,1,0,1,1,1,0,0,1,0,1,1,1,
1,1,0,0,1,0,1,0,1,1,0,1,1,1,0,1,1,1,1,0,0,1,1,0,1,0,1,1,1,1,1,1,1,0,1,
1,0,1,1,1,1,0,1,1,1,1,0,1,1,0,0,1,1,1,1,1,1,1,1,1,1,0,1,1,1,1,1,1,1,1,
1,0,1,1,1,1,0,0,1,0,0,1,1,1,1,1,1,1,1,1,1,1,0,1,1,1,1,0,1,1,1,1,1,0,1,
1,0,1,1,1,0,1,1,1,0,1,1,1,0,1,1,1,1,1,1,0,1,0,0,0,1,1,1,0,1,1,1,0,0,1,
1,0,1,1,1,1,1,1,1,1,1,1,1,1,1,0,1,1,1,1,1,1,1,0,0,1,1,1,1,0,1,1,1,1,1,
0,1,1,1,0,1,1,1,1,1,1,0,0,1,1,1,1,1,1,1,1,1,1,1,1,1,1,1,1,1,0,1,1,1,1,
1,1,1,1,1,1,0,0,1,0,1,1,1,1,0,0,1,1,1,1,0,1,1,1,0,1,1,1,1,1,1,0,1,0,1,
0,1,1,1,0,1,1,1,1,1,1,0,1,1,1,1,1,0,1,1,1,1,1,1,1,1,1,1,0,1,1,1,0,1,0,
0,1,1,1,0,1,1,1,1,1,1,1,1,1,1,1,1,1,1,1,1,0,1,1,1,0,1,0,0,1,1,0,1,0,1,
1,0,1,1,1,1,1,1,1,1,0,1,1,1,1,0,1,1,1,1,1,1,1,0,1,1,1,1,1,1,1,1,0,1,0,
Is Output Graph Empty or Complete?: 0
Ratio of Added Edges Over Added + Removed Edges: 1
Changes from Input to Output: 
Added Edge: (0, 3)
Added Edge: (0, 26)
Added Edge: (0, 28)
Added Edge: (1, 7)
Added Edge: (1, 10)
Added Edge: (1, 20)
Added Edge: (2, 10)
Added Edge: (2, 20)
Added Edge: (2, 24)
Added Edge: (3, 21)
Added Edge: (3, 27)
Added Edge: (4, 18)
Added Edge: (4, 22)
Added Edge: (4, 25)
Added Edge: (5, 7)
Added Edge: (5, 20)
Added Edge: (5, 32)
Added Edge: (5, 33)
Added Edge: (6, 10)
Added Edge: (6, 23)
Added Edge: (6, 33)
Added Edge: (7, 9)
Added Edge: (9, 19)
Added Edge: (10, 15)
Added Edge: (10, 22)
Added Edge: (12, 28)
Added Edge: (12, 29)
Added Edge: (13, 15)
Added Edge: (14, 20)
Added Edge: (14, 22)
Added Edge: (14, 32)
Added Edge: (15, 33)
Added Edge: (16, 34)
Added Edge: (17, 31)
Added Edge: (18, 28)
Added Edge: (18, 31)
Added Edge: (20, 24)
Added Edge: (20, 26)
Added Edge: (20, 33)
Added Edge: (22, 23)
Added Edge: (25, 26)
Added Edge: (25, 27)
Added Edge: (27, 28)
Added Edge: (27, 34)
Added Edge: (31, 34)
========================
