========================
TIME_LIMIT_SECONDS: 900
ODD_HOLE_TERMINATION_PERCENTAGE: 999
N_THREADS: 24
IS_RUNNING_HEURISTIC_ON_CANDIDATE: 1
IS_RUNNING_HEURISTIC_ON_RELAXATION: 0
ADD_ALL_AT_START: 0
========================
Wall-Clock Runtime (ms): 900735
Calculated Odd Hole Termination Batch Size: 0
Total Time of All Workers in OddHoleAlg (nano): 1079439864
Total Time of All Workers in OddHoleAlg (ms): 1079
OddHoleAlg calls: 62
Number of Found Odd-Holes: 11280
Number of Found Odd Anti-Holes: 401048
Is Optimal? (1e-6): 0
Optimality Gap: 0.403214
Objective Value: 62
Number of Feasible Solutions Found: 28
Number of Times Heuristic is Called: 27
Total number of added OH and OHbar Cuts: 412328
Number of Explored B&C tree nodes: 24695
Number of Unexplored B&C tree nodes: 12937
========================
Input Graph:
Number of Vertices: 40
Erdos Renyi p Parameter: 0.75
Number of Edges: 605
Expected No of Odd Holes: 1833
Expected No of Odd Anti Holes: 19717
ODD_HOLE_TERMINATION_BATCH_SIZE: 0
Graph Density: 0.775641
0,1,1,0,1,1,1,0,1,1,1,0,0,1,0,0,1,1,1,1,1,0,1,1,1,1,1,1,1,1,1,1,1,1,1,1,1,1,0,1,
1,0,0,0,1,1,0,1,1,1,1,1,1,1,1,1,1,0,1,0,1,1,0,0,1,1,1,1,0,1,1,0,0,1,1,1,1,0,0,1,
1,0,0,1,1,0,1,1,1,1,0,1,0,0,1,0,1,1,1,1,1,0,1,0,0,1,1,1,1,1,1,0,1,1,1,1,0,1,1,1,
0,0,1,0,1,0,1,1,1,1,1,1,0,1,1,1,1,1,1,1,1,1,0,1,0,1,1,1,0,1,1,1,1,1,1,1,1,0,1,1,
1,1,1,1,0,0,1,0,1,1,1,1,1,1,0,1,1,1,1,1,1,1,1,1,1,1,1,0,1,0,0,1,1,1,1,1,1,1,1,1,
1,1,0,0,0,0,1,1,0,0,1,0,0,1,1,1,0,1,0,1,0,0,1,1,0,1,0,1,1,1,1,1,1,1,1,0,1,1,0,1,
1,0,1,1,1,1,0,1,1,1,1,1,0,0,1,1,1,1,1,1,0,1,1,1,0,1,1,1,1,0,1,1,0,0,1,1,0,1,1,1,
0,1,1,1,0,1,1,0,1,1,1,1,1,1,1,1,1,1,0,1,1,1,1,1,1,0,1,1,0,1,0,1,0,1,1,0,0,1,1,1,
1,1,1,1,1,0,1,1,0,1,1,1,1,1,1,1,1,1,1,1,0,0,0,1,0,0,1,1,1,1,1,1,0,1,1,1,1,1,1,1,
1,1,1,1,1,0,1,1,1,0,1,1,1,1,1,1,1,0,1,1,1,1,1,1,1,1,1,1,1,1,1,0,1,1,1,0,1,1,1,1,
1,1,0,1,1,1,1,1,1,1,0,1,1,1,0,0,0,0,1,1,1,1,1,1,1,1,1,1,1,1,1,0,1,0,1,1,1,1,1,0,
0,1,1,1,1,0,1,1,1,1,1,0,0,1,1,1,1,1,1,1,1,1,1,1,1,1,1,1,1,1,0,0,1,1,1,1,0,1,1,1,
0,1,0,0,1,0,0,1,1,1,1,0,0,1,1,1,1,1,1,1,1,1,0,1,0,1,0,1,1,1,0,1,1,1,1,0,0,1,1,1,
1,1,0,1,1,1,0,1,1,1,1,1,1,0,1,0,1,0,1,1,1,1,0,0,1,1,1,0,1,1,1,0,1,0,1,1,0,1,0,0,
0,1,1,1,0,1,1,1,1,1,0,1,1,1,0,1,1,1,1,1,1,1,1,1,1,1,1,1,0,1,1,1,1,1,0,1,1,1,0,1,
0,1,0,1,1,1,1,1,1,1,0,1,1,0,1,0,1,1,1,1,1,1,1,1,1,1,1,1,1,1,1,1,0,1,1,1,1,0,1,1,
1,1,1,1,1,0,1,1,1,1,0,1,1,1,1,1,0,1,1,1,1,1,1,1,1,0,0,0,1,0,1,1,1,1,1,1,1,1,1,1,
1,0,1,1,1,1,1,1,1,0,0,1,1,0,1,1,1,0,1,1,1,1,0,1,1,1,0,0,1,1,1,1,1,1,1,1,1,1,0,1,
1,1,1,1,1,0,1,0,1,1,1,1,1,1,1,1,1,1,0,0,1,0,1,0,1,1,1,1,1,1,1,1,1,1,1,1,0,0,1,0,
1,0,1,1,1,1,1,1,1,1,1,1,1,1,1,1,1,1,0,0,1,1,0,1,1,1,0,1,0,1,1,1,0,1,0,1,1,1,1,1,
1,1,1,1,1,0,0,1,0,1,1,1,1,1,1,1,1,1,1,1,0,1,1,1,1,1,0,1,0,1,1,1,0,1,1,0,1,1,1,1,
0,1,0,1,1,0,1,1,0,1,1,1,1,1,1,1,1,1,0,1,1,0,0,1,0,1,1,1,1,1,1,1,0,1,1,0,1,1,1,0,
1,0,1,0,1,1,1,1,0,1,1,1,0,0,1,1,1,0,1,0,1,0,0,1,1,1,1,1,0,0,1,1,1,1,1,1,1,0,1,1,
1,0,0,1,1,1,1,1,1,1,1,1,1,0,1,1,1,1,0,1,1,1,1,0,1,1,1,0,1,1,0,1,1,1,1,0,1,0,0,0,
1,1,0,0,1,0,0,1,0,1,1,1,0,1,1,1,1,1,1,1,1,0,1,1,0,1,1,1,0,1,1,0,1,1,1,1,1,1,1,1,
1,1,1,1,1,1,1,0,0,1,1,1,1,1,1,1,0,1,1,1,1,1,1,1,1,0,1,1,1,1,1,1,1,1,0,1,1,1,1,1,
1,1,1,1,1,0,1,1,1,1,1,1,0,1,1,1,0,0,1,0,0,1,1,1,1,1,0,1,0,1,1,0,1,1,1,1,1,1,1,0,
1,1,1,1,0,1,1,1,1,1,1,1,1,0,1,1,0,0,1,1,1,1,1,0,1,1,1,0,0,1,0,1,1,1,0,1,0,1,0,1,
1,0,1,0,1,1,1,0,1,1,1,1,1,1,0,1,1,1,1,0,0,1,0,1,0,1,0,0,0,1,1,1,1,1,1,1,1,0,0,1,
1,1,1,1,0,1,0,1,1,1,1,1,1,1,1,1,0,1,1,1,1,1,0,1,1,1,1,1,1,0,1,0,1,0,1,1,1,1,1,1,
1,1,1,1,0,1,1,0,1,1,1,0,0,1,1,1,1,1,1,1,1,1,1,0,1,1,1,0,1,1,0,1,1,1,0,1,0,1,0,1,
1,0,0,1,1,1,1,1,1,0,0,0,1,0,1,1,1,1,1,1,1,1,1,1,0,1,0,1,1,0,1,0,1,1,1,1,0,1,0,1,
1,0,1,1,1,1,0,0,0,1,1,1,1,1,1,0,1,1,1,0,0,0,1,1,1,1,1,1,1,1,1,1,0,1,1,1,1,1,1,0,
1,1,1,1,1,1,0,1,1,1,0,1,1,0,1,1,1,1,1,1,1,1,1,1,1,1,1,1,1,0,1,1,1,0,1,1,1,0,1,0,
1,1,1,1,1,1,1,1,1,1,1,1,1,1,0,1,1,1,1,0,1,1,1,1,1,0,1,0,1,1,0,1,1,1,0,0,1,1,1,0,
1,1,1,1,1,0,1,0,1,0,1,1,0,1,1,1,1,1,1,1,0,0,1,0,1,1,1,1,1,1,1,1,1,1,0,0,1,1,0,1,
1,1,0,1,1,1,0,0,1,1,1,0,0,0,1,1,1,1,0,1,1,1,1,1,1,1,1,0,1,1,0,0,1,1,1,1,0,1,1,0,
1,0,1,0,1,1,1,1,1,1,1,1,1,1,1,0,1,1,0,1,1,1,0,0,1,1,1,1,0,1,1,1,1,0,1,1,1,0,1,0,
0,0,1,1,1,0,1,1,1,1,1,1,1,0,0,1,1,0,1,1,1,1,1,0,1,1,1,0,0,1,0,0,1,1,1,0,1,1,0,1,
1,1,1,1,1,1,1,1,1,1,0,1,1,0,1,1,1,1,0,1,1,0,1,0,1,1,0,1,1,1,1,1,0,0,0,1,0,0,1,0,
========================
Output Graph: 
Number of Vertices: 40
Number of Edges: 667
Graph Density: 0.855128
0,1,1,1,1,1,1,0,1,1,1,0,0,1,1,0,1,1,1,1,1,0,1,1,1,1,1,1,1,1,1,1,1,1,1,1,1,1,0,1,
1,0,0,0,1,1,0,1,1,1,1,1,1,1,1,1,1,0,1,0,1,1,0,1,1,1,1,1,1,1,1,0,0,1,1,1,1,0,1,1,
1,0,0,1,1,1,1,1,1,1,0,1,0,0,1,0,1,1,1,1,1,0,1,0,0,1,1,1,1,1,1,1,1,1,1,1,0,1,1,1,
1,0,1,0,1,1,1,1,1,1,1,1,0,1,1,1,1,1,1,1,1,1,1,1,0,1,1,1,0,1,1,1,1,1,1,1,1,1,1,1,
1,1,1,1,0,1,1,0,1,1,1,1,1,1,1,1,1,1,1,1,1,1,1,1,1,1,1,0,1,0,1,1,1,1,1,1,1,1,1,1,
1,1,1,1,1,0,1,1,0,0,1,0,0,1,1,1,1,1,0,1,0,0,1,1,0,1,1,1,1,1,1,1,1,1,1,1,1,1,0,1,
1,0,1,1,1,1,0,1,1,1,1,1,0,0,1,1,1,1,1,1,0,1,1,1,0,1,1,1,1,0,1,1,1,0,1,1,0,1,1,1,
0,1,1,1,0,1,1,0,1,1,1,1,1,1,1,1,1,1,1,1,1,1,1,1,1,0,1,1,1,1,0,1,0,1,1,0,1,1,1,1,
1,1,1,1,1,0,1,1,0,1,1,1,1,1,1,1,1,1,1,1,0,0,1,1,1,1,1,1,1,1,1,1,0,1,1,1,1,1,1,1,
1,1,1,1,1,0,1,1,1,0,1,1,1,1,1,1,1,0,1,1,1,1,1,1,1,1,1,1,1,1,1,0,1,1,1,0,1,1,1,1,
1,1,0,1,1,1,1,1,1,1,0,1,1,1,0,1,0,0,1,1,1,1,1,1,1,1,1,1,1,1,1,0,1,1,1,1,1,1,1,0,
0,1,1,1,1,0,1,1,1,1,1,0,0,1,1,1,1,1,1,1,1,1,1,1,1,1,1,1,1,1,0,1,1,1,1,1,1,1,1,1,
0,1,0,0,1,0,0,1,1,1,1,0,0,1,1,1,1,1,1,1,1,1,0,1,1,1,1,1,1,1,0,1,1,1,1,0,0,1,1,1,
1,1,0,1,1,1,0,1,1,1,1,1,1,0,1,1,1,0,1,1,1,1,0,1,1,1,1,1,1,1,1,0,1,1,1,1,1,1,1,1,
1,1,1,1,1,1,1,1,1,1,0,1,1,1,0,1,1,1,1,1,1,1,1,1,1,1,1,1,0,1,1,1,1,1,0,1,1,1,0,1,
0,1,0,1,1,1,1,1,1,1,1,1,1,1,1,0,1,1,1,1,1,1,1,1,1,1,1,1,1,1,1,1,0,1,1,1,1,0,1,1,
1,1,1,1,1,1,1,1,1,1,0,1,1,1,1,1,0,1,1,1,1,1,1,1,1,1,0,0,1,0,1,1,1,1,1,1,1,1,1,1,
1,0,1,1,1,1,1,1,1,0,0,1,1,0,1,1,1,0,1,1,1,1,1,1,1,1,0,0,1,1,1,1,1,1,1,1,1,1,0,1,
1,1,1,1,1,0,1,1,1,1,1,1,1,1,1,1,1,1,0,0,1,1,1,1,1,1,1,1,1,1,1,1,1,1,1,1,1,0,1,0,
1,0,1,1,1,1,1,1,1,1,1,1,1,1,1,1,1,1,0,0,1,1,1,1,1,1,0,1,0,1,1,1,1,1,0,1,1,1,1,1,
1,1,1,1,1,0,0,1,0,1,1,1,1,1,1,1,1,1,1,1,0,1,1,1,1,1,1,1,1,1,1,1,0,1,1,0,1,1,1,1,
0,1,0,1,1,0,1,1,0,1,1,1,1,1,1,1,1,1,1,1,1,0,0,1,1,1,1,1,1,1,1,1,0,1,1,0,1,1,1,0,
1,0,1,1,1,1,1,1,1,1,1,1,0,0,1,1,1,1,1,1,1,0,0,1,1,1,1,1,0,0,1,1,1,1,1,1,1,1,1,1,
1,1,0,1,1,1,1,1,1,1,1,1,1,1,1,1,1,1,1,1,1,1,1,0,1,1,1,1,1,1,0,1,1,1,1,0,1,0,1,0,
1,1,0,0,1,0,0,1,1,1,1,1,1,1,1,1,1,1,1,1,1,1,1,1,0,1,1,1,1,1,1,0,1,1,1,1,1,1,1,1,
1,1,1,1,1,1,1,0,1,1,1,1,1,1,1,1,1,1,1,1,1,1,1,1,1,0,1,1,1,1,1,1,1,1,0,1,1,1,1,1,
1,1,1,1,1,1,1,1,1,1,1,1,1,1,1,1,0,0,1,0,1,1,1,1,1,1,0,1,1,1,1,0,1,1,1,1,1,1,1,0,
1,1,1,1,0,1,1,1,1,1,1,1,1,1,1,1,0,0,1,1,1,1,1,1,1,1,1,0,1,1,0,1,1,1,1,1,1,1,1,1,
1,1,1,0,1,1,1,1,1,1,1,1,1,1,0,1,1,1,1,0,1,1,0,1,1,1,1,1,0,1,1,1,1,1,1,1,1,0,1,1,
1,1,1,1,0,1,0,1,1,1,1,1,1,1,1,1,0,1,1,1,1,1,0,1,1,1,1,1,1,0,1,0,1,1,1,1,1,1,1,1,
1,1,1,1,1,1,1,0,1,1,1,0,0,1,1,1,1,1,1,1,1,1,1,0,1,1,1,0,1,1,0,1,1,1,0,1,0,1,0,1,
1,0,1,1,1,1,1,1,1,0,0,1,1,0,1,1,1,1,1,1,1,1,1,1,0,1,0,1,1,0,1,0,1,1,1,1,1,1,1,1,
1,0,1,1,1,1,1,0,0,1,1,1,1,1,1,0,1,1,1,1,0,0,1,1,1,1,1,1,1,1,1,1,0,1,1,1,1,1,1,1,
1,1,1,1,1,1,0,1,1,1,1,1,1,1,1,1,1,1,1,1,1,1,1,1,1,1,1,1,1,1,1,1,1,0,1,1,1,0,1,0,
1,1,1,1,1,1,1,1,1,1,1,1,1,1,0,1,1,1,1,0,1,1,1,1,1,0,1,1,1,1,0,1,1,1,0,0,1,1,1,0,
1,1,1,1,1,1,1,0,1,0,1,1,0,1,1,1,1,1,1,1,0,0,1,0,1,1,1,1,1,1,1,1,1,1,0,0,1,1,0,1,
1,1,0,1,1,1,0,1,1,1,1,1,0,1,1,1,1,1,1,1,1,1,1,1,1,1,1,1,1,1,0,1,1,1,1,1,0,1,1,1,
1,0,1,1,1,1,1,1,1,1,1,1,1,1,1,0,1,1,0,1,1,1,1,0,1,1,1,1,0,1,1,1,1,0,1,1,1,0,1,1,
0,1,1,1,1,0,1,1,1,1,1,1,1,1,0,1,1,0,1,1,1,1,1,1,1,1,1,1,1,1,0,1,1,1,1,0,1,1,0,1,
1,1,1,1,1,1,1,1,1,1,0,1,1,1,1,1,1,1,0,1,1,0,1,0,1,1,0,1,1,1,1,1,1,0,0,1,1,1,1,0,
Is Output Graph Empty or Complete?: 0
Ratio of Added Edges Over Added + Removed Edges: 1
Changes from Input to Output: 
Added Edge: (0, 3)
Added Edge: (0, 14)
Added Edge: (1, 23)
Added Edge: (1, 28)
Added Edge: (1, 38)
Added Edge: (2, 5)
Added Edge: (2, 31)
Added Edge: (3, 5)
Added Edge: (3, 22)
Added Edge: (3, 37)
Added Edge: (4, 5)
Added Edge: (4, 14)
Added Edge: (4, 30)
Added Edge: (5, 16)
Added Edge: (5, 26)
Added Edge: (5, 35)
Added Edge: (6, 32)
Added Edge: (7, 18)
Added Edge: (7, 28)
Added Edge: (7, 36)
Added Edge: (8, 22)
Added Edge: (8, 24)
Added Edge: (8, 25)
Added Edge: (10, 15)
Added Edge: (10, 33)
Added Edge: (11, 31)
Added Edge: (11, 36)
Added Edge: (12, 24)
Added Edge: (12, 26)
Added Edge: (13, 15)
Added Edge: (13, 23)
Added Edge: (13, 27)
Added Edge: (13, 33)
Added Edge: (13, 36)
Added Edge: (13, 38)
Added Edge: (13, 39)
Added Edge: (16, 25)
Added Edge: (17, 22)
Added Edge: (18, 21)
Added Edge: (18, 23)
Added Edge: (18, 36)
Added Edge: (19, 22)
Added Edge: (19, 32)
Added Edge: (20, 26)
Added Edge: (20, 28)
Added Edge: (21, 24)
Added Edge: (22, 37)
Added Edge: (23, 27)
Added Edge: (23, 38)
Added Edge: (24, 28)
Added Edge: (26, 28)
Added Edge: (27, 28)
Added Edge: (27, 34)
Added Edge: (27, 36)
Added Edge: (27, 38)
Added Edge: (28, 38)
Added Edge: (29, 33)
Added Edge: (31, 36)
Added Edge: (31, 38)
Added Edge: (32, 39)
Added Edge: (36, 39)
Added Edge: (37, 39)
========================
