========================
TIME_LIMIT_SECONDS: 900
ODD_HOLE_TERMINATION_PERCENTAGE: 999
N_THREADS: 24
IS_RUNNING_HEURISTIC_ON_CANDIDATE: 1
IS_RUNNING_HEURISTIC_ON_RELAXATION: 1
ADD_ALL_AT_START: 1
========================
Wall-Clock Runtime (ms): 901760
Calculated Odd Hole Termination Batch Size: 0
Total Time of All Workers in OddHoleAlg (nano): 192056362
Total Time of All Workers in OddHoleAlg (ms): 192
OddHoleAlg calls: 82
Number of Found Odd-Holes: 55013
Number of Found Odd Anti-Holes: 15380
Is Optimal? (1e-6): 0
Optimality Gap: 0.360382
Objective Value: 120
Number of Feasible Solutions Found: 2767
Number of Times Heuristic is Called: 6155
Total number of added OH and OHbar Cuts: 70393
Number of Explored B&C tree nodes: 31338
Number of Unexplored B&C tree nodes: 19534
========================
Input Graph:
Number of Vertices: 35
Erdos Renyi p Parameter: 0.25
Number of Edges: 162
Expected No of Odd Holes: 6448
Expected No of Odd Anti Holes: 1
ODD_HOLE_TERMINATION_BATCH_SIZE: 0
Graph Density: 0.272269
0,0,0,0,0,0,0,0,1,1,0,1,0,0,0,0,0,1,0,0,0,0,0,1,0,0,0,1,0,0,0,0,1,1,0,
0,0,1,0,0,1,1,1,1,0,0,1,0,0,0,0,1,1,1,1,1,0,0,0,0,0,1,1,0,1,0,1,1,0,0,
0,1,0,0,0,1,1,0,1,1,1,1,0,0,0,0,0,0,1,0,0,0,0,1,0,0,0,0,0,1,0,0,0,0,0,
0,0,0,0,1,1,0,0,1,0,0,0,1,0,0,0,0,0,0,0,1,0,1,0,0,0,0,0,0,0,1,0,0,0,0,
0,0,0,1,0,0,0,1,0,0,0,0,0,0,0,0,1,0,0,0,0,0,0,0,0,0,0,0,0,0,1,0,0,0,1,
0,1,1,1,0,0,0,0,0,0,0,1,1,0,0,1,0,0,0,0,1,0,0,1,0,0,1,1,0,0,0,0,0,0,0,
0,1,1,0,0,0,0,0,0,0,0,0,0,0,0,0,1,1,0,0,0,0,0,0,0,0,1,0,1,0,1,0,0,1,0,
0,1,0,0,1,0,0,0,1,0,0,0,0,1,0,0,0,0,1,0,0,0,0,0,1,0,1,0,0,0,0,1,0,0,1,
1,1,1,1,0,0,0,1,0,0,0,1,0,0,1,0,0,1,0,0,0,1,1,0,0,1,1,0,1,0,0,0,0,0,0,
1,0,1,0,0,0,0,0,0,0,0,0,0,0,0,0,0,1,0,1,1,1,0,0,0,0,1,0,0,1,0,0,0,0,0,
0,0,1,0,0,0,0,0,0,0,0,0,0,1,0,0,0,0,0,1,0,0,0,0,0,1,0,0,0,1,0,0,0,1,0,
1,1,1,0,0,1,0,0,1,0,0,0,0,0,0,1,0,1,0,0,1,1,0,0,1,0,0,0,1,1,1,1,0,0,0,
0,0,0,1,0,1,0,0,0,0,0,0,0,0,0,0,0,0,0,0,0,0,0,0,1,1,0,0,1,0,0,1,0,0,0,
0,0,0,0,0,0,0,1,0,0,1,0,0,0,0,0,0,0,1,0,0,0,0,0,0,0,0,1,0,0,0,0,0,0,0,
0,0,0,0,0,0,0,0,1,0,0,0,0,0,0,1,0,1,1,0,1,1,1,0,0,1,1,0,0,0,0,0,0,1,1,
0,0,0,0,0,1,0,0,0,0,0,1,0,0,1,0,0,0,1,1,0,0,1,0,1,0,1,0,0,0,1,0,0,0,1,
0,1,0,0,1,0,1,0,0,0,0,0,0,0,0,0,0,0,0,1,0,0,0,0,0,0,0,0,0,1,1,0,0,1,1,
1,1,0,0,0,0,1,0,1,1,0,1,0,0,1,0,0,0,0,0,0,1,0,1,0,0,0,0,0,0,0,0,0,0,1,
0,1,1,0,0,0,0,1,0,0,0,0,0,1,1,1,0,0,0,1,0,0,1,0,0,0,0,0,1,0,0,0,1,0,0,
0,1,0,0,0,0,0,0,0,1,1,0,0,0,0,1,1,0,1,0,0,0,1,0,0,1,1,0,0,1,1,1,0,0,1,
0,1,0,1,0,1,0,0,0,1,0,1,0,0,1,0,0,0,0,0,0,0,0,0,1,0,0,1,1,1,0,0,0,0,0,
0,0,0,0,0,0,0,0,1,1,0,1,0,0,1,0,0,1,0,0,0,0,0,1,1,1,0,1,0,0,0,0,0,0,0,
0,0,0,1,0,0,0,0,1,0,0,0,0,0,1,1,0,0,1,1,0,0,0,0,0,0,0,0,0,0,1,1,1,1,0,
1,0,1,0,0,1,0,0,0,0,0,0,0,0,0,0,0,1,0,0,0,1,0,0,0,0,1,0,0,0,0,0,0,0,1,
0,0,0,0,0,0,0,1,0,0,0,1,1,0,0,1,0,0,0,0,1,1,0,0,0,0,0,0,0,0,0,0,0,0,0,
0,0,0,0,0,0,0,0,1,0,1,0,1,0,1,0,0,0,0,1,0,1,0,0,0,0,0,0,0,1,0,0,0,0,0,
0,1,0,0,0,1,1,1,1,1,0,0,0,0,1,1,0,0,0,1,0,0,0,1,0,0,0,0,0,1,1,1,1,0,0,
1,1,0,0,0,1,0,0,0,0,0,0,0,1,0,0,0,0,0,0,1,1,0,0,0,0,0,0,1,0,0,0,1,0,0,
0,0,0,0,0,0,1,0,1,0,0,1,1,0,0,0,0,0,1,0,1,0,0,0,0,0,0,1,0,0,1,0,1,1,1,
0,1,1,0,0,0,0,0,0,1,1,1,0,0,0,0,1,0,0,1,1,0,0,0,0,1,1,0,0,0,0,0,0,0,0,
0,0,0,1,1,0,1,0,0,0,0,1,0,0,0,1,1,0,0,1,0,0,1,0,0,0,1,0,1,0,0,0,1,1,0,
0,1,0,0,0,0,0,1,0,0,0,1,1,0,0,0,0,0,0,1,0,0,1,0,0,0,1,0,0,0,0,0,1,0,0,
1,1,0,0,0,0,0,0,0,0,0,0,0,0,0,0,0,0,1,0,0,0,1,0,0,0,1,1,1,0,1,1,0,0,0,
1,0,0,0,0,0,1,0,0,0,1,0,0,0,1,0,1,0,0,0,0,0,1,0,0,0,0,0,1,0,1,0,0,0,0,
0,0,0,0,1,0,0,1,0,0,0,0,0,0,1,1,1,1,0,1,0,0,0,1,0,0,0,0,1,0,0,0,0,0,0,
========================
Output Graph: 
Number of Vertices: 35
Number of Edges: 282
Graph Density: 0.47395
0,0,0,0,0,1,1,1,1,1,0,1,1,0,1,0,0,1,1,1,0,0,0,1,0,0,0,1,0,1,1,0,1,1,1,
0,0,1,0,0,1,1,1,1,0,0,1,1,0,1,0,1,1,1,1,1,1,1,0,0,0,1,1,0,1,1,1,1,1,1,
0,1,0,0,0,1,1,1,1,1,1,1,1,0,1,0,0,0,1,1,0,1,0,1,0,0,0,1,0,1,1,0,1,1,1,
0,0,0,0,1,1,0,0,1,0,0,1,1,0,1,0,1,0,0,1,1,0,1,0,0,0,0,0,0,0,1,0,0,0,1,
0,0,0,1,0,0,0,1,0,0,0,0,0,0,0,0,1,0,0,0,1,0,0,0,0,0,0,0,0,0,1,0,0,0,1,
1,1,1,1,0,0,0,1,0,0,1,1,1,0,1,1,1,1,0,1,1,1,1,1,0,0,1,1,1,0,0,1,0,0,0,
1,1,1,0,0,0,0,1,0,0,0,0,0,0,0,0,1,1,0,0,1,1,0,0,0,0,1,0,1,0,1,0,0,1,0,
1,1,1,0,1,1,1,0,1,0,0,1,1,1,1,0,1,0,1,1,1,1,1,0,1,0,1,1,1,1,1,1,1,1,1,
1,1,1,1,0,0,0,1,0,0,1,1,0,0,1,0,1,1,0,0,1,1,1,0,0,1,1,0,1,0,0,0,0,0,0,
1,0,1,0,0,0,0,0,0,0,0,0,0,0,0,0,0,1,0,1,1,1,0,0,0,0,1,0,0,1,0,0,0,0,0,
0,0,1,0,0,1,0,0,1,0,0,1,1,1,1,0,0,0,1,1,0,0,0,0,0,1,0,1,0,1,1,0,1,1,0,
1,1,1,1,0,1,0,1,1,0,1,0,0,0,0,1,1,1,0,0,1,1,1,0,1,1,1,0,1,1,1,1,0,0,0,
1,1,1,1,0,1,0,1,0,0,1,0,0,0,0,1,1,1,0,0,1,1,1,0,1,1,1,0,1,1,1,1,0,0,0,
0,0,0,0,0,0,0,1,0,0,1,0,0,0,0,0,0,0,1,0,0,1,0,0,0,0,0,1,0,0,0,0,0,0,0,
1,1,1,1,0,1,0,1,1,0,1,0,0,0,0,1,1,1,1,0,1,1,1,0,0,1,1,0,1,0,1,1,0,1,1,
0,0,0,0,0,1,0,0,0,0,0,1,1,0,1,0,0,0,1,1,1,1,1,0,1,0,1,0,0,0,1,1,0,0,1,
0,1,0,1,1,1,1,1,1,0,0,1,1,0,1,0,0,0,0,1,0,0,0,0,0,0,0,0,0,1,1,0,0,1,1,
1,1,0,0,0,1,1,0,1,1,0,1,1,0,1,0,0,0,0,1,0,1,0,1,0,0,0,0,0,1,1,0,0,1,1,
1,1,1,0,0,0,0,1,0,0,1,0,0,1,1,1,0,0,0,1,1,1,1,0,0,0,1,1,1,0,0,0,1,0,0,
1,1,1,1,0,1,0,1,0,1,1,0,0,0,0,1,1,1,1,0,1,1,1,0,0,1,1,0,1,1,1,1,0,0,1,
0,1,0,1,1,1,1,1,1,1,0,1,1,0,1,1,0,0,1,1,0,0,0,0,1,0,0,1,1,1,1,0,1,1,1,
0,1,1,0,0,1,1,1,1,1,0,1,1,1,1,1,0,1,1,1,0,0,0,1,1,1,0,1,0,1,1,0,1,1,1,
0,1,0,1,0,1,0,1,1,0,0,1,1,0,1,1,0,0,1,1,0,0,0,0,0,0,0,1,0,0,1,1,1,1,1,
1,0,1,0,0,1,0,0,0,0,0,0,0,0,0,0,0,1,0,0,0,1,0,0,0,0,1,0,0,0,0,0,0,0,1,
0,0,0,0,0,0,0,1,0,0,0,1,1,0,0,1,0,0,0,0,1,1,0,0,0,0,0,0,0,0,0,0,0,0,0,
0,0,0,0,0,0,0,0,1,0,1,1,1,0,1,0,0,0,0,1,0,1,0,0,0,0,0,0,0,1,0,0,0,0,0,
0,1,0,0,0,1,1,1,1,1,0,1,1,0,1,1,0,0,1,1,0,0,0,1,0,0,0,1,0,1,1,1,1,1,1,
1,1,1,0,0,1,0,1,0,0,1,0,0,1,0,0,0,0,1,0,1,1,1,0,0,0,1,0,1,0,1,1,1,0,0,
0,0,0,0,0,1,1,1,1,0,0,1,1,0,1,0,0,0,1,1,1,0,0,0,0,0,0,1,0,0,1,0,1,1,1,
1,1,1,0,0,0,0,1,0,1,1,1,1,0,0,0,1,1,0,1,1,1,0,0,0,1,1,0,0,0,0,0,0,0,0,
1,1,1,1,1,0,1,1,0,0,1,1,1,0,1,1,1,1,0,1,1,1,1,0,0,0,1,1,1,0,0,1,1,1,0,
0,1,0,0,0,1,0,1,0,0,0,1,1,0,1,1,0,0,0,1,0,0,1,0,0,0,1,1,0,0,1,0,1,0,1,
1,1,1,0,0,0,0,1,0,0,1,0,0,0,0,0,0,0,1,0,1,1,1,0,0,0,1,1,1,0,1,1,0,0,0,
1,1,1,0,0,0,1,1,0,0,1,0,0,0,1,0,1,1,0,0,1,1,1,0,0,0,1,0,1,0,1,0,0,0,0,
1,1,1,1,1,0,0,1,0,0,0,0,0,0,1,1,1,1,0,1,1,1,1,1,0,0,1,0,1,0,0,1,0,0,0,
Is Output Graph Empty or Complete?: 0
Ratio of Added Edges Over Added + Removed Edges: 1
Changes from Input to Output: 
Added Edge: (0, 5)
Added Edge: (0, 6)
Added Edge: (0, 7)
Added Edge: (0, 12)
Added Edge: (0, 14)
Added Edge: (0, 18)
Added Edge: (0, 19)
Added Edge: (0, 29)
Added Edge: (0, 30)
Added Edge: (0, 34)
Added Edge: (1, 12)
Added Edge: (1, 14)
Added Edge: (1, 21)
Added Edge: (1, 22)
Added Edge: (1, 30)
Added Edge: (1, 33)
Added Edge: (1, 34)
Added Edge: (2, 7)
Added Edge: (2, 12)
Added Edge: (2, 14)
Added Edge: (2, 19)
Added Edge: (2, 21)
Added Edge: (2, 27)
Added Edge: (2, 30)
Added Edge: (2, 32)
Added Edge: (2, 33)
Added Edge: (2, 34)
Added Edge: (3, 11)
Added Edge: (3, 14)
Added Edge: (3, 16)
Added Edge: (3, 19)
Added Edge: (3, 34)
Added Edge: (4, 20)
Added Edge: (5, 7)
Added Edge: (5, 10)
Added Edge: (5, 14)
Added Edge: (5, 16)
Added Edge: (5, 17)
Added Edge: (5, 19)
Added Edge: (5, 21)
Added Edge: (5, 22)
Added Edge: (5, 28)
Added Edge: (5, 31)
Added Edge: (6, 7)
Added Edge: (6, 20)
Added Edge: (6, 21)
Added Edge: (7, 11)
Added Edge: (7, 12)
Added Edge: (7, 14)
Added Edge: (7, 16)
Added Edge: (7, 19)
Added Edge: (7, 20)
Added Edge: (7, 21)
Added Edge: (7, 22)
Added Edge: (7, 27)
Added Edge: (7, 28)
Added Edge: (7, 29)
Added Edge: (7, 30)
Added Edge: (7, 32)
Added Edge: (7, 33)
Added Edge: (8, 10)
Added Edge: (8, 16)
Added Edge: (8, 20)
Added Edge: (10, 11)
Added Edge: (10, 12)
Added Edge: (10, 14)
Added Edge: (10, 18)
Added Edge: (10, 27)
Added Edge: (10, 30)
Added Edge: (10, 32)
Added Edge: (11, 16)
Added Edge: (11, 22)
Added Edge: (11, 25)
Added Edge: (11, 26)
Added Edge: (12, 15)
Added Edge: (12, 16)
Added Edge: (12, 17)
Added Edge: (12, 20)
Added Edge: (12, 21)
Added Edge: (12, 22)
Added Edge: (12, 26)
Added Edge: (12, 29)
Added Edge: (12, 30)
Added Edge: (13, 21)
Added Edge: (14, 16)
Added Edge: (14, 28)
Added Edge: (14, 30)
Added Edge: (14, 31)
Added Edge: (15, 20)
Added Edge: (15, 21)
Added Edge: (15, 31)
Added Edge: (17, 19)
Added Edge: (17, 29)
Added Edge: (17, 30)
Added Edge: (17, 33)
Added Edge: (18, 20)
Added Edge: (18, 21)
Added Edge: (18, 26)
Added Edge: (18, 27)
Added Edge: (19, 20)
Added Edge: (19, 21)
Added Edge: (19, 28)
Added Edge: (20, 30)
Added Edge: (20, 32)
Added Edge: (20, 33)
Added Edge: (20, 34)
Added Edge: (21, 29)
Added Edge: (21, 30)
Added Edge: (21, 32)
Added Edge: (21, 33)
Added Edge: (21, 34)
Added Edge: (22, 27)
Added Edge: (22, 34)
Added Edge: (26, 27)
Added Edge: (26, 33)
Added Edge: (26, 34)
Added Edge: (27, 30)
Added Edge: (27, 31)
Added Edge: (30, 31)
Added Edge: (31, 34)
========================
