========================
TIME_LIMIT_SECONDS: 900
ODD_HOLE_TERMINATION_PERCENTAGE: 999
N_THREADS: 24
IS_RUNNING_HEURISTIC_ON_CANDIDATE: 0
IS_RUNNING_HEURISTIC_ON_RELAXATION: 1
ADD_ALL_AT_START: 0
========================
Wall-Clock Runtime (ms): 901171
Calculated Odd Hole Termination Batch Size: 0
Total Time of All Workers in OddHoleAlg (nano): 328866660
Total Time of All Workers in OddHoleAlg (ms): 328
OddHoleAlg calls: 54
Number of Found Odd-Holes: 79523
Number of Found Odd Anti-Holes: 80032
Is Optimal? (1e-6): 0
Optimality Gap: 0.49365
Objective Value: 126
Number of Feasible Solutions Found: 3281
Number of Times Heuristic is Called: 5554
Total number of added OH and OHbar Cuts: 159555
Number of Explored B&C tree nodes: 27985
Number of Unexplored B&C tree nodes: 16781
========================
Input Graph:
Number of Vertices: 35
Erdos Renyi p Parameter: 0.5
Number of Edges: 284
Expected No of Odd Holes: 4979
Expected No of Odd Anti Holes: 1175
ODD_HOLE_TERMINATION_BATCH_SIZE: 0
Graph Density: 0.477311
0,1,1,0,0,0,0,0,1,1,0,1,0,0,0,1,1,0,1,1,1,0,0,1,1,1,1,0,1,1,0,0,0,1,1,
1,0,0,1,0,0,1,0,1,0,0,0,0,1,0,1,0,0,0,1,0,0,1,1,1,0,0,0,0,1,0,0,0,0,1,
1,0,0,0,1,1,0,0,1,1,0,1,0,1,0,1,0,0,0,0,1,0,0,1,0,1,1,1,1,1,0,0,1,0,0,
0,1,0,0,0,0,0,1,0,0,1,0,0,0,1,1,0,1,0,0,0,0,0,1,1,0,1,1,1,1,0,0,0,1,0,
0,0,1,0,0,0,0,1,0,1,0,1,0,1,0,0,1,0,1,1,0,1,1,1,0,0,0,1,1,1,1,0,0,0,1,
0,0,1,0,0,0,0,0,1,1,0,0,1,0,0,0,1,1,0,0,1,0,0,0,1,1,0,1,1,0,1,1,1,1,1,
0,1,0,0,0,0,0,0,1,0,1,0,0,0,1,0,0,0,0,0,1,0,1,0,1,0,1,1,0,1,1,0,1,1,1,
0,0,0,1,1,0,0,0,1,0,1,0,1,1,1,0,1,1,0,0,0,0,1,1,1,0,0,1,1,0,1,0,1,1,1,
1,1,1,0,0,1,1,1,0,1,1,1,1,0,0,1,0,0,0,0,1,0,1,1,1,1,1,1,1,1,1,0,1,0,0,
1,0,1,0,1,1,0,0,1,0,1,1,0,1,0,1,0,0,1,1,1,1,1,0,0,1,0,0,0,1,1,0,0,1,0,
0,0,0,1,0,0,1,1,1,1,0,1,0,0,1,1,0,0,0,0,0,1,0,1,1,1,0,1,0,1,1,0,0,1,1,
1,0,1,0,1,0,0,0,1,1,1,0,0,0,0,0,1,1,1,0,0,1,0,0,0,1,0,1,1,0,0,0,1,0,0,
0,0,0,0,0,1,0,1,1,0,0,0,0,0,0,0,0,1,1,1,0,1,1,1,1,1,1,1,0,0,1,1,0,0,0,
0,1,1,0,1,0,0,1,0,1,0,0,0,0,0,1,1,1,1,1,1,0,0,1,0,1,1,0,0,1,1,0,1,0,0,
0,0,0,1,0,0,1,1,0,0,1,0,0,0,0,0,0,0,0,0,0,1,0,0,0,0,0,1,1,0,1,1,1,1,0,
1,1,1,1,0,0,0,0,1,1,1,0,0,1,0,0,1,0,1,0,1,1,0,0,0,1,0,1,1,0,0,1,0,0,0,
1,0,0,0,1,1,0,1,0,0,0,1,0,1,0,1,0,0,0,1,1,0,0,1,0,0,0,1,1,1,1,0,0,1,0,
0,0,0,1,0,1,0,1,0,0,0,1,1,1,0,0,0,0,0,1,1,0,0,1,1,1,0,1,1,1,0,0,1,0,1,
1,0,0,0,1,0,0,0,0,1,0,1,1,1,0,1,0,0,0,0,0,0,0,0,1,0,1,0,0,1,1,0,1,1,1,
1,1,0,0,1,0,0,0,0,1,0,0,1,1,0,0,1,1,0,0,0,0,1,0,1,1,0,1,1,1,1,1,0,0,0,
1,0,1,0,0,1,1,0,1,1,0,0,0,1,0,1,1,1,0,0,0,1,1,0,1,0,0,0,1,1,1,1,0,0,1,
0,0,0,0,1,0,0,0,0,1,1,1,1,0,1,1,0,0,0,0,1,0,1,0,1,0,0,1,1,0,1,1,0,0,0,
0,1,0,0,1,0,1,1,1,1,0,0,1,0,0,0,0,0,0,1,1,1,0,0,0,0,1,1,0,1,1,0,0,1,1,
1,1,1,1,1,0,0,1,1,0,1,0,1,1,0,0,1,1,0,0,0,0,0,0,0,0,1,1,1,1,0,0,0,0,0,
1,1,0,1,0,1,1,1,1,0,1,0,1,0,0,0,0,1,1,1,1,1,0,0,0,1,1,0,0,1,1,0,0,0,0,
1,0,1,0,0,1,0,0,1,1,1,1,1,1,0,1,0,1,0,1,0,0,0,0,1,0,1,1,1,1,0,1,0,1,0,
1,0,1,1,0,0,1,0,1,0,0,0,1,1,0,0,0,0,1,0,0,0,1,1,1,1,0,1,0,0,0,1,0,1,0,
0,0,1,1,1,1,1,1,1,0,1,1,1,0,1,1,1,1,0,1,0,1,1,1,0,1,1,0,0,1,1,1,1,0,0,
1,0,1,1,1,1,0,1,1,0,0,1,0,0,1,1,1,1,0,1,1,1,0,1,0,1,0,0,0,1,0,1,0,0,0,
1,1,1,1,1,0,1,0,1,1,1,0,0,1,0,0,1,1,1,1,1,0,1,1,1,1,0,1,1,0,0,0,0,0,0,
0,0,0,0,1,1,1,1,1,1,1,0,1,1,1,0,1,0,1,1,1,1,1,0,1,0,0,1,0,0,0,0,1,0,1,
0,0,0,0,0,1,0,0,0,0,0,0,1,0,1,1,0,0,0,1,1,1,0,0,0,1,1,1,1,0,0,0,0,1,0,
0,0,1,0,0,1,1,1,1,0,0,1,0,1,1,0,0,1,1,0,0,0,0,0,0,0,0,1,0,0,1,0,0,1,0,
1,0,0,1,0,1,1,1,0,1,1,0,0,0,1,0,1,0,1,0,0,0,1,0,0,1,1,0,0,0,0,1,1,0,1,
1,1,0,0,1,1,1,1,0,0,1,0,0,0,0,0,0,1,1,0,1,0,1,0,0,0,0,0,0,0,1,0,0,1,0,
========================
Output Graph: 
Number of Vertices: 35
Number of Edges: 410
Graph Density: 0.689076
0,1,1,0,0,1,0,1,1,1,0,1,1,1,0,1,1,0,1,1,1,0,0,1,1,1,1,1,1,1,1,0,1,1,1,
1,0,1,1,1,1,1,1,1,0,1,1,0,1,1,1,0,1,1,1,1,0,1,1,1,0,0,0,0,1,1,0,0,1,1,
1,1,0,0,1,1,0,1,1,1,0,1,1,1,0,1,1,0,0,1,1,0,0,1,1,1,1,1,1,1,1,0,1,1,1,
0,1,0,0,0,0,0,1,0,0,1,0,0,0,1,1,0,1,0,0,0,0,0,1,1,0,1,1,1,1,0,0,0,1,0,
0,1,1,0,0,1,1,1,1,1,0,1,1,1,0,1,1,0,1,1,1,1,1,1,1,1,1,1,1,1,1,0,1,1,1,
1,1,1,0,1,0,0,1,1,1,1,1,1,1,1,1,1,1,0,0,1,0,1,0,1,1,1,1,1,1,1,1,1,1,1,
0,1,0,0,1,0,0,0,1,0,1,0,0,0,1,0,0,0,0,0,1,0,1,0,1,0,1,1,0,1,1,0,1,1,1,
1,1,1,1,1,1,0,0,1,0,1,1,1,1,1,1,1,1,0,0,1,0,1,1,1,0,1,1,1,1,1,0,1,1,1,
1,1,1,0,1,1,1,1,0,1,1,1,1,1,0,1,0,0,0,1,1,0,1,1,1,1,1,1,1,1,1,0,1,1,1,
1,0,1,0,1,1,0,0,1,0,1,1,0,1,1,1,0,1,1,1,1,1,1,0,0,1,0,0,0,1,1,0,0,1,0,
0,1,0,1,0,1,1,1,1,1,0,1,1,1,1,1,0,0,0,1,1,1,0,1,1,1,1,1,1,1,1,0,1,1,1,
1,1,1,0,1,1,0,1,1,1,1,0,1,1,1,0,1,1,1,0,1,1,1,0,1,1,1,1,1,0,0,1,1,0,0,
1,0,1,0,1,1,0,1,1,0,1,1,0,1,1,1,0,1,1,1,1,1,1,1,1,1,1,1,0,1,1,1,0,1,0,
1,1,1,0,1,1,0,1,1,1,1,1,1,0,1,1,1,1,1,1,1,0,1,1,1,1,1,1,1,1,1,0,1,1,0,
0,1,0,1,0,1,1,1,0,1,1,1,1,1,0,1,0,0,0,1,1,1,0,1,1,1,1,1,1,1,1,1,1,1,1,
1,1,1,1,1,1,0,1,1,1,1,0,1,1,1,0,1,1,1,0,1,1,1,0,1,1,1,1,1,0,0,1,0,0,0,
1,0,1,0,1,1,0,1,0,0,0,1,0,1,0,1,0,0,0,1,1,0,0,1,1,0,0,1,1,1,1,0,0,1,0,
0,1,0,1,0,1,0,1,0,1,0,1,1,1,0,1,0,0,0,1,1,0,0,1,1,1,1,1,1,1,1,0,1,1,1,
1,1,0,0,1,0,0,0,0,1,0,1,1,1,0,1,0,0,0,0,1,0,0,0,1,0,1,1,0,1,1,0,1,1,1,
1,1,1,0,1,0,0,0,1,1,1,0,1,1,1,0,1,1,0,0,0,0,1,0,1,1,1,1,1,1,1,1,0,0,0,
1,1,1,0,1,1,1,1,1,1,1,1,1,1,1,1,1,1,1,0,0,1,1,0,1,0,1,1,1,1,1,1,0,1,1,
0,0,0,0,1,0,0,0,0,1,1,1,1,0,1,1,0,0,0,0,1,0,1,0,1,0,1,1,1,0,1,1,0,0,0,
0,1,0,0,1,1,1,1,1,1,0,1,1,1,0,1,0,0,0,1,1,1,0,1,1,1,1,1,1,1,1,0,1,1,1,
1,1,1,1,1,0,0,1,1,0,1,0,1,1,1,0,1,1,0,0,0,0,1,0,0,0,1,1,1,1,0,0,0,0,0,
1,1,1,1,1,1,1,1,1,0,1,1,1,1,1,1,1,1,1,1,1,1,1,0,0,1,1,1,1,1,1,0,0,1,0,
1,0,1,0,1,1,0,0,1,1,1,1,1,1,1,1,0,1,0,1,0,0,1,0,1,0,1,1,1,1,1,1,0,1,0,
1,0,1,1,1,1,1,1,1,0,1,1,1,1,1,1,0,1,1,1,1,1,1,1,1,1,0,1,0,1,1,1,0,1,0,
1,0,1,1,1,1,1,1,1,0,1,1,1,1,1,1,1,1,1,1,1,1,1,1,1,1,1,0,0,1,1,1,1,1,0,
1,0,1,1,1,1,0,1,1,0,1,1,0,1,1,1,1,1,0,1,1,1,1,1,1,1,0,0,0,1,1,1,0,1,0,
1,1,1,1,1,1,1,1,1,1,1,0,1,1,1,0,1,1,1,1,1,0,1,1,1,1,1,1,1,0,0,1,1,0,0,
1,1,1,0,1,1,1,1,1,1,1,0,1,1,1,0,1,1,1,1,1,1,1,0,1,1,1,1,1,0,0,1,1,0,1,
0,0,0,0,0,1,0,0,0,0,0,1,1,0,1,1,0,0,0,1,1,1,0,0,0,1,1,1,1,1,1,0,0,1,0,
1,0,1,0,1,1,1,1,1,0,1,1,0,1,1,0,0,1,1,0,0,0,1,0,0,0,0,1,0,1,1,0,0,1,0,
1,1,1,1,1,1,1,1,1,1,1,0,1,1,1,0,1,1,1,0,1,0,1,0,1,1,1,1,1,0,0,1,1,0,1,
1,1,1,0,1,1,1,1,1,0,1,0,0,0,1,0,0,1,1,0,1,0,1,0,0,0,0,0,0,0,1,0,0,1,0,
Is Output Graph Empty or Complete?: 0
Ratio of Added Edges Over Added + Removed Edges: 1
Changes from Input to Output: 
Added Edge: (0, 5)
Added Edge: (0, 7)
Added Edge: (0, 12)
Added Edge: (0, 13)
Added Edge: (0, 27)
Added Edge: (0, 30)
Added Edge: (0, 32)
Added Edge: (1, 2)
Added Edge: (1, 4)
Added Edge: (1, 5)
Added Edge: (1, 7)
Added Edge: (1, 10)
Added Edge: (1, 11)
Added Edge: (1, 14)
Added Edge: (1, 17)
Added Edge: (1, 18)
Added Edge: (1, 20)
Added Edge: (1, 30)
Added Edge: (1, 33)
Added Edge: (2, 7)
Added Edge: (2, 12)
Added Edge: (2, 16)
Added Edge: (2, 19)
Added Edge: (2, 24)
Added Edge: (2, 30)
Added Edge: (2, 33)
Added Edge: (2, 34)
Added Edge: (4, 5)
Added Edge: (4, 6)
Added Edge: (4, 8)
Added Edge: (4, 12)
Added Edge: (4, 15)
Added Edge: (4, 20)
Added Edge: (4, 24)
Added Edge: (4, 25)
Added Edge: (4, 26)
Added Edge: (4, 32)
Added Edge: (4, 33)
Added Edge: (5, 7)
Added Edge: (5, 10)
Added Edge: (5, 11)
Added Edge: (5, 13)
Added Edge: (5, 14)
Added Edge: (5, 15)
Added Edge: (5, 22)
Added Edge: (5, 26)
Added Edge: (5, 29)
Added Edge: (7, 11)
Added Edge: (7, 15)
Added Edge: (7, 20)
Added Edge: (7, 26)
Added Edge: (7, 29)
Added Edge: (8, 13)
Added Edge: (8, 19)
Added Edge: (8, 33)
Added Edge: (8, 34)
Added Edge: (9, 14)
Added Edge: (9, 17)
Added Edge: (10, 12)
Added Edge: (10, 13)
Added Edge: (10, 19)
Added Edge: (10, 20)
Added Edge: (10, 26)
Added Edge: (10, 28)
Added Edge: (10, 32)
Added Edge: (11, 12)
Added Edge: (11, 13)
Added Edge: (11, 14)
Added Edge: (11, 20)
Added Edge: (11, 22)
Added Edge: (11, 24)
Added Edge: (11, 26)
Added Edge: (11, 31)
Added Edge: (12, 13)
Added Edge: (12, 14)
Added Edge: (12, 15)
Added Edge: (12, 20)
Added Edge: (12, 29)
Added Edge: (12, 33)
Added Edge: (13, 14)
Added Edge: (13, 22)
Added Edge: (13, 24)
Added Edge: (13, 27)
Added Edge: (13, 28)
Added Edge: (13, 33)
Added Edge: (14, 15)
Added Edge: (14, 19)
Added Edge: (14, 20)
Added Edge: (14, 23)
Added Edge: (14, 24)
Added Edge: (14, 25)
Added Edge: (14, 26)
Added Edge: (14, 29)
Added Edge: (14, 34)
Added Edge: (15, 17)
Added Edge: (15, 22)
Added Edge: (15, 24)
Added Edge: (15, 26)
Added Edge: (16, 24)
Added Edge: (17, 26)
Added Edge: (17, 30)
Added Edge: (17, 33)
Added Edge: (18, 20)
Added Edge: (18, 27)
Added Edge: (19, 26)
Added Edge: (20, 26)
Added Edge: (20, 27)
Added Edge: (20, 33)
Added Edge: (21, 26)
Added Edge: (22, 23)
Added Edge: (22, 24)
Added Edge: (22, 25)
Added Edge: (22, 28)
Added Edge: (22, 32)
Added Edge: (24, 27)
Added Edge: (24, 28)
Added Edge: (24, 33)
Added Edge: (25, 30)
Added Edge: (26, 29)
Added Edge: (26, 30)
Added Edge: (27, 33)
Added Edge: (28, 30)
Added Edge: (28, 33)
Added Edge: (29, 31)
Added Edge: (29, 32)
Added Edge: (30, 31)
========================
