========================
TIME_LIMIT_SECONDS: 900
ODD_HOLE_TERMINATION_PERCENTAGE: 999
N_THREADS: 24
IS_RUNNING_HEURISTIC_ON_CANDIDATE: 0
IS_RUNNING_HEURISTIC_ON_RELAXATION: 1
ADD_ALL_AT_START: 0
========================
Wall-Clock Runtime (ms): 901006
Calculated Odd Hole Termination Batch Size: 0
Total Time of All Workers in OddHoleAlg (nano): 1545869242
Total Time of All Workers in OddHoleAlg (ms): 1545
OddHoleAlg calls: 82
Number of Found Odd-Holes: 18748
Number of Found Odd Anti-Holes: 481336
Is Optimal? (1e-6): 0
Optimality Gap: 0.484333
Objective Value: 83
Number of Feasible Solutions Found: 1547
Number of Times Heuristic is Called: 1710
Total number of added OH and OHbar Cuts: 500084
Number of Explored B&C tree nodes: 8527
Number of Unexplored B&C tree nodes: 3454
========================
Input Graph:
Number of Vertices: 40
Erdos Renyi p Parameter: 0.75
Number of Edges: 584
Expected No of Odd Holes: 1833
Expected No of Odd Anti Holes: 19717
ODD_HOLE_TERMINATION_BATCH_SIZE: 0
Graph Density: 0.748718
0,1,0,1,0,1,0,1,1,1,1,1,0,1,1,1,1,1,1,1,1,1,1,1,0,1,1,1,1,1,1,1,1,1,0,1,0,1,1,1,
1,0,1,1,1,1,0,0,1,1,1,1,0,1,1,1,1,0,1,0,0,1,1,0,1,1,0,1,1,1,1,1,1,1,0,1,1,1,1,0,
0,1,0,1,1,1,1,1,1,1,1,1,0,1,0,1,1,0,1,1,1,1,1,1,1,1,1,0,1,1,0,1,1,0,1,1,1,0,1,1,
1,1,1,0,1,1,1,1,0,1,0,0,1,1,1,0,1,1,0,1,1,1,1,1,1,1,1,1,1,1,1,0,1,1,1,1,1,0,1,0,
0,1,1,1,0,0,1,1,1,1,1,0,1,1,1,1,1,1,1,1,1,1,1,1,0,0,1,0,1,1,0,1,1,1,1,0,1,1,1,1,
1,1,1,1,0,0,1,1,1,1,1,1,1,1,1,1,0,1,1,1,1,1,0,1,1,1,0,0,1,1,0,1,1,1,1,1,1,1,0,1,
0,0,1,1,1,1,0,0,1,1,1,1,0,1,1,1,0,1,1,1,1,0,1,1,1,1,1,1,1,0,1,1,0,1,1,1,0,1,1,1,
1,0,1,1,1,1,0,0,1,0,1,1,1,1,1,1,0,1,0,1,0,1,1,0,0,1,1,1,1,0,1,0,1,1,1,1,0,1,1,1,
1,1,1,0,1,1,1,1,0,1,0,1,1,1,1,1,0,1,0,1,0,1,1,0,1,1,1,0,1,0,1,1,1,1,0,1,0,1,0,1,
1,1,1,1,1,1,1,0,1,0,0,0,1,0,1,0,1,1,1,1,1,1,0,0,0,1,1,1,1,1,0,0,1,1,1,0,1,0,1,1,
1,1,1,0,1,1,1,1,0,0,0,1,1,1,1,1,1,0,1,0,1,1,1,1,1,1,0,1,1,1,1,1,1,1,1,1,1,1,1,1,
1,1,1,0,0,1,1,1,1,0,1,0,0,0,1,0,1,1,1,0,1,0,1,1,1,1,1,1,1,0,1,0,1,1,1,1,1,1,1,1,
0,0,0,1,1,1,0,1,1,1,1,0,0,1,0,0,0,1,1,0,1,1,1,0,0,1,1,1,1,1,1,1,0,0,0,1,1,1,0,0,
1,1,1,1,1,1,1,1,1,0,1,0,1,0,0,1,0,1,1,1,0,1,1,1,1,1,1,0,1,0,1,1,1,1,0,0,0,1,1,1,
1,1,0,1,1,1,1,1,1,1,1,1,0,0,0,1,1,0,0,1,1,1,1,1,0,1,0,1,1,1,1,1,1,1,1,1,1,0,0,1,
1,1,1,0,1,1,1,1,1,0,1,0,0,1,1,0,0,0,0,1,1,1,1,1,1,1,1,1,0,1,1,1,1,1,1,0,0,0,0,1,
1,1,1,1,1,0,0,0,0,1,1,1,0,0,1,0,0,1,1,1,0,1,1,1,1,1,1,1,0,1,1,1,1,1,1,1,1,1,1,0,
1,0,0,1,1,1,1,1,1,1,0,1,1,1,0,0,1,0,0,0,1,1,1,1,1,1,1,0,0,0,1,1,1,1,0,1,1,1,0,1,
1,1,1,0,1,1,1,0,0,1,1,1,1,1,0,0,1,0,0,1,1,0,1,1,1,1,1,1,1,1,1,0,1,1,1,1,1,1,1,1,
1,0,1,1,1,1,1,1,1,1,0,0,0,1,1,1,1,0,1,0,1,0,1,1,1,1,0,1,0,0,0,1,1,0,0,0,1,1,0,1,
1,0,1,1,1,1,1,0,0,1,1,1,1,0,1,1,0,1,1,1,0,1,1,1,1,1,1,1,1,1,1,1,1,1,1,1,0,1,1,0,
1,1,1,1,1,1,0,1,1,1,1,0,1,1,1,1,1,1,0,0,1,0,1,1,1,1,1,1,0,0,0,1,1,1,1,1,1,1,1,0,
1,1,1,1,1,0,1,1,1,0,1,1,1,1,1,1,1,1,1,1,1,1,0,0,0,1,0,1,1,1,1,1,1,1,1,1,1,0,0,1,
1,0,1,1,1,1,1,0,0,0,1,1,0,1,1,1,1,1,1,1,1,1,0,0,1,1,1,1,0,1,1,0,1,1,1,1,1,1,1,0,
0,1,1,1,0,1,1,0,1,0,1,1,0,1,0,1,1,1,1,1,1,1,0,1,0,0,0,1,1,1,0,1,1,1,0,1,1,1,1,1,
1,1,1,1,0,1,1,1,1,1,1,1,1,1,1,1,1,1,1,1,1,1,1,1,0,0,1,1,1,0,1,0,1,0,0,1,0,0,1,0,
1,0,1,1,1,0,1,1,1,1,0,1,1,1,0,1,1,1,1,0,1,1,0,1,0,1,0,1,1,1,1,1,1,1,1,0,0,1,1,1,
1,1,0,1,0,0,1,1,0,1,1,1,1,0,1,1,1,0,1,1,1,1,1,1,1,1,1,0,0,1,0,1,1,1,1,1,0,1,1,1,
1,1,1,1,1,1,1,1,1,1,1,1,1,1,1,0,0,0,1,0,1,0,1,0,1,1,1,0,0,0,1,1,1,1,0,1,1,0,1,0,
1,1,1,1,1,1,0,0,0,1,1,0,1,0,1,1,1,0,1,0,1,0,1,1,1,0,1,1,0,0,1,0,0,1,1,1,0,1,1,1,
1,1,0,1,0,0,1,1,1,0,1,1,1,1,1,1,1,1,1,0,1,0,1,1,0,1,1,0,1,1,0,0,0,0,1,1,0,1,0,1,
1,1,1,0,1,1,1,0,1,0,1,0,1,1,1,1,1,1,0,1,1,1,1,0,1,0,1,1,1,0,0,0,1,0,1,1,1,1,1,1,
1,1,1,1,1,1,0,1,1,1,1,1,0,1,1,1,1,1,1,1,1,1,1,1,1,1,1,1,1,0,0,1,0,1,1,1,1,0,1,1,
1,1,0,1,1,1,1,1,1,1,1,1,0,1,1,1,1,1,1,0,1,1,1,1,1,0,1,1,1,1,0,0,1,0,1,1,1,1,1,0,
0,0,1,1,1,1,1,1,0,1,1,1,0,0,1,1,1,0,1,0,1,1,1,1,0,0,1,1,0,1,1,1,1,1,0,0,1,0,0,1,
1,1,1,1,0,1,1,1,1,0,1,1,1,0,1,0,1,1,1,0,1,1,1,1,1,1,0,1,1,1,1,1,1,1,0,0,1,1,1,1,
0,1,1,1,1,1,0,0,0,1,1,1,1,0,1,0,1,1,1,1,0,1,1,1,1,0,0,0,1,0,0,1,1,1,1,1,0,0,1,1,
1,1,0,0,1,1,1,1,1,0,1,1,1,1,0,0,1,1,1,1,1,1,0,1,1,0,1,1,0,1,1,1,0,1,0,1,0,0,0,1,
1,1,1,1,1,0,1,1,0,1,1,1,0,1,0,0,1,0,1,0,1,1,0,1,1,1,1,1,1,1,0,1,1,1,0,1,1,0,0,1,
1,0,1,0,1,1,1,1,1,1,1,1,0,1,1,1,0,1,1,1,0,0,1,0,1,0,1,1,0,1,1,1,1,0,1,1,1,1,1,0,
========================
Output Graph: 
Number of Vertices: 40
Number of Edges: 667
Graph Density: 0.855128
0,1,0,1,0,1,1,1,1,1,1,1,1,1,1,1,1,1,1,1,1,1,1,1,0,1,1,1,1,1,1,1,1,1,0,1,0,1,1,1,
1,0,1,1,1,1,1,1,1,1,1,1,1,1,1,1,1,0,1,0,1,1,1,1,1,1,0,1,1,1,1,1,1,1,0,1,1,1,1,1,
0,1,0,1,1,1,1,1,1,1,1,1,0,1,0,1,1,1,1,1,1,1,1,1,1,1,1,0,1,1,0,1,1,1,1,1,1,0,1,1,
1,1,1,0,1,1,1,1,0,1,0,0,1,1,1,1,1,1,1,1,1,1,1,1,1,1,1,1,1,1,1,0,1,1,1,1,1,0,1,0,
0,1,1,1,0,0,1,1,1,1,1,0,1,1,1,1,1,1,1,1,1,1,1,1,1,0,1,1,1,1,0,1,1,1,1,0,1,1,1,1,
1,1,1,1,0,0,1,1,1,1,1,1,1,1,1,1,1,1,1,1,1,1,1,1,1,1,1,1,1,1,0,1,1,1,1,1,1,1,0,1,
1,1,1,1,1,1,0,1,1,1,1,1,1,1,1,1,0,1,1,1,1,0,1,1,1,1,1,1,1,0,1,1,0,1,1,1,0,1,1,1,
1,1,1,1,1,1,1,0,1,0,1,1,1,1,1,1,0,1,0,1,0,1,1,0,0,1,1,1,1,0,1,1,1,1,1,1,0,1,1,1,
1,1,1,0,1,1,1,1,0,1,1,1,1,1,1,1,0,1,0,1,0,1,1,1,1,1,1,1,1,0,1,1,1,1,0,1,0,1,0,1,
1,1,1,1,1,1,1,0,1,0,0,1,1,0,1,1,1,1,1,1,1,1,0,1,1,1,1,1,1,1,1,0,1,1,1,0,1,1,1,1,
1,1,1,0,1,1,1,1,1,0,0,1,1,1,1,1,1,1,1,1,1,1,1,1,1,1,1,1,1,1,1,1,1,1,1,1,1,1,1,1,
1,1,1,0,0,1,1,1,1,1,1,0,1,1,1,0,1,1,1,1,1,0,1,1,1,1,1,1,1,0,1,1,1,1,1,1,1,1,1,1,
1,1,0,1,1,1,1,1,1,1,1,1,0,1,0,0,1,1,1,1,1,1,1,0,0,1,1,1,1,1,1,1,0,0,0,1,1,1,0,1,
1,1,1,1,1,1,1,1,1,0,1,1,1,0,1,1,0,1,1,1,0,1,1,1,1,1,1,1,1,0,1,1,1,1,1,1,1,1,1,1,
1,1,0,1,1,1,1,1,1,1,1,1,0,1,0,1,1,1,1,1,1,1,1,1,0,1,1,1,1,1,1,1,1,1,1,1,1,1,0,1,
1,1,1,1,1,1,1,1,1,1,1,0,0,1,1,0,1,0,1,1,1,1,1,1,1,1,1,1,0,1,1,1,1,1,1,0,1,1,1,1,
1,1,1,1,1,1,0,0,0,1,1,1,1,0,1,1,0,1,1,1,0,1,1,1,1,1,1,1,1,1,1,1,1,1,1,1,1,1,1,0,
1,0,1,1,1,1,1,1,1,1,1,1,1,1,1,0,1,0,0,0,1,1,1,1,1,1,1,1,1,0,1,1,1,1,0,1,1,1,0,1,
1,1,1,1,1,1,1,0,0,1,1,1,1,1,1,1,1,0,0,1,1,1,1,1,1,1,1,1,1,1,1,0,1,1,1,1,1,1,1,1,
1,0,1,1,1,1,1,1,1,1,1,1,1,1,1,1,1,0,1,0,1,1,1,1,1,1,1,1,0,0,1,1,1,1,0,1,1,1,1,1,
1,1,1,1,1,1,1,0,0,1,1,1,1,0,1,1,0,1,1,1,0,1,1,1,1,1,1,1,1,1,1,1,1,1,1,1,1,1,1,0,
1,1,1,1,1,1,0,1,1,1,1,0,1,1,1,1,1,1,1,1,1,0,1,1,1,1,1,1,0,0,1,1,1,1,1,1,1,1,1,1,
1,1,1,1,1,1,1,1,1,0,1,1,1,1,1,1,1,1,1,1,1,1,0,0,0,1,1,1,1,1,1,1,1,1,1,1,1,1,0,1,
1,1,1,1,1,1,1,0,1,1,1,1,0,1,1,1,1,1,1,1,1,1,0,0,1,1,1,1,0,1,1,0,1,1,1,1,1,1,1,0,
0,1,1,1,1,1,1,0,1,1,1,1,0,1,0,1,1,1,1,1,1,1,0,1,0,0,1,1,1,1,0,1,1,1,1,1,1,1,1,1,
1,1,1,1,0,1,1,1,1,1,1,1,1,1,1,1,1,1,1,1,1,1,1,1,0,0,1,1,1,0,1,1,1,0,0,1,0,1,1,1,
1,0,1,1,1,1,1,1,1,1,1,1,1,1,1,1,1,1,1,1,1,1,1,1,1,1,0,1,1,1,1,1,1,1,1,1,1,1,1,1,
1,1,0,1,1,1,1,1,1,1,1,1,1,1,1,1,1,1,1,1,1,1,1,1,1,1,1,0,1,1,0,1,1,1,1,1,0,1,1,1,
1,1,1,1,1,1,1,1,1,1,1,1,1,1,1,0,1,1,1,0,1,0,1,0,1,1,1,1,0,0,1,1,1,1,0,1,1,1,1,1,
1,1,1,1,1,1,0,0,0,1,1,0,1,0,1,1,1,0,1,0,1,0,1,1,1,0,1,1,0,0,1,0,1,1,1,1,1,1,1,1,
1,1,0,1,0,0,1,1,1,1,1,1,1,1,1,1,1,1,1,1,1,1,1,1,0,1,1,0,1,1,0,1,0,0,1,1,0,1,0,1,
1,1,1,0,1,1,1,1,1,0,1,1,1,1,1,1,1,1,0,1,1,1,1,0,1,1,1,1,1,0,1,0,1,0,1,1,1,1,1,1,
1,1,1,1,1,1,0,1,1,1,1,1,0,1,1,1,1,1,1,1,1,1,1,1,1,1,1,1,1,1,0,1,0,1,1,1,1,0,1,1,
1,1,1,1,1,1,1,1,1,1,1,1,0,1,1,1,1,1,1,1,1,1,1,1,1,0,1,1,1,1,0,0,1,0,1,1,1,1,1,0,
0,0,1,1,1,1,1,1,0,1,1,1,0,1,1,1,1,0,1,0,1,1,1,1,1,0,1,1,0,1,1,1,1,1,0,0,1,0,1,1,
1,1,1,1,0,1,1,1,1,0,1,1,1,1,1,0,1,1,1,1,1,1,1,1,1,1,1,1,1,1,1,1,1,1,0,0,1,1,1,1,
0,1,1,1,1,1,0,0,0,1,1,1,1,1,1,1,1,1,1,1,1,1,1,1,1,0,1,0,1,1,0,1,1,1,1,1,0,0,1,1,
1,1,0,0,1,1,1,1,1,1,1,1,1,1,1,1,1,1,1,1,1,1,1,1,1,1,1,1,1,1,1,1,0,1,0,1,0,0,0,1,
1,1,1,1,1,0,1,1,0,1,1,1,0,1,0,1,1,0,1,1,1,1,0,1,1,1,1,1,1,1,0,1,1,1,1,1,1,0,0,1,
1,1,1,0,1,1,1,1,1,1,1,1,1,1,1,1,0,1,1,1,0,1,1,0,1,1,1,1,1,1,1,1,1,0,1,1,1,1,1,0,
Is Output Graph Empty or Complete?: 0
Ratio of Added Edges Over Added + Removed Edges: 1
Changes from Input to Output: 
Added Edge: (0, 6)
Added Edge: (0, 12)
Added Edge: (1, 6)
Added Edge: (1, 7)
Added Edge: (1, 12)
Added Edge: (1, 20)
Added Edge: (1, 23)
Added Edge: (1, 39)
Added Edge: (2, 17)
Added Edge: (2, 33)
Added Edge: (3, 15)
Added Edge: (3, 18)
Added Edge: (4, 24)
Added Edge: (4, 27)
Added Edge: (5, 16)
Added Edge: (5, 22)
Added Edge: (5, 26)
Added Edge: (5, 27)
Added Edge: (6, 7)
Added Edge: (6, 12)
Added Edge: (7, 31)
Added Edge: (8, 10)
Added Edge: (8, 23)
Added Edge: (8, 27)
Added Edge: (9, 11)
Added Edge: (9, 15)
Added Edge: (9, 23)
Added Edge: (9, 24)
Added Edge: (9, 30)
Added Edge: (9, 37)
Added Edge: (10, 17)
Added Edge: (10, 19)
Added Edge: (10, 26)
Added Edge: (11, 12)
Added Edge: (11, 13)
Added Edge: (11, 19)
Added Edge: (11, 31)
Added Edge: (12, 16)
Added Edge: (12, 19)
Added Edge: (12, 39)
Added Edge: (13, 14)
Added Edge: (13, 27)
Added Edge: (13, 34)
Added Edge: (13, 35)
Added Edge: (13, 36)
Added Edge: (14, 17)
Added Edge: (14, 18)
Added Edge: (14, 26)
Added Edge: (14, 37)
Added Edge: (15, 16)
Added Edge: (15, 18)
Added Edge: (15, 36)
Added Edge: (15, 37)
Added Edge: (15, 38)
Added Edge: (16, 28)
Added Edge: (17, 27)
Added Edge: (17, 28)
Added Edge: (18, 21)
Added Edge: (19, 21)
Added Edge: (19, 26)
Added Edge: (19, 30)
Added Edge: (19, 33)
Added Edge: (19, 35)
Added Edge: (19, 38)
Added Edge: (20, 36)
Added Edge: (21, 30)
Added Edge: (21, 39)
Added Edge: (22, 26)
Added Edge: (22, 37)
Added Edge: (24, 26)
Added Edge: (24, 34)
Added Edge: (25, 31)
Added Edge: (25, 37)
Added Edge: (25, 39)
Added Edge: (26, 35)
Added Edge: (26, 36)
Added Edge: (27, 28)
Added Edge: (28, 37)
Added Edge: (28, 39)
Added Edge: (29, 32)
Added Edge: (29, 36)
Added Edge: (30, 31)
Added Edge: (34, 38)
========================
