========================
TIME_LIMIT_SECONDS: 900
ODD_HOLE_TERMINATION_PERCENTAGE: 999
N_THREADS: 24
IS_RUNNING_HEURISTIC_ON_CANDIDATE: 0
IS_RUNNING_HEURISTIC_ON_RELAXATION: 1
ADD_ALL_AT_START: 0
========================
Wall-Clock Runtime (ms): 902590
Calculated Odd Hole Termination Batch Size: 0
Total Time of All Workers in OddHoleAlg (nano): 514583913
Total Time of All Workers in OddHoleAlg (ms): 514
OddHoleAlg calls: 32
Number of Found Odd-Holes: 99945
Number of Found Odd Anti-Holes: 167102
Is Optimal? (1e-6): 0
Optimality Gap: 0.546746
Objective Value: 169
Number of Feasible Solutions Found: 1939
Number of Times Heuristic is Called: 2806
Total number of added OH and OHbar Cuts: 267047
Number of Explored B&C tree nodes: 13923
Number of Unexplored B&C tree nodes: 3065
========================
Input Graph:
Number of Vertices: 40
Erdos Renyi p Parameter: 0.5
Number of Edges: 411
Expected No of Odd Holes: 10991
Expected No of Odd Anti Holes: 3280
ODD_HOLE_TERMINATION_BATCH_SIZE: 0
Graph Density: 0.526923
0,1,0,1,1,0,1,0,1,1,1,1,0,1,1,0,0,1,1,1,1,0,1,0,1,0,1,1,0,1,0,0,1,1,0,1,1,0,1,0,
1,0,1,0,1,1,1,1,1,0,1,0,1,1,1,1,1,1,1,1,0,1,0,0,1,0,0,0,0,1,1,0,0,1,1,0,0,0,0,1,
0,1,0,1,1,0,0,1,1,1,0,0,1,0,1,0,1,1,1,1,1,0,1,1,0,1,0,1,0,1,0,1,0,0,0,0,0,1,0,0,
1,0,1,0,0,0,0,0,0,0,1,0,1,0,0,1,0,0,0,1,1,1,1,1,0,0,1,0,0,0,0,0,1,1,1,0,0,0,1,1,
1,1,1,0,0,1,1,1,1,1,0,1,0,1,0,0,1,1,1,0,1,0,0,1,1,1,0,1,1,0,0,1,1,0,1,0,1,1,0,0,
0,1,0,0,1,0,1,0,1,0,0,1,0,1,0,0,1,0,0,1,1,0,1,1,0,1,0,1,1,0,0,0,0,0,1,1,1,0,0,1,
1,1,0,0,1,1,0,0,0,1,0,1,0,0,1,0,1,0,1,1,0,1,1,0,1,1,1,1,0,0,1,0,0,1,1,0,0,0,1,1,
0,1,1,0,1,0,0,0,1,1,1,1,0,0,0,0,1,0,0,0,0,0,1,1,1,0,0,0,1,0,1,0,1,1,1,0,0,0,1,1,
1,1,1,0,1,1,0,1,0,0,0,1,1,0,0,0,1,0,0,0,1,1,1,1,0,0,1,1,0,1,0,0,1,1,1,1,0,0,0,0,
1,0,1,0,1,0,1,1,0,0,1,0,1,0,1,0,1,0,1,0,1,0,0,1,1,1,0,1,0,0,1,1,0,0,1,0,0,0,0,0,
1,1,0,1,0,0,0,1,0,1,0,1,0,1,1,1,1,0,0,1,1,1,1,1,1,0,0,1,0,0,0,0,1,1,1,1,1,0,0,1,
1,0,0,0,1,1,1,1,1,0,1,0,1,1,0,1,0,0,1,0,1,0,1,1,1,1,1,1,1,0,0,0,0,0,1,1,0,0,1,1,
0,1,1,1,0,0,0,0,1,1,0,1,0,1,1,1,1,1,0,0,0,0,0,0,0,1,0,1,1,0,0,0,1,0,1,0,1,1,0,0,
1,1,0,0,1,1,0,0,0,0,1,1,1,0,1,1,1,1,0,1,0,1,1,1,0,1,0,1,1,1,1,1,0,0,0,0,0,0,1,1,
1,1,1,0,0,0,1,0,0,1,1,0,1,1,0,1,1,0,1,0,0,0,1,0,1,0,1,0,1,0,1,0,0,0,1,0,1,0,1,0,
0,1,0,1,0,0,0,0,0,0,1,1,1,1,1,0,0,0,0,1,0,1,0,1,1,1,0,1,1,1,0,0,0,1,0,1,1,0,0,1,
0,1,1,0,1,1,1,1,1,1,1,0,1,1,1,0,0,0,1,1,0,0,0,0,1,0,0,1,0,1,0,1,1,0,0,1,1,1,0,1,
1,1,1,0,1,0,0,0,0,0,0,0,1,1,0,0,0,0,0,1,0,0,1,1,1,0,0,0,1,1,1,0,1,0,0,0,0,0,1,0,
1,1,1,0,1,0,1,0,0,1,0,1,0,0,1,0,1,0,0,0,1,1,1,0,1,1,1,0,1,0,1,0,0,0,1,1,1,0,0,0,
1,1,1,1,0,1,1,0,0,0,1,0,0,1,0,1,1,1,0,0,0,0,0,1,1,1,1,1,0,0,0,1,1,1,1,0,1,1,0,1,
1,0,1,1,1,1,0,0,1,1,1,1,0,0,0,0,0,0,1,0,0,1,0,0,1,1,1,0,0,1,1,1,0,0,1,1,1,1,0,0,
0,1,0,1,0,0,1,0,1,0,1,0,0,1,0,1,0,0,1,0,1,0,1,1,1,1,0,1,1,0,0,1,0,1,1,0,1,1,1,0,
1,0,1,1,0,1,1,1,1,0,1,1,0,1,1,0,0,1,1,0,0,1,0,1,1,0,0,0,1,0,1,1,0,1,0,1,1,0,0,1,
0,0,1,1,1,1,0,1,1,1,1,1,0,1,0,1,0,1,0,1,0,1,1,0,1,0,0,1,0,0,1,1,0,1,0,1,0,1,0,1,
1,1,0,0,1,0,1,1,0,1,1,1,0,0,1,1,1,1,1,1,1,1,1,1,0,0,0,1,1,1,1,1,0,0,1,0,0,1,1,1,
0,0,1,0,1,1,1,0,0,1,0,1,1,1,0,1,0,0,1,1,1,1,0,0,0,0,1,1,1,1,0,1,0,1,0,1,1,1,0,1,
1,0,0,1,0,0,1,0,1,0,0,1,0,0,1,0,0,0,1,1,1,0,0,0,0,1,0,1,0,1,0,1,1,0,0,0,1,0,0,1,
1,0,1,0,1,1,1,0,1,1,1,1,1,1,0,1,1,0,0,1,0,1,0,1,1,1,1,0,1,1,0,1,0,0,0,0,0,1,1,0,
0,0,0,0,1,1,0,1,0,0,0,1,1,1,1,1,0,1,1,0,0,1,1,0,1,1,0,1,0,0,1,1,1,0,1,0,1,0,1,1,
1,1,1,0,0,0,0,0,1,0,0,0,0,1,0,1,1,1,0,0,1,0,0,0,1,1,1,1,0,0,1,0,1,1,0,1,0,1,0,1,
0,1,0,0,0,0,1,1,0,1,0,0,0,1,1,0,0,1,1,0,1,0,1,1,1,0,0,0,1,1,0,0,1,1,1,0,1,1,0,0,
0,0,1,0,1,0,0,0,0,1,0,0,0,1,0,0,1,0,0,1,1,1,1,1,1,1,1,1,1,0,0,0,1,0,0,0,1,1,1,1,
1,0,0,1,1,0,0,1,1,0,1,0,1,0,0,0,1,1,0,1,0,0,0,0,0,0,1,0,1,1,1,1,0,0,1,0,0,1,0,1,
1,1,0,1,0,0,1,1,1,0,1,0,0,0,0,1,0,0,0,1,0,1,1,1,0,1,0,0,0,1,1,0,0,0,0,1,1,1,1,1,
0,1,0,1,1,1,1,1,1,1,1,1,1,0,1,0,0,0,1,1,1,1,0,0,1,0,0,0,1,0,1,0,1,0,0,0,0,1,1,1,
1,0,0,0,0,1,0,0,1,0,1,1,0,0,0,1,1,0,1,0,1,0,1,1,0,1,0,0,0,1,0,0,0,1,0,0,0,1,1,1,
1,0,0,0,1,1,0,0,0,0,1,0,1,0,1,1,1,0,1,1,1,1,1,0,0,1,1,0,1,0,1,1,0,1,0,0,0,0,0,0,
0,0,1,0,1,0,0,0,0,0,0,0,1,0,0,0,1,0,0,1,1,1,0,1,1,1,0,1,0,1,1,1,1,1,1,1,0,0,0,1,
1,0,0,1,0,0,1,1,0,0,0,1,0,1,1,0,0,1,0,0,0,1,0,0,1,0,0,1,1,0,0,1,0,1,1,1,0,0,0,0,
0,1,0,1,0,1,1,1,0,0,1,1,0,1,0,1,1,0,0,1,0,0,1,1,1,1,1,0,1,1,0,1,1,1,1,1,0,1,0,0,
========================
Output Graph: 
Number of Vertices: 40
Number of Edges: 580
Graph Density: 0.74359
0,1,0,1,1,0,1,0,1,1,1,1,0,1,1,1,1,1,1,1,1,0,1,1,1,1,1,1,1,1,0,1,1,1,1,1,1,1,1,0,
1,0,1,0,1,1,1,1,1,0,1,1,1,1,1,1,1,1,1,1,0,1,0,0,1,0,0,1,0,1,1,1,0,1,1,1,0,0,0,1,
0,1,0,1,1,0,1,1,1,1,0,1,1,1,1,1,1,1,1,1,1,0,1,1,1,1,1,1,1,1,0,1,1,1,1,0,1,1,1,0,
1,0,1,0,0,0,0,0,0,0,1,0,1,0,0,1,0,0,0,1,1,1,1,1,0,1,1,0,1,0,0,0,1,1,1,0,0,0,1,1,
1,1,1,0,0,1,1,1,1,1,1,1,0,1,1,1,1,1,1,0,1,0,1,1,1,1,1,1,1,1,0,1,1,1,1,0,1,1,1,1,
0,1,0,0,1,0,1,0,1,1,0,1,0,1,0,0,1,0,0,1,1,0,1,1,1,1,1,1,1,0,0,0,1,0,1,1,1,0,1,1,
1,1,1,0,1,1,0,0,0,1,1,1,1,0,1,0,1,0,1,1,1,1,1,1,1,1,1,1,1,0,1,0,1,1,1,1,0,0,1,1,
0,1,1,0,1,0,0,0,1,1,1,1,0,0,0,0,1,0,0,0,1,0,1,1,1,1,1,0,1,0,1,0,1,1,1,0,0,0,1,1,
1,1,1,0,1,1,0,1,0,0,1,1,1,0,1,1,1,0,0,1,1,1,1,1,0,1,1,1,1,1,1,1,1,1,1,1,0,0,0,1,
1,0,1,0,1,1,1,1,0,0,1,1,1,0,1,1,1,0,1,1,1,1,0,1,1,1,0,1,0,0,1,1,1,1,1,1,0,0,0,1,
1,1,0,1,1,0,1,1,1,1,0,1,0,1,1,1,1,1,1,1,1,1,1,1,1,1,1,1,1,1,0,1,1,1,1,1,1,1,1,1,
1,1,1,0,1,1,1,1,1,1,1,0,1,1,0,1,1,0,1,1,1,1,1,1,1,1,1,1,1,0,1,0,1,1,1,1,1,0,1,1,
0,1,1,1,0,0,1,0,1,1,0,1,0,1,1,1,1,1,1,0,1,0,1,1,1,1,1,1,1,1,0,0,1,1,1,0,1,1,1,0,
1,1,1,0,1,1,0,0,0,0,1,1,1,0,1,1,1,1,0,1,0,1,1,1,1,1,0,1,1,1,1,1,1,1,1,1,0,0,1,1,
1,1,1,0,1,0,1,0,1,1,1,0,1,1,0,1,1,0,1,1,1,0,1,1,1,1,1,0,1,0,1,0,1,0,1,0,1,0,1,1,
1,1,1,1,1,0,0,0,1,1,1,1,1,1,1,0,1,0,0,1,1,1,1,1,1,1,1,1,1,1,1,0,1,1,1,1,1,0,1,1,
1,1,1,0,1,1,1,1,1,1,1,1,1,1,1,1,0,1,1,1,0,1,0,0,1,0,0,1,0,1,1,1,1,1,0,1,1,1,0,1,
1,1,1,0,1,0,0,0,0,0,1,0,1,1,0,0,1,0,0,1,0,0,1,1,1,1,0,0,1,1,1,0,1,0,1,0,0,0,1,1,
1,1,1,0,1,0,1,0,0,1,1,1,1,0,1,0,1,0,0,1,1,1,1,1,1,1,1,0,1,0,1,0,1,0,1,1,1,0,1,1,
1,1,1,1,0,1,1,0,1,1,1,1,0,1,1,1,1,1,1,0,1,0,1,1,1,1,1,1,1,1,0,1,1,1,1,0,1,1,1,1,
1,0,1,1,1,1,1,1,1,1,1,1,1,0,1,1,0,0,1,1,0,1,0,0,1,1,1,1,0,1,1,1,0,1,1,1,1,1,0,1,
0,1,0,1,0,0,1,0,1,1,1,1,0,1,0,1,1,0,1,0,1,0,1,1,1,1,1,1,1,1,0,1,1,1,1,0,1,1,1,0,
1,0,1,1,1,1,1,1,1,0,1,1,1,1,1,1,0,1,1,1,0,1,0,1,1,0,0,1,1,1,1,1,0,1,0,1,1,0,0,1,
1,0,1,1,1,1,1,1,1,1,1,1,1,1,1,1,0,1,1,1,0,1,1,0,1,0,0,1,1,1,1,1,0,1,0,1,1,1,0,1,
1,1,1,0,1,1,1,1,0,1,1,1,1,1,1,1,1,1,1,1,1,1,1,1,0,1,0,1,1,1,1,1,1,1,1,1,0,1,1,1,
1,0,1,1,1,1,1,1,1,1,1,1,1,1,1,1,0,1,1,1,1,1,0,0,1,0,1,1,1,1,1,1,0,1,0,1,1,1,0,1,
1,0,1,1,1,1,1,1,1,0,1,1,1,0,1,1,0,0,1,1,1,1,0,0,0,1,0,1,0,1,1,1,1,1,0,1,1,0,0,1,
1,1,1,0,1,1,1,0,1,1,1,1,1,1,0,1,1,0,0,1,1,1,1,1,1,1,1,0,1,1,0,1,1,0,1,1,1,1,1,1,
1,0,1,1,1,1,1,1,1,0,1,1,1,1,1,1,0,1,1,1,0,1,1,1,1,1,0,1,0,1,1,1,1,1,1,1,1,0,1,1,
1,1,1,0,1,0,0,0,1,0,1,0,1,1,0,1,1,1,0,1,1,1,1,1,1,1,1,1,1,0,1,1,1,1,1,1,0,1,1,1,
0,1,0,0,0,0,1,1,1,1,0,1,0,1,1,1,1,1,1,0,1,0,1,1,1,1,1,0,1,1,0,0,1,1,1,0,1,1,1,0,
1,1,1,0,1,0,0,0,1,1,1,0,0,1,0,0,1,0,0,1,1,1,1,1,1,1,1,1,1,1,0,0,1,0,1,0,1,1,1,1,
1,0,1,1,1,1,1,1,1,1,1,1,1,1,1,1,1,1,1,1,0,1,0,0,1,0,1,1,1,1,1,1,0,1,1,1,1,1,0,1,
1,1,1,1,1,0,1,1,1,1,1,1,1,1,0,1,1,0,0,1,1,1,1,1,1,1,1,0,1,1,1,0,1,0,1,1,1,1,1,1,
1,1,1,1,1,1,1,1,1,1,1,1,1,1,1,1,0,1,1,1,1,1,0,0,1,0,0,1,1,1,1,1,1,1,0,1,1,1,1,1,
1,1,0,0,0,1,1,0,1,1,1,1,0,1,0,1,1,0,1,0,1,0,1,1,1,1,1,1,1,1,0,0,1,1,1,0,1,1,1,1,
1,0,1,0,1,1,0,0,0,0,1,1,1,0,1,1,1,0,1,1,1,1,1,1,0,1,1,1,1,0,1,1,1,1,1,1,0,0,0,1,
1,0,1,0,1,0,0,0,0,0,1,0,1,0,0,0,1,0,0,1,1,1,0,1,1,1,0,1,0,1,1,1,1,1,1,1,0,0,0,1,
1,0,1,1,1,1,1,1,0,0,1,1,1,1,1,1,0,1,1,1,0,1,0,0,1,0,0,1,1,1,1,1,0,1,1,1,0,0,0,1,
0,1,0,1,1,1,1,1,1,1,1,1,0,1,1,1,1,1,1,1,1,0,1,1,1,1,1,1,1,1,0,1,1,1,1,1,1,1,1,0,
Is Output Graph Empty or Complete?: 0
Ratio of Added Edges Over Added + Removed Edges: 1
Changes from Input to Output: 
Added Edge: (0, 15)
Added Edge: (0, 16)
Added Edge: (0, 23)
Added Edge: (0, 25)
Added Edge: (0, 28)
Added Edge: (0, 31)
Added Edge: (0, 34)
Added Edge: (0, 37)
Added Edge: (1, 11)
Added Edge: (1, 27)
Added Edge: (1, 31)
Added Edge: (1, 35)
Added Edge: (2, 6)
Added Edge: (2, 11)
Added Edge: (2, 13)
Added Edge: (2, 15)
Added Edge: (2, 24)
Added Edge: (2, 26)
Added Edge: (2, 28)
Added Edge: (2, 32)
Added Edge: (2, 33)
Added Edge: (2, 34)
Added Edge: (2, 36)
Added Edge: (2, 38)
Added Edge: (3, 25)
Added Edge: (3, 28)
Added Edge: (4, 10)
Added Edge: (4, 14)
Added Edge: (4, 15)
Added Edge: (4, 22)
Added Edge: (4, 26)
Added Edge: (4, 29)
Added Edge: (4, 33)
Added Edge: (4, 38)
Added Edge: (4, 39)
Added Edge: (5, 9)
Added Edge: (5, 24)
Added Edge: (5, 26)
Added Edge: (5, 32)
Added Edge: (5, 38)
Added Edge: (6, 10)
Added Edge: (6, 12)
Added Edge: (6, 20)
Added Edge: (6, 23)
Added Edge: (6, 28)
Added Edge: (6, 32)
Added Edge: (6, 35)
Added Edge: (7, 20)
Added Edge: (7, 25)
Added Edge: (7, 26)
Added Edge: (8, 10)
Added Edge: (8, 14)
Added Edge: (8, 15)
Added Edge: (8, 19)
Added Edge: (8, 25)
Added Edge: (8, 28)
Added Edge: (8, 30)
Added Edge: (8, 31)
Added Edge: (8, 39)
Added Edge: (9, 11)
Added Edge: (9, 15)
Added Edge: (9, 19)
Added Edge: (9, 21)
Added Edge: (9, 32)
Added Edge: (9, 33)
Added Edge: (9, 35)
Added Edge: (9, 39)
Added Edge: (10, 17)
Added Edge: (10, 18)
Added Edge: (10, 25)
Added Edge: (10, 26)
Added Edge: (10, 28)
Added Edge: (10, 29)
Added Edge: (10, 31)
Added Edge: (10, 37)
Added Edge: (10, 38)
Added Edge: (11, 16)
Added Edge: (11, 19)
Added Edge: (11, 21)
Added Edge: (11, 30)
Added Edge: (11, 32)
Added Edge: (11, 33)
Added Edge: (11, 36)
Added Edge: (12, 18)
Added Edge: (12, 20)
Added Edge: (12, 22)
Added Edge: (12, 23)
Added Edge: (12, 24)
Added Edge: (12, 26)
Added Edge: (12, 29)
Added Edge: (12, 33)
Added Edge: (12, 38)
Added Edge: (13, 24)
Added Edge: (13, 32)
Added Edge: (13, 33)
Added Edge: (13, 34)
Added Edge: (13, 35)
Added Edge: (14, 19)
Added Edge: (14, 20)
Added Edge: (14, 23)
Added Edge: (14, 25)
Added Edge: (14, 32)
Added Edge: (14, 39)
Added Edge: (15, 16)
Added Edge: (15, 20)
Added Edge: (15, 22)
Added Edge: (15, 26)
Added Edge: (15, 30)
Added Edge: (15, 32)
Added Edge: (15, 34)
Added Edge: (15, 38)
Added Edge: (16, 17)
Added Edge: (16, 21)
Added Edge: (16, 30)
Added Edge: (16, 33)
Added Edge: (17, 25)
Added Edge: (17, 34)
Added Edge: (17, 39)
Added Edge: (18, 19)
Added Edge: (18, 23)
Added Edge: (18, 32)
Added Edge: (18, 38)
Added Edge: (18, 39)
Added Edge: (19, 20)
Added Edge: (19, 22)
Added Edge: (19, 28)
Added Edge: (19, 29)
Added Edge: (19, 38)
Added Edge: (20, 27)
Added Edge: (20, 33)
Added Edge: (20, 39)
Added Edge: (21, 26)
Added Edge: (21, 29)
Added Edge: (21, 32)
Added Edge: (22, 27)
Added Edge: (22, 29)
Added Edge: (23, 28)
Added Edge: (23, 29)
Added Edge: (23, 36)
Added Edge: (24, 25)
Added Edge: (24, 32)
Added Edge: (24, 33)
Added Edge: (24, 35)
Added Edge: (25, 30)
Added Edge: (26, 30)
Added Edge: (26, 33)
Added Edge: (26, 35)
Added Edge: (27, 32)
Added Edge: (27, 34)
Added Edge: (27, 35)
Added Edge: (27, 36)
Added Edge: (27, 39)
Added Edge: (28, 29)
Added Edge: (28, 33)
Added Edge: (28, 35)
Added Edge: (29, 31)
Added Edge: (29, 34)
Added Edge: (29, 38)
Added Edge: (30, 38)
Added Edge: (31, 34)
Added Edge: (32, 33)
Added Edge: (32, 35)
Added Edge: (32, 36)
Added Edge: (33, 34)
Added Edge: (34, 35)
Added Edge: (34, 36)
Added Edge: (35, 36)
Added Edge: (36, 39)
Added Edge: (38, 39)
========================
