========================
TIME_LIMIT_SECONDS: 900
ODD_HOLE_TERMINATION_PERCENTAGE: 999
N_THREADS: 24
IS_RUNNING_HEURISTIC_ON_CANDIDATE: 1
IS_RUNNING_HEURISTIC_ON_RELAXATION: 1
ADD_ALL_AT_START: 0
========================
Wall-Clock Runtime (ms): 59498
Calculated Odd Hole Termination Batch Size: 0
Total Time of All Workers in OddHoleAlg (nano): 57693308
Total Time of All Workers in OddHoleAlg (ms): 57
OddHoleAlg calls: 80
Number of Found Odd-Holes: 2826
Number of Found Odd Anti-Holes: 12691
Is Optimal? (1e-6): 1
Optimality Gap: 0
Objective Value: 27
Number of Feasible Solutions Found: 9786
Number of Times Heuristic is Called: 9816
Total number of added OH and OHbar Cuts: 15517
Number of Explored B&C tree nodes: 87864
Number of Unexplored B&C tree nodes: 0
========================
Input Graph:
Number of Vertices: 30
Erdos Renyi p Parameter: 0.75
Number of Edges: 330
Expected No of Odd Holes: 396
Expected No of Odd Anti Holes: 1341
ODD_HOLE_TERMINATION_BATCH_SIZE: 0
Graph Density: 0.758621
0,1,1,0,1,1,1,1,1,0,0,1,1,1,1,1,1,1,1,1,1,1,0,0,1,0,1,1,1,1,
1,0,1,1,1,1,0,1,1,1,0,1,1,1,1,1,1,0,1,1,1,0,1,1,1,1,0,1,0,1,
1,1,0,1,1,1,1,1,1,0,0,1,1,1,1,1,1,1,0,0,1,0,1,0,1,1,1,1,1,1,
0,1,1,0,1,1,1,1,1,1,1,0,1,1,1,1,1,1,0,1,1,0,1,0,1,1,1,1,0,1,
1,1,1,1,0,1,1,1,1,1,1,1,1,0,1,1,1,1,1,1,1,1,1,1,1,1,1,0,1,1,
1,1,1,1,1,0,1,1,0,0,1,1,1,1,1,1,1,0,1,0,0,0,1,0,0,1,1,1,1,0,
1,0,1,1,1,1,0,1,1,1,0,1,1,0,1,1,1,1,1,1,0,0,1,1,1,1,1,0,1,1,
1,1,1,1,1,1,1,0,1,1,1,0,0,0,0,1,1,1,0,1,0,0,1,0,1,1,1,0,1,1,
1,1,1,1,1,0,1,1,0,0,0,1,1,1,1,1,1,0,1,0,0,1,1,1,1,1,1,1,1,1,
0,1,0,1,1,0,1,1,0,0,0,1,0,1,0,0,1,1,1,1,0,1,1,0,0,0,1,1,1,1,
0,0,0,1,1,1,0,1,0,0,0,0,1,0,0,1,1,1,0,0,1,1,1,0,1,1,1,0,0,1,
1,1,1,0,1,1,1,0,1,1,0,0,1,0,0,1,0,1,0,1,1,1,1,1,1,1,1,0,1,1,
1,1,1,1,1,1,1,0,1,0,1,1,0,1,1,1,1,1,1,1,1,0,1,1,1,0,1,1,1,1,
1,1,1,1,0,1,0,0,1,1,0,0,1,0,0,1,1,1,0,1,0,0,0,1,1,1,1,1,1,0,
1,1,1,1,1,1,1,0,1,0,0,0,1,0,0,0,1,1,1,1,1,1,1,0,0,0,0,1,1,1,
1,1,1,1,1,1,1,1,1,0,1,1,1,1,0,0,1,1,1,1,1,1,0,0,1,1,1,1,1,1,
1,1,1,1,1,1,1,1,1,1,1,0,1,1,1,1,0,1,1,1,1,1,1,0,0,1,1,1,1,0,
1,0,1,1,1,0,1,1,0,1,1,1,1,1,1,1,1,0,0,1,0,1,1,1,1,1,1,0,1,0,
1,1,0,0,1,1,1,0,1,1,0,0,1,0,1,1,1,0,0,1,1,1,1,1,1,1,1,1,0,1,
1,1,0,1,1,0,1,1,0,1,0,1,1,1,1,1,1,1,1,0,1,1,1,1,1,1,1,1,1,1,
1,1,1,1,1,0,0,0,0,0,1,1,1,0,1,1,1,0,1,1,0,1,1,1,1,0,0,1,1,1,
1,0,0,0,1,0,0,0,1,1,1,1,0,0,1,1,1,1,1,1,1,0,1,1,1,0,1,1,1,1,
0,1,1,1,1,1,1,1,1,1,1,1,1,0,1,0,1,1,1,1,1,1,0,1,1,0,0,1,0,1,
0,1,0,0,1,0,1,0,1,0,0,1,1,1,0,0,0,1,1,1,1,1,1,0,1,1,1,1,1,1,
1,1,1,1,1,0,1,1,1,0,1,1,1,1,0,1,0,1,1,1,1,1,1,1,0,1,1,1,1,1,
0,1,1,1,1,1,1,1,1,0,1,1,0,1,0,1,1,1,1,1,0,0,0,1,1,0,1,1,0,1,
1,0,1,1,1,1,1,1,1,1,1,1,1,1,0,1,1,1,1,1,0,1,0,1,1,1,0,1,1,1,
1,1,1,1,0,1,0,0,1,1,0,0,1,1,1,1,1,0,1,1,1,1,1,1,1,1,1,0,1,0,
1,0,1,0,1,1,1,1,1,1,0,1,1,1,1,1,1,1,0,1,1,1,0,1,1,0,1,1,0,1,
1,1,1,1,1,0,1,1,1,1,1,1,1,0,1,1,0,0,1,1,1,1,1,1,1,1,1,0,1,0,
========================
Output Graph: 
Number of Vertices: 30
Number of Edges: 357
Graph Density: 0.82069
0,1,1,0,1,1,1,1,1,0,0,1,1,1,1,1,1,1,1,1,1,1,0,0,1,0,1,1,1,1,
1,0,1,1,1,1,0,1,1,1,0,1,1,1,1,1,1,0,1,1,1,0,1,1,1,1,0,1,1,1,
1,1,0,1,1,1,1,1,1,0,0,1,1,1,1,1,1,1,1,1,1,0,1,0,1,1,1,1,1,1,
0,1,1,0,1,1,1,1,1,1,1,1,1,1,1,1,1,1,0,1,1,1,1,1,1,1,1,1,0,1,
1,1,1,1,0,1,1,1,1,1,1,1,1,0,1,1,1,1,1,1,1,1,1,1,1,1,1,0,1,1,
1,1,1,1,1,0,1,1,0,0,1,1,1,1,1,1,1,0,1,0,1,0,1,0,0,1,1,1,1,0,
1,0,1,1,1,1,0,1,1,1,0,1,1,0,1,1,1,1,1,1,1,0,1,1,1,1,1,1,1,1,
1,1,1,1,1,1,1,0,1,1,1,0,0,0,0,1,1,1,0,1,0,1,1,1,1,1,1,0,1,1,
1,1,1,1,1,0,1,1,0,0,1,1,1,1,1,1,1,0,1,0,0,1,1,1,1,1,1,1,1,1,
0,1,0,1,1,0,1,1,0,0,1,1,0,1,0,0,1,1,1,1,0,1,1,0,0,0,1,1,1,1,
0,0,0,1,1,1,0,1,1,1,0,0,1,0,0,1,1,1,0,1,1,1,1,1,1,1,1,0,0,1,
1,1,1,1,1,1,1,0,1,1,0,0,1,0,0,1,1,1,0,1,1,1,1,1,1,1,1,0,1,1,
1,1,1,1,1,1,1,0,1,0,1,1,0,1,1,1,1,1,1,1,1,0,1,1,1,0,1,1,1,1,
1,1,1,1,0,1,0,0,1,1,0,0,1,0,1,1,1,1,1,1,1,0,0,1,1,1,1,1,1,0,
1,1,1,1,1,1,1,0,1,0,0,0,1,1,0,0,1,1,1,1,1,1,1,0,0,0,0,1,1,1,
1,1,1,1,1,1,1,1,1,0,1,1,1,1,0,0,1,1,1,1,1,1,1,0,1,1,1,1,1,1,
1,1,1,1,1,1,1,1,1,1,1,1,1,1,1,1,0,1,1,1,1,1,1,0,0,1,1,1,1,1,
1,0,1,1,1,0,1,1,0,1,1,1,1,1,1,1,1,0,0,1,0,1,1,1,1,1,1,0,1,1,
1,1,1,0,1,1,1,0,1,1,0,0,1,1,1,1,1,0,0,1,1,1,1,1,1,1,1,1,1,1,
1,1,1,1,1,0,1,1,0,1,1,1,1,1,1,1,1,1,1,0,1,1,1,1,1,1,1,1,1,1,
1,1,1,1,1,1,1,0,0,0,1,1,1,1,1,1,1,0,1,1,0,1,1,1,1,0,0,1,1,1,
1,0,0,1,1,0,0,1,1,1,1,1,0,0,1,1,1,1,1,1,1,0,1,1,1,1,1,1,1,1,
0,1,1,1,1,1,1,1,1,1,1,1,1,0,1,1,1,1,1,1,1,1,0,1,1,1,1,1,0,1,
0,1,0,1,1,0,1,1,1,0,1,1,1,1,0,0,0,1,1,1,1,1,1,0,1,1,1,1,1,1,
1,1,1,1,1,0,1,1,1,0,1,1,1,1,0,1,0,1,1,1,1,1,1,1,0,1,1,1,1,1,
0,1,1,1,1,1,1,1,1,0,1,1,0,1,0,1,1,1,1,1,0,1,1,1,1,0,1,1,1,1,
1,0,1,1,1,1,1,1,1,1,1,1,1,1,0,1,1,1,1,1,0,1,1,1,1,1,0,1,1,1,
1,1,1,1,0,1,1,0,1,1,0,0,1,1,1,1,1,0,1,1,1,1,1,1,1,1,1,0,1,0,
1,1,1,0,1,1,1,1,1,1,0,1,1,1,1,1,1,1,1,1,1,1,0,1,1,1,1,1,0,1,
1,1,1,1,1,0,1,1,1,1,1,1,1,0,1,1,1,1,1,1,1,1,1,1,1,1,1,0,1,0,
Is Output Graph Empty or Complete?: 0
Ratio of Added Edges Over Added + Removed Edges: 1
Changes from Input to Output: 
Added Edge: (1, 28)
Added Edge: (2, 18)
Added Edge: (2, 19)
Added Edge: (3, 11)
Added Edge: (3, 21)
Added Edge: (3, 23)
Added Edge: (5, 20)
Added Edge: (6, 20)
Added Edge: (6, 27)
Added Edge: (7, 21)
Added Edge: (7, 23)
Added Edge: (8, 10)
Added Edge: (9, 10)
Added Edge: (10, 19)
Added Edge: (10, 23)
Added Edge: (11, 16)
Added Edge: (13, 14)
Added Edge: (13, 18)
Added Edge: (13, 20)
Added Edge: (15, 22)
Added Edge: (16, 29)
Added Edge: (17, 29)
Added Edge: (18, 28)
Added Edge: (21, 25)
Added Edge: (22, 25)
Added Edge: (22, 26)
Added Edge: (25, 28)
========================
