========================
TIME_LIMIT_SECONDS: 900
ODD_HOLE_TERMINATION_PERCENTAGE: 999
N_THREADS: 24
IS_RUNNING_HEURISTIC_ON_CANDIDATE: 0
IS_RUNNING_HEURISTIC_ON_RELAXATION: 1
ADD_ALL_AT_START: 0
========================
Wall-Clock Runtime (ms): 901887
Calculated Odd Hole Termination Batch Size: 0
Total Time of All Workers in OddHoleAlg (nano): 333918206
Total Time of All Workers in OddHoleAlg (ms): 333
OddHoleAlg calls: 24
Number of Found Odd-Holes: 112163
Number of Found Odd Anti-Holes: 69614
Is Optimal? (1e-6): 0
Optimality Gap: 0.530726
Objective Value: 179
Number of Feasible Solutions Found: 1825
Number of Times Heuristic is Called: 2504
Total number of added OH and OHbar Cuts: 181777
Number of Explored B&C tree nodes: 12669
Number of Unexplored B&C tree nodes: 1636
========================
Input Graph:
Number of Vertices: 40
Erdos Renyi p Parameter: 0.5
Number of Edges: 371
Expected No of Odd Holes: 10991
Expected No of Odd Anti Holes: 3280
ODD_HOLE_TERMINATION_BATCH_SIZE: 0
Graph Density: 0.475641
0,1,0,0,1,0,0,0,0,0,0,0,1,0,0,0,1,1,1,1,0,1,0,1,0,1,0,1,0,0,0,1,0,1,1,1,1,0,1,0,
1,0,1,1,1,1,0,0,1,0,1,1,0,1,1,0,1,1,1,0,1,1,0,1,1,0,0,0,0,0,0,0,0,1,0,0,0,0,1,0,
0,1,0,1,1,0,1,1,1,1,0,0,1,0,0,0,0,1,0,0,1,1,0,0,0,1,0,1,1,0,0,1,1,0,1,0,0,0,1,0,
0,1,1,0,1,0,1,0,1,0,1,1,0,0,1,1,1,0,0,1,0,0,1,0,1,1,1,1,1,1,0,1,0,0,1,1,1,0,0,1,
1,1,1,1,0,0,0,0,0,0,0,1,0,0,1,0,0,0,1,0,1,0,1,1,0,0,0,0,1,1,0,1,0,1,1,1,1,1,1,1,
0,1,0,0,0,0,0,1,1,1,0,0,1,0,0,0,1,0,1,0,1,0,1,1,0,0,0,1,1,0,1,0,1,1,1,0,0,0,0,1,
0,0,1,1,0,0,0,0,0,0,0,1,0,0,1,1,0,0,1,0,1,0,1,0,1,1,0,1,1,1,1,1,1,0,0,1,1,1,0,0,
0,0,1,0,0,1,0,0,1,1,0,0,1,1,0,1,0,0,0,1,1,1,0,0,0,1,0,1,0,0,1,0,0,1,0,1,1,0,0,1,
0,1,1,1,0,1,0,1,0,0,0,0,1,0,1,0,1,1,0,1,0,1,0,0,1,0,1,1,0,0,1,0,0,1,0,0,0,0,0,1,
0,0,1,0,0,1,0,1,0,0,1,0,0,0,1,1,1,1,1,0,0,1,0,1,0,1,0,1,1,1,0,1,0,1,0,0,0,1,1,0,
0,1,0,1,0,0,0,0,0,1,0,1,0,0,0,1,1,0,0,1,0,1,1,1,1,0,0,0,0,0,0,1,0,0,0,0,1,0,1,0,
0,1,0,1,1,0,1,0,0,0,1,0,1,1,1,0,1,1,0,0,1,1,1,1,1,0,0,1,1,0,1,1,0,0,1,0,0,0,0,1,
1,0,1,0,0,1,0,1,1,0,0,1,0,1,1,0,0,1,0,0,0,0,1,0,0,1,0,1,1,0,0,0,1,0,0,0,1,0,1,0,
0,1,0,0,0,0,0,1,0,0,0,1,1,0,0,1,1,0,0,0,1,1,0,0,1,1,0,0,0,1,1,1,0,0,1,0,1,0,0,0,
0,1,0,1,1,0,1,0,1,1,0,1,1,0,0,1,1,1,0,1,1,0,0,1,1,1,1,0,0,1,1,0,0,0,0,1,1,0,1,1,
0,0,0,1,0,0,1,1,0,1,1,0,0,1,1,0,0,0,1,0,0,0,0,0,1,1,0,0,1,1,1,0,1,1,1,0,0,1,0,0,
1,1,0,1,0,1,0,0,1,1,1,1,0,1,1,0,0,0,1,0,0,0,1,1,0,1,0,0,1,0,1,1,1,1,1,0,1,0,0,1,
1,1,1,0,0,0,0,0,1,1,0,1,1,0,1,0,0,0,0,0,1,0,1,0,0,0,0,0,0,1,1,1,1,0,1,0,0,1,1,1,
1,1,0,0,1,1,1,0,0,1,0,0,0,0,0,1,1,0,0,1,0,1,0,0,0,0,0,1,0,1,1,1,0,1,0,1,0,0,0,1,
1,0,0,1,0,0,0,1,1,0,1,0,0,0,1,0,0,0,1,0,1,1,1,1,0,1,1,0,0,0,1,0,1,1,1,1,0,1,0,1,
0,1,1,0,1,1,1,1,0,0,0,1,0,1,1,0,0,1,0,1,0,1,1,1,1,1,1,1,0,0,1,0,0,0,0,0,1,0,1,1,
1,1,1,0,0,0,0,1,1,1,1,1,0,1,0,0,0,0,1,1,1,0,1,1,1,0,1,0,1,0,1,0,0,0,0,1,1,0,1,0,
0,0,0,1,1,1,1,0,0,0,1,1,1,0,0,0,1,1,0,1,1,1,0,0,0,1,0,0,1,1,0,0,0,1,1,0,0,0,1,0,
1,1,0,0,1,1,0,0,0,1,1,1,0,0,1,0,1,0,0,1,1,1,0,0,0,0,0,1,1,1,1,1,0,0,1,1,1,1,0,1,
0,1,0,1,0,0,1,0,1,0,1,1,0,1,1,1,0,0,0,0,1,1,0,0,0,1,0,0,0,1,1,0,0,1,0,1,0,1,0,1,
1,0,1,1,0,0,1,1,0,1,0,0,1,1,1,1,1,0,0,1,1,0,1,0,1,0,0,0,1,0,1,0,1,1,0,0,1,0,0,1,
0,0,0,1,0,0,0,0,1,0,0,0,0,0,1,0,0,0,0,1,1,1,0,0,0,0,0,0,0,0,0,0,1,1,0,1,0,0,1,1,
1,0,1,1,0,1,1,1,1,1,0,1,1,0,0,0,0,0,1,0,1,0,0,1,0,0,0,0,1,0,0,1,1,1,1,0,1,1,0,0,
0,0,1,1,1,1,1,0,0,1,0,1,1,0,0,1,1,0,0,0,0,1,1,1,0,1,0,1,0,0,0,1,0,1,1,0,0,1,1,1,
0,0,0,1,1,0,1,0,0,1,0,0,0,1,1,1,0,1,1,0,0,0,1,1,1,0,0,0,0,0,1,0,0,0,0,1,0,1,0,1,
0,0,0,0,0,1,1,1,1,0,0,1,0,1,1,1,1,1,1,1,1,1,0,1,1,1,0,0,0,1,0,1,0,0,0,1,0,0,0,0,
1,0,1,1,1,0,1,0,0,1,1,1,0,1,0,0,1,1,1,0,0,0,0,1,0,0,0,1,1,0,1,0,0,0,0,1,0,0,1,1,
0,0,1,0,0,1,1,0,0,0,0,0,1,0,0,1,1,1,0,1,0,0,0,0,0,1,1,1,0,0,0,0,0,0,0,0,1,1,1,0,
1,1,0,0,1,1,0,1,1,1,0,0,0,0,0,1,1,0,1,1,0,0,1,0,1,1,1,1,1,0,0,0,0,0,1,1,0,1,0,1,
1,0,1,1,1,1,0,0,0,0,0,1,0,1,0,1,1,1,0,1,0,0,1,1,0,0,0,1,1,0,0,0,0,1,0,1,0,0,0,0,
1,0,0,1,1,0,1,1,0,0,0,0,0,0,1,0,0,0,1,1,0,1,0,1,1,0,1,0,0,1,1,1,0,1,1,0,0,0,1,1,
1,0,0,1,1,0,1,1,0,0,1,0,1,1,1,0,1,0,0,0,1,1,0,1,0,1,0,1,0,0,0,0,1,0,0,0,0,1,0,1,
0,0,0,0,1,0,1,0,0,1,0,0,0,0,0,1,0,1,0,1,0,0,0,1,1,0,0,1,1,1,0,0,1,1,0,0,1,0,1,0,
1,1,1,0,1,0,0,0,0,1,1,0,1,0,1,0,0,1,0,0,1,1,1,0,0,0,1,0,1,0,0,1,1,0,0,1,0,1,0,0,
0,0,0,1,1,1,0,1,1,0,0,1,0,0,1,0,1,1,1,1,1,0,0,1,1,1,1,0,1,1,0,1,0,1,0,1,1,0,0,0,
========================
Output Graph: 
Number of Vertices: 40
Number of Edges: 550
Graph Density: 0.705128
0,1,0,0,1,1,1,0,0,1,0,0,1,0,0,1,1,1,1,1,0,1,0,1,1,1,0,1,0,1,0,1,0,1,1,1,1,0,1,0,
1,0,1,1,1,1,1,0,1,1,1,1,0,1,1,1,1,1,1,1,1,1,1,1,1,1,0,1,1,0,1,1,1,1,0,1,1,0,1,1,
0,1,0,1,1,1,1,1,1,1,0,1,1,0,0,1,1,1,0,1,1,1,0,1,1,1,0,1,1,1,1,1,1,1,1,1,1,0,1,1,
0,1,1,0,1,1,1,0,1,1,1,1,1,0,1,1,1,1,0,1,1,1,1,1,1,1,1,1,1,1,0,1,0,0,1,1,1,0,1,1,
1,1,1,1,0,0,0,0,0,0,0,1,0,1,1,0,0,0,1,0,1,0,1,1,0,0,0,0,1,1,1,1,1,1,1,1,1,1,1,1,
1,1,1,1,0,0,0,1,1,1,0,1,1,1,1,0,1,0,1,0,1,0,1,1,0,1,0,1,1,0,1,0,1,1,1,0,1,0,1,1,
1,1,1,1,0,0,0,0,0,0,0,1,0,1,1,1,0,1,1,0,1,0,1,1,1,1,0,1,1,1,1,1,1,1,1,1,1,1,1,1,
0,0,1,0,0,1,0,0,1,1,0,0,1,1,0,1,1,1,0,1,1,1,0,0,1,1,0,1,0,0,1,0,0,1,0,1,1,0,0,1,
0,1,1,1,0,1,0,1,0,0,0,0,1,1,1,0,1,1,0,1,0,1,0,0,1,0,1,1,0,0,1,0,1,1,0,1,0,0,1,1,
1,1,1,1,0,1,0,1,0,0,1,1,0,1,1,1,1,1,1,1,1,1,1,1,1,1,0,1,1,1,1,1,1,1,1,1,1,1,1,1,
0,1,0,1,0,0,0,0,0,1,0,1,0,0,0,1,1,1,0,1,0,1,1,1,1,0,0,0,0,0,0,1,0,0,0,1,1,0,1,0,
0,1,1,1,1,1,1,0,0,1,1,0,1,1,1,1,1,1,0,1,1,1,1,1,1,1,0,1,1,1,1,1,1,1,1,1,1,0,1,1,
1,0,1,1,0,1,0,1,1,0,0,1,0,1,1,0,0,1,0,0,1,0,1,1,0,1,0,1,1,0,1,0,1,1,0,0,1,0,1,1,
0,1,0,0,1,1,1,1,1,1,0,1,1,0,0,1,1,1,0,1,1,1,0,1,1,1,0,1,0,1,1,1,0,0,1,1,1,0,1,0,
0,1,0,1,1,1,1,0,1,1,0,1,1,0,0,1,1,1,0,1,1,1,0,1,1,1,1,1,0,1,1,0,0,1,0,1,1,0,1,1,
1,1,1,1,0,0,1,1,0,1,1,1,0,1,1,0,0,0,1,0,1,0,1,1,1,1,0,0,1,1,1,1,1,1,1,0,1,1,1,1,
1,1,1,1,0,1,0,1,1,1,1,1,0,1,1,0,0,1,1,0,1,0,1,1,0,1,0,0,1,0,1,1,1,1,1,0,1,0,1,1,
1,1,1,1,0,0,1,1,1,1,1,1,1,1,1,0,1,0,1,0,1,0,1,1,0,1,0,1,1,1,1,1,1,1,1,0,1,1,1,1,
1,1,0,0,1,1,1,0,0,1,0,0,0,0,0,1,1,1,0,1,0,1,0,0,1,0,0,1,0,1,1,1,0,1,0,1,0,0,0,1,
1,1,1,1,0,0,0,1,1,1,1,1,0,1,1,0,0,0,1,0,1,1,1,1,0,1,1,0,1,0,1,1,1,1,1,1,1,1,1,1,
0,1,1,1,1,1,1,1,0,1,0,1,1,1,1,1,1,1,0,1,0,1,1,1,1,1,1,1,0,0,1,0,1,1,0,1,1,0,1,1,
1,1,1,1,0,0,0,1,1,1,1,1,0,1,1,0,0,0,1,1,1,0,1,1,1,1,1,0,1,0,1,1,1,1,0,1,1,1,1,1,
0,1,0,1,1,1,1,0,0,1,1,1,1,0,0,1,1,1,0,1,1,1,0,0,1,1,0,1,1,1,0,1,0,1,1,1,1,0,1,0,
1,1,1,1,1,1,1,0,0,1,1,1,1,1,1,1,1,1,0,1,1,1,0,0,1,1,0,1,1,1,1,1,1,1,1,1,1,1,0,1,
1,1,1,1,0,0,1,1,1,1,1,1,0,1,1,1,0,0,1,0,1,1,1,1,0,1,0,0,1,1,1,1,1,1,1,1,1,1,1,1,
1,1,1,1,0,1,1,1,0,1,0,1,1,1,1,1,1,1,0,1,1,1,1,1,1,0,0,1,1,0,1,0,1,1,0,1,1,0,1,1,
0,0,0,1,0,0,0,0,1,0,0,0,0,0,1,0,0,0,0,1,1,1,0,0,0,0,0,0,0,0,1,0,1,1,0,1,0,0,1,1,
1,1,1,1,0,1,1,1,1,1,0,1,1,1,1,0,0,1,1,0,1,0,1,1,0,1,0,0,1,0,1,1,1,1,1,0,1,1,1,1,
0,1,1,1,1,1,1,0,0,1,0,1,1,0,0,1,1,1,0,1,0,1,1,1,1,1,0,1,0,1,0,1,1,1,1,1,1,1,1,1,
1,0,1,1,1,0,1,0,0,1,0,1,0,1,1,1,0,1,1,0,0,0,1,1,1,0,0,0,1,0,1,0,1,1,1,1,1,1,1,1,
0,1,1,0,1,1,1,1,1,1,0,1,1,1,1,1,1,1,1,1,1,1,0,1,1,1,1,1,0,1,0,1,0,0,1,1,1,0,1,0,
1,1,1,1,1,0,1,0,0,1,1,1,0,1,0,1,1,1,1,1,0,1,1,1,1,0,0,1,1,0,1,0,1,1,0,1,1,0,1,1,
0,1,1,0,1,1,1,0,1,1,0,1,1,0,0,1,1,1,0,1,1,1,0,1,1,1,1,1,1,1,0,1,0,0,1,1,1,1,1,0,
1,1,1,0,1,1,1,1,1,1,0,1,1,0,1,1,1,1,1,1,1,1,1,1,1,1,1,1,1,1,0,1,0,0,1,1,1,1,1,1,
1,0,1,1,1,1,1,0,0,1,0,1,0,1,0,1,1,1,0,1,0,0,1,1,1,0,0,1,1,1,1,0,1,1,0,1,0,0,1,1,
1,1,1,1,1,0,1,1,1,1,1,1,0,1,1,0,0,0,1,1,1,1,1,1,1,1,1,0,1,1,1,1,1,1,1,0,1,1,1,1,
1,1,1,1,1,1,1,1,0,1,1,1,1,1,1,1,1,1,0,1,1,1,1,1,1,1,0,1,1,1,1,1,1,1,0,1,0,1,1,1,
0,0,0,0,1,0,1,0,0,1,0,0,0,0,0,1,0,1,0,1,0,1,0,1,1,0,0,1,1,1,0,0,1,1,0,1,1,0,1,0,
1,1,1,1,1,1,1,0,1,1,1,1,1,1,1,1,1,1,0,1,1,1,1,0,1,1,1,1,1,1,1,1,1,1,1,1,1,1,0,1,
0,1,1,1,1,1,1,1,1,1,0,1,1,0,1,1,1,1,1,1,1,1,0,1,1,1,1,1,1,1,0,1,0,1,1,1,1,0,1,0,
Is Output Graph Empty or Complete?: 0
Ratio of Added Edges Over Added + Removed Edges: 1
Changes from Input to Output: 
Added Edge: (0, 5)
Added Edge: (0, 6)
Added Edge: (0, 9)
Added Edge: (0, 15)
Added Edge: (0, 24)
Added Edge: (0, 29)
Added Edge: (1, 6)
Added Edge: (1, 9)
Added Edge: (1, 15)
Added Edge: (1, 19)
Added Edge: (1, 22)
Added Edge: (1, 25)
Added Edge: (1, 27)
Added Edge: (1, 28)
Added Edge: (1, 30)
Added Edge: (1, 31)
Added Edge: (1, 32)
Added Edge: (1, 35)
Added Edge: (1, 36)
Added Edge: (1, 39)
Added Edge: (2, 5)
Added Edge: (2, 11)
Added Edge: (2, 15)
Added Edge: (2, 16)
Added Edge: (2, 19)
Added Edge: (2, 23)
Added Edge: (2, 24)
Added Edge: (2, 29)
Added Edge: (2, 30)
Added Edge: (2, 33)
Added Edge: (2, 35)
Added Edge: (2, 36)
Added Edge: (2, 39)
Added Edge: (3, 5)
Added Edge: (3, 9)
Added Edge: (3, 12)
Added Edge: (3, 17)
Added Edge: (3, 20)
Added Edge: (3, 21)
Added Edge: (3, 23)
Added Edge: (3, 38)
Added Edge: (4, 13)
Added Edge: (4, 30)
Added Edge: (4, 32)
Added Edge: (5, 11)
Added Edge: (5, 13)
Added Edge: (5, 14)
Added Edge: (5, 25)
Added Edge: (5, 36)
Added Edge: (5, 38)
Added Edge: (6, 13)
Added Edge: (6, 17)
Added Edge: (6, 23)
Added Edge: (6, 33)
Added Edge: (6, 34)
Added Edge: (6, 38)
Added Edge: (6, 39)
Added Edge: (7, 16)
Added Edge: (7, 17)
Added Edge: (7, 24)
Added Edge: (8, 13)
Added Edge: (8, 32)
Added Edge: (8, 35)
Added Edge: (8, 38)
Added Edge: (9, 11)
Added Edge: (9, 13)
Added Edge: (9, 19)
Added Edge: (9, 20)
Added Edge: (9, 22)
Added Edge: (9, 24)
Added Edge: (9, 30)
Added Edge: (9, 32)
Added Edge: (9, 34)
Added Edge: (9, 35)
Added Edge: (9, 36)
Added Edge: (9, 39)
Added Edge: (10, 17)
Added Edge: (10, 35)
Added Edge: (11, 15)
Added Edge: (11, 19)
Added Edge: (11, 25)
Added Edge: (11, 29)
Added Edge: (11, 32)
Added Edge: (11, 33)
Added Edge: (11, 35)
Added Edge: (11, 36)
Added Edge: (11, 38)
Added Edge: (12, 20)
Added Edge: (12, 23)
Added Edge: (12, 30)
Added Edge: (12, 33)
Added Edge: (12, 39)
Added Edge: (13, 17)
Added Edge: (13, 19)
Added Edge: (13, 23)
Added Edge: (13, 27)
Added Edge: (13, 35)
Added Edge: (13, 38)
Added Edge: (14, 21)
Added Edge: (14, 27)
Added Edge: (14, 33)
Added Edge: (15, 20)
Added Edge: (15, 22)
Added Edge: (15, 23)
Added Edge: (15, 31)
Added Edge: (15, 36)
Added Edge: (15, 38)
Added Edge: (15, 39)
Added Edge: (16, 17)
Added Edge: (16, 20)
Added Edge: (16, 38)
Added Edge: (17, 18)
Added Edge: (17, 23)
Added Edge: (17, 25)
Added Edge: (17, 27)
Added Edge: (17, 28)
Added Edge: (17, 33)
Added Edge: (17, 36)
Added Edge: (18, 24)
Added Edge: (19, 28)
Added Edge: (19, 31)
Added Edge: (19, 36)
Added Edge: (19, 38)
Added Edge: (20, 32)
Added Edge: (20, 33)
Added Edge: (20, 35)
Added Edge: (21, 25)
Added Edge: (21, 31)
Added Edge: (21, 32)
Added Edge: (21, 33)
Added Edge: (21, 37)
Added Edge: (21, 39)
Added Edge: (22, 24)
Added Edge: (22, 27)
Added Edge: (22, 31)
Added Edge: (22, 35)
Added Edge: (22, 36)
Added Edge: (23, 24)
Added Edge: (23, 25)
Added Edge: (23, 32)
Added Edge: (23, 33)
Added Edge: (24, 28)
Added Edge: (24, 31)
Added Edge: (24, 32)
Added Edge: (24, 34)
Added Edge: (24, 36)
Added Edge: (24, 38)
Added Edge: (25, 27)
Added Edge: (25, 35)
Added Edge: (25, 38)
Added Edge: (26, 30)
Added Edge: (27, 30)
Added Edge: (27, 38)
Added Edge: (27, 39)
Added Edge: (28, 29)
Added Edge: (28, 32)
Added Edge: (28, 35)
Added Edge: (28, 36)
Added Edge: (29, 32)
Added Edge: (29, 33)
Added Edge: (29, 34)
Added Edge: (29, 36)
Added Edge: (29, 38)
Added Edge: (30, 34)
Added Edge: (30, 36)
Added Edge: (30, 38)
Added Edge: (31, 32)
Added Edge: (31, 33)
Added Edge: (31, 36)
Added Edge: (32, 34)
Added Edge: (32, 35)
Added Edge: (33, 36)
Added Edge: (33, 38)
Added Edge: (34, 38)
Added Edge: (34, 39)
Added Edge: (35, 36)
Added Edge: (35, 37)
Added Edge: (36, 38)
Added Edge: (38, 39)
========================
