========================
TIME_LIMIT_SECONDS: 900
ODD_HOLE_TERMINATION_PERCENTAGE: 999
N_THREADS: 24
IS_RUNNING_HEURISTIC_ON_CANDIDATE: 1
IS_RUNNING_HEURISTIC_ON_RELAXATION: 1
ADD_ALL_AT_START: 0
========================
Wall-Clock Runtime (ms): 901081
Calculated Odd Hole Termination Batch Size: 0
Total Time of All Workers in OddHoleAlg (nano): 92770234
Total Time of All Workers in OddHoleAlg (ms): 92
OddHoleAlg calls: 50
Number of Found Odd-Holes: 28351
Number of Found Odd Anti-Holes: 23924
Is Optimal? (1e-6): 0
Optimality Gap: 0.333959
Objective Value: 78
Number of Feasible Solutions Found: 14131
Number of Times Heuristic is Called: 22044
Total number of added OH and OHbar Cuts: 52275
Number of Explored B&C tree nodes: 114015
Number of Unexplored B&C tree nodes: 90929
========================
Input Graph:
Number of Vertices: 30
Erdos Renyi p Parameter: 0.5
Number of Edges: 204
Expected No of Odd Holes: 2023
Expected No of Odd Anti Holes: 353
ODD_HOLE_TERMINATION_BATCH_SIZE: 0
Graph Density: 0.468966
0,1,0,0,0,1,1,0,0,1,1,1,0,1,0,1,0,0,1,0,0,0,1,0,1,0,0,0,1,0,
1,0,1,0,0,0,1,0,1,0,1,1,1,0,1,0,1,0,0,0,1,0,1,1,0,0,0,1,1,1,
0,1,0,1,0,1,0,1,0,1,0,1,0,0,0,1,0,0,0,0,1,1,0,0,1,0,0,0,1,1,
0,0,1,0,0,0,1,1,1,1,0,0,0,1,0,0,0,0,1,1,1,0,0,1,1,0,0,1,0,0,
0,0,0,0,0,0,0,0,0,0,1,0,0,1,1,0,1,0,1,1,1,0,1,1,1,0,1,0,1,1,
1,0,1,0,0,0,1,1,1,0,1,1,0,1,0,0,1,0,1,0,0,0,0,0,0,1,1,1,0,1,
1,1,0,1,0,1,0,0,1,0,1,1,1,1,0,0,1,0,0,0,0,0,1,0,1,0,0,0,1,1,
0,0,1,1,0,1,0,0,0,1,1,1,0,0,1,1,0,1,0,0,0,0,1,1,1,1,0,1,0,0,
0,1,0,1,0,1,1,0,0,1,1,1,1,1,0,1,1,0,0,0,0,0,1,1,0,1,1,1,0,1,
1,0,1,1,0,0,0,1,1,0,0,0,1,0,0,1,1,0,0,0,1,0,0,1,0,1,1,1,0,0,
1,1,0,0,1,1,1,1,1,0,0,1,0,0,1,0,0,0,1,0,0,0,0,1,0,1,0,0,0,0,
1,1,1,0,0,1,1,1,1,0,1,0,1,0,1,1,0,0,0,0,0,1,0,1,1,1,1,0,0,1,
0,1,0,0,0,0,1,0,1,1,0,1,0,0,0,0,1,1,0,1,1,0,1,1,0,1,0,1,1,1,
1,0,0,1,1,1,1,0,1,0,0,0,0,0,0,0,1,0,0,0,1,1,0,1,0,0,1,0,1,1,
0,1,0,0,1,0,0,1,0,0,1,1,0,0,0,1,0,1,0,0,0,1,1,0,0,1,0,1,0,0,
1,0,1,0,0,0,0,1,1,1,0,1,0,0,1,0,0,1,0,0,0,0,1,1,0,1,1,0,0,0,
0,1,0,0,1,1,1,0,1,1,0,0,1,1,0,0,0,1,1,0,0,1,0,0,1,1,0,0,0,1,
0,0,0,0,0,0,0,1,0,0,0,0,1,0,1,1,1,0,0,0,1,0,0,0,0,0,1,1,1,1,
1,0,0,1,1,1,0,0,0,0,1,0,0,0,0,0,1,0,0,1,1,0,1,1,0,0,0,1,0,1,
0,0,0,1,1,0,0,0,0,0,0,0,1,0,0,0,0,0,1,0,1,1,1,0,1,0,0,0,0,1,
0,1,1,1,1,0,0,0,0,1,0,0,1,1,0,0,0,1,1,1,0,1,0,1,1,0,1,1,0,0,
0,0,1,0,0,0,0,0,0,0,0,1,0,1,1,0,1,0,0,1,1,0,1,0,1,1,1,0,1,1,
1,1,0,0,1,0,1,1,1,0,0,0,1,0,1,1,0,0,1,1,0,1,0,0,1,1,0,1,0,1,
0,1,0,1,1,0,0,1,1,1,1,1,1,1,0,1,0,0,1,0,1,0,0,0,0,1,0,0,1,1,
1,0,1,1,1,0,1,1,0,0,0,1,0,0,0,0,1,0,0,1,1,1,1,0,0,0,1,0,0,0,
0,0,0,0,0,1,0,1,1,1,1,1,1,0,1,1,1,0,0,0,0,1,1,1,0,0,1,0,0,0,
0,0,0,0,1,1,0,0,1,1,0,1,0,1,0,1,0,1,0,0,1,1,0,0,1,1,0,1,0,1,
0,1,0,1,0,1,0,1,1,1,0,0,1,0,1,0,0,1,1,0,1,0,1,0,0,0,1,0,1,1,
1,1,1,0,1,0,1,0,0,0,0,0,1,1,0,0,0,1,0,0,0,1,0,1,0,0,0,1,0,1,
0,1,1,0,1,1,1,0,1,0,0,1,1,1,0,0,1,1,1,1,0,1,1,1,0,0,1,1,1,0,
========================
Output Graph: 
Number of Vertices: 30
Number of Edges: 282
Graph Density: 0.648276
0,1,0,1,1,1,1,0,0,1,1,1,1,1,0,1,0,0,1,0,0,1,1,0,1,0,0,0,1,0,
1,0,1,0,0,0,1,1,1,0,1,1,1,0,1,0,1,0,0,0,1,0,1,1,0,0,1,1,1,1,
0,1,0,1,1,1,0,1,0,1,1,1,1,0,0,1,0,0,0,0,1,1,1,0,1,0,0,0,1,1,
1,0,1,0,0,0,1,1,1,1,1,1,0,1,1,0,1,0,1,1,1,0,1,1,1,1,1,1,1,1,
1,0,1,0,0,0,1,1,1,0,1,1,0,1,1,0,1,0,1,1,1,0,1,1,1,0,1,1,1,1,
1,0,1,0,0,0,1,1,1,0,1,1,0,1,1,0,1,0,1,1,1,0,1,1,0,1,1,1,1,1,
1,1,0,1,1,1,0,0,1,0,1,1,1,1,0,0,1,0,1,0,0,1,1,0,1,0,0,0,1,1,
0,1,1,1,1,1,0,0,0,1,1,1,1,0,1,1,0,1,0,0,0,1,1,1,1,1,0,1,0,0,
0,1,0,1,1,1,1,0,0,1,1,1,1,1,0,1,1,0,0,0,1,1,1,1,1,1,1,1,1,1,
1,0,1,1,0,0,0,1,1,0,1,1,1,0,1,1,1,0,0,0,1,0,1,1,0,1,1,1,1,1,
1,1,1,1,1,1,1,1,1,1,0,1,1,1,1,1,0,1,1,0,0,1,0,1,1,1,0,1,0,0,
1,1,1,1,1,1,1,1,1,1,1,0,1,1,1,1,0,1,1,0,0,1,0,1,1,1,1,1,0,1,
1,1,1,0,0,0,1,1,1,1,1,1,0,0,1,0,1,1,0,1,1,0,1,1,0,1,1,1,1,1,
1,0,0,1,1,1,1,0,1,0,1,1,0,0,0,0,1,0,0,0,1,1,1,1,0,0,1,1,1,1,
0,1,0,1,1,1,0,1,0,1,1,1,1,0,0,1,0,1,0,0,0,1,1,0,0,1,0,1,0,0,
1,0,1,0,0,0,0,1,1,1,1,1,0,0,1,0,1,1,0,0,1,0,1,1,0,1,1,1,1,1,
0,1,0,1,1,1,1,0,1,1,0,0,1,1,0,1,0,1,1,0,0,1,0,0,1,1,0,0,0,1,
0,0,0,0,0,0,0,1,0,0,1,1,1,0,1,1,1,0,0,0,1,0,1,1,0,0,1,1,1,1,
1,0,0,1,1,1,1,0,0,0,1,1,0,0,0,0,1,0,0,1,1,0,1,1,0,0,0,1,1,1,
0,0,0,1,1,1,0,0,0,0,0,0,1,0,0,0,0,0,1,0,1,1,1,0,1,0,0,0,0,1,
0,1,1,1,1,1,0,0,1,1,0,0,1,1,0,1,0,1,1,1,0,1,0,1,1,1,1,1,0,0,
1,0,1,0,0,0,1,1,1,0,1,1,0,1,1,0,1,0,0,1,1,0,1,1,1,1,1,1,1,1,
1,1,1,1,1,1,1,1,1,1,0,0,1,1,1,1,0,1,1,1,0,1,0,1,1,1,0,1,0,1,
0,1,0,1,1,1,0,1,1,1,1,1,1,1,0,1,0,1,1,0,1,1,1,0,1,1,0,0,1,1,
1,0,1,1,1,0,1,1,1,0,1,1,0,0,0,0,1,0,0,1,1,1,1,1,0,0,1,1,1,1,
0,0,0,1,0,1,0,1,1,1,1,1,1,0,1,1,1,0,0,0,1,1,1,1,0,0,1,1,1,1,
0,1,0,1,1,1,0,0,1,1,0,1,1,1,0,1,0,1,0,0,1,1,0,0,1,1,0,1,0,1,
0,1,0,1,1,1,0,1,1,1,1,1,1,1,1,1,0,1,1,0,1,1,1,0,1,1,1,0,1,1,
1,1,1,1,1,1,1,0,1,1,0,0,1,1,0,1,0,1,1,0,0,1,0,1,1,1,0,1,0,1,
0,1,1,1,1,1,1,0,1,1,0,1,1,1,0,1,1,1,1,1,0,1,1,1,1,1,1,1,1,0,
Is Output Graph Empty or Complete?: 0
Ratio of Added Edges Over Added + Removed Edges: 1
Changes from Input to Output: 
Added Edge: (0, 3)
Added Edge: (0, 4)
Added Edge: (0, 12)
Added Edge: (0, 21)
Added Edge: (1, 7)
Added Edge: (1, 26)
Added Edge: (2, 4)
Added Edge: (2, 10)
Added Edge: (2, 12)
Added Edge: (2, 22)
Added Edge: (3, 10)
Added Edge: (3, 11)
Added Edge: (3, 14)
Added Edge: (3, 16)
Added Edge: (3, 22)
Added Edge: (3, 25)
Added Edge: (3, 26)
Added Edge: (3, 28)
Added Edge: (3, 29)
Added Edge: (4, 6)
Added Edge: (4, 7)
Added Edge: (4, 8)
Added Edge: (4, 11)
Added Edge: (4, 27)
Added Edge: (5, 14)
Added Edge: (5, 19)
Added Edge: (5, 20)
Added Edge: (5, 22)
Added Edge: (5, 23)
Added Edge: (5, 28)
Added Edge: (6, 18)
Added Edge: (6, 21)
Added Edge: (7, 12)
Added Edge: (7, 21)
Added Edge: (8, 20)
Added Edge: (8, 21)
Added Edge: (8, 24)
Added Edge: (8, 28)
Added Edge: (9, 10)
Added Edge: (9, 11)
Added Edge: (9, 14)
Added Edge: (9, 22)
Added Edge: (9, 28)
Added Edge: (9, 29)
Added Edge: (10, 12)
Added Edge: (10, 13)
Added Edge: (10, 15)
Added Edge: (10, 17)
Added Edge: (10, 21)
Added Edge: (10, 24)
Added Edge: (10, 27)
Added Edge: (11, 13)
Added Edge: (11, 17)
Added Edge: (11, 18)
Added Edge: (11, 27)
Added Edge: (12, 14)
Added Edge: (12, 26)
Added Edge: (13, 22)
Added Edge: (13, 27)
Added Edge: (15, 16)
Added Edge: (15, 20)
Added Edge: (15, 27)
Added Edge: (15, 28)
Added Edge: (15, 29)
Added Edge: (17, 22)
Added Edge: (17, 23)
Added Edge: (18, 28)
Added Edge: (20, 25)
Added Edge: (21, 23)
Added Edge: (21, 27)
Added Edge: (22, 23)
Added Edge: (23, 24)
Added Edge: (24, 27)
Added Edge: (24, 28)
Added Edge: (24, 29)
Added Edge: (25, 27)
Added Edge: (25, 28)
Added Edge: (25, 29)
========================
