========================
TIME_LIMIT_SECONDS: 900
ODD_HOLE_TERMINATION_PERCENTAGE: 999
N_THREADS: 24
IS_RUNNING_HEURISTIC_ON_CANDIDATE: 1
IS_RUNNING_HEURISTIC_ON_RELAXATION: 1
ADD_ALL_AT_START: 1
========================
Wall-Clock Runtime (ms): 902271
Calculated Odd Hole Termination Batch Size: 0
Total Time of All Workers in OddHoleAlg (nano): 516685257
Total Time of All Workers in OddHoleAlg (ms): 516
OddHoleAlg calls: 34
Number of Found Odd-Holes: 10834
Number of Found Odd Anti-Holes: 231421
Is Optimal? (1e-6): 0
Optimality Gap: 0.571577
Objective Value: 190
Number of Feasible Solutions Found: 471
Number of Times Heuristic is Called: 526
Total number of added OH and OHbar Cuts: 242255
Number of Explored B&C tree nodes: 2560
Number of Unexplored B&C tree nodes: 2561
========================
Input Graph:
Number of Vertices: 40
Erdos Renyi p Parameter: 0.5
Number of Edges: 389
Expected No of Odd Holes: 10991
Expected No of Odd Anti Holes: 3280
ODD_HOLE_TERMINATION_BATCH_SIZE: 0
Graph Density: 0.498718
0,1,0,1,0,1,0,0,1,1,1,0,0,0,0,0,0,1,1,1,0,0,0,0,1,1,1,1,1,1,0,0,1,0,0,0,0,1,0,1,
1,0,0,1,1,0,0,1,1,0,0,1,0,0,1,0,0,0,0,1,0,1,0,1,1,0,0,0,1,0,0,0,1,1,0,1,1,1,1,1,
0,0,0,0,1,0,0,1,0,1,0,0,0,0,1,0,1,1,0,1,0,1,0,1,1,1,1,1,1,0,1,0,1,1,1,0,0,0,1,0,
1,1,0,0,0,0,0,0,1,0,0,1,0,0,0,1,0,1,1,0,1,0,0,0,1,0,0,1,1,1,1,1,1,1,1,1,1,0,1,1,
0,1,1,0,0,1,0,0,1,0,1,1,0,1,1,0,1,0,1,0,1,0,1,1,1,1,0,1,1,0,0,1,1,0,0,1,1,0,0,1,
1,0,0,0,1,0,0,1,0,0,1,0,0,1,1,1,1,0,0,0,0,0,1,1,0,0,1,0,1,1,0,0,0,1,1,1,0,0,1,0,
0,0,0,0,0,0,0,1,1,1,0,0,1,1,0,0,0,1,0,1,1,1,0,0,0,1,1,0,0,1,1,0,1,0,1,1,0,1,0,0,
0,1,1,0,0,1,1,0,0,0,1,1,1,1,0,0,0,0,1,0,1,1,0,0,0,1,0,1,1,0,1,1,0,0,0,0,0,0,1,1,
1,1,0,1,1,0,1,0,0,0,0,1,0,0,0,0,0,0,0,1,1,0,1,0,1,1,1,0,1,1,1,1,1,1,0,1,0,0,1,0,
1,0,1,0,0,0,1,0,0,0,0,0,1,0,0,1,1,1,0,0,0,0,0,0,1,0,0,1,0,0,0,1,0,0,1,1,1,1,0,1,
1,0,0,0,1,1,0,1,0,0,0,1,1,0,0,0,0,1,1,0,1,1,0,1,1,1,1,1,0,1,0,0,0,0,0,1,1,1,0,0,
0,1,0,1,1,0,0,1,1,0,1,0,0,1,1,1,1,0,1,1,1,1,1,0,1,1,1,1,1,1,1,1,1,0,1,0,1,1,0,1,
0,0,0,0,0,0,1,1,0,1,1,0,0,0,0,0,1,1,0,0,0,0,1,1,0,0,0,1,1,0,0,0,1,1,0,1,0,1,1,1,
0,0,0,0,1,1,1,1,0,0,0,1,0,0,0,0,0,0,0,0,1,1,1,1,1,0,1,0,1,1,0,0,1,0,1,0,0,1,1,0,
0,1,1,0,1,1,0,0,0,0,0,1,0,0,0,1,1,0,1,1,0,1,1,0,0,0,1,1,0,0,1,1,0,0,1,0,1,1,1,1,
0,0,0,1,0,1,0,0,0,1,0,1,0,0,1,0,1,1,0,0,1,0,0,1,1,0,0,0,1,1,0,1,0,0,0,1,0,1,1,1,
0,0,1,0,1,1,0,0,0,1,0,1,1,0,1,1,0,1,1,1,1,1,1,0,0,0,0,0,0,0,1,0,0,0,0,0,0,1,1,0,
1,0,1,1,0,0,1,0,0,1,1,0,1,0,0,1,1,0,0,1,1,1,0,0,0,1,1,0,0,1,0,1,0,1,1,0,0,0,0,1,
1,0,0,1,1,0,0,1,0,0,1,1,0,0,1,0,1,0,0,0,1,0,0,0,1,0,1,0,1,1,0,1,0,1,0,1,1,0,1,0,
1,1,1,0,0,0,1,0,1,0,0,1,0,0,1,0,1,1,0,0,1,0,1,1,0,1,0,1,0,1,1,1,1,0,1,1,0,1,1,0,
0,0,0,1,1,0,1,1,1,0,1,1,0,1,0,1,1,1,1,1,0,0,1,0,1,1,0,0,0,0,1,0,0,1,0,0,1,1,0,0,
0,1,1,0,0,0,1,1,0,0,1,1,0,1,1,0,1,1,0,0,0,0,1,0,0,0,1,0,1,1,1,1,1,0,1,1,0,1,1,1,
0,0,0,0,1,1,0,0,1,0,0,1,1,1,1,0,1,0,0,1,1,1,0,1,1,0,1,1,1,0,0,0,0,1,0,1,0,1,0,0,
0,1,1,0,1,1,0,0,0,0,1,0,1,1,0,1,0,0,0,1,0,0,1,0,1,0,0,0,0,1,0,1,0,0,1,1,1,0,1,1,
1,1,1,1,1,0,0,0,1,1,1,1,0,1,0,1,0,0,1,0,1,0,1,1,0,1,0,1,0,0,1,0,0,1,1,1,0,0,1,1,
1,0,1,0,1,0,1,1,1,0,1,1,0,0,0,0,0,1,0,1,1,0,0,0,1,0,1,1,1,0,1,1,0,0,1,0,1,1,0,0,
1,0,1,0,0,1,1,0,1,0,1,1,0,1,1,0,0,1,1,0,0,1,1,0,0,1,0,0,1,1,1,0,0,1,0,0,1,1,0,0,
1,0,1,1,1,0,0,1,0,1,1,1,1,0,1,0,0,0,0,1,0,0,1,0,1,1,0,0,0,0,0,0,0,1,0,0,0,0,0,1,
1,1,1,1,1,1,0,1,1,0,0,1,1,1,0,1,0,0,1,0,0,1,1,0,0,1,1,0,0,0,0,0,1,0,1,0,0,0,1,0,
1,0,0,1,0,1,1,0,1,0,1,1,0,1,0,1,0,1,1,1,0,1,0,1,0,0,1,0,0,0,0,1,1,0,1,0,1,1,0,1,
0,0,1,1,0,0,1,1,1,0,0,1,0,0,1,0,1,0,0,1,1,1,0,0,1,1,1,0,0,0,0,0,0,0,0,0,1,1,0,0,
0,0,0,1,1,0,0,1,1,1,0,1,0,0,1,1,0,1,1,1,0,1,0,1,0,1,0,0,0,1,0,0,1,1,1,1,1,0,1,0,
1,1,1,1,1,0,1,0,1,0,0,1,1,1,0,0,0,0,0,1,0,1,0,0,0,0,0,0,1,1,0,1,0,1,0,1,1,1,0,1,
0,1,1,1,0,1,0,0,1,0,0,0,1,0,0,0,0,1,1,0,1,0,1,0,1,0,1,1,0,0,0,1,1,0,0,1,1,1,0,1,
0,0,1,1,0,1,1,0,0,1,0,1,0,1,1,0,0,1,0,1,0,1,0,1,1,1,0,0,1,1,0,1,0,0,0,0,0,0,1,0,
0,1,0,1,1,1,1,0,1,1,1,0,1,0,0,1,0,0,1,1,0,1,1,1,1,0,0,0,0,0,0,1,1,1,0,0,1,0,1,0,
0,1,0,1,1,0,0,0,0,1,1,1,0,0,1,0,0,0,1,0,1,0,0,1,0,1,1,0,0,1,1,1,1,1,0,1,0,1,1,0,
1,1,0,0,0,0,1,0,0,1,1,1,1,1,1,1,1,0,0,1,1,1,1,0,0,1,1,0,0,1,1,0,1,1,0,0,1,0,0,1,
0,1,1,1,0,1,0,1,1,0,0,0,1,1,1,1,1,0,1,1,0,1,0,1,1,0,0,0,1,0,0,1,0,0,1,1,1,0,0,1,
1,1,0,1,1,0,0,1,0,1,0,1,1,0,1,1,0,1,0,0,0,1,0,1,1,0,0,1,0,1,0,0,1,1,0,0,0,1,1,0,
========================
Output Graph: 
Number of Vertices: 40
Number of Edges: 579
Graph Density: 0.742308
0,1,1,1,0,1,0,1,1,1,1,0,1,1,1,1,1,1,1,1,1,1,0,1,1,1,1,1,1,1,0,1,1,0,1,1,1,1,0,1,
1,0,0,1,1,0,0,1,1,0,0,1,0,0,1,0,0,0,0,1,0,1,1,1,1,0,0,0,1,0,0,0,1,1,0,1,1,1,1,1,
1,0,0,0,1,0,1,1,0,1,1,1,0,0,1,0,1,1,0,1,1,1,1,1,1,1,1,1,1,1,1,1,1,1,1,1,0,1,1,1,
1,1,0,0,1,0,1,1,1,1,1,1,0,1,1,1,1,1,1,0,1,1,1,1,1,1,1,1,1,1,1,1,1,1,1,1,1,1,1,1,
0,1,1,1,0,1,0,1,1,0,1,1,1,1,1,1,1,1,1,1,1,1,1,1,1,1,1,1,1,1,0,1,1,0,1,1,1,1,1,1,
1,0,0,0,1,0,1,1,0,1,1,1,0,1,1,1,1,0,0,0,1,0,1,1,1,1,1,0,1,1,0,1,0,1,1,1,0,0,1,1,
0,0,1,1,0,1,0,1,1,1,1,0,1,1,1,1,1,1,1,1,1,1,0,1,1,1,1,1,0,1,1,1,1,0,1,1,1,1,0,1,
1,1,1,1,1,1,1,0,1,0,1,1,1,1,0,0,1,1,1,1,1,1,0,0,0,1,1,1,1,1,1,1,0,0,1,1,1,1,1,1,
1,1,0,1,1,0,1,1,0,0,0,1,0,0,1,0,1,0,0,1,1,1,1,1,1,1,1,0,1,1,1,1,1,1,0,1,0,1,1,1,
1,0,1,1,0,1,1,0,0,0,0,0,1,1,0,1,1,1,0,1,1,1,0,0,1,0,1,1,0,0,0,1,0,0,1,1,1,1,0,1,
1,0,1,1,1,1,1,1,0,0,0,1,1,1,1,0,1,1,1,1,1,1,0,1,1,1,1,1,0,1,0,1,1,0,0,1,1,1,1,1,
0,1,1,1,1,1,0,1,1,0,1,0,1,1,1,1,1,1,1,1,1,1,1,1,1,1,1,1,1,1,1,1,1,0,1,1,1,1,0,1,
1,0,0,0,1,0,1,1,0,1,1,1,0,0,1,0,1,1,0,0,1,0,1,1,1,1,0,1,1,1,0,1,1,1,0,1,0,1,1,1,
1,0,0,1,1,1,1,1,0,1,1,1,0,0,1,1,0,1,0,0,1,1,1,1,1,1,1,0,1,1,0,1,1,1,1,0,0,1,1,0,
1,1,1,1,1,1,1,0,1,0,1,1,1,1,0,1,1,1,1,1,1,1,1,0,0,0,1,1,1,1,1,1,0,0,1,1,1,1,1,1,
1,0,0,1,1,1,1,0,0,1,0,1,0,1,1,0,1,1,0,0,1,0,0,1,1,0,1,0,1,1,0,1,0,0,1,1,0,1,1,1,
1,0,1,1,1,1,1,1,1,1,1,1,1,0,1,1,0,1,1,1,1,1,1,1,1,1,0,0,1,1,1,0,1,1,0,0,1,1,1,0,
1,0,1,1,1,0,1,1,0,1,1,1,1,1,1,1,1,0,0,1,1,1,1,1,1,1,1,0,1,1,0,1,0,1,1,1,1,0,1,1,
1,0,0,1,1,0,1,1,0,0,1,1,0,0,1,0,1,0,0,0,1,0,0,1,1,1,1,0,1,1,0,1,0,1,0,1,1,0,1,0,
1,1,1,0,1,0,1,1,1,1,1,1,0,0,1,0,1,1,0,0,1,0,1,1,1,1,1,1,1,1,1,1,1,1,1,1,0,1,1,1,
1,0,1,1,1,1,1,1,1,1,1,1,1,1,1,1,1,1,1,1,0,1,1,1,1,1,0,0,1,1,1,0,1,1,0,0,1,1,1,0,
1,1,1,1,1,0,1,1,1,1,1,1,0,1,1,0,1,1,0,0,1,0,1,1,1,1,1,0,1,1,1,1,1,1,1,1,0,1,1,1,
0,1,1,1,1,1,0,0,1,0,0,1,1,1,1,0,1,1,0,1,1,1,0,1,1,0,1,1,1,0,0,1,1,1,0,1,1,1,0,1,
1,1,1,1,1,1,1,0,1,0,1,1,1,1,0,1,1,1,1,1,1,1,1,0,1,0,1,1,1,1,0,1,0,0,1,1,1,1,1,1,
1,1,1,1,1,1,1,0,1,1,1,1,1,1,0,1,1,1,1,1,1,1,1,1,0,1,1,1,1,1,1,1,0,1,1,1,1,1,1,1,
1,0,1,1,1,1,1,1,1,0,1,1,1,1,0,0,1,1,1,1,1,1,0,0,1,0,1,1,1,1,1,1,0,0,1,1,1,1,1,1,
1,0,1,1,1,1,1,1,1,1,1,1,0,1,1,1,0,1,1,1,0,1,1,1,1,1,0,0,1,1,1,0,1,1,0,0,1,1,1,0,
1,0,1,1,1,0,1,1,0,1,1,1,1,0,1,0,0,0,0,1,0,0,1,1,1,1,0,0,1,1,0,0,0,1,0,0,0,0,1,1,
1,1,1,1,1,1,0,1,1,0,0,1,1,1,1,1,1,1,1,1,1,1,1,1,1,1,1,1,0,1,0,1,1,0,1,1,1,1,1,1,
1,0,1,1,1,1,1,1,1,0,1,1,1,1,1,1,1,1,1,1,1,1,0,1,1,1,1,1,1,0,0,1,1,0,1,1,1,1,1,1,
0,0,1,1,0,0,1,1,1,0,0,1,0,0,1,0,1,0,0,1,1,1,0,0,1,1,1,0,0,0,0,0,0,0,0,0,1,1,0,0,
1,0,1,1,1,1,1,1,1,1,1,1,1,1,1,1,0,1,1,1,0,1,1,1,1,1,0,0,1,1,0,0,1,1,1,1,1,1,1,0,
1,1,1,1,1,0,1,0,1,0,1,1,1,1,0,0,1,0,0,1,1,1,1,0,0,0,1,0,1,1,0,1,0,1,0,1,1,1,1,1,
0,1,1,1,0,1,0,0,1,0,0,0,1,1,0,0,1,1,1,1,1,1,1,0,1,0,1,1,0,0,0,1,1,0,0,1,1,1,0,1,
1,0,1,1,1,1,1,1,0,1,0,1,0,1,1,1,0,1,0,1,0,1,0,1,1,1,0,0,1,1,0,1,0,0,0,0,1,0,1,0,
1,1,1,1,1,1,1,1,1,1,1,1,1,0,1,1,0,1,1,1,0,1,1,1,1,1,0,0,1,1,0,1,1,1,0,0,1,1,1,0,
1,1,0,1,1,0,1,1,0,1,1,1,0,0,1,0,1,1,1,0,1,0,1,1,1,1,1,0,1,1,1,1,1,1,1,1,0,1,1,1,
1,1,1,1,1,0,1,1,1,1,1,1,1,1,1,1,1,0,0,1,1,1,1,1,1,1,1,0,1,1,1,1,1,1,0,1,1,0,1,1,
0,1,1,1,1,1,0,1,1,0,1,0,1,1,1,1,1,1,1,1,1,1,0,1,1,1,1,1,1,1,0,1,1,0,1,1,1,1,0,1,
1,1,1,1,1,1,1,1,1,1,1,1,1,0,1,1,0,1,0,1,0,1,1,1,1,1,0,1,1,1,0,0,1,1,0,0,1,1,1,0,
Is Output Graph Empty or Complete?: 0
Ratio of Added Edges Over Added + Removed Edges: 1
Changes from Input to Output: 
Added Edge: (0, 2)
Added Edge: (0, 7)
Added Edge: (0, 12)
Added Edge: (0, 13)
Added Edge: (0, 14)
Added Edge: (0, 15)
Added Edge: (0, 16)
Added Edge: (0, 20)
Added Edge: (0, 21)
Added Edge: (0, 23)
Added Edge: (0, 31)
Added Edge: (0, 34)
Added Edge: (0, 35)
Added Edge: (0, 36)
Added Edge: (1, 22)
Added Edge: (2, 6)
Added Edge: (2, 10)
Added Edge: (2, 11)
Added Edge: (2, 20)
Added Edge: (2, 22)
Added Edge: (2, 29)
Added Edge: (2, 31)
Added Edge: (2, 35)
Added Edge: (2, 37)
Added Edge: (2, 39)
Added Edge: (3, 4)
Added Edge: (3, 6)
Added Edge: (3, 7)
Added Edge: (3, 9)
Added Edge: (3, 10)
Added Edge: (3, 13)
Added Edge: (3, 14)
Added Edge: (3, 16)
Added Edge: (3, 21)
Added Edge: (3, 22)
Added Edge: (3, 23)
Added Edge: (3, 25)
Added Edge: (3, 26)
Added Edge: (3, 37)
Added Edge: (4, 7)
Added Edge: (4, 12)
Added Edge: (4, 15)
Added Edge: (4, 17)
Added Edge: (4, 19)
Added Edge: (4, 21)
Added Edge: (4, 26)
Added Edge: (4, 29)
Added Edge: (4, 34)
Added Edge: (4, 37)
Added Edge: (4, 38)
Added Edge: (5, 6)
Added Edge: (5, 9)
Added Edge: (5, 11)
Added Edge: (5, 20)
Added Edge: (5, 24)
Added Edge: (5, 25)
Added Edge: (5, 31)
Added Edge: (5, 39)
Added Edge: (6, 10)
Added Edge: (6, 14)
Added Edge: (6, 15)
Added Edge: (6, 16)
Added Edge: (6, 18)
Added Edge: (6, 23)
Added Edge: (6, 24)
Added Edge: (6, 27)
Added Edge: (6, 31)
Added Edge: (6, 36)
Added Edge: (6, 39)
Added Edge: (7, 8)
Added Edge: (7, 16)
Added Edge: (7, 17)
Added Edge: (7, 19)
Added Edge: (7, 26)
Added Edge: (7, 29)
Added Edge: (7, 34)
Added Edge: (7, 35)
Added Edge: (7, 36)
Added Edge: (7, 37)
Added Edge: (8, 14)
Added Edge: (8, 16)
Added Edge: (8, 21)
Added Edge: (8, 23)
Added Edge: (8, 37)
Added Edge: (8, 39)
Added Edge: (9, 13)
Added Edge: (9, 19)
Added Edge: (9, 20)
Added Edge: (9, 21)
Added Edge: (9, 26)
Added Edge: (10, 13)
Added Edge: (10, 14)
Added Edge: (10, 16)
Added Edge: (10, 19)
Added Edge: (10, 31)
Added Edge: (10, 32)
Added Edge: (10, 38)
Added Edge: (10, 39)
Added Edge: (11, 12)
Added Edge: (11, 17)
Added Edge: (11, 23)
Added Edge: (11, 35)
Added Edge: (12, 14)
Added Edge: (12, 20)
Added Edge: (12, 24)
Added Edge: (12, 25)
Added Edge: (12, 29)
Added Edge: (12, 31)
Added Edge: (13, 14)
Added Edge: (13, 15)
Added Edge: (13, 17)
Added Edge: (13, 25)
Added Edge: (13, 31)
Added Edge: (13, 33)
Added Edge: (14, 17)
Added Edge: (14, 20)
Added Edge: (14, 28)
Added Edge: (14, 29)
Added Edge: (14, 35)
Added Edge: (15, 26)
Added Edge: (15, 34)
Added Edge: (16, 23)
Added Edge: (16, 24)
Added Edge: (16, 25)
Added Edge: (16, 28)
Added Edge: (16, 29)
Added Edge: (16, 32)
Added Edge: (16, 33)
Added Edge: (16, 36)
Added Edge: (17, 22)
Added Edge: (17, 23)
Added Edge: (17, 24)
Added Edge: (17, 28)
Added Edge: (17, 35)
Added Edge: (17, 36)
Added Edge: (17, 38)
Added Edge: (18, 23)
Added Edge: (18, 25)
Added Edge: (19, 24)
Added Edge: (19, 26)
Added Edge: (19, 28)
Added Edge: (19, 33)
Added Edge: (19, 39)
Added Edge: (20, 21)
Added Edge: (20, 23)
Added Edge: (20, 28)
Added Edge: (20, 29)
Added Edge: (20, 32)
Added Edge: (20, 38)
Added Edge: (21, 23)
Added Edge: (21, 24)
Added Edge: (21, 25)
Added Edge: (21, 33)
Added Edge: (22, 31)
Added Edge: (22, 32)
Added Edge: (22, 36)
Added Edge: (22, 39)
Added Edge: (23, 26)
Added Edge: (23, 27)
Added Edge: (23, 28)
Added Edge: (23, 37)
Added Edge: (24, 26)
Added Edge: (24, 28)
Added Edge: (24, 29)
Added Edge: (24, 31)
Added Edge: (24, 36)
Added Edge: (24, 37)
Added Edge: (25, 29)
Added Edge: (25, 35)
Added Edge: (25, 38)
Added Edge: (25, 39)
Added Edge: (26, 32)
Added Edge: (26, 38)
Added Edge: (27, 28)
Added Edge: (27, 29)
Added Edge: (27, 38)
Added Edge: (28, 29)
Added Edge: (28, 31)
Added Edge: (28, 35)
Added Edge: (28, 36)
Added Edge: (28, 37)
Added Edge: (28, 39)
Added Edge: (29, 35)
Added Edge: (29, 38)
Added Edge: (31, 37)
Added Edge: (32, 38)
Added Edge: (34, 36)
Added Edge: (35, 37)
Added Edge: (36, 39)
Added Edge: (37, 38)
========================
