========================
TIME_LIMIT_SECONDS: 900
ODD_HOLE_TERMINATION_PERCENTAGE: 999
N_THREADS: 24
IS_RUNNING_HEURISTIC_ON_CANDIDATE: 1
IS_RUNNING_HEURISTIC_ON_RELAXATION: 1
ADD_ALL_AT_START: 0
========================
Wall-Clock Runtime (ms): 255553
Calculated Odd Hole Termination Batch Size: 0
Total Time of All Workers in OddHoleAlg (nano): 117364274
Total Time of All Workers in OddHoleAlg (ms): 117
OddHoleAlg calls: 172
Number of Found Odd-Holes: 28020
Number of Found Odd Anti-Holes: 818
Is Optimal? (1e-6): 1
Optimality Gap: 0
Objective Value: 47
Number of Feasible Solutions Found: 7672
Number of Times Heuristic is Called: 10157
Total number of added OH and OHbar Cuts: 28838
Number of Explored B&C tree nodes: 82528
Number of Unexplored B&C tree nodes: 0
========================
Input Graph:
Number of Vertices: 30
Erdos Renyi p Parameter: 0.25
Number of Edges: 104
Expected No of Odd Holes: 1737
Expected No of Odd Anti Holes: 0
ODD_HOLE_TERMINATION_BATCH_SIZE: 0
Graph Density: 0.23908
0,0,1,0,1,0,0,0,0,0,0,0,0,0,1,0,0,0,0,0,0,0,0,0,0,0,1,0,0,1,
0,0,1,0,0,0,0,1,0,0,0,0,0,0,1,0,0,0,0,0,0,0,0,1,0,0,0,0,0,0,
1,1,0,0,0,0,0,1,0,0,0,0,0,0,1,0,1,1,1,0,0,0,0,0,0,1,0,1,0,1,
0,0,0,0,0,0,0,0,0,0,0,0,1,1,1,0,0,0,0,1,0,0,0,0,0,0,1,0,0,0,
1,0,0,0,0,0,1,1,0,0,0,0,0,0,1,0,0,0,1,0,0,0,1,0,1,1,0,0,0,0,
0,0,0,0,0,0,0,0,1,0,0,1,1,0,1,0,0,1,0,0,1,0,0,0,1,0,0,0,1,0,
0,0,0,0,1,0,0,0,0,0,0,0,1,0,1,0,0,0,0,0,0,0,0,0,0,0,0,0,1,0,
0,1,1,0,1,0,0,0,1,0,0,0,1,0,0,0,0,0,0,0,1,0,0,0,0,0,0,0,0,0,
0,0,0,0,0,1,0,1,0,1,0,0,1,1,0,0,0,0,0,0,0,0,0,0,0,1,0,1,0,1,
0,0,0,0,0,0,0,0,1,0,1,1,1,0,0,0,1,0,0,0,0,0,0,1,0,1,0,1,0,1,
0,0,0,0,0,0,0,0,0,1,0,1,0,0,0,0,0,1,0,1,1,0,0,0,0,0,0,0,1,0,
0,0,0,0,0,1,0,0,0,1,1,0,0,1,1,1,1,0,1,0,0,0,0,0,0,0,0,1,0,0,
0,0,0,1,0,1,1,1,1,1,0,0,0,0,0,0,0,0,1,0,0,1,0,0,0,0,0,0,1,0,
0,0,0,1,0,0,0,0,1,0,0,1,0,0,1,0,0,0,1,1,0,0,0,0,0,1,0,1,0,0,
1,1,1,1,1,1,1,0,0,0,0,1,0,1,0,0,0,1,0,1,0,1,0,1,0,0,0,0,0,0,
0,0,0,0,0,0,0,0,0,0,0,1,0,0,0,0,1,0,0,0,0,0,1,1,0,0,0,0,1,1,
0,0,1,0,0,0,0,0,0,1,0,1,0,0,0,1,0,0,0,0,0,0,0,1,0,0,0,1,0,0,
0,0,1,0,0,1,0,0,0,0,1,0,0,0,1,0,0,0,0,0,0,1,0,0,0,1,0,0,0,0,
0,0,1,0,1,0,0,0,0,0,0,1,1,1,0,0,0,0,0,0,0,0,0,0,0,0,0,0,0,0,
0,0,0,1,0,0,0,0,0,0,1,0,0,1,1,0,0,0,0,0,0,1,0,0,0,1,0,0,1,1,
0,0,0,0,0,1,0,1,0,0,1,0,0,0,0,0,0,0,0,0,0,0,0,0,0,1,0,0,1,0,
0,0,0,0,0,0,0,0,0,0,0,0,1,0,1,0,0,1,0,1,0,0,1,0,1,0,0,1,0,0,
0,0,0,0,1,0,0,0,0,0,0,0,0,0,0,1,0,0,0,0,0,1,0,1,0,0,0,0,0,1,
0,1,0,0,0,0,0,0,0,1,0,0,0,0,1,1,1,0,0,0,0,0,1,0,0,0,0,0,0,0,
0,0,0,0,1,1,0,0,0,0,0,0,0,0,0,0,0,0,0,0,0,1,0,0,0,0,0,0,1,0,
0,0,1,0,1,0,0,0,1,1,0,0,0,1,0,0,0,1,0,1,1,0,0,0,0,0,0,0,1,0,
1,0,0,1,0,0,0,0,0,0,0,0,0,0,0,0,0,0,0,0,0,0,0,0,0,0,0,1,0,0,
0,0,1,0,0,0,0,0,1,1,0,1,0,1,0,0,1,0,0,0,0,1,0,0,0,0,1,0,1,0,
0,0,0,0,0,1,1,0,0,0,1,0,1,0,0,1,0,0,0,1,1,0,0,0,1,1,0,1,0,0,
1,0,1,0,0,0,0,0,1,1,0,0,0,0,0,1,0,0,0,1,0,0,1,0,0,0,0,0,0,0,
========================
Output Graph: 
Number of Vertices: 30
Number of Edges: 151
Graph Density: 0.347126
0,0,1,0,1,0,0,0,0,0,0,0,0,0,1,0,0,0,0,0,0,0,0,0,0,0,1,0,0,1,
0,0,1,0,0,0,0,1,0,0,0,0,0,0,1,0,0,0,0,0,0,0,0,1,0,0,0,0,0,0,
1,1,0,0,0,1,0,1,0,0,1,0,1,0,1,0,1,1,1,0,0,0,0,0,0,1,0,1,0,1,
0,0,0,0,0,0,0,0,1,0,0,1,1,1,1,0,0,0,0,1,0,1,0,0,0,0,1,0,1,0,
1,0,0,0,0,1,1,1,0,0,0,0,1,0,1,0,0,0,1,0,0,0,1,0,1,1,0,0,0,1,
0,0,1,0,1,0,0,0,1,0,0,1,1,0,1,0,0,1,0,0,1,1,0,0,1,0,0,0,1,0,
0,0,0,0,1,0,0,0,0,0,0,0,1,0,1,0,0,0,0,0,0,0,0,0,0,0,0,0,1,0,
0,1,1,0,1,0,0,0,1,0,0,0,1,0,0,0,0,0,0,0,1,0,0,1,0,0,0,0,1,0,
0,0,0,1,0,1,0,1,0,1,1,0,1,1,1,0,1,0,1,1,0,0,0,0,0,1,0,1,0,1,
0,0,0,0,0,0,0,0,1,0,1,1,1,0,0,0,1,0,0,0,0,0,0,1,0,1,0,1,0,1,
0,0,1,0,0,0,0,0,1,1,0,1,1,1,0,0,0,1,0,1,1,1,0,1,0,0,0,0,1,0,
0,0,0,1,0,1,0,0,0,1,1,0,1,1,1,1,1,0,1,1,0,0,1,0,0,1,0,1,0,1,
0,0,1,1,1,1,1,1,1,1,1,1,0,1,1,0,0,0,1,0,0,1,0,1,0,1,1,0,1,1,
0,0,0,1,0,0,0,0,1,0,1,1,1,0,1,0,0,0,1,1,0,0,0,0,0,1,0,1,0,1,
1,1,1,1,1,1,1,0,1,0,0,1,1,1,0,0,0,1,0,1,1,1,0,1,0,0,1,0,1,0,
0,0,0,0,0,0,0,0,0,0,0,1,0,0,0,0,1,0,0,0,0,0,1,1,0,0,0,1,1,1,
0,0,1,0,0,0,0,0,1,1,0,1,0,0,0,1,0,0,0,0,0,0,0,1,0,0,0,1,1,0,
0,0,1,0,0,1,0,0,0,0,1,0,0,0,1,0,0,0,0,0,0,1,0,0,0,1,0,0,0,0,
0,0,1,0,1,0,0,0,1,0,0,1,1,1,0,0,0,0,0,0,0,0,0,0,0,0,0,0,0,0,
0,0,0,1,0,0,0,0,1,0,1,1,0,1,1,0,0,0,0,0,0,1,0,0,0,1,0,0,1,1,
0,0,0,0,0,1,0,1,0,0,1,0,0,0,1,0,0,0,0,0,0,0,0,0,0,1,0,0,1,0,
0,0,0,1,0,1,0,0,0,0,1,0,1,0,1,0,0,1,0,1,0,0,1,0,1,1,0,1,0,1,
0,0,0,0,1,0,0,0,0,0,0,1,0,0,0,1,0,0,0,0,0,1,0,1,0,0,0,0,1,1,
0,1,0,0,0,0,0,1,0,1,1,0,1,0,1,1,1,0,0,0,0,0,1,0,0,1,0,1,0,1,
0,0,0,0,1,1,0,0,0,0,0,0,0,0,0,0,0,0,0,0,0,1,0,0,0,0,0,0,1,0,
0,0,1,0,1,0,0,0,1,1,0,1,1,1,0,0,0,1,0,1,1,1,0,1,0,0,0,0,1,0,
1,0,0,1,0,0,0,0,0,0,0,0,1,0,1,0,0,0,0,0,0,0,0,0,0,0,0,1,0,1,
0,0,1,0,0,0,0,0,1,1,0,1,0,1,0,1,1,0,0,0,0,1,0,1,0,0,1,0,1,0,
0,0,0,1,0,1,1,1,0,0,1,0,1,0,1,1,1,0,0,1,1,0,1,0,1,1,0,1,0,1,
1,0,1,0,1,0,0,0,1,1,0,1,1,1,0,1,0,0,0,1,0,1,1,1,0,0,1,0,1,0,
Is Output Graph Empty or Complete?: 0
Ratio of Added Edges Over Added + Removed Edges: 1
Changes from Input to Output: 
Added Edge: (2, 5)
Added Edge: (2, 10)
Added Edge: (2, 12)
Added Edge: (3, 8)
Added Edge: (3, 11)
Added Edge: (3, 21)
Added Edge: (3, 28)
Added Edge: (4, 5)
Added Edge: (4, 12)
Added Edge: (4, 29)
Added Edge: (5, 21)
Added Edge: (7, 23)
Added Edge: (7, 28)
Added Edge: (8, 10)
Added Edge: (8, 14)
Added Edge: (8, 16)
Added Edge: (8, 18)
Added Edge: (8, 19)
Added Edge: (10, 12)
Added Edge: (10, 13)
Added Edge: (10, 21)
Added Edge: (10, 23)
Added Edge: (11, 12)
Added Edge: (11, 19)
Added Edge: (11, 22)
Added Edge: (11, 25)
Added Edge: (11, 29)
Added Edge: (12, 13)
Added Edge: (12, 14)
Added Edge: (12, 23)
Added Edge: (12, 25)
Added Edge: (12, 26)
Added Edge: (12, 29)
Added Edge: (13, 29)
Added Edge: (14, 20)
Added Edge: (14, 26)
Added Edge: (14, 28)
Added Edge: (15, 27)
Added Edge: (16, 28)
Added Edge: (21, 25)
Added Edge: (21, 29)
Added Edge: (22, 28)
Added Edge: (23, 25)
Added Edge: (23, 27)
Added Edge: (23, 29)
Added Edge: (26, 29)
Added Edge: (28, 29)
========================
