========================
TIME_LIMIT_SECONDS: 900
ODD_HOLE_TERMINATION_PERCENTAGE: 999
N_THREADS: 24
IS_RUNNING_HEURISTIC_ON_CANDIDATE: 0
IS_RUNNING_HEURISTIC_ON_RELAXATION: 1
ADD_ALL_AT_START: 0
========================
Wall-Clock Runtime (ms): 901405
Calculated Odd Hole Termination Batch Size: 0
Total Time of All Workers in OddHoleAlg (nano): 1495016755
Total Time of All Workers in OddHoleAlg (ms): 1495
OddHoleAlg calls: 92
Number of Found Odd-Holes: 14564
Number of Found Odd Anti-Holes: 479696
Is Optimal? (1e-6): 0
Optimality Gap: 0.345757
Objective Value: 59
Number of Feasible Solutions Found: 1713
Number of Times Heuristic is Called: 1814
Total number of added OH and OHbar Cuts: 494260
Number of Explored B&C tree nodes: 9198
Number of Unexplored B&C tree nodes: 3670
========================
Input Graph:
Number of Vertices: 40
Erdos Renyi p Parameter: 0.75
Number of Edges: 597
Expected No of Odd Holes: 1833
Expected No of Odd Anti Holes: 19717
ODD_HOLE_TERMINATION_BATCH_SIZE: 0
Graph Density: 0.765385
0,0,1,1,0,0,1,0,1,1,0,1,1,1,1,1,1,1,0,1,1,1,1,1,1,1,0,1,1,1,1,1,1,0,0,1,1,1,1,1,
0,0,1,0,0,1,1,1,1,1,1,0,1,1,1,1,1,1,0,1,1,0,1,1,1,1,0,1,1,1,1,0,1,1,1,1,1,1,1,1,
1,1,0,1,0,1,1,1,1,1,1,1,1,1,1,1,0,0,1,1,1,1,1,1,0,1,1,1,1,0,1,1,1,0,1,0,1,1,1,1,
1,0,1,0,1,0,1,1,1,1,1,1,1,0,1,0,1,1,1,1,1,1,1,0,1,1,1,1,1,1,1,1,1,1,1,0,1,0,1,1,
0,0,0,1,0,1,1,0,0,1,0,1,1,0,1,1,1,1,1,0,1,0,1,1,0,0,1,1,1,0,1,1,0,0,1,1,1,1,0,0,
0,1,1,0,1,0,1,1,1,1,1,1,0,0,1,1,1,1,1,1,1,1,1,1,1,1,0,1,1,1,1,0,1,1,0,1,1,1,1,1,
1,1,1,1,1,1,0,1,0,1,1,1,0,1,1,1,1,1,0,1,1,1,1,1,0,1,0,1,1,1,1,1,1,1,1,1,0,1,1,0,
0,1,1,1,0,1,1,0,0,1,0,1,1,1,1,1,1,1,1,0,1,1,1,0,1,0,1,0,1,1,1,1,1,1,1,1,1,1,1,1,
1,1,1,1,0,1,0,0,0,1,0,1,0,1,1,1,0,1,1,1,1,1,1,0,1,0,1,1,1,1,0,1,0,0,0,1,1,1,1,1,
1,1,1,1,1,1,1,1,1,0,1,1,1,1,1,1,1,0,1,1,1,0,1,1,1,1,0,0,0,1,1,1,1,1,0,1,0,1,1,1,
0,1,1,1,0,1,1,0,0,1,0,1,1,1,0,1,1,0,1,1,1,1,1,1,1,1,1,1,1,1,1,0,1,1,1,1,1,0,1,1,
1,0,1,1,1,1,1,1,1,1,1,0,1,1,1,1,0,1,1,1,1,1,0,1,0,0,1,0,1,1,1,1,1,0,1,1,1,1,1,1,
1,1,1,1,1,0,0,1,0,1,1,1,0,0,1,1,1,1,1,1,1,1,1,1,0,1,1,1,1,1,1,1,0,1,1,0,0,1,1,0,
1,1,1,0,0,0,1,1,1,1,1,1,0,0,0,0,1,0,1,1,1,1,0,1,1,1,0,1,0,0,1,0,0,1,1,1,1,1,0,1,
1,1,1,1,1,1,1,1,1,1,0,1,1,0,0,1,1,1,1,0,0,1,1,0,1,1,1,0,0,0,1,1,0,1,1,1,1,1,1,1,
1,1,1,0,1,1,1,1,1,1,1,1,1,0,1,0,0,1,0,1,1,1,1,1,1,0,1,1,0,0,1,0,1,1,1,0,0,1,1,1,
1,1,0,1,1,1,1,1,0,1,1,0,1,1,1,0,0,0,0,1,1,0,0,1,1,1,1,1,1,0,0,0,1,0,1,1,1,0,1,1,
1,1,0,1,1,1,1,1,1,0,0,1,1,0,1,1,0,0,1,1,1,1,0,1,1,1,1,0,0,1,1,1,1,1,0,0,0,1,1,1,
0,0,1,1,1,1,0,1,1,1,1,1,1,1,1,0,0,1,0,1,1,1,1,1,1,1,1,1,1,0,1,1,1,1,1,1,0,0,1,1,
1,1,1,1,0,1,1,0,1,1,1,1,1,1,0,1,1,1,1,0,0,1,1,1,0,0,0,1,1,1,0,1,1,1,0,1,0,1,1,1,
1,1,1,1,1,1,1,1,1,1,1,1,1,1,0,1,1,1,1,0,0,1,1,1,0,1,1,1,1,1,1,1,1,1,0,1,1,1,1,0,
1,0,1,1,0,1,1,1,1,0,1,1,1,1,1,1,0,1,1,1,1,0,0,1,1,1,1,1,1,0,1,1,1,1,1,1,0,1,0,1,
1,1,1,1,1,1,1,1,1,1,1,0,1,0,1,1,0,0,1,1,1,0,0,1,0,1,1,1,1,1,0,1,1,1,1,1,1,1,1,1,
1,1,1,0,1,1,1,0,0,1,1,1,1,1,0,1,1,1,1,1,1,1,1,0,1,0,1,1,1,0,0,1,1,1,1,1,1,0,1,1,
1,1,0,1,0,1,0,1,1,1,1,0,0,1,1,1,1,1,1,0,0,1,0,1,0,1,1,1,1,1,0,1,1,1,1,1,1,1,1,1,
1,1,1,1,0,1,1,0,0,1,1,0,1,1,1,0,1,1,1,0,1,1,1,0,1,0,1,1,1,0,1,1,1,1,1,1,0,1,0,0,
0,0,1,1,1,0,0,1,1,0,1,1,1,0,1,1,1,1,1,0,1,1,1,1,1,1,0,0,1,0,1,1,1,1,1,1,1,1,1,1,
1,1,1,1,1,1,1,0,1,0,1,0,1,1,0,1,1,0,1,1,1,1,1,1,1,1,0,0,0,1,1,1,1,0,0,1,1,1,0,0,
1,1,1,1,1,1,1,1,1,0,1,1,1,0,0,0,1,0,1,1,1,1,1,1,1,1,1,0,0,1,0,1,1,0,1,1,1,1,1,1,
1,1,0,1,0,1,1,1,1,1,1,1,1,0,0,0,0,1,0,1,1,0,1,0,1,0,0,1,1,0,0,0,1,1,1,1,1,0,1,0,
1,1,1,1,1,1,1,1,0,1,1,1,1,1,1,1,0,1,1,0,1,1,0,0,0,1,1,1,0,0,0,0,0,1,1,1,1,1,1,0,
1,0,1,1,1,0,1,1,1,1,0,1,1,0,1,0,0,1,1,1,1,1,1,1,1,1,1,1,1,0,0,0,1,1,1,1,0,1,1,1,
1,1,1,1,0,1,1,1,0,1,1,1,0,0,0,1,1,1,1,1,1,1,1,1,1,1,1,1,1,1,0,1,0,1,1,1,0,1,1,0,
0,1,0,1,0,1,1,1,0,1,1,0,1,1,1,1,0,1,1,1,1,1,1,1,1,1,1,0,0,1,1,1,1,0,1,1,1,1,1,1,
0,1,1,1,1,0,1,1,0,0,1,1,1,1,1,1,1,0,1,0,0,1,1,1,1,1,1,0,1,1,1,1,1,1,0,1,1,1,1,1,
1,1,0,0,1,1,1,1,1,1,1,1,0,1,1,0,1,0,1,1,1,1,1,1,1,1,1,1,1,1,1,1,1,1,1,0,1,1,1,0,
1,1,1,1,1,1,0,1,1,0,1,1,0,1,1,0,1,0,0,0,1,0,1,1,1,0,1,1,1,1,1,0,0,1,1,1,0,0,0,1,
1,1,1,0,1,1,1,1,1,1,0,1,1,1,1,1,0,1,0,1,1,1,1,0,1,1,1,1,1,0,1,1,1,1,1,1,0,0,0,1,
1,1,1,1,0,1,1,1,1,1,1,1,1,0,1,1,1,1,1,1,1,0,1,1,1,0,1,0,1,1,1,1,1,1,1,1,0,0,0,1,
1,1,1,1,0,1,0,1,1,1,1,1,0,1,1,1,1,1,1,1,0,1,1,1,1,0,1,0,1,0,0,1,0,1,1,0,1,1,1,0,
========================
Output Graph: 
Number of Vertices: 40
Number of Edges: 656
Graph Density: 0.841026
0,1,1,1,0,1,1,0,1,1,1,1,1,1,1,1,1,1,1,1,1,1,1,1,1,1,0,1,1,1,1,1,1,0,0,1,1,1,1,1,
1,0,1,0,0,1,1,1,1,1,1,0,1,1,1,1,1,1,1,1,1,0,1,1,1,1,0,1,1,1,1,0,1,1,1,1,1,1,1,1,
1,1,0,1,1,1,1,1,1,1,1,1,1,1,1,1,0,1,1,1,1,1,1,1,0,1,1,1,1,0,1,1,1,1,1,0,1,1,1,1,
1,0,1,0,1,0,1,1,1,1,1,1,1,0,1,1,1,1,1,1,1,1,1,0,1,1,1,1,1,1,1,1,1,1,1,0,1,1,1,1,
0,0,1,1,0,1,1,1,0,1,0,1,1,1,1,1,1,1,1,0,1,1,1,1,0,0,1,1,1,0,1,1,0,1,1,1,1,1,1,1,
1,1,1,0,1,0,1,1,1,1,1,1,0,1,1,1,1,1,1,1,1,1,1,1,1,1,0,1,1,1,1,0,1,1,0,1,1,1,1,1,
1,1,1,1,1,1,0,1,0,1,1,1,0,1,1,1,1,1,1,1,1,1,1,1,0,1,1,1,1,1,1,1,1,1,1,1,0,1,1,1,
0,1,1,1,1,1,1,0,0,1,0,1,1,1,1,1,1,1,1,0,1,1,1,0,1,0,1,0,1,1,1,1,1,1,1,1,1,1,1,1,
1,1,1,1,0,1,0,0,0,1,1,1,0,1,1,1,1,1,1,1,1,1,1,1,1,1,1,1,1,1,0,1,1,0,0,1,1,1,1,1,
1,1,1,1,1,1,1,1,1,0,1,1,1,1,1,1,1,0,1,1,1,1,1,1,1,1,1,0,1,1,1,1,1,1,1,1,0,1,1,1,
1,1,1,1,0,1,1,0,1,1,0,1,1,1,0,1,1,0,1,1,1,1,1,1,1,1,1,1,1,1,1,0,1,1,1,1,1,0,1,1,
1,0,1,1,1,1,1,1,1,1,1,0,1,1,1,1,0,1,1,1,1,1,0,1,0,0,1,0,1,1,1,1,1,1,1,1,1,1,1,1,
1,1,1,1,1,0,0,1,0,1,1,1,0,0,1,1,1,1,1,1,1,1,1,1,0,1,1,1,1,1,1,1,0,1,1,0,0,1,1,1,
1,1,1,0,1,1,1,1,1,1,1,1,0,0,0,0,1,0,1,1,1,1,1,1,1,1,0,1,1,1,1,1,1,1,1,1,1,1,0,1,
1,1,1,1,1,1,1,1,1,1,0,1,1,0,0,1,1,1,1,0,0,1,1,0,1,1,1,0,0,0,1,1,0,1,1,1,1,1,1,1,
1,1,1,1,1,1,1,1,1,1,1,1,1,0,1,0,0,1,0,1,1,1,1,1,1,0,1,1,0,0,1,1,1,1,1,0,0,1,1,1,
1,1,0,1,1,1,1,1,1,1,1,0,1,1,1,0,0,0,0,1,1,1,1,1,1,1,1,1,1,1,0,0,1,0,1,1,1,0,1,1,
1,1,1,1,1,1,1,1,1,0,0,1,1,0,1,1,0,0,1,1,1,1,0,1,1,1,1,0,0,1,1,1,1,1,1,0,0,1,1,1,
1,1,1,1,1,1,1,1,1,1,1,1,1,1,1,0,0,1,0,1,1,1,1,1,1,1,1,1,1,0,1,1,1,1,1,1,0,0,1,1,
1,1,1,1,0,1,1,0,1,1,1,1,1,1,0,1,1,1,1,0,1,1,1,1,1,1,0,1,1,1,1,1,1,1,1,1,1,1,1,1,
1,1,1,1,1,1,1,1,1,1,1,1,1,1,0,1,1,1,1,1,0,1,1,1,1,1,1,1,1,1,1,1,1,1,0,1,1,1,1,0,
1,0,1,1,1,1,1,1,1,1,1,1,1,1,1,1,1,1,1,1,1,0,0,1,1,1,1,1,1,0,1,1,1,1,1,1,0,1,1,1,
1,1,1,1,1,1,1,1,1,1,1,0,1,1,1,1,1,0,1,1,1,0,0,1,1,1,1,1,1,1,0,1,1,1,1,1,1,1,1,1,
1,1,1,0,1,1,1,0,1,1,1,1,1,1,0,1,1,1,1,1,1,1,1,0,1,1,1,1,1,1,0,1,1,1,1,1,1,0,1,1,
1,1,0,1,0,1,0,1,1,1,1,0,0,1,1,1,1,1,1,1,1,1,1,1,0,1,1,1,1,1,0,1,1,1,1,1,1,1,1,1,
1,1,1,1,0,1,1,0,1,1,1,0,1,1,1,0,1,1,1,1,1,1,1,1,1,0,1,1,1,1,1,1,1,1,1,1,1,1,0,0,
0,0,1,1,1,0,1,1,1,1,1,1,1,0,1,1,1,1,1,0,1,1,1,1,1,1,0,0,1,0,1,1,1,1,1,1,1,1,1,1,
1,1,1,1,1,1,1,0,1,0,1,0,1,1,0,1,1,0,1,1,1,1,1,1,1,1,0,0,1,1,1,1,1,0,0,1,1,1,0,0,
1,1,1,1,1,1,1,1,1,1,1,1,1,1,0,0,1,0,1,1,1,1,1,1,1,1,1,1,0,1,0,1,1,0,1,1,1,1,1,1,
1,1,0,1,0,1,1,1,1,1,1,1,1,1,0,0,1,1,0,1,1,0,1,1,1,1,0,1,1,0,0,0,1,1,1,1,1,0,1,0,
1,1,1,1,1,1,1,1,0,1,1,1,1,1,1,1,0,1,1,1,1,1,0,0,0,1,1,1,0,0,0,1,0,1,1,1,1,1,1,1,
1,0,1,1,1,0,1,1,1,1,0,1,1,1,1,1,0,1,1,1,1,1,1,1,1,1,1,1,1,0,1,0,1,1,1,1,0,1,1,1,
1,1,1,1,0,1,1,1,1,1,1,1,0,1,0,1,1,1,1,1,1,1,1,1,1,1,1,1,1,1,0,1,0,1,1,1,1,1,1,0,
0,1,1,1,1,1,1,1,0,1,1,1,1,1,1,1,0,1,1,1,1,1,1,1,1,1,1,0,0,1,1,1,1,0,1,1,1,1,1,1,
0,1,1,1,1,0,1,1,0,1,1,1,1,1,1,1,1,1,1,1,0,1,1,1,1,1,1,0,1,1,1,1,1,1,0,1,1,1,1,1,
1,1,0,0,1,1,1,1,1,1,1,1,0,1,1,0,1,0,1,1,1,1,1,1,1,1,1,1,1,1,1,1,1,1,1,0,1,1,1,0,
1,1,1,1,1,1,0,1,1,0,1,1,0,1,1,0,1,0,0,1,1,0,1,1,1,1,1,1,1,1,1,0,1,1,1,1,0,0,0,1,
1,1,1,1,1,1,1,1,1,1,0,1,1,1,1,1,0,1,0,1,1,1,1,0,1,1,1,1,1,0,1,1,1,1,1,1,0,0,1,1,
1,1,1,1,1,1,1,1,1,1,1,1,1,0,1,1,1,1,1,1,1,1,1,1,1,0,1,0,1,1,1,1,1,1,1,1,0,1,0,1,
1,1,1,1,1,1,1,1,1,1,1,1,1,1,1,1,1,1,1,1,0,1,1,1,1,0,1,0,1,0,1,1,0,1,1,0,1,1,1,0,
Is Output Graph Empty or Complete?: 0
Ratio of Added Edges Over Added + Removed Edges: 1
Changes from Input to Output: 
Added Edge: (0, 1)
Added Edge: (0, 5)
Added Edge: (0, 10)
Added Edge: (0, 18)
Added Edge: (1, 18)
Added Edge: (2, 4)
Added Edge: (2, 17)
Added Edge: (2, 33)
Added Edge: (3, 15)
Added Edge: (3, 37)
Added Edge: (4, 7)
Added Edge: (4, 13)
Added Edge: (4, 21)
Added Edge: (4, 33)
Added Edge: (4, 38)
Added Edge: (4, 39)
Added Edge: (5, 13)
Added Edge: (6, 18)
Added Edge: (6, 26)
Added Edge: (6, 39)
Added Edge: (8, 10)
Added Edge: (8, 16)
Added Edge: (8, 23)
Added Edge: (8, 25)
Added Edge: (8, 32)
Added Edge: (9, 21)
Added Edge: (9, 26)
Added Edge: (9, 28)
Added Edge: (9, 34)
Added Edge: (11, 33)
Added Edge: (12, 39)
Added Edge: (13, 22)
Added Edge: (13, 28)
Added Edge: (13, 29)
Added Edge: (13, 31)
Added Edge: (13, 32)
Added Edge: (15, 31)
Added Edge: (16, 21)
Added Edge: (16, 22)
Added Edge: (16, 29)
Added Edge: (17, 34)
Added Edge: (19, 20)
Added Edge: (19, 24)
Added Edge: (19, 25)
Added Edge: (19, 30)
Added Edge: (19, 34)
Added Edge: (19, 36)
Added Edge: (20, 24)
Added Edge: (21, 38)
Added Edge: (22, 24)
Added Edge: (23, 25)
Added Edge: (23, 29)
Added Edge: (25, 29)
Added Edge: (25, 36)
Added Edge: (27, 28)
Added Edge: (30, 31)
Added Edge: (30, 39)
Added Edge: (32, 36)
Added Edge: (37, 38)
========================
