========================
TIME_LIMIT_SECONDS: 900
ODD_HOLE_TERMINATION_PERCENTAGE: 999
N_THREADS: 24
IS_RUNNING_HEURISTIC_ON_CANDIDATE: 1
IS_RUNNING_HEURISTIC_ON_RELAXATION: 0
ADD_ALL_AT_START: 0
========================
Wall-Clock Runtime (ms): 901433
Calculated Odd Hole Termination Batch Size: 0
Total Time of All Workers in OddHoleAlg (nano): 201436631
Total Time of All Workers in OddHoleAlg (ms): 201
OddHoleAlg calls: 162
Number of Found Odd-Holes: 33705
Number of Found Odd Anti-Holes: 41643
Is Optimal? (1e-6): 0
Optimality Gap: 0.331975
Objective Value: 74
Number of Feasible Solutions Found: 26
Number of Times Heuristic is Called: 79
Total number of added OH and OHbar Cuts: 75348
Number of Explored B&C tree nodes: 133096
Number of Unexplored B&C tree nodes: 105923
========================
Input Graph:
Number of Vertices: 30
Erdos Renyi p Parameter: 0.5
Number of Edges: 220
Expected No of Odd Holes: 2023
Expected No of Odd Anti Holes: 353
ODD_HOLE_TERMINATION_BATCH_SIZE: 0
Graph Density: 0.505747
0,0,1,1,1,0,1,1,0,0,1,1,0,1,0,0,0,0,1,0,0,0,0,1,1,1,0,0,0,0,
0,0,0,0,0,1,0,1,1,0,1,0,1,0,1,1,0,1,0,1,1,0,1,0,0,0,1,0,1,0,
1,0,0,0,1,0,0,1,1,1,0,1,0,0,0,1,1,0,0,0,1,1,0,1,1,1,1,1,0,0,
1,0,0,0,1,1,1,1,1,0,1,0,1,1,0,1,0,1,1,1,1,1,0,1,1,1,1,1,0,0,
1,0,1,1,0,1,0,0,1,0,0,1,1,1,1,0,1,0,1,1,1,1,0,0,0,1,1,1,0,0,
0,1,0,1,1,0,0,1,0,1,1,0,0,1,0,0,0,0,0,1,0,0,1,1,1,1,1,1,0,0,
1,0,0,1,0,0,0,0,1,1,1,1,1,0,1,1,0,1,0,1,1,1,0,1,1,1,0,0,0,1,
1,1,1,1,0,1,0,0,0,1,1,0,1,0,0,1,0,1,1,1,0,0,0,1,0,1,1,0,1,1,
0,1,1,1,1,0,1,0,0,0,0,0,1,0,1,0,0,0,0,0,0,1,0,0,0,1,1,1,0,0,
0,0,1,0,0,1,1,1,0,0,0,0,0,0,1,1,0,0,1,0,1,1,1,0,0,1,1,1,1,1,
1,1,0,1,0,1,1,1,0,0,0,0,0,1,0,0,0,1,1,0,1,0,1,1,0,1,0,0,0,0,
1,0,1,0,1,0,1,0,0,0,0,0,0,1,0,0,0,1,0,0,1,1,1,0,1,0,0,1,0,1,
0,1,0,1,1,0,1,1,1,0,0,0,0,0,1,0,0,1,0,1,1,0,1,1,0,1,1,0,1,0,
1,0,0,1,1,1,0,0,0,0,1,1,0,0,1,0,0,1,0,1,1,1,1,0,1,0,0,0,1,0,
0,1,0,0,1,0,1,0,1,1,0,0,1,1,0,1,0,1,0,0,1,0,0,0,0,1,0,0,1,1,
0,1,1,1,0,0,1,1,0,1,0,0,0,0,1,0,1,1,0,0,1,0,1,1,1,0,0,0,0,0,
0,0,1,0,1,0,0,0,0,0,0,0,0,0,0,1,0,1,1,0,1,0,1,0,1,1,1,1,0,0,
0,1,0,1,0,0,1,1,0,0,1,1,1,1,1,1,1,0,0,0,0,1,0,0,0,0,1,0,0,0,
1,0,0,1,1,0,0,1,0,1,1,0,0,0,0,0,1,0,0,1,0,0,0,1,1,0,0,0,0,0,
0,1,0,1,1,1,1,1,0,0,0,0,1,1,0,0,0,0,1,0,0,1,1,0,0,1,1,1,0,1,
0,1,1,1,1,0,1,0,0,1,1,1,1,1,1,1,1,0,0,0,0,0,0,1,0,1,0,0,1,1,
0,0,1,1,1,0,1,0,1,1,0,1,0,1,0,0,0,1,0,1,0,0,1,1,1,0,1,0,1,1,
0,1,0,0,0,1,0,0,0,1,1,1,1,1,0,1,1,0,0,1,0,1,0,1,1,0,0,1,1,0,
1,0,1,1,0,1,1,1,0,0,1,0,1,0,0,1,0,0,1,0,1,1,1,0,1,1,1,0,1,1,
1,0,1,1,0,1,1,0,0,0,0,1,0,1,0,1,1,0,1,0,0,1,1,1,0,0,1,1,0,1,
1,0,1,1,1,1,1,1,1,1,1,0,1,0,1,0,1,0,0,1,1,0,0,1,0,0,1,1,1,1,
0,1,1,1,1,1,0,1,1,1,0,0,1,0,0,0,1,1,0,1,0,1,0,1,1,1,0,0,1,1,
0,0,1,1,1,1,0,0,1,1,0,1,0,0,0,0,1,0,0,1,0,0,1,0,1,1,0,0,1,1,
0,1,0,0,0,0,0,1,0,1,0,0,1,1,1,0,0,0,0,0,1,1,1,1,0,1,1,1,0,0,
0,0,0,0,0,0,1,1,0,1,0,1,0,0,1,0,0,0,0,1,1,1,0,1,1,1,1,1,0,0,
========================
Output Graph: 
Number of Vertices: 30
Number of Edges: 294
Graph Density: 0.675862
0,1,1,1,1,0,1,1,0,0,1,1,0,1,0,0,0,0,1,0,0,0,0,1,1,1,0,0,0,0,
1,0,1,1,1,1,1,1,1,1,1,1,1,0,1,1,1,1,1,1,1,1,1,1,1,0,1,1,1,0,
1,1,0,1,1,0,1,1,1,1,1,1,1,1,1,1,1,0,0,1,1,1,1,1,1,1,1,1,0,0,
1,1,1,0,1,1,1,1,1,0,1,0,1,1,1,1,0,1,1,1,1,1,1,1,1,1,1,1,0,1,
1,1,1,1,0,1,1,1,1,1,1,1,1,1,1,0,1,0,1,1,1,1,0,1,1,1,1,1,0,0,
0,1,0,1,1,0,0,1,0,1,1,0,0,1,0,0,0,0,0,1,1,0,1,1,1,1,1,1,0,0,
1,1,1,1,1,0,0,1,1,1,1,1,1,0,1,1,1,1,0,1,1,1,1,1,1,1,0,0,1,1,
1,1,1,1,1,1,1,0,0,1,1,1,1,1,0,1,0,1,1,1,0,1,1,1,0,1,1,1,1,1,
0,1,1,1,1,0,1,0,0,0,0,0,1,0,1,0,0,0,0,0,0,1,0,0,0,1,1,1,0,0,
0,1,1,0,1,1,1,1,0,0,0,0,1,1,1,1,0,1,1,0,1,1,1,0,0,1,1,1,1,1,
1,1,1,1,1,1,1,1,0,0,0,0,0,1,0,0,0,1,1,0,1,0,1,1,1,1,1,1,0,0,
1,1,1,0,1,0,1,1,0,0,0,0,0,1,0,1,0,1,1,0,1,1,1,0,1,1,1,1,0,1,
0,1,1,1,1,0,1,1,1,1,0,0,0,1,1,0,0,1,0,1,1,0,1,1,0,1,1,1,1,0,
1,0,1,1,1,1,0,1,0,1,1,1,1,0,1,0,1,1,0,1,1,1,1,1,1,0,0,0,1,0,
0,1,1,1,1,0,1,0,1,1,0,0,1,1,0,1,0,1,0,0,1,1,1,0,0,1,1,1,1,1,
0,1,1,1,0,0,1,1,0,1,0,1,0,0,1,0,1,1,0,0,1,0,1,1,1,0,0,0,0,0,
0,1,1,0,1,0,1,0,0,0,0,0,0,1,0,1,0,1,1,0,1,0,1,0,1,1,1,1,0,0,
0,1,0,1,0,0,1,1,0,1,1,1,1,1,1,1,1,0,0,1,1,1,0,1,1,1,1,0,0,0,
1,1,0,1,1,0,0,1,0,1,1,1,0,0,0,0,1,0,0,1,1,0,0,1,1,0,0,0,0,0,
0,1,1,1,1,1,1,1,0,0,0,0,1,1,0,0,0,1,1,0,0,1,1,0,0,1,1,1,0,1,
0,1,1,1,1,1,1,0,0,1,1,1,1,1,1,1,1,1,1,0,0,1,1,1,0,1,1,1,1,1,
0,1,1,1,1,0,1,1,1,1,0,1,0,1,1,0,0,1,0,1,1,0,1,1,1,1,1,1,1,1,
0,1,1,1,0,1,1,1,0,1,1,1,1,1,1,1,1,0,0,1,1,1,0,1,1,1,1,1,1,0,
1,1,1,1,1,1,1,1,0,0,1,0,1,1,0,1,0,1,1,0,1,1,1,0,1,1,1,1,1,1,
1,1,1,1,1,1,1,0,0,0,1,1,0,1,0,1,1,1,1,0,0,1,1,1,0,1,1,1,0,1,
1,0,1,1,1,1,1,1,1,1,1,1,1,0,1,0,1,1,0,1,1,1,1,1,1,0,1,1,1,1,
0,1,1,1,1,1,0,1,1,1,1,1,1,0,1,0,1,1,0,1,1,1,1,1,1,1,0,0,1,1,
0,1,1,1,1,1,0,1,1,1,1,1,1,0,1,0,1,0,0,1,1,1,1,1,1,1,0,0,1,1,
0,1,0,0,0,0,1,1,0,1,0,0,1,1,1,0,0,0,0,0,1,1,1,1,0,1,1,1,0,0,
0,0,0,1,0,0,1,1,0,1,0,1,0,0,1,0,0,0,0,1,1,1,0,1,1,1,1,1,0,0,
Is Output Graph Empty or Complete?: 0
Ratio of Added Edges Over Added + Removed Edges: 1
Changes from Input to Output: 
Added Edge: (0, 1)
Added Edge: (1, 2)
Added Edge: (1, 3)
Added Edge: (1, 4)
Added Edge: (1, 6)
Added Edge: (1, 9)
Added Edge: (1, 11)
Added Edge: (1, 16)
Added Edge: (1, 18)
Added Edge: (1, 21)
Added Edge: (1, 23)
Added Edge: (1, 24)
Added Edge: (1, 27)
Added Edge: (2, 3)
Added Edge: (2, 6)
Added Edge: (2, 10)
Added Edge: (2, 12)
Added Edge: (2, 13)
Added Edge: (2, 14)
Added Edge: (2, 19)
Added Edge: (2, 22)
Added Edge: (3, 14)
Added Edge: (3, 22)
Added Edge: (3, 29)
Added Edge: (4, 6)
Added Edge: (4, 7)
Added Edge: (4, 9)
Added Edge: (4, 10)
Added Edge: (4, 23)
Added Edge: (4, 24)
Added Edge: (5, 20)
Added Edge: (6, 7)
Added Edge: (6, 16)
Added Edge: (6, 22)
Added Edge: (6, 28)
Added Edge: (7, 11)
Added Edge: (7, 13)
Added Edge: (7, 21)
Added Edge: (7, 22)
Added Edge: (7, 27)
Added Edge: (9, 12)
Added Edge: (9, 13)
Added Edge: (9, 17)
Added Edge: (10, 24)
Added Edge: (10, 26)
Added Edge: (10, 27)
Added Edge: (11, 15)
Added Edge: (11, 18)
Added Edge: (11, 25)
Added Edge: (11, 26)
Added Edge: (12, 13)
Added Edge: (12, 27)
Added Edge: (13, 16)
Added Edge: (13, 23)
Added Edge: (14, 21)
Added Edge: (14, 22)
Added Edge: (14, 26)
Added Edge: (14, 27)
Added Edge: (17, 19)
Added Edge: (17, 20)
Added Edge: (17, 23)
Added Edge: (17, 24)
Added Edge: (17, 25)
Added Edge: (18, 20)
Added Edge: (20, 21)
Added Edge: (20, 22)
Added Edge: (20, 26)
Added Edge: (20, 27)
Added Edge: (21, 25)
Added Edge: (21, 27)
Added Edge: (22, 25)
Added Edge: (22, 26)
Added Edge: (23, 27)
Added Edge: (24, 25)
========================
