========================
TIME_LIMIT_SECONDS: 900
ODD_HOLE_TERMINATION_PERCENTAGE: 999
N_THREADS: 24
IS_RUNNING_HEURISTIC_ON_CANDIDATE: 1
IS_RUNNING_HEURISTIC_ON_RELAXATION: 1
ADD_ALL_AT_START: 0
========================
Wall-Clock Runtime (ms): 901278
Calculated Odd Hole Termination Batch Size: 0
Total Time of All Workers in OddHoleAlg (nano): 1361984149
Total Time of All Workers in OddHoleAlg (ms): 1361
OddHoleAlg calls: 62
Number of Found Odd-Holes: 18206
Number of Found Odd Anti-Holes: 403274
Is Optimal? (1e-6): 0
Optimality Gap: 0.343724
Objective Value: 64
Number of Feasible Solutions Found: 1766
Number of Times Heuristic is Called: 1888
Total number of added OH and OHbar Cuts: 421480
Number of Explored B&C tree nodes: 9491
Number of Unexplored B&C tree nodes: 3354
========================
Input Graph:
Number of Vertices: 40
Erdos Renyi p Parameter: 0.75
Number of Edges: 584
Expected No of Odd Holes: 1833
Expected No of Odd Anti Holes: 19717
ODD_HOLE_TERMINATION_BATCH_SIZE: 0
Graph Density: 0.748718
0,1,0,1,0,1,0,1,1,1,1,1,0,1,1,1,1,1,1,1,1,1,1,1,0,1,1,1,1,1,1,1,1,1,0,1,0,1,1,1,
1,0,1,1,1,1,0,0,1,1,1,1,0,1,1,1,1,0,1,0,0,1,1,0,1,1,0,1,1,1,1,1,1,1,0,1,1,1,1,0,
0,1,0,1,1,1,1,1,1,1,1,1,0,1,0,1,1,0,1,1,1,1,1,1,1,1,1,0,1,1,0,1,1,0,1,1,1,0,1,1,
1,1,1,0,1,1,1,1,0,1,0,0,1,1,1,0,1,1,0,1,1,1,1,1,1,1,1,1,1,1,1,0,1,1,1,1,1,0,1,0,
0,1,1,1,0,0,1,1,1,1,1,0,1,1,1,1,1,1,1,1,1,1,1,1,0,0,1,0,1,1,0,1,1,1,1,0,1,1,1,1,
1,1,1,1,0,0,1,1,1,1,1,1,1,1,1,1,0,1,1,1,1,1,0,1,1,1,0,0,1,1,0,1,1,1,1,1,1,1,0,1,
0,0,1,1,1,1,0,0,1,1,1,1,0,1,1,1,0,1,1,1,1,0,1,1,1,1,1,1,1,0,1,1,0,1,1,1,0,1,1,1,
1,0,1,1,1,1,0,0,1,0,1,1,1,1,1,1,0,1,0,1,0,1,1,0,0,1,1,1,1,0,1,0,1,1,1,1,0,1,1,1,
1,1,1,0,1,1,1,1,0,1,0,1,1,1,1,1,0,1,0,1,0,1,1,0,1,1,1,0,1,0,1,1,1,1,0,1,0,1,0,1,
1,1,1,1,1,1,1,0,1,0,0,0,1,0,1,0,1,1,1,1,1,1,0,0,0,1,1,1,1,1,0,0,1,1,1,0,1,0,1,1,
1,1,1,0,1,1,1,1,0,0,0,1,1,1,1,1,1,0,1,0,1,1,1,1,1,1,0,1,1,1,1,1,1,1,1,1,1,1,1,1,
1,1,1,0,0,1,1,1,1,0,1,0,0,0,1,0,1,1,1,0,1,0,1,1,1,1,1,1,1,0,1,0,1,1,1,1,1,1,1,1,
0,0,0,1,1,1,0,1,1,1,1,0,0,1,0,0,0,1,1,0,1,1,1,0,0,1,1,1,1,1,1,1,0,0,0,1,1,1,0,0,
1,1,1,1,1,1,1,1,1,0,1,0,1,0,0,1,0,1,1,1,0,1,1,1,1,1,1,0,1,0,1,1,1,1,0,0,0,1,1,1,
1,1,0,1,1,1,1,1,1,1,1,1,0,0,0,1,1,0,0,1,1,1,1,1,0,1,0,1,1,1,1,1,1,1,1,1,1,0,0,1,
1,1,1,0,1,1,1,1,1,0,1,0,0,1,1,0,0,0,0,1,1,1,1,1,1,1,1,1,0,1,1,1,1,1,1,0,0,0,0,1,
1,1,1,1,1,0,0,0,0,1,1,1,0,0,1,0,0,1,1,1,0,1,1,1,1,1,1,1,0,1,1,1,1,1,1,1,1,1,1,0,
1,0,0,1,1,1,1,1,1,1,0,1,1,1,0,0,1,0,0,0,1,1,1,1,1,1,1,0,0,0,1,1,1,1,0,1,1,1,0,1,
1,1,1,0,1,1,1,0,0,1,1,1,1,1,0,0,1,0,0,1,1,0,1,1,1,1,1,1,1,1,1,0,1,1,1,1,1,1,1,1,
1,0,1,1,1,1,1,1,1,1,0,0,0,1,1,1,1,0,1,0,1,0,1,1,1,1,0,1,0,0,0,1,1,0,0,0,1,1,0,1,
1,0,1,1,1,1,1,0,0,1,1,1,1,0,1,1,0,1,1,1,0,1,1,1,1,1,1,1,1,1,1,1,1,1,1,1,0,1,1,0,
1,1,1,1,1,1,0,1,1,1,1,0,1,1,1,1,1,1,0,0,1,0,1,1,1,1,1,1,0,0,0,1,1,1,1,1,1,1,1,0,
1,1,1,1,1,0,1,1,1,0,1,1,1,1,1,1,1,1,1,1,1,1,0,0,0,1,0,1,1,1,1,1,1,1,1,1,1,0,0,1,
1,0,1,1,1,1,1,0,0,0,1,1,0,1,1,1,1,1,1,1,1,1,0,0,1,1,1,1,0,1,1,0,1,1,1,1,1,1,1,0,
0,1,1,1,0,1,1,0,1,0,1,1,0,1,0,1,1,1,1,1,1,1,0,1,0,0,0,1,1,1,0,1,1,1,0,1,1,1,1,1,
1,1,1,1,0,1,1,1,1,1,1,1,1,1,1,1,1,1,1,1,1,1,1,1,0,0,1,1,1,0,1,0,1,0,0,1,0,0,1,0,
1,0,1,1,1,0,1,1,1,1,0,1,1,1,0,1,1,1,1,0,1,1,0,1,0,1,0,1,1,1,1,1,1,1,1,0,0,1,1,1,
1,1,0,1,0,0,1,1,0,1,1,1,1,0,1,1,1,0,1,1,1,1,1,1,1,1,1,0,0,1,0,1,1,1,1,1,0,1,1,1,
1,1,1,1,1,1,1,1,1,1,1,1,1,1,1,0,0,0,1,0,1,0,1,0,1,1,1,0,0,0,1,1,1,1,0,1,1,0,1,0,
1,1,1,1,1,1,0,0,0,1,1,0,1,0,1,1,1,0,1,0,1,0,1,1,1,0,1,1,0,0,1,0,0,1,1,1,0,1,1,1,
1,1,0,1,0,0,1,1,1,0,1,1,1,1,1,1,1,1,1,0,1,0,1,1,0,1,1,0,1,1,0,0,0,0,1,1,0,1,0,1,
1,1,1,0,1,1,1,0,1,0,1,0,1,1,1,1,1,1,0,1,1,1,1,0,1,0,1,1,1,0,0,0,1,0,1,1,1,1,1,1,
1,1,1,1,1,1,0,1,1,1,1,1,0,1,1,1,1,1,1,1,1,1,1,1,1,1,1,1,1,0,0,1,0,1,1,1,1,0,1,1,
1,1,0,1,1,1,1,1,1,1,1,1,0,1,1,1,1,1,1,0,1,1,1,1,1,0,1,1,1,1,0,0,1,0,1,1,1,1,1,0,
0,0,1,1,1,1,1,1,0,1,1,1,0,0,1,1,1,0,1,0,1,1,1,1,0,0,1,1,0,1,1,1,1,1,0,0,1,0,0,1,
1,1,1,1,0,1,1,1,1,0,1,1,1,0,1,0,1,1,1,0,1,1,1,1,1,1,0,1,1,1,1,1,1,1,0,0,1,1,1,1,
0,1,1,1,1,1,0,0,0,1,1,1,1,0,1,0,1,1,1,1,0,1,1,1,1,0,0,0,1,0,0,1,1,1,1,1,0,0,1,1,
1,1,0,0,1,1,1,1,1,0,1,1,1,1,0,0,1,1,1,1,1,1,0,1,1,0,1,1,0,1,1,1,0,1,0,1,0,0,0,1,
1,1,1,1,1,0,1,1,0,1,1,1,0,1,0,0,1,0,1,0,1,1,0,1,1,1,1,1,1,1,0,1,1,1,0,1,1,0,0,1,
1,0,1,0,1,1,1,1,1,1,1,1,0,1,1,1,0,1,1,1,0,0,1,0,1,0,1,1,0,1,1,1,1,0,1,1,1,1,1,0,
========================
Output Graph: 
Number of Vertices: 40
Number of Edges: 648
Graph Density: 0.830769
0,1,0,1,0,1,1,1,1,1,1,1,1,1,1,1,1,1,1,1,1,1,1,1,0,1,1,1,1,1,1,1,1,1,0,1,0,1,1,1,
1,0,1,1,1,1,0,0,1,1,1,1,0,1,1,1,1,0,1,0,1,1,1,1,1,1,0,1,1,1,1,1,1,1,1,1,1,1,1,0,
0,1,0,1,1,1,1,1,1,1,1,1,0,1,1,1,1,0,1,1,1,1,1,1,1,1,1,0,1,1,0,1,1,1,1,1,1,0,1,1,
1,1,1,0,1,1,1,1,0,1,1,0,1,1,1,0,1,1,1,1,1,1,1,1,1,1,1,1,1,1,1,0,1,1,1,1,1,0,1,0,
0,1,1,1,0,1,1,1,1,1,1,0,1,1,1,1,1,1,1,1,1,1,1,1,1,0,1,0,1,1,0,1,1,1,1,1,1,1,1,1,
1,1,1,1,1,0,1,1,1,1,1,1,1,1,1,1,1,1,1,1,1,1,0,1,1,1,0,0,1,1,0,1,1,1,1,1,1,1,1,1,
1,0,1,1,1,1,0,1,1,1,1,1,1,1,1,1,0,1,1,1,1,0,1,1,1,1,1,1,1,0,1,1,0,1,1,1,0,1,1,1,
1,0,1,1,1,1,1,0,1,0,1,1,1,1,1,1,0,1,0,1,0,1,1,0,0,1,1,1,1,0,1,1,1,1,1,1,0,1,1,1,
1,1,1,0,1,1,1,1,0,1,0,1,1,1,1,1,0,1,0,1,0,1,1,0,1,1,1,1,1,0,1,1,1,1,0,1,0,1,0,1,
1,1,1,1,1,1,1,0,1,0,1,0,1,0,1,0,1,1,1,1,1,1,0,1,1,1,1,1,1,1,0,0,1,1,1,0,1,0,1,1,
1,1,1,1,1,1,1,1,0,1,0,1,1,1,1,1,1,0,1,0,1,1,1,1,1,1,0,1,1,1,1,1,1,1,1,1,1,1,1,1,
1,1,1,0,0,1,1,1,1,0,1,0,1,1,1,1,1,1,1,1,1,0,1,1,1,1,1,1,1,0,1,1,1,1,1,1,1,1,1,1,
1,0,0,1,1,1,1,1,1,1,1,1,0,1,0,1,0,1,1,1,1,1,1,0,0,1,1,1,1,1,1,1,0,0,0,1,1,1,0,1,
1,1,1,1,1,1,1,1,1,0,1,1,1,0,0,1,0,1,1,1,0,1,1,1,1,1,1,1,1,0,1,1,1,1,0,0,0,1,1,1,
1,1,1,1,1,1,1,1,1,1,1,1,0,0,0,1,1,1,1,1,1,1,1,1,1,1,0,1,1,1,1,1,1,1,1,1,1,0,1,1,
1,1,1,0,1,1,1,1,1,0,1,1,1,1,1,0,0,1,0,1,1,1,1,1,1,1,1,1,1,1,1,1,1,1,1,1,1,1,0,1,
1,1,1,1,1,1,0,0,0,1,1,1,0,0,1,0,0,1,1,1,0,1,1,1,1,1,1,1,0,1,1,1,1,1,1,1,1,1,1,0,
1,0,0,1,1,1,1,1,1,1,0,1,1,1,1,1,1,0,0,1,1,1,1,1,1,1,1,1,1,0,1,1,1,1,0,1,1,1,0,1,
1,1,1,1,1,1,1,0,0,1,1,1,1,1,1,0,1,0,0,1,1,1,1,1,1,1,1,1,1,1,1,0,1,1,1,1,1,1,1,1,
1,0,1,1,1,1,1,1,1,1,0,1,1,1,1,1,1,1,1,0,1,0,1,1,1,1,1,1,1,1,1,1,1,0,0,1,1,1,0,1,
1,1,1,1,1,1,1,0,0,1,1,1,1,0,1,1,0,1,1,1,0,1,1,1,1,1,1,1,1,1,1,1,1,1,1,1,0,1,1,1,
1,1,1,1,1,1,0,1,1,1,1,0,1,1,1,1,1,1,1,0,1,0,1,1,1,1,1,1,0,1,0,1,1,1,1,1,1,1,1,0,
1,1,1,1,1,0,1,1,1,0,1,1,1,1,1,1,1,1,1,1,1,1,0,0,0,1,1,1,1,1,1,1,1,1,1,1,1,1,0,1,
1,1,1,1,1,1,1,0,0,1,1,1,0,1,1,1,1,1,1,1,1,1,0,0,1,1,1,1,0,1,1,0,1,1,1,1,1,1,1,0,
0,1,1,1,1,1,1,0,1,1,1,1,0,1,1,1,1,1,1,1,1,1,0,1,0,0,0,1,1,1,0,1,1,1,1,1,1,1,1,1,
1,1,1,1,0,1,1,1,1,1,1,1,1,1,1,1,1,1,1,1,1,1,1,1,0,0,1,1,1,0,1,1,1,0,0,1,0,1,1,1,
1,0,1,1,1,0,1,1,1,1,0,1,1,1,0,1,1,1,1,1,1,1,1,1,0,1,0,1,1,1,1,1,1,1,1,1,0,1,1,1,
1,1,0,1,0,0,1,1,1,1,1,1,1,1,1,1,1,1,1,1,1,1,1,1,1,1,1,0,1,1,0,1,1,1,1,1,0,1,1,1,
1,1,1,1,1,1,1,1,1,1,1,1,1,1,1,1,0,1,1,1,1,0,1,0,1,1,1,1,0,0,1,1,1,1,0,1,1,1,1,1,
1,1,1,1,1,1,0,0,0,1,1,0,1,0,1,1,1,0,1,1,1,1,1,1,1,0,1,1,0,0,1,0,1,1,1,1,1,1,1,1,
1,1,0,1,0,0,1,1,1,0,1,1,1,1,1,1,1,1,1,1,1,0,1,1,0,1,1,0,1,1,0,1,0,0,1,1,0,1,0,1,
1,1,1,0,1,1,1,1,1,0,1,1,1,1,1,1,1,1,0,1,1,1,1,0,1,1,1,1,1,0,1,0,1,0,1,1,1,1,1,1,
1,1,1,1,1,1,0,1,1,1,1,1,0,1,1,1,1,1,1,1,1,1,1,1,1,1,1,1,1,1,0,1,0,1,1,1,1,0,1,1,
1,1,1,1,1,1,1,1,1,1,1,1,0,1,1,1,1,1,1,0,1,1,1,1,1,0,1,1,1,1,0,0,1,0,1,1,1,1,1,0,
0,1,1,1,1,1,1,1,0,1,1,1,0,0,1,1,1,0,1,0,1,1,1,1,1,0,1,1,0,1,1,1,1,1,0,0,1,0,1,1,
1,1,1,1,1,1,1,1,1,0,1,1,1,0,1,1,1,1,1,1,1,1,1,1,1,1,1,1,1,1,1,1,1,1,0,0,1,1,1,1,
0,1,1,1,1,1,0,0,0,1,1,1,1,0,1,1,1,1,1,1,0,1,1,1,1,0,0,0,1,1,0,1,1,1,1,1,0,0,1,1,
1,1,0,0,1,1,1,1,1,0,1,1,1,1,0,1,1,1,1,1,1,1,1,1,1,1,1,1,1,1,1,1,0,1,0,1,0,0,0,1,
1,1,1,1,1,1,1,1,0,1,1,1,0,1,1,0,1,0,1,0,1,1,0,1,1,1,1,1,1,1,0,1,1,1,1,1,1,0,0,1,
1,0,1,0,1,1,1,1,1,1,1,1,1,1,1,1,0,1,1,1,1,0,1,0,1,1,1,1,1,1,1,1,1,0,1,1,1,1,1,0,
Is Output Graph Empty or Complete?: 0
Ratio of Added Edges Over Added + Removed Edges: 1
Changes from Input to Output: 
Added Edge: (0, 6)
Added Edge: (0, 12)
Added Edge: (1, 20)
Added Edge: (1, 23)
Added Edge: (1, 34)
Added Edge: (2, 14)
Added Edge: (2, 33)
Added Edge: (3, 10)
Added Edge: (3, 18)
Added Edge: (4, 5)
Added Edge: (4, 24)
Added Edge: (4, 35)
Added Edge: (5, 16)
Added Edge: (5, 38)
Added Edge: (6, 7)
Added Edge: (6, 12)
Added Edge: (7, 31)
Added Edge: (8, 27)
Added Edge: (9, 10)
Added Edge: (9, 23)
Added Edge: (9, 24)
Added Edge: (11, 12)
Added Edge: (11, 13)
Added Edge: (11, 15)
Added Edge: (11, 19)
Added Edge: (11, 31)
Added Edge: (12, 15)
Added Edge: (12, 19)
Added Edge: (12, 39)
Added Edge: (13, 27)
Added Edge: (14, 17)
Added Edge: (14, 18)
Added Edge: (14, 24)
Added Edge: (14, 38)
Added Edge: (15, 17)
Added Edge: (15, 28)
Added Edge: (15, 35)
Added Edge: (15, 36)
Added Edge: (15, 37)
Added Edge: (17, 19)
Added Edge: (17, 27)
Added Edge: (17, 28)
Added Edge: (18, 21)
Added Edge: (19, 26)
Added Edge: (19, 28)
Added Edge: (19, 29)
Added Edge: (19, 30)
Added Edge: (19, 35)
Added Edge: (20, 39)
Added Edge: (21, 29)
Added Edge: (22, 26)
Added Edge: (22, 37)
Added Edge: (24, 34)
Added Edge: (25, 31)
Added Edge: (25, 37)
Added Edge: (25, 39)
Added Edge: (26, 35)
Added Edge: (27, 28)
Added Edge: (28, 37)
Added Edge: (28, 39)
Added Edge: (29, 32)
Added Edge: (29, 36)
Added Edge: (30, 31)
Added Edge: (34, 38)
========================
