========================
TIME_LIMIT_SECONDS: 900
ODD_HOLE_TERMINATION_PERCENTAGE: 999
N_THREADS: 24
IS_RUNNING_HEURISTIC_ON_CANDIDATE: 1
IS_RUNNING_HEURISTIC_ON_RELAXATION: 1
ADD_ALL_AT_START: 0
========================
Wall-Clock Runtime (ms): 901921
Calculated Odd Hole Termination Batch Size: 0
Total Time of All Workers in OddHoleAlg (nano): 225888454
Total Time of All Workers in OddHoleAlg (ms): 225
OddHoleAlg calls: 72
Number of Found Odd-Holes: 73323
Number of Found Odd Anti-Holes: 2469
Is Optimal? (1e-6): 0
Optimality Gap: 0.340028
Objective Value: 90
Number of Feasible Solutions Found: 3693
Number of Times Heuristic is Called: 9905
Total number of added OH and OHbar Cuts: 75792
Number of Explored B&C tree nodes: 50201
Number of Unexplored B&C tree nodes: 41366
========================
Input Graph:
Number of Vertices: 35
Erdos Renyi p Parameter: 0.25
Number of Edges: 141
Expected No of Odd Holes: 6448
Expected No of Odd Anti Holes: 1
ODD_HOLE_TERMINATION_BATCH_SIZE: 0
Graph Density: 0.236975
0,0,0,0,0,0,0,0,0,1,1,0,0,0,0,1,0,0,0,0,0,0,0,0,0,0,0,0,1,0,0,1,0,0,0,
0,0,0,1,0,0,1,1,0,0,0,0,0,1,0,0,0,0,0,0,0,0,0,0,1,0,0,0,0,0,0,0,0,0,0,
0,0,0,0,0,0,0,1,0,0,1,1,0,1,0,0,0,0,0,0,0,0,0,0,0,0,0,0,0,0,1,0,1,1,0,
0,1,0,0,0,0,1,0,1,0,0,0,0,1,0,1,0,0,1,1,0,0,1,0,0,1,0,0,0,0,1,0,0,0,1,
0,0,0,0,0,1,0,0,1,0,0,0,0,0,0,0,1,0,1,0,0,0,1,0,0,0,0,0,0,0,0,0,0,0,0,
0,0,0,0,1,0,0,0,1,1,0,0,1,0,0,0,0,0,0,0,1,0,0,0,1,1,0,0,0,0,0,0,0,1,1,
0,1,0,1,0,0,0,0,0,1,0,0,0,1,1,0,1,0,1,0,1,0,0,1,0,1,1,1,0,0,0,0,1,0,0,
0,1,1,0,0,0,0,0,0,0,1,0,0,0,0,1,0,0,1,1,0,0,0,0,1,0,0,0,1,0,0,0,1,1,0,
0,0,0,1,1,1,0,0,0,0,1,0,1,0,0,0,0,0,0,0,0,0,0,0,0,0,0,0,0,0,0,1,0,0,1,
1,0,0,0,0,1,1,0,0,0,0,0,0,0,0,0,0,0,0,0,0,0,0,1,0,0,0,1,0,0,1,1,0,1,0,
1,0,1,0,0,0,0,1,1,0,0,0,1,0,0,1,1,0,0,0,0,0,0,0,0,0,0,0,0,0,0,0,0,0,0,
0,0,1,0,0,0,0,0,0,0,0,0,1,0,0,0,0,0,0,0,0,0,1,0,0,0,0,0,1,1,0,1,1,0,0,
0,0,0,0,0,1,0,0,1,0,1,1,0,1,0,0,0,1,0,1,0,1,1,0,0,0,0,0,1,0,0,1,0,1,0,
0,1,1,1,0,0,1,0,0,0,0,0,1,0,0,0,0,1,0,0,1,0,0,1,0,0,1,0,0,0,1,1,0,0,1,
0,0,0,0,0,0,1,0,0,0,0,0,0,0,0,0,1,0,0,0,0,0,0,0,0,0,0,0,0,0,0,1,1,0,0,
1,0,0,1,0,0,0,1,0,0,1,0,0,0,0,0,0,0,1,0,0,1,0,0,0,0,0,0,1,1,0,0,0,0,0,
0,0,0,0,1,0,1,0,0,0,1,0,0,0,1,0,0,0,0,0,1,0,0,0,0,1,0,0,0,0,0,0,0,0,1,
0,0,0,0,0,0,0,0,0,0,0,0,1,1,0,0,0,0,0,0,0,0,0,0,1,0,0,1,0,0,0,1,0,0,0,
0,0,0,1,1,0,1,1,0,0,0,0,0,0,0,1,0,0,0,0,0,0,0,0,0,1,0,0,0,1,0,0,0,0,0,
0,0,0,1,0,0,0,1,0,0,0,0,1,0,0,0,0,0,0,0,0,1,0,1,1,1,0,0,0,0,1,0,0,0,0,
0,0,0,0,0,1,1,0,0,0,0,0,0,1,0,0,1,0,0,0,0,0,0,0,0,0,0,0,0,0,0,0,0,0,1,
0,0,0,0,0,0,0,0,0,0,0,0,1,0,0,1,0,0,0,1,0,0,0,0,0,0,0,0,0,0,1,0,0,0,0,
0,0,0,1,1,0,0,0,0,0,0,1,1,0,0,0,0,0,0,0,0,0,0,0,1,0,1,0,0,1,0,1,0,0,1,
0,0,0,0,0,0,1,0,0,1,0,0,0,1,0,0,0,0,0,1,0,0,0,0,0,1,0,1,0,1,1,1,0,0,1,
0,1,0,0,0,1,0,1,0,0,0,0,0,0,0,0,0,1,0,1,0,0,1,0,0,1,0,0,0,0,0,1,0,1,0,
0,0,0,1,0,1,1,0,0,0,0,0,0,0,0,0,1,0,1,1,0,0,0,1,1,0,1,0,0,0,0,0,0,1,0,
0,0,0,0,0,0,1,0,0,0,0,0,0,1,0,0,0,0,0,0,0,0,1,0,0,1,0,0,1,0,0,0,0,0,0,
0,0,0,0,0,0,1,0,0,1,0,0,0,0,0,0,0,1,0,0,0,0,0,1,0,0,0,0,1,1,0,1,0,0,0,
1,0,0,0,0,0,0,1,0,0,0,1,1,0,0,1,0,0,0,0,0,0,0,0,0,0,1,1,0,1,0,0,0,0,0,
0,0,0,0,0,0,0,0,0,0,0,1,0,0,0,1,0,0,1,0,0,0,1,1,0,0,0,1,1,0,0,0,0,0,1,
0,0,1,1,0,0,0,0,0,1,0,0,0,1,0,0,0,0,0,1,0,1,0,1,0,0,0,0,0,0,0,1,1,0,0,
1,0,0,0,0,0,0,0,1,1,0,1,1,1,1,0,0,1,0,0,0,0,1,1,1,0,0,1,0,0,1,0,0,1,1,
0,0,1,0,0,0,1,1,0,0,0,1,0,0,1,0,0,0,0,0,0,0,0,0,0,0,0,0,0,0,1,0,0,1,0,
0,0,1,0,0,1,0,1,0,1,0,0,1,0,0,0,0,0,0,0,0,0,0,0,1,1,0,0,0,0,0,1,1,0,0,
0,0,0,1,0,1,0,0,1,0,0,0,0,1,0,0,1,0,0,0,1,0,1,1,0,0,0,0,0,1,0,1,0,0,0,
========================
Output Graph: 
Number of Vertices: 35
Number of Edges: 231
Graph Density: 0.388235
0,0,0,0,0,0,0,0,0,1,1,0,0,0,0,1,0,0,0,0,0,0,0,0,0,0,0,1,1,0,0,1,0,0,0,
0,0,0,1,0,0,1,1,0,0,0,0,0,1,0,0,0,0,0,0,0,0,0,0,1,0,0,0,0,0,0,0,0,0,0,
0,0,0,0,0,1,0,1,0,0,1,1,0,1,0,0,0,0,0,0,0,0,1,1,0,0,0,0,0,0,1,0,1,1,0,
0,1,0,0,0,1,1,1,1,0,0,0,0,1,0,1,1,0,1,1,0,0,1,1,0,1,0,0,0,1,1,1,0,0,1,
0,0,0,0,0,1,1,1,1,0,0,0,0,1,0,1,1,0,1,0,0,0,1,1,0,0,0,0,0,1,0,0,0,0,0,
0,0,1,1,1,0,0,0,1,1,1,0,1,0,0,0,0,0,0,0,1,0,0,1,1,1,0,0,1,1,0,1,1,1,1,
0,1,0,1,1,0,0,0,0,1,1,0,1,1,1,0,1,0,1,0,1,0,0,1,1,1,1,1,1,1,0,1,1,0,1,
0,1,1,1,1,0,0,0,0,1,1,0,1,1,0,1,0,0,1,1,0,0,0,1,1,1,0,1,1,1,1,1,1,1,0,
0,0,0,1,1,1,0,0,0,0,1,0,1,0,0,0,0,0,0,0,0,0,0,0,0,1,0,0,0,0,0,1,0,0,1,
1,0,0,0,0,1,1,1,0,0,0,0,0,1,0,1,0,0,0,0,0,0,0,1,0,0,0,1,0,0,1,1,0,1,0,
1,0,1,0,0,1,1,1,1,0,0,1,1,1,0,1,1,0,0,0,0,0,1,1,0,0,0,1,0,1,1,0,0,1,0,
0,0,1,0,0,0,0,0,0,0,1,0,1,0,0,0,0,0,0,0,0,0,1,0,0,0,0,0,1,1,0,1,1,0,0,
0,0,0,0,0,1,1,1,1,0,1,1,0,1,0,1,1,1,0,1,0,1,1,1,0,1,0,1,1,1,1,1,0,1,0,
0,1,1,1,1,0,1,1,0,1,1,0,1,0,0,1,0,1,0,0,1,0,0,1,1,1,1,0,1,1,1,1,1,1,1,
0,0,0,0,0,0,1,0,0,0,0,0,0,0,0,0,1,0,0,0,0,0,0,0,0,0,0,0,0,0,0,1,1,0,0,
1,0,0,1,1,0,0,1,0,1,1,0,1,1,0,0,0,0,1,0,0,1,0,1,1,1,0,1,1,1,0,1,0,0,0,
0,0,0,1,1,0,1,0,0,0,1,0,1,0,1,0,0,0,0,0,1,0,0,0,0,1,0,0,0,1,0,1,1,0,1,
0,0,0,0,0,0,0,0,0,0,0,0,1,1,0,0,0,0,0,0,0,0,0,0,1,0,0,1,0,1,0,1,0,0,0,
0,0,0,1,1,0,1,1,0,0,0,0,0,0,0,1,0,0,0,0,0,0,0,0,0,1,0,0,0,1,0,0,0,0,0,
0,0,0,1,0,0,0,1,0,0,0,0,1,0,0,0,0,0,0,0,0,1,0,1,1,1,0,0,0,0,1,0,0,0,0,
0,0,0,0,0,1,1,0,0,0,0,0,0,1,0,0,1,0,0,0,0,0,0,0,0,0,0,0,0,0,0,0,0,0,1,
0,0,0,0,0,0,0,0,0,0,0,0,1,0,0,1,0,0,0,1,0,0,0,0,0,0,0,0,0,0,1,0,0,0,0,
0,0,1,1,1,0,0,0,0,0,1,1,1,0,0,0,0,0,0,0,0,0,0,1,1,1,1,0,1,1,0,1,1,0,1,
0,0,1,1,1,1,1,1,0,1,1,0,1,1,0,1,0,0,0,1,0,0,1,0,1,1,0,1,1,1,1,1,1,0,1,
0,1,0,0,0,1,1,1,0,0,0,0,0,1,0,1,0,1,0,1,0,0,1,1,0,1,0,1,0,1,1,1,0,1,0,
0,0,0,1,0,1,1,1,1,0,0,0,1,1,0,1,1,0,1,1,0,0,1,1,1,0,1,1,0,1,1,0,0,1,0,
0,0,0,0,0,0,1,0,0,0,0,0,0,1,0,0,0,0,0,0,0,0,1,0,0,1,0,0,1,0,0,0,0,0,0,
1,0,0,0,0,0,1,1,0,1,1,0,1,0,0,1,0,1,0,0,0,0,0,1,1,1,0,0,1,1,0,1,0,0,0,
1,0,0,0,0,1,1,1,0,0,0,1,1,1,0,1,0,0,0,0,0,0,1,1,0,0,1,1,0,1,1,0,0,1,0,
0,0,0,1,1,1,1,1,0,0,1,1,1,1,0,1,1,1,1,0,0,0,1,1,1,1,0,1,1,0,1,1,0,1,1,
0,0,1,1,0,0,0,1,0,1,1,0,1,1,0,0,0,0,0,1,0,1,0,1,1,1,0,0,1,1,0,1,1,0,0,
1,0,0,1,0,1,1,1,1,1,0,1,1,1,1,1,1,1,0,0,0,0,1,1,1,0,0,1,0,1,1,0,0,1,1,
0,0,1,0,0,1,1,1,0,0,0,1,0,1,1,0,1,0,0,0,0,0,1,1,0,0,0,0,0,0,1,0,0,1,0,
0,0,1,0,0,1,0,1,0,1,1,0,1,1,0,0,0,0,0,0,0,0,0,0,1,1,0,0,1,1,0,1,1,0,0,
0,0,0,1,0,1,1,0,1,0,0,0,0,1,0,0,1,0,0,0,1,0,1,1,0,0,0,0,0,1,0,1,0,0,0,
Is Output Graph Empty or Complete?: 0
Ratio of Added Edges Over Added + Removed Edges: 1
Changes from Input to Output: 
Added Edge: (0, 27)
Added Edge: (2, 5)
Added Edge: (2, 22)
Added Edge: (2, 23)
Added Edge: (3, 5)
Added Edge: (3, 7)
Added Edge: (3, 16)
Added Edge: (3, 23)
Added Edge: (3, 29)
Added Edge: (3, 31)
Added Edge: (4, 6)
Added Edge: (4, 7)
Added Edge: (4, 13)
Added Edge: (4, 15)
Added Edge: (4, 23)
Added Edge: (4, 29)
Added Edge: (5, 10)
Added Edge: (5, 23)
Added Edge: (5, 28)
Added Edge: (5, 29)
Added Edge: (5, 31)
Added Edge: (5, 32)
Added Edge: (6, 10)
Added Edge: (6, 12)
Added Edge: (6, 24)
Added Edge: (6, 28)
Added Edge: (6, 29)
Added Edge: (6, 31)
Added Edge: (6, 34)
Added Edge: (7, 9)
Added Edge: (7, 12)
Added Edge: (7, 13)
Added Edge: (7, 23)
Added Edge: (7, 25)
Added Edge: (7, 27)
Added Edge: (7, 29)
Added Edge: (7, 30)
Added Edge: (7, 31)
Added Edge: (8, 25)
Added Edge: (9, 13)
Added Edge: (9, 15)
Added Edge: (10, 11)
Added Edge: (10, 13)
Added Edge: (10, 22)
Added Edge: (10, 23)
Added Edge: (10, 27)
Added Edge: (10, 29)
Added Edge: (10, 30)
Added Edge: (10, 33)
Added Edge: (12, 15)
Added Edge: (12, 16)
Added Edge: (12, 23)
Added Edge: (12, 25)
Added Edge: (12, 27)
Added Edge: (12, 29)
Added Edge: (12, 30)
Added Edge: (13, 15)
Added Edge: (13, 24)
Added Edge: (13, 25)
Added Edge: (13, 28)
Added Edge: (13, 29)
Added Edge: (13, 32)
Added Edge: (13, 33)
Added Edge: (15, 23)
Added Edge: (15, 24)
Added Edge: (15, 25)
Added Edge: (15, 27)
Added Edge: (15, 31)
Added Edge: (16, 29)
Added Edge: (16, 31)
Added Edge: (16, 32)
Added Edge: (17, 29)
Added Edge: (22, 23)
Added Edge: (22, 25)
Added Edge: (22, 28)
Added Edge: (22, 32)
Added Edge: (23, 24)
Added Edge: (23, 28)
Added Edge: (23, 32)
Added Edge: (24, 27)
Added Edge: (24, 29)
Added Edge: (24, 30)
Added Edge: (25, 27)
Added Edge: (25, 29)
Added Edge: (25, 30)
Added Edge: (28, 30)
Added Edge: (28, 33)
Added Edge: (29, 30)
Added Edge: (29, 31)
Added Edge: (29, 33)
========================
