========================
TIME_LIMIT_SECONDS: 900
ODD_HOLE_TERMINATION_PERCENTAGE: 999
N_THREADS: 24
IS_RUNNING_HEURISTIC_ON_CANDIDATE: 1
IS_RUNNING_HEURISTIC_ON_RELAXATION: 1
ADD_ALL_AT_START: 0
========================
Wall-Clock Runtime (ms): 900820
Calculated Odd Hole Termination Batch Size: 0
Total Time of All Workers in OddHoleAlg (nano): 38520511
Total Time of All Workers in OddHoleAlg (ms): 38
OddHoleAlg calls: 80
Number of Found Odd-Holes: 10524
Number of Found Odd Anti-Holes: 5712
Is Optimal? (1e-6): 0
Optimality Gap: 0.0553102
Objective Value: 38
Number of Feasible Solutions Found: 194425
Number of Times Heuristic is Called: 198400
Total number of added OH and OHbar Cuts: 16236
Number of Explored B&C tree nodes: 1376643
Number of Unexplored B&C tree nodes: 499096
========================
Input Graph:
Number of Vertices: 25
Erdos Renyi p Parameter: 0.5
Number of Edges: 152
Expected No of Odd Holes: 705
Expected No of Odd Anti Holes: 83
ODD_HOLE_TERMINATION_BATCH_SIZE: 0
Graph Density: 0.506667
0,1,0,0,1,1,1,1,0,1,1,0,0,1,1,1,1,0,1,0,1,0,1,0,1,
1,0,1,0,0,0,0,0,0,0,0,0,0,0,1,1,1,1,0,0,1,0,1,0,1,
0,1,0,0,1,1,0,0,1,0,0,1,0,0,0,1,1,1,1,0,0,0,1,0,1,
0,0,0,0,1,0,1,0,0,0,0,0,0,1,1,1,1,1,1,0,1,0,1,1,0,
1,0,1,1,0,1,1,1,1,0,1,0,1,0,0,0,1,0,1,0,1,0,0,0,1,
1,0,1,0,1,0,0,1,1,1,1,1,0,0,0,1,1,0,0,1,0,0,1,0,1,
1,0,0,1,1,0,0,1,1,0,1,1,0,0,1,1,1,0,1,0,1,0,0,0,1,
1,0,0,0,1,1,1,0,0,1,1,0,1,1,1,0,1,1,1,0,0,1,0,0,1,
0,0,1,0,1,1,1,0,0,0,0,0,1,1,0,0,1,1,0,0,1,1,1,0,1,
1,0,0,0,0,1,0,1,0,0,0,1,1,0,1,0,1,0,0,1,1,0,1,0,0,
1,0,0,0,1,1,1,1,0,0,0,0,1,0,0,1,0,0,1,0,1,1,0,1,0,
0,0,1,0,0,1,1,0,0,1,0,0,0,0,0,1,0,0,1,0,0,1,1,0,1,
0,0,0,0,1,0,0,1,1,1,1,0,0,1,1,1,0,0,0,1,0,0,0,1,1,
1,0,0,1,0,0,0,1,1,0,0,0,1,0,1,0,1,1,1,0,0,0,0,0,1,
1,1,0,1,0,0,1,1,0,1,0,0,1,1,0,0,1,0,1,1,0,0,1,0,0,
1,1,1,1,0,1,1,0,0,0,1,1,1,0,0,0,0,1,0,1,1,0,1,0,0,
1,1,1,1,1,1,1,1,1,1,0,0,0,1,1,0,0,1,0,0,0,1,1,0,1,
0,1,1,1,0,0,0,1,1,0,0,0,0,1,0,1,1,0,1,0,1,1,1,1,1,
1,0,1,1,1,0,1,1,0,0,1,1,0,1,1,0,0,1,0,0,1,0,1,1,0,
0,0,0,0,0,1,0,0,0,1,0,0,1,0,1,1,0,0,0,0,1,1,1,0,0,
1,1,0,1,1,0,1,0,1,1,1,0,0,0,0,1,0,1,1,1,0,0,1,1,1,
0,0,0,0,0,0,0,1,1,0,1,1,0,0,0,0,1,1,0,1,0,0,1,0,1,
1,1,1,1,0,1,0,0,1,1,0,1,0,0,1,1,1,1,1,1,1,1,0,1,0,
0,0,0,1,0,0,0,0,0,0,1,0,1,0,0,0,0,1,1,0,1,0,1,0,1,
1,1,1,0,1,1,1,1,1,0,0,1,1,1,0,0,1,1,0,0,1,1,0,1,0,
========================
Output Graph: 
Number of Vertices: 25
Number of Edges: 190
Graph Density: 0.633333
0,1,1,0,1,1,1,1,0,1,1,0,1,1,1,1,1,0,1,0,1,1,1,0,1,
1,0,1,0,0,0,0,0,0,0,0,0,0,0,1,1,1,1,0,0,1,0,1,0,1,
1,1,0,0,1,1,0,1,1,0,1,1,1,0,1,1,1,1,1,0,0,0,1,0,1,
0,0,0,0,1,0,1,0,0,0,1,0,0,1,1,1,1,1,1,0,1,0,1,1,0,
1,0,1,1,0,1,1,1,1,0,1,0,1,0,1,0,1,1,1,0,1,0,0,0,1,
1,0,1,0,1,0,0,1,1,1,1,1,0,0,1,1,1,1,0,1,1,0,1,0,1,
1,0,0,1,1,0,0,1,1,0,1,1,1,0,1,1,1,1,1,0,1,0,0,0,1,
1,0,1,0,1,1,1,0,0,1,1,0,1,1,1,1,1,1,1,0,1,1,1,0,1,
0,0,1,0,1,1,1,0,0,0,0,0,1,1,0,1,1,1,1,0,1,1,1,0,1,
1,0,0,0,0,1,0,1,0,0,0,1,1,0,1,0,1,0,0,1,1,0,1,0,0,
1,0,1,1,1,1,1,1,0,0,0,0,1,1,0,1,0,1,1,0,1,1,1,1,0,
0,0,1,0,0,1,1,0,0,1,0,0,1,0,0,1,0,0,1,0,1,1,1,0,1,
1,0,1,0,1,0,1,1,1,1,1,1,0,1,1,1,1,1,0,1,1,0,1,1,1,
1,0,0,1,0,0,0,1,1,0,1,0,1,0,1,0,1,1,1,0,0,0,0,0,1,
1,1,1,1,1,1,1,1,0,1,0,0,1,1,0,1,1,0,1,1,1,1,1,0,1,
1,1,1,1,0,1,1,1,1,0,1,1,1,0,1,0,1,1,0,1,1,0,1,0,1,
1,1,1,1,1,1,1,1,1,1,0,0,1,1,1,1,0,1,1,0,1,1,1,0,1,
0,1,1,1,1,1,1,1,1,0,1,0,1,1,0,1,1,0,1,0,1,1,1,1,1,
1,0,1,1,1,0,1,1,1,0,1,1,0,1,1,0,1,1,0,0,1,0,1,1,0,
0,0,0,0,0,1,0,0,0,1,0,0,1,0,1,1,0,0,0,0,1,1,1,0,0,
1,1,0,1,1,1,1,1,1,1,1,1,1,0,1,1,1,1,1,1,0,0,1,1,1,
1,0,0,0,0,0,0,1,1,0,1,1,0,0,1,0,1,1,0,1,0,0,1,0,1,
1,1,1,1,0,1,0,1,1,1,1,1,1,0,1,1,1,1,1,1,1,1,0,1,1,
0,0,0,1,0,0,0,0,0,0,1,0,1,0,0,0,0,1,1,0,1,0,1,0,1,
1,1,1,0,1,1,1,1,1,0,0,1,1,1,1,1,1,1,0,0,1,1,1,1,0,
Is Output Graph Empty or Complete?: 0
Ratio of Added Edges Over Added + Removed Edges: 1
Changes from Input to Output: 
Added Edge: (0, 2)
Added Edge: (0, 12)
Added Edge: (0, 21)
Added Edge: (2, 7)
Added Edge: (2, 10)
Added Edge: (2, 12)
Added Edge: (2, 14)
Added Edge: (3, 10)
Added Edge: (4, 14)
Added Edge: (4, 17)
Added Edge: (5, 14)
Added Edge: (5, 17)
Added Edge: (5, 20)
Added Edge: (6, 12)
Added Edge: (6, 17)
Added Edge: (7, 15)
Added Edge: (7, 20)
Added Edge: (7, 22)
Added Edge: (8, 15)
Added Edge: (8, 18)
Added Edge: (10, 13)
Added Edge: (10, 17)
Added Edge: (10, 22)
Added Edge: (11, 12)
Added Edge: (11, 20)
Added Edge: (12, 16)
Added Edge: (12, 17)
Added Edge: (12, 20)
Added Edge: (12, 22)
Added Edge: (14, 15)
Added Edge: (14, 20)
Added Edge: (14, 21)
Added Edge: (14, 24)
Added Edge: (15, 16)
Added Edge: (15, 24)
Added Edge: (16, 18)
Added Edge: (16, 20)
Added Edge: (22, 24)
========================
