========================
TIME_LIMIT_SECONDS: 900
ODD_HOLE_TERMINATION_PERCENTAGE: 999
N_THREADS: 24
IS_RUNNING_HEURISTIC_ON_CANDIDATE: 
IS_RUNNING_HEURISTIC_ON_RELAXATION: 
ADD_ALL_AT_START: 
========================
Wall-Clock Runtime (ms): 758
Calculated Odd Hole Termination Batch Size: 0
Total Time of All Workers in OddHoleAlg (nano): 163194
Total Time of All Workers in OddHoleAlg (ms): 0
OddHoleAlg calls: 2
Number of Found Odd-Holes: 0
Number of Found Odd Anti-Holes: 0
Number of Feasible Solutions Found: 1
Number of Times Heuristic is Called: 0
Total number of added OH and OHbar Cuts: 0
Number of Explored B&C tree nodes: 0
Number of Unexplored B&C tree nodes: 1
========================
Input Graph:
Number of Vertices: 50
Erdos Renyi p Parameter: 0.75
Number of Edges: 952
Expected No of Odd Holes: 5909
Expected No of Odd Anti Holes: 182197
ODD_HOLE_TERMINATION_BATCH_SIZE: 0
Graph Density: 0.777143
0,1,0,0,0,1,1,0,1,0,1,0,1,1,1,1,1,1,1,0,1,1,0,1,1,1,1,1,1,1,1,1,1,1,1,0,1,1,0,1,1,1,0,0,1,1,1,1,1,1,
1,0,0,1,0,1,1,0,1,1,1,0,1,1,1,0,1,1,1,0,1,1,1,1,0,1,0,1,1,0,1,1,1,1,1,1,1,1,1,1,1,1,1,1,1,1,1,1,1,1,
0,0,0,1,1,1,1,1,1,0,1,1,1,1,1,1,0,1,1,1,1,1,0,1,1,0,1,1,0,1,1,1,0,1,1,1,1,1,1,1,1,1,1,0,1,1,0,0,1,1,
0,1,1,0,1,1,1,1,1,1,0,1,1,1,1,1,0,1,1,1,1,1,0,1,0,0,1,1,1,1,1,0,1,1,1,1,1,1,1,1,1,0,1,0,1,1,1,1,1,1,
0,0,1,1,0,1,1,1,0,1,1,1,0,1,1,0,1,1,1,0,0,1,0,1,1,1,1,1,1,1,0,1,1,1,1,1,1,1,0,1,0,0,1,1,1,1,1,1,1,1,
1,1,1,1,1,0,1,1,1,1,0,1,0,1,1,0,1,1,0,1,1,1,1,1,1,1,1,1,0,0,1,1,1,0,1,1,1,1,1,0,0,1,1,1,1,1,1,1,1,0,
1,1,1,1,1,1,0,1,1,1,1,1,1,1,1,1,1,1,1,1,1,1,1,1,0,1,1,1,1,1,1,1,1,1,0,1,1,1,1,1,1,0,1,1,1,0,1,1,1,1,
0,0,1,1,1,1,1,0,1,0,1,0,1,1,0,1,0,0,1,0,1,1,1,1,0,0,1,0,1,0,1,1,1,1,1,1,1,1,1,1,1,1,1,1,1,1,1,0,1,1,
1,1,1,1,0,1,1,1,0,0,1,1,1,1,1,1,1,1,1,1,1,0,0,1,0,0,1,0,1,1,1,1,1,1,1,1,1,1,1,1,1,1,1,1,1,0,1,1,1,1,
0,1,0,1,1,1,1,0,0,0,0,0,1,1,1,1,1,1,0,1,1,1,0,0,1,1,0,1,0,0,1,1,1,1,1,1,1,1,1,0,1,1,1,0,1,0,1,0,1,0,
1,1,1,0,1,0,1,1,1,0,0,1,1,1,1,1,0,1,0,1,0,1,1,0,1,0,0,0,1,1,1,1,1,1,1,1,1,1,0,1,1,1,1,1,1,1,1,0,1,1,
0,0,1,1,1,1,1,0,1,0,1,0,1,0,1,1,1,1,1,1,1,1,0,1,1,1,0,1,1,1,1,1,1,1,1,1,1,0,1,1,1,1,0,0,1,1,0,0,1,0,
1,1,1,1,0,0,1,1,1,1,1,1,0,1,1,1,1,1,1,0,0,1,0,0,1,0,1,1,1,1,1,1,0,1,1,1,1,1,1,1,1,1,1,1,1,1,1,1,1,1,
1,1,1,1,1,1,1,1,1,1,1,0,1,0,1,0,1,1,1,1,1,1,1,0,1,0,0,1,1,0,1,1,1,1,1,1,1,1,1,1,1,1,1,0,1,1,1,1,1,0,
1,1,1,1,1,1,1,0,1,1,1,1,1,1,0,1,1,1,1,1,0,1,1,1,1,0,1,0,1,1,1,0,1,1,1,1,1,1,1,0,0,0,0,1,0,1,1,1,1,1,
1,0,1,1,0,0,1,1,1,1,1,1,1,0,1,0,1,1,1,1,1,0,1,1,1,1,1,1,1,1,1,0,1,1,1,1,1,1,1,1,0,1,0,1,1,1,1,1,1,1,
1,1,0,0,1,1,1,0,1,1,0,1,1,1,1,1,0,1,1,1,0,1,1,1,1,1,1,1,1,1,1,1,0,1,1,1,1,0,0,1,0,1,1,1,1,1,0,1,1,0,
1,1,1,1,1,1,1,0,1,1,1,1,1,1,1,1,1,0,0,0,0,1,1,1,1,1,1,1,0,1,1,1,1,0,0,1,0,0,1,1,1,1,1,0,1,1,0,0,1,1,
1,1,1,1,1,0,1,1,1,0,0,1,1,1,1,1,1,0,0,1,1,1,0,1,1,0,1,1,1,1,0,0,0,1,1,1,1,1,1,1,1,0,1,1,1,0,0,1,1,1,
0,0,1,1,0,1,1,0,1,1,1,1,0,1,1,1,1,0,1,0,0,1,0,0,1,1,1,1,0,0,1,1,1,1,1,1,1,1,1,0,1,0,1,1,1,1,1,0,1,1,
1,1,1,1,0,1,1,1,1,1,0,1,0,1,0,1,0,0,1,0,0,1,1,1,1,1,1,1,1,1,1,1,1,0,1,1,1,0,1,1,1,0,1,1,1,1,1,1,1,1,
1,1,1,1,1,1,1,1,0,1,1,1,1,1,1,0,1,1,1,1,1,0,1,1,0,1,1,1,1,0,1,1,0,0,1,1,0,1,0,1,1,0,1,1,1,1,1,0,1,1,
0,1,0,0,0,1,1,1,0,0,1,0,0,1,1,1,1,1,0,0,1,1,0,1,1,1,0,1,1,1,1,1,1,1,1,1,0,1,0,0,1,0,1,1,0,0,0,1,1,1,
1,1,1,1,1,1,1,1,1,0,0,1,0,0,1,1,1,1,1,0,1,1,1,0,1,0,1,0,1,1,1,0,1,1,1,1,1,1,0,1,1,1,0,1,1,1,1,1,0,1,
1,0,1,0,1,1,0,0,0,1,1,1,1,1,1,1,1,1,1,1,1,0,1,1,0,1,0,1,0,1,1,1,1,1,1,1,1,1,1,1,1,1,1,0,1,1,1,1,1,1,
1,1,0,0,1,1,1,0,0,1,0,1,0,0,0,1,1,1,0,1,1,1,1,0,1,0,0,0,0,1,1,0,1,0,1,0,1,0,1,1,1,1,0,1,1,1,1,0,0,1,
1,0,1,1,1,1,1,1,1,0,0,0,1,0,1,1,1,1,1,1,1,1,0,1,0,0,0,1,1,0,1,1,1,0,0,1,0,1,1,1,1,1,1,1,1,0,1,1,1,1,
1,1,1,1,1,1,1,0,0,1,0,1,1,1,0,1,1,1,1,1,1,1,1,0,1,0,1,0,1,1,1,0,1,1,1,1,0,1,0,1,1,1,1,1,0,0,0,1,1,1,
1,1,0,1,1,0,1,1,1,0,1,1,1,1,1,1,1,0,1,0,1,1,1,1,0,0,1,1,0,1,1,1,0,1,1,1,1,0,0,1,0,1,0,1,0,1,1,1,1,1,
1,0,1,1,1,0,1,0,1,0,1,1,1,0,1,1,1,1,1,0,1,0,1,1,1,1,0,1,1,0,1,1,0,1,1,1,0,1,1,0,1,1,1,1,1,1,0,1,1,1,
1,1,1,1,0,1,1,1,1,1,1,1,1,1,1,1,1,1,0,1,1,1,1,1,1,1,1,1,1,1,0,1,1,0,0,1,1,1,0,1,0,0,1,1,1,1,0,1,0,1,
1,1,1,0,1,1,1,1,1,1,1,1,1,1,0,0,1,1,0,1,1,1,1,0,1,0,1,0,1,1,1,0,1,1,0,1,1,1,1,1,1,1,1,1,0,0,1,1,1,1,
1,1,0,1,1,1,1,1,1,1,1,1,0,1,1,1,0,1,0,1,1,0,1,1,1,1,1,1,0,0,1,1,0,1,1,1,1,1,0,0,1,1,1,1,1,1,1,1,0,1,
1,1,1,1,1,0,1,1,1,1,1,1,1,1,1,1,1,0,1,1,0,0,1,1,1,0,0,1,1,1,0,1,1,0,1,0,1,1,1,1,1,1,0,0,1,1,0,0,1,0,
1,1,1,1,1,1,0,1,1,1,1,1,1,1,1,1,1,0,1,1,1,1,1,1,1,1,0,1,1,1,0,0,1,1,0,0,1,1,0,1,1,1,1,0,0,0,1,1,1,1,
0,1,1,1,1,1,1,1,1,1,1,1,1,1,1,1,1,1,1,1,1,1,1,1,1,0,1,1,1,1,1,1,1,0,0,0,1,1,1,1,0,0,1,0,0,1,1,1,0,0,
1,1,1,1,1,1,1,1,1,1,1,1,1,1,1,1,1,0,1,1,1,0,0,1,1,1,0,0,1,0,1,1,1,1,1,1,0,1,1,1,1,1,1,1,1,1,0,1,1,1,
1,1,1,1,1,1,1,1,1,1,1,0,1,1,1,1,0,0,1,1,0,1,1,1,1,0,1,1,0,1,1,1,1,1,1,1,1,0,1,1,1,1,1,1,1,1,1,1,1,1,
0,1,1,1,0,1,1,1,1,1,0,1,1,1,1,1,0,1,1,1,1,0,0,0,1,1,1,0,0,1,0,1,0,1,0,1,1,1,0,0,1,0,1,1,0,1,1,1,1,1,
1,1,1,1,1,0,1,1,1,0,1,1,1,1,0,1,1,1,1,0,1,1,0,1,1,1,1,1,1,0,1,1,0,1,1,1,1,1,0,0,1,1,1,1,1,0,1,1,0,1,
1,1,1,1,0,0,1,1,1,1,1,1,1,1,0,0,0,1,1,1,1,1,1,1,1,1,1,1,0,1,0,1,1,1,1,0,1,1,1,1,0,0,0,1,1,1,1,0,1,1,
1,1,1,0,0,1,0,1,1,1,1,1,1,1,0,1,1,1,0,0,0,0,0,1,1,1,1,1,1,1,0,1,1,1,1,0,1,1,0,1,0,0,1,1,1,1,1,1,1,1,
0,1,1,1,1,1,1,1,1,1,1,0,1,1,0,0,1,1,1,1,1,1,1,0,1,0,1,1,0,1,1,1,1,0,1,1,1,1,1,1,0,1,0,1,1,1,1,1,0,1,
0,1,0,0,1,1,1,1,1,0,1,0,1,0,1,1,1,0,1,1,1,1,1,1,0,1,1,1,1,1,1,1,1,0,0,0,1,1,1,1,1,1,1,0,1,0,1,1,1,1,
1,1,1,1,1,1,1,1,1,1,1,1,1,1,0,1,1,1,1,1,1,1,0,1,1,1,1,0,0,1,1,0,1,1,0,0,1,1,0,1,1,1,1,1,0,1,1,1,1,1,
1,1,1,1,1,1,0,1,0,0,1,1,1,1,1,1,1,1,0,1,1,1,0,1,1,1,0,0,1,1,1,0,1,1,0,1,1,1,1,0,1,1,1,0,1,0,0,1,1,0,
1,1,0,1,1,1,1,1,1,1,1,0,1,1,1,1,0,0,0,1,1,1,0,1,1,1,1,0,1,0,0,1,1,0,1,1,0,1,1,1,1,1,1,1,1,0,0,1,1,1,
1,1,0,1,1,1,1,0,1,0,0,0,1,1,1,1,1,0,1,0,1,0,1,1,1,0,1,1,1,1,1,1,1,0,1,1,1,1,1,1,0,1,1,1,1,1,1,0,1,1,
1,1,1,1,1,1,1,1,1,1,1,1,1,1,1,1,1,1,1,1,1,1,1,0,1,0,1,1,1,1,0,1,0,1,1,0,1,1,1,0,1,1,0,1,1,1,1,1,0,1,
1,1,1,1,1,0,1,1,1,0,1,0,1,0,1,1,0,1,1,1,1,1,1,1,1,1,1,1,1,1,1,1,1,0,1,0,1,1,1,1,1,1,1,1,1,0,1,1,1,0,
========================
Output Graph: 
Number of Vertices: 50
Number of Edges: 1197
Graph Density: 0.977143
0,1,1,1,1,1,1,0,1,1,1,1,1,1,1,1,1,1,1,1,1,1,1,1,1,1,1,1,1,1,1,1,1,1,1,1,1,1,1,1,1,1,1,1,1,1,1,1,1,1,
1,0,1,1,1,1,1,0,1,1,1,1,1,1,1,1,1,1,1,1,1,1,1,1,1,1,1,1,1,1,1,1,1,1,1,1,1,1,1,1,1,1,1,1,1,1,1,1,1,1,
1,1,0,1,1,1,1,1,1,1,1,1,1,1,1,1,1,1,1,1,1,1,1,1,1,0,1,1,1,1,1,1,1,1,1,1,1,1,1,1,1,1,1,1,1,1,1,1,1,1,
1,1,1,0,1,1,1,1,1,1,1,1,1,1,1,1,1,1,1,1,1,1,1,1,1,1,1,1,1,1,1,0,1,1,1,1,1,1,1,1,1,1,1,1,1,1,1,1,1,1,
1,1,1,1,0,1,1,1,1,1,1,1,1,1,1,1,1,1,1,1,1,1,0,1,1,1,1,1,1,1,1,1,1,1,1,1,1,1,1,1,1,1,1,1,1,1,1,1,1,1,
1,1,1,1,1,0,1,1,1,1,1,1,1,1,1,1,1,1,1,1,1,1,1,1,1,1,1,1,1,1,1,1,1,1,1,1,1,1,1,1,1,1,1,1,1,1,1,1,1,1,
1,1,1,1,1,1,0,1,1,1,1,1,1,1,1,1,1,1,1,1,1,1,1,1,1,1,1,1,1,1,1,1,1,1,1,1,1,1,1,1,1,1,1,1,1,1,1,1,1,1,
0,0,1,1,1,1,1,0,1,1,1,1,1,1,0,1,1,1,1,1,1,1,1,1,1,1,1,1,1,1,1,1,1,1,1,1,1,1,1,1,1,1,1,1,1,1,1,1,1,1,
1,1,1,1,1,1,1,1,0,0,1,1,1,1,1,1,1,1,1,1,1,0,1,1,0,1,1,1,1,1,1,1,1,1,1,1,1,1,1,1,1,1,1,1,1,1,1,1,1,1,
1,1,1,1,1,1,1,1,0,0,1,0,1,1,1,1,1,1,1,1,1,1,0,1,1,1,1,1,1,1,1,1,1,1,1,1,1,1,1,1,1,1,1,1,1,1,1,1,1,1,
1,1,1,1,1,1,1,1,1,1,0,1,1,1,1,1,0,1,1,1,1,1,1,1,1,1,1,1,1,1,1,1,1,1,1,1,1,1,1,1,1,1,1,1,1,1,1,0,1,1,
1,1,1,1,1,1,1,1,1,0,1,0,1,1,1,1,1,1,1,1,1,1,1,1,1,1,1,1,1,1,1,1,1,1,1,1,1,1,1,1,1,1,1,0,1,1,1,1,1,0,
1,1,1,1,1,1,1,1,1,1,1,1,0,1,1,1,1,1,1,1,1,1,0,1,1,1,1,1,1,1,1,1,1,1,1,1,1,1,1,1,1,1,1,1,1,1,1,1,1,1,
1,1,1,1,1,1,1,1,1,1,1,1,1,0,1,1,1,1,1,1,1,1,1,1,1,1,1,1,1,1,1,1,1,1,1,1,1,1,1,1,1,1,1,1,1,1,1,1,1,1,
1,1,1,1,1,1,1,0,1,1,1,1,1,1,0,1,1,1,1,1,1,1,1,1,1,1,1,1,1,1,1,1,1,1,1,1,1,1,1,1,1,1,1,1,1,1,1,1,1,1,
1,1,1,1,1,1,1,1,1,1,1,1,1,1,1,0,1,1,1,1,1,1,1,1,1,1,1,1,1,1,1,0,1,1,1,1,1,1,1,1,1,1,1,1,1,1,1,1,1,1,
1,1,1,1,1,1,1,1,1,1,0,1,1,1,1,1,0,1,1,1,1,1,1,1,1,1,1,1,1,1,1,1,1,1,1,1,1,1,1,1,1,1,1,1,1,1,1,1,1,1,
1,1,1,1,1,1,1,1,1,1,1,1,1,1,1,1,1,0,1,1,1,1,1,1,1,1,1,1,1,1,1,1,1,1,1,1,1,1,1,1,1,1,1,0,1,1,1,1,1,1,
1,1,1,1,1,1,1,1,1,1,1,1,1,1,1,1,1,1,0,1,1,1,1,1,1,1,1,1,1,1,1,1,1,1,1,1,1,1,1,1,1,1,1,1,1,1,1,1,1,1,
1,1,1,1,1,1,1,1,1,1,1,1,1,1,1,1,1,1,1,0,1,1,1,1,1,1,1,1,1,1,1,1,1,1,1,1,1,1,1,1,1,1,1,1,1,1,1,1,1,1,
1,1,1,1,1,1,1,1,1,1,1,1,1,1,1,1,1,1,1,1,0,1,1,1,1,1,1,1,1,1,1,1,1,1,1,1,1,1,1,1,1,1,1,1,1,1,1,1,1,1,
1,1,1,1,1,1,1,1,0,1,1,1,1,1,1,1,1,1,1,1,1,0,1,1,1,1,1,1,1,1,1,1,1,1,1,1,1,1,1,1,1,1,1,1,1,1,1,1,1,1,
1,1,1,1,0,1,1,1,1,0,1,1,0,1,1,1,1,1,1,1,1,1,0,1,1,1,1,1,1,1,1,1,1,1,1,1,1,1,1,1,1,1,1,1,0,1,1,1,1,1,
1,1,1,1,1,1,1,1,1,1,1,1,1,1,1,1,1,1,1,1,1,1,1,0,1,1,1,1,1,1,1,1,1,1,1,1,1,1,0,1,1,1,1,1,1,1,1,1,1,1,
1,1,1,1,1,1,1,1,0,1,1,1,1,1,1,1,1,1,1,1,1,1,1,1,0,1,1,1,1,1,1,1,1,1,1,1,1,1,1,1,1,1,1,1,1,1,1,1,1,1,
1,1,0,1,1,1,1,1,1,1,1,1,1,1,1,1,1,1,1,1,1,1,1,1,1,0,1,0,1,1,1,1,1,1,1,0,1,1,1,1,1,1,1,1,1,1,1,1,1,1,
1,1,1,1,1,1,1,1,1,1,1,1,1,1,1,1,1,1,1,1,1,1,1,1,1,1,0,1,1,1,1,1,1,1,1,1,1,1,1,1,1,1,1,1,1,1,1,1,1,1,
1,1,1,1,1,1,1,1,1,1,1,1,1,1,1,1,1,1,1,1,1,1,1,1,1,0,1,0,1,1,1,1,1,1,1,1,1,1,1,1,1,1,1,1,1,1,0,1,1,1,
1,1,1,1,1,1,1,1,1,1,1,1,1,1,1,1,1,1,1,1,1,1,1,1,1,1,1,1,0,1,1,1,1,1,1,1,1,1,1,1,1,1,1,1,1,1,1,1,1,1,
1,1,1,1,1,1,1,1,1,1,1,1,1,1,1,1,1,1,1,1,1,1,1,1,1,1,1,1,1,0,1,1,1,1,1,1,1,1,1,1,1,1,1,1,1,1,1,1,1,1,
1,1,1,1,1,1,1,1,1,1,1,1,1,1,1,1,1,1,1,1,1,1,1,1,1,1,1,1,1,1,0,1,1,1,1,1,1,1,1,1,1,1,1,1,1,1,1,1,0,1,
1,1,1,0,1,1,1,1,1,1,1,1,1,1,1,0,1,1,1,1,1,1,1,1,1,1,1,1,1,1,1,0,1,1,1,1,1,1,1,1,1,1,1,1,1,1,1,1,1,1,
1,1,1,1,1,1,1,1,1,1,1,1,1,1,1,1,1,1,1,1,1,1,1,1,1,1,1,1,1,1,1,1,0,1,1,1,1,1,1,0,1,1,1,1,1,1,1,1,1,1,
1,1,1,1,1,1,1,1,1,1,1,1,1,1,1,1,1,1,1,1,1,1,1,1,1,1,1,1,1,1,1,1,1,0,1,0,1,1,1,1,1,1,1,1,1,1,1,1,1,1,
1,1,1,1,1,1,1,1,1,1,1,1,1,1,1,1,1,1,1,1,1,1,1,1,1,1,1,1,1,1,1,1,1,1,0,1,1,1,1,1,1,1,1,1,1,1,1,1,1,1,
1,1,1,1,1,1,1,1,1,1,1,1,1,1,1,1,1,1,1,1,1,1,1,1,1,0,1,1,1,1,1,1,1,0,1,0,1,1,1,1,1,1,1,1,1,1,1,1,1,0,
1,1,1,1,1,1,1,1,1,1,1,1,1,1,1,1,1,1,1,1,1,1,1,1,1,1,1,1,1,1,1,1,1,1,1,1,0,1,1,1,1,1,1,1,1,1,1,1,1,1,
1,1,1,1,1,1,1,1,1,1,1,1,1,1,1,1,1,1,1,1,1,1,1,1,1,1,1,1,1,1,1,1,1,1,1,1,1,0,1,1,1,1,1,1,1,1,1,1,1,1,
1,1,1,1,1,1,1,1,1,1,1,1,1,1,1,1,1,1,1,1,1,1,1,0,1,1,1,1,1,1,1,1,1,1,1,1,1,1,0,0,1,1,1,1,1,1,1,1,1,1,
1,1,1,1,1,1,1,1,1,1,1,1,1,1,1,1,1,1,1,1,1,1,1,1,1,1,1,1,1,1,1,1,0,1,1,1,1,1,0,0,1,1,1,1,1,1,1,1,1,1,
1,1,1,1,1,1,1,1,1,1,1,1,1,1,1,1,1,1,1,1,1,1,1,1,1,1,1,1,1,1,1,1,1,1,1,1,1,1,1,1,0,1,1,1,1,1,1,1,1,1,
1,1,1,1,1,1,1,1,1,1,1,1,1,1,1,1,1,1,1,1,1,1,1,1,1,1,1,1,1,1,1,1,1,1,1,1,1,1,1,1,1,0,1,1,1,1,1,1,1,1,
1,1,1,1,1,1,1,1,1,1,1,1,1,1,1,1,1,1,1,1,1,1,1,1,1,1,1,1,1,1,1,1,1,1,1,1,1,1,1,1,1,1,0,1,1,1,1,1,1,1,
1,1,1,1,1,1,1,1,1,1,1,0,1,1,1,1,1,0,1,1,1,1,1,1,1,1,1,1,1,1,1,1,1,1,1,1,1,1,1,1,1,1,1,0,1,1,1,1,1,1,
1,1,1,1,1,1,1,1,1,1,1,1,1,1,1,1,1,1,1,1,1,1,0,1,1,1,1,1,1,1,1,1,1,1,1,1,1,1,1,1,1,1,1,1,0,1,1,1,1,1,
1,1,1,1,1,1,1,1,1,1,1,1,1,1,1,1,1,1,1,1,1,1,1,1,1,1,1,1,1,1,1,1,1,1,1,1,1,1,1,1,1,1,1,1,1,0,1,1,1,1,
1,1,1,1,1,1,1,1,1,1,1,1,1,1,1,1,1,1,1,1,1,1,1,1,1,1,1,0,1,1,1,1,1,1,1,1,1,1,1,1,1,1,1,1,1,1,0,1,1,1,
1,1,1,1,1,1,1,1,1,1,0,1,1,1,1,1,1,1,1,1,1,1,1,1,1,1,1,1,1,1,1,1,1,1,1,1,1,1,1,1,1,1,1,1,1,1,1,0,1,1,
1,1,1,1,1,1,1,1,1,1,1,1,1,1,1,1,1,1,1,1,1,1,1,1,1,1,1,1,1,1,0,1,1,1,1,1,1,1,1,1,1,1,1,1,1,1,1,1,0,1,
1,1,1,1,1,1,1,1,1,1,1,0,1,1,1,1,1,1,1,1,1,1,1,1,1,1,1,1,1,1,1,1,1,1,1,0,1,1,1,1,1,1,1,1,1,1,1,1,1,0,
Is Output Graph Empty or Complete?: 0
Ratio of Added Edges Over Added + Removed Edges: 1
Changes from Input to Output: 
Added Edge: (0, 2)
Added Edge: (0, 3)
Added Edge: (0, 4)
Added Edge: (0, 9)
Added Edge: (0, 11)
Added Edge: (0, 19)
Added Edge: (0, 22)
Added Edge: (0, 35)
Added Edge: (0, 38)
Added Edge: (0, 42)
Added Edge: (0, 43)
Added Edge: (1, 2)
Added Edge: (1, 4)
Added Edge: (1, 11)
Added Edge: (1, 15)
Added Edge: (1, 19)
Added Edge: (1, 24)
Added Edge: (1, 26)
Added Edge: (1, 29)
Added Edge: (2, 9)
Added Edge: (2, 16)
Added Edge: (2, 22)
Added Edge: (2, 28)
Added Edge: (2, 32)
Added Edge: (2, 43)
Added Edge: (2, 46)
Added Edge: (2, 47)
Added Edge: (3, 10)
Added Edge: (3, 16)
Added Edge: (3, 22)
Added Edge: (3, 24)
Added Edge: (3, 25)
Added Edge: (3, 41)
Added Edge: (3, 43)
Added Edge: (4, 8)
Added Edge: (4, 12)
Added Edge: (4, 15)
Added Edge: (4, 19)
Added Edge: (4, 20)
Added Edge: (4, 30)
Added Edge: (4, 38)
Added Edge: (4, 40)
Added Edge: (4, 41)
Added Edge: (5, 10)
Added Edge: (5, 12)
Added Edge: (5, 15)
Added Edge: (5, 18)
Added Edge: (5, 28)
Added Edge: (5, 29)
Added Edge: (5, 33)
Added Edge: (5, 39)
Added Edge: (5, 40)
Added Edge: (5, 49)
Added Edge: (6, 24)
Added Edge: (6, 34)
Added Edge: (6, 41)
Added Edge: (6, 45)
Added Edge: (7, 9)
Added Edge: (7, 11)
Added Edge: (7, 16)
Added Edge: (7, 17)
Added Edge: (7, 19)
Added Edge: (7, 24)
Added Edge: (7, 25)
Added Edge: (7, 27)
Added Edge: (7, 29)
Added Edge: (7, 47)
Added Edge: (8, 22)
Added Edge: (8, 25)
Added Edge: (8, 27)
Added Edge: (8, 45)
Added Edge: (9, 10)
Added Edge: (9, 18)
Added Edge: (9, 23)
Added Edge: (9, 26)
Added Edge: (9, 28)
Added Edge: (9, 29)
Added Edge: (9, 39)
Added Edge: (9, 43)
Added Edge: (9, 45)
Added Edge: (9, 47)
Added Edge: (9, 49)
Added Edge: (10, 18)
Added Edge: (10, 20)
Added Edge: (10, 23)
Added Edge: (10, 25)
Added Edge: (10, 26)
Added Edge: (10, 27)
Added Edge: (10, 38)
Added Edge: (11, 13)
Added Edge: (11, 22)
Added Edge: (11, 26)
Added Edge: (11, 37)
Added Edge: (11, 42)
Added Edge: (11, 46)
Added Edge: (11, 47)
Added Edge: (12, 19)
Added Edge: (12, 20)
Added Edge: (12, 23)
Added Edge: (12, 25)
Added Edge: (12, 32)
Added Edge: (13, 15)
Added Edge: (13, 23)
Added Edge: (13, 25)
Added Edge: (13, 26)
Added Edge: (13, 29)
Added Edge: (13, 43)
Added Edge: (13, 49)
Added Edge: (14, 20)
Added Edge: (14, 25)
Added Edge: (14, 27)
Added Edge: (14, 31)
Added Edge: (14, 39)
Added Edge: (14, 40)
Added Edge: (14, 41)
Added Edge: (14, 42)
Added Edge: (14, 44)
Added Edge: (15, 21)
Added Edge: (15, 40)
Added Edge: (15, 42)
Added Edge: (16, 20)
Added Edge: (16, 32)
Added Edge: (16, 37)
Added Edge: (16, 38)
Added Edge: (16, 40)
Added Edge: (16, 46)
Added Edge: (16, 49)
Added Edge: (17, 18)
Added Edge: (17, 19)
Added Edge: (17, 20)
Added Edge: (17, 28)
Added Edge: (17, 33)
Added Edge: (17, 34)
Added Edge: (17, 36)
Added Edge: (17, 37)
Added Edge: (17, 46)
Added Edge: (17, 47)
Added Edge: (18, 22)
Added Edge: (18, 25)
Added Edge: (18, 30)
Added Edge: (18, 31)
Added Edge: (18, 32)
Added Edge: (18, 41)
Added Edge: (18, 45)
Added Edge: (18, 46)
Added Edge: (19, 20)
Added Edge: (19, 22)
Added Edge: (19, 23)
Added Edge: (19, 28)
Added Edge: (19, 29)
Added Edge: (19, 39)
Added Edge: (19, 41)
Added Edge: (19, 47)
Added Edge: (20, 33)
Added Edge: (20, 37)
Added Edge: (20, 41)
Added Edge: (21, 24)
Added Edge: (21, 29)
Added Edge: (21, 32)
Added Edge: (21, 33)
Added Edge: (21, 36)
Added Edge: (21, 38)
Added Edge: (21, 41)
Added Edge: (21, 47)
Added Edge: (22, 26)
Added Edge: (22, 36)
Added Edge: (22, 38)
Added Edge: (22, 39)
Added Edge: (22, 41)
Added Edge: (22, 45)
Added Edge: (22, 46)
Added Edge: (23, 25)
Added Edge: (23, 27)
Added Edge: (23, 31)
Added Edge: (23, 42)
Added Edge: (23, 48)
Added Edge: (24, 26)
Added Edge: (24, 28)
Added Edge: (24, 43)
Added Edge: (25, 26)
Added Edge: (25, 28)
Added Edge: (25, 31)
Added Edge: (25, 33)
Added Edge: (25, 37)
Added Edge: (25, 42)
Added Edge: (25, 47)
Added Edge: (25, 48)
Added Edge: (26, 29)
Added Edge: (26, 33)
Added Edge: (26, 34)
Added Edge: (26, 36)
Added Edge: (26, 45)
Added Edge: (27, 31)
Added Edge: (27, 36)
Added Edge: (27, 38)
Added Edge: (27, 44)
Added Edge: (27, 45)
Added Edge: (28, 32)
Added Edge: (28, 37)
Added Edge: (28, 38)
Added Edge: (28, 40)
Added Edge: (28, 42)
Added Edge: (28, 44)
Added Edge: (29, 32)
Added Edge: (29, 36)
Added Edge: (29, 39)
Added Edge: (29, 46)
Added Edge: (30, 33)
Added Edge: (30, 34)
Added Edge: (30, 38)
Added Edge: (30, 40)
Added Edge: (30, 41)
Added Edge: (30, 46)
Added Edge: (31, 34)
Added Edge: (31, 44)
Added Edge: (31, 45)
Added Edge: (32, 38)
Added Edge: (32, 48)
Added Edge: (33, 42)
Added Edge: (33, 43)
Added Edge: (33, 46)
Added Edge: (33, 47)
Added Edge: (33, 49)
Added Edge: (34, 35)
Added Edge: (34, 38)
Added Edge: (34, 43)
Added Edge: (34, 44)
Added Edge: (34, 45)
Added Edge: (35, 40)
Added Edge: (35, 41)
Added Edge: (35, 43)
Added Edge: (35, 44)
Added Edge: (35, 48)
Added Edge: (36, 46)
Added Edge: (38, 41)
Added Edge: (38, 44)
Added Edge: (39, 45)
Added Edge: (39, 48)
Added Edge: (40, 41)
Added Edge: (40, 42)
Added Edge: (40, 47)
Added Edge: (42, 48)
Added Edge: (43, 45)
Added Edge: (45, 46)
Added Edge: (45, 49)
========================
