========================
TIME_LIMIT_SECONDS: 900
ODD_HOLE_TERMINATION_PERCENTAGE: 999
N_THREADS: 24
IS_RUNNING_HEURISTIC_ON_CANDIDATE: 
IS_RUNNING_HEURISTIC_ON_RELAXATION: 
ADD_ALL_AT_START: 
========================
Wall-Clock Runtime (ms): 123809
Calculated Odd Hole Termination Batch Size: 0
Total Time of All Workers in OddHoleAlg (nano): 2139022968
Total Time of All Workers in OddHoleAlg (ms): 2139
OddHoleAlg calls: 58
Number of Found Odd-Holes: 17133
Number of Found Odd Anti-Holes: 851261
Number of Feasible Solutions Found: 1
Number of Times Heuristic is Called: 0
Total number of added OH and OHbar Cuts: 868394
Number of Explored B&C tree nodes: 0
Number of Unexplored B&C tree nodes: 1
========================
Input Graph:
Number of Vertices: 50
Erdos Renyi p Parameter: 0.5
Number of Edges: 619
Expected No of Odd Holes: 42712
Expected No of Odd Anti Holes: 17883
ODD_HOLE_TERMINATION_BATCH_SIZE: 0
Graph Density: 0.505306
0,1,1,1,0,0,0,1,1,1,0,0,1,0,0,1,1,1,0,0,1,1,0,0,0,1,1,0,1,0,1,1,1,0,0,1,1,1,1,1,0,0,1,1,0,1,1,1,1,1,
1,0,1,0,1,1,0,1,0,1,1,1,0,0,1,1,0,1,1,0,1,1,1,1,1,0,0,1,0,0,0,1,1,1,0,1,1,0,0,1,1,0,1,1,1,0,0,0,0,0,
1,1,0,0,1,0,1,1,0,0,0,0,1,1,0,0,1,0,1,1,1,1,0,1,0,0,1,1,1,1,1,0,1,1,1,1,1,0,1,0,1,0,0,1,0,1,1,0,1,1,
1,0,0,0,1,0,1,0,0,0,0,1,0,1,0,0,0,1,0,1,0,1,0,1,0,0,1,0,0,1,1,1,0,0,0,0,1,0,0,0,0,0,0,0,0,0,0,1,0,1,
0,1,1,1,0,0,1,1,1,0,1,1,1,0,0,0,1,1,1,0,0,1,0,0,0,1,0,1,1,1,1,1,1,0,1,0,0,0,0,0,0,1,0,0,0,0,0,1,0,1,
0,1,0,0,0,0,0,1,1,1,0,0,1,0,1,0,1,0,0,1,1,1,1,1,1,0,1,1,0,0,1,1,0,1,1,1,1,1,1,0,0,1,0,0,1,1,0,0,1,0,
0,0,1,1,1,0,0,0,0,0,1,0,1,0,0,0,1,0,0,1,0,1,1,0,0,1,1,0,1,1,0,1,1,1,0,0,0,1,1,1,0,1,0,1,0,1,0,0,0,0,
1,1,1,0,1,1,0,0,0,1,1,1,1,0,0,1,0,1,0,0,0,0,0,0,1,0,0,0,1,0,1,1,0,1,1,0,0,0,1,1,0,1,1,1,1,1,0,0,0,0,
1,0,0,0,1,1,0,0,0,0,0,1,1,0,1,1,0,0,1,1,0,1,1,0,1,0,1,0,0,0,0,1,1,1,1,1,0,1,1,0,0,0,0,0,1,0,0,0,1,0,
1,1,0,0,0,1,0,1,0,0,1,0,1,0,0,0,1,0,0,1,0,1,0,1,1,0,1,0,0,1,0,1,0,1,0,1,1,0,0,1,0,1,1,1,0,1,1,1,0,0,
0,1,0,0,1,0,1,1,0,1,0,1,0,1,0,0,1,1,1,1,0,0,1,1,1,0,1,0,1,1,0,1,0,1,0,0,1,0,1,1,0,0,0,1,1,1,1,0,1,1,
0,1,0,1,1,0,0,1,1,0,1,0,0,0,0,1,0,0,0,1,0,0,0,0,1,1,1,0,0,1,1,1,0,1,1,0,1,0,0,0,1,0,1,1,0,0,1,0,1,0,
1,0,1,0,1,1,1,1,1,1,0,0,0,1,0,0,1,1,1,0,1,1,0,1,0,0,1,1,1,1,0,1,1,1,1,0,1,1,1,0,1,0,1,0,0,0,1,0,0,1,
0,0,1,1,0,0,0,0,0,0,1,0,1,0,0,0,0,0,1,1,0,1,1,1,1,1,0,0,1,1,0,0,0,1,1,1,1,1,0,0,1,0,1,0,1,0,0,1,0,0,
0,1,0,0,0,1,0,0,1,0,0,0,0,0,0,1,1,0,1,0,1,0,1,0,1,0,1,0,0,1,1,0,0,0,1,1,0,0,0,0,0,1,0,0,0,0,0,1,1,0,
1,1,0,0,0,0,0,1,1,0,0,1,0,0,1,0,1,1,1,0,1,0,0,0,0,0,0,0,1,0,0,0,1,1,0,0,0,0,0,0,1,1,0,0,1,0,0,0,0,0,
1,0,1,0,1,1,1,0,0,1,1,0,1,0,1,1,0,1,0,0,1,0,0,1,0,1,0,1,1,1,0,1,1,1,0,1,1,0,0,1,1,1,0,0,0,0,1,0,0,1,
1,1,0,1,1,0,0,1,0,0,1,0,1,0,0,1,1,0,1,0,0,0,1,0,0,1,0,0,0,1,0,0,0,0,0,1,0,0,0,0,0,1,1,1,1,0,1,0,1,1,
0,1,1,0,1,0,0,0,1,0,1,0,1,1,1,1,0,1,0,1,0,1,1,1,1,1,1,0,0,0,0,0,1,1,1,1,1,1,0,1,1,0,0,1,0,1,1,0,0,1,
0,0,1,1,0,1,1,0,1,1,1,1,0,1,0,0,0,0,1,0,1,1,0,0,0,1,1,0,1,0,1,0,0,1,1,1,0,0,1,0,0,0,1,1,1,0,0,1,1,0,
1,1,1,0,0,1,0,0,0,0,0,0,1,0,1,1,1,0,0,1,0,0,1,1,0,1,0,0,1,0,0,0,1,0,0,0,1,0,0,1,1,0,1,0,0,0,0,0,1,0,
1,1,1,1,1,1,1,0,1,1,0,0,1,1,0,0,0,0,1,1,0,0,1,1,0,1,1,0,0,1,1,0,1,1,1,1,1,1,0,0,1,0,0,1,0,1,1,0,1,0,
0,1,0,0,0,1,1,0,1,0,1,0,0,1,1,0,0,1,1,0,1,1,0,0,1,0,1,0,0,1,1,0,0,1,0,0,1,1,1,1,1,0,0,1,1,0,0,0,0,1,
0,1,1,1,0,1,0,0,0,1,1,0,1,1,0,0,1,0,1,0,1,1,0,0,0,0,1,0,0,0,1,1,1,1,1,1,1,1,1,1,0,0,0,1,0,1,0,1,0,0,
0,1,0,0,0,1,0,1,1,1,1,1,0,1,1,0,0,0,1,0,0,0,1,0,0,0,0,1,1,1,1,0,1,0,0,0,0,1,0,1,0,1,0,1,0,1,1,0,1,1,
1,0,0,0,1,0,1,0,0,0,0,1,0,1,0,0,1,1,1,1,1,1,0,0,0,0,1,0,1,0,0,0,0,0,1,0,0,0,1,1,1,1,1,0,1,0,0,1,1,1,
1,0,1,1,0,1,1,0,1,1,1,1,1,0,1,0,0,0,1,1,0,1,1,1,0,1,0,0,1,0,1,1,1,0,1,1,0,0,1,0,0,0,1,0,1,0,0,1,1,0,
0,1,1,0,1,1,0,0,0,0,0,0,1,0,0,0,1,0,0,0,0,0,0,0,1,0,0,0,0,1,1,1,1,1,0,1,1,0,1,1,1,0,1,1,1,0,0,0,0,1,
1,0,1,0,1,0,1,1,0,0,1,0,1,1,0,1,1,0,0,1,1,0,0,0,1,1,1,0,0,1,0,1,0,0,1,1,1,0,0,0,0,1,1,1,0,1,1,1,1,1,
0,0,1,1,1,0,1,0,0,1,1,1,1,1,1,0,1,1,0,0,0,1,1,0,1,0,0,1,1,0,1,0,1,0,1,0,1,1,1,0,0,1,0,1,0,0,1,0,0,1,
1,0,1,1,1,1,0,1,0,0,0,1,0,0,1,0,0,0,0,1,0,1,1,1,1,0,1,1,0,1,0,0,0,0,1,0,1,1,0,0,1,1,1,1,0,1,1,0,1,1,
1,1,0,1,1,1,1,1,1,1,1,1,1,0,0,0,1,0,0,0,0,0,0,1,0,0,1,1,1,0,0,0,1,1,0,1,0,0,0,0,0,1,1,0,1,0,0,0,1,0,
1,1,1,0,1,0,1,0,1,0,0,0,1,0,0,1,1,0,1,0,1,1,0,1,1,0,1,1,0,1,0,1,0,1,1,0,1,1,0,1,1,1,1,1,1,1,1,0,1,0,
0,1,1,0,0,1,1,1,1,1,1,1,1,1,0,1,1,0,1,1,0,1,1,1,0,0,0,1,0,0,0,1,1,0,0,0,1,1,1,1,0,1,0,1,0,0,0,1,0,1,
0,0,1,0,1,1,0,1,1,0,0,1,1,1,1,0,0,0,1,1,0,1,0,1,0,1,1,0,1,1,1,0,1,0,0,1,1,1,1,0,1,0,0,0,1,0,1,1,1,0,
1,1,1,0,0,1,0,0,1,1,0,0,0,1,1,0,1,1,1,1,0,1,0,1,0,0,1,1,1,0,0,1,0,0,1,0,0,0,0,0,1,0,0,0,1,1,0,1,1,1,
1,1,1,1,0,1,0,0,0,1,1,1,1,1,0,0,1,0,1,0,1,1,1,1,0,0,0,1,1,1,1,0,1,1,1,0,0,1,0,0,1,0,1,0,0,0,0,1,1,1,
1,0,0,0,0,1,1,0,1,0,0,0,1,1,0,0,0,0,1,0,0,1,1,1,1,0,0,0,0,1,1,0,1,1,1,0,1,0,1,1,1,0,1,1,0,1,0,0,0,1,
1,0,1,0,0,1,1,1,1,0,1,0,1,0,0,0,0,0,0,1,0,0,1,1,0,1,1,1,0,1,0,0,0,1,1,0,0,1,0,0,1,1,1,1,1,0,0,1,0,0,
1,1,0,0,0,0,1,1,0,1,1,0,0,0,0,0,1,0,1,0,1,0,1,1,1,1,0,1,0,0,0,0,1,1,0,0,0,1,0,0,0,0,1,1,1,1,0,0,1,0,
0,1,1,0,0,0,0,0,0,0,0,1,1,1,0,1,1,0,1,0,1,1,1,0,0,1,0,1,0,0,1,0,1,0,1,1,1,1,1,0,0,0,0,1,0,1,0,0,0,0,
0,0,0,0,1,1,1,1,0,1,0,0,0,0,1,1,1,1,0,0,0,0,0,0,1,1,0,0,1,1,1,1,1,1,0,0,0,0,1,0,0,0,1,1,1,0,1,0,1,0,
1,1,0,0,0,0,0,1,0,1,0,1,1,1,0,0,0,1,0,1,1,0,0,0,0,1,1,1,1,0,1,1,1,0,0,0,1,1,1,1,0,1,0,1,1,1,1,1,1,0,
1,1,1,0,0,0,1,1,0,1,1,1,0,0,0,0,0,1,1,1,0,1,1,1,1,0,0,1,1,1,1,0,1,1,0,0,0,1,1,1,1,1,1,0,0,1,0,1,0,1,
0,1,0,0,0,1,0,1,1,0,1,0,0,1,0,1,0,1,0,1,0,0,1,0,0,1,1,1,0,0,0,1,1,0,1,1,0,0,1,1,0,1,1,0,0,1,1,1,0,0,
1,0,1,0,0,1,1,1,0,1,1,0,0,0,0,0,0,0,1,0,0,1,0,1,1,0,0,0,1,0,1,0,1,0,0,1,0,1,0,1,1,0,1,1,1,0,0,0,1,1,
1,0,1,0,0,0,0,0,0,1,1,1,1,0,0,0,1,1,1,0,0,1,0,0,1,0,0,0,1,1,1,0,1,0,1,0,0,0,0,0,0,1,1,0,1,0,0,1,0,1,
1,0,0,1,1,0,0,0,0,1,0,0,0,1,1,0,0,0,0,1,0,0,0,1,0,1,1,0,1,0,0,0,0,1,1,1,1,0,1,0,0,0,1,1,1,0,1,0,1,0,
1,0,1,0,0,1,0,0,1,0,1,1,0,0,1,0,0,1,0,1,1,1,0,0,1,1,1,0,1,0,1,1,1,0,1,1,1,0,0,1,0,1,1,0,0,1,0,1,0,0,
1,0,1,1,1,0,0,0,0,0,1,0,1,0,0,0,1,1,1,0,0,0,1,0,1,1,0,1,1,1,1,0,0,1,0,1,1,1,0,0,0,0,0,1,0,1,1,0,0,0,
========================
Output Graph: 
Number of Vertices: 50
Number of Edges: 1130
Graph Density: 0.922449
0,1,1,1,1,1,1,1,1,1,1,1,1,1,0,1,1,1,1,1,1,1,1,1,1,1,1,1,1,1,1,1,1,1,1,1,1,1,1,1,1,0,1,1,1,1,1,1,1,1,
1,0,1,1,1,1,1,1,1,1,1,1,1,1,1,1,1,1,1,1,1,1,1,1,1,1,1,1,1,1,1,1,1,1,1,1,1,1,1,1,1,1,1,1,1,1,1,0,1,0,
1,1,0,1,1,1,1,1,1,1,1,1,1,1,1,1,1,1,1,1,1,1,1,1,1,1,1,1,1,1,1,1,1,1,1,1,1,1,1,1,1,0,1,1,1,1,1,1,1,1,
1,1,1,0,1,0,1,1,1,0,1,1,1,1,1,1,1,1,1,1,1,1,1,1,1,1,1,1,0,1,1,1,1,1,1,0,1,1,0,1,1,1,1,1,1,1,1,1,1,1,
1,1,1,1,0,1,1,1,1,0,1,1,1,0,1,1,1,1,1,1,1,1,1,1,1,1,1,1,1,1,1,1,1,1,1,1,1,1,1,1,1,1,1,0,1,1,0,1,0,1,
1,1,1,0,1,0,1,1,1,1,1,0,1,1,1,1,1,1,0,1,1,1,1,1,1,1,1,1,1,1,1,1,1,1,1,1,1,1,1,0,0,1,0,1,1,1,1,1,1,1,
1,1,1,1,1,1,0,1,1,0,1,1,1,0,1,1,1,1,1,1,1,1,1,1,1,1,1,1,1,1,1,1,1,1,1,1,1,1,1,1,1,1,1,1,1,1,0,1,1,1,
1,1,1,1,1,1,1,0,1,1,1,1,1,1,1,1,1,1,1,1,1,1,1,1,1,1,1,1,1,1,1,1,1,1,1,1,1,1,1,1,1,1,1,1,1,1,0,1,0,1,
1,1,1,1,1,1,1,1,0,1,1,1,1,1,1,1,1,1,1,1,1,1,1,1,1,1,1,0,1,1,1,1,1,1,1,1,1,1,1,1,1,1,1,1,1,1,1,1,1,1,
1,1,1,0,0,1,0,1,1,0,1,0,1,0,1,0,1,1,1,1,1,1,1,1,1,1,1,0,1,1,0,1,1,1,1,1,1,1,0,1,0,1,1,1,1,1,1,1,0,0,
1,1,1,1,1,1,1,1,1,1,0,1,1,1,1,1,1,1,1,1,0,1,1,1,1,1,1,1,1,1,1,1,1,1,1,1,1,1,1,1,1,1,1,1,1,1,1,1,1,1,
1,1,1,1,1,0,1,1,1,0,1,0,1,1,1,1,0,1,1,1,1,1,1,0,1,1,1,1,1,1,1,1,1,1,1,1,1,0,1,0,1,0,1,1,0,1,1,0,1,1,
1,1,1,1,1,1,1,1,1,1,1,1,0,1,1,1,1,1,1,1,1,1,1,1,1,1,1,1,1,1,1,1,1,1,1,1,1,1,1,1,1,0,1,1,1,1,1,1,1,1,
1,1,1,1,0,1,0,1,1,0,1,1,1,0,1,0,1,1,1,1,0,1,1,1,1,1,1,1,1,1,0,1,0,1,1,1,1,1,1,1,1,1,1,1,1,1,0,1,1,0,
0,1,1,1,1,1,1,1,1,1,1,1,1,1,0,1,1,0,1,1,1,1,1,1,1,1,1,1,1,1,1,1,1,1,1,1,0,1,1,1,1,1,1,1,1,0,1,1,1,1,
1,1,1,1,1,1,1,1,1,0,1,1,1,0,1,0,1,1,1,1,1,1,0,0,1,1,1,1,1,1,1,1,1,1,1,0,1,1,0,1,1,1,1,1,1,1,1,1,1,1,
1,1,1,1,1,1,1,1,1,1,1,0,1,1,1,1,0,1,1,0,1,1,1,1,1,1,1,1,1,1,1,1,1,1,1,1,1,1,1,1,1,1,1,1,0,1,1,0,1,1,
1,1,1,1,1,1,1,1,1,1,1,1,1,1,0,1,1,0,1,1,1,1,1,1,1,1,0,1,1,1,1,1,1,1,1,1,1,1,1,1,1,1,1,1,1,0,1,1,1,1,
1,1,1,1,1,0,1,1,1,1,1,1,1,1,1,1,1,1,0,1,1,1,1,1,1,1,1,1,1,1,1,1,1,1,1,1,1,1,1,1,1,1,0,1,0,1,1,1,1,1,
1,1,1,1,1,1,1,1,1,1,1,1,1,1,1,1,0,1,1,0,1,1,1,1,1,1,1,1,1,1,1,1,1,1,1,1,1,1,1,1,1,1,1,1,1,1,1,1,1,1,
1,1,1,1,1,1,1,1,1,1,0,1,1,0,1,1,1,1,1,1,0,1,1,1,1,1,1,1,1,1,0,1,1,1,1,1,1,1,1,1,1,1,1,1,1,1,1,1,1,1,
1,1,1,1,1,1,1,1,1,1,1,1,1,1,1,1,1,1,1,1,1,0,1,1,1,1,1,1,1,1,1,1,1,1,1,1,1,1,1,1,1,1,1,1,1,1,1,0,1,1,
1,1,1,1,1,1,1,1,1,1,1,1,1,1,1,0,1,1,1,1,1,1,0,0,1,1,1,1,1,1,1,1,1,1,1,1,1,1,1,1,1,1,1,1,1,1,1,1,1,1,
1,1,1,1,1,1,1,1,1,1,1,0,1,1,1,0,1,1,1,1,1,1,0,0,1,0,1,0,1,0,1,1,1,1,1,1,1,1,1,1,1,0,1,1,1,1,1,1,1,1,
1,1,1,1,1,1,1,1,1,1,1,1,1,1,1,1,1,1,1,1,1,1,1,1,0,1,1,1,1,1,1,1,1,1,1,1,1,1,1,1,1,1,0,1,1,1,1,1,1,1,
1,1,1,1,1,1,1,1,1,1,1,1,1,1,1,1,1,1,1,1,1,1,1,0,1,0,1,1,1,0,1,1,1,1,1,1,1,1,1,1,1,1,1,1,1,1,1,1,1,1,
1,1,1,1,1,1,1,1,1,1,1,1,1,1,1,1,1,0,1,1,1,1,1,1,1,1,0,1,1,1,1,1,1,1,1,1,1,1,1,1,1,1,1,1,1,1,1,1,1,1,
1,1,1,1,1,1,1,1,0,0,1,1,1,1,1,1,1,1,1,1,1,1,1,0,1,1,1,0,0,1,1,1,1,1,1,1,1,1,1,1,1,0,1,1,1,1,1,0,1,1,
1,1,1,0,1,1,1,1,1,1,1,1,1,1,1,1,1,1,1,1,1,1,1,1,1,1,1,0,0,1,0,1,1,1,1,1,1,1,1,1,0,1,1,1,1,1,1,1,1,1,
1,1,1,1,1,1,1,1,1,1,1,1,1,1,1,1,1,1,1,1,1,1,1,0,1,0,1,1,1,0,1,1,1,1,1,0,1,1,1,1,1,1,1,1,1,1,1,1,1,1,
1,1,1,1,1,1,1,1,1,0,1,1,1,0,1,1,1,1,1,1,0,1,1,1,1,1,1,1,0,1,0,1,1,1,1,0,1,1,1,1,1,1,1,1,1,1,1,0,1,1,
1,1,1,1,1,1,1,1,1,1,1,1,1,1,1,1,1,1,1,1,1,1,1,1,1,1,1,1,1,1,1,0,1,1,1,1,1,1,1,1,1,1,1,1,1,1,1,1,1,1,
1,1,1,1,1,1,1,1,1,1,1,1,1,0,1,1,1,1,1,1,1,1,1,1,1,1,1,1,1,1,1,1,0,1,1,1,1,1,1,1,1,1,1,1,1,1,1,1,1,1,
1,1,1,1,1,1,1,1,1,1,1,1,1,1,1,1,1,1,1,1,1,1,1,1,1,1,1,1,1,1,1,1,1,0,0,1,1,1,1,1,1,1,0,1,1,1,1,1,1,1,
1,1,1,1,1,1,1,1,1,1,1,1,1,1,1,1,1,1,1,1,1,1,1,1,1,1,1,1,1,1,1,1,1,0,0,1,1,1,1,0,1,1,0,1,1,1,1,1,1,1,
1,1,1,0,1,1,1,1,1,1,1,1,1,1,1,0,1,1,1,1,1,1,1,1,1,1,1,1,1,0,0,1,1,1,1,0,1,1,1,1,1,1,1,1,1,1,1,1,1,1,
1,1,1,1,1,1,1,1,1,1,1,1,1,1,0,1,1,1,1,1,1,1,1,1,1,1,1,1,1,1,1,1,1,1,1,1,0,1,1,1,1,1,1,1,1,0,1,1,1,1,
1,1,1,1,1,1,1,1,1,1,1,0,1,1,1,1,1,1,1,1,1,1,1,1,1,1,1,1,1,1,1,1,1,1,1,1,1,0,1,1,1,0,1,1,1,1,1,1,1,1,
1,1,1,0,1,1,1,1,1,0,1,1,1,1,1,0,1,1,1,1,1,1,1,1,1,1,1,1,1,1,1,1,1,1,1,1,1,1,0,1,1,1,1,1,1,1,1,1,1,1,
1,1,1,1,1,0,1,1,1,1,1,0,1,1,1,1,1,1,1,1,1,1,1,1,1,1,1,1,1,1,1,1,1,1,0,1,1,1,1,0,0,1,1,1,1,1,1,1,1,1,
1,1,1,1,1,0,1,1,1,0,1,1,1,1,1,1,1,1,1,1,1,1,1,1,1,1,1,1,0,1,1,1,1,1,1,1,1,1,1,0,0,1,0,1,1,1,1,0,1,1,
0,1,0,1,1,1,1,1,1,1,1,0,0,1,1,1,1,1,1,1,1,1,1,0,1,1,1,0,1,1,1,1,1,1,1,1,1,0,1,1,1,0,1,1,1,0,1,1,1,1,
1,1,1,1,1,0,1,1,1,1,1,1,1,1,1,1,1,1,0,1,1,1,1,1,0,1,1,1,1,1,1,1,1,0,0,1,1,1,1,1,0,1,0,1,1,1,1,1,1,1,
1,1,1,1,0,1,1,1,1,1,1,1,1,1,1,1,1,1,1,1,1,1,1,1,1,1,1,1,1,1,1,1,1,1,1,1,1,1,1,1,1,1,1,0,1,1,0,1,1,1,
1,1,1,1,1,1,1,1,1,1,1,0,1,1,1,1,0,1,0,1,1,1,1,1,1,1,1,1,1,1,1,1,1,1,1,1,1,1,1,1,1,1,1,1,0,1,1,1,1,1,
1,1,1,1,1,1,1,1,1,1,1,1,1,1,0,1,1,0,1,1,1,1,1,1,1,1,1,1,1,1,1,1,1,1,1,1,0,1,1,1,1,0,1,1,1,0,1,1,1,1,
1,1,1,1,0,1,0,0,1,1,1,1,1,0,1,1,1,1,1,1,1,1,1,1,1,1,1,1,1,1,1,1,1,1,1,1,1,1,1,1,1,1,1,0,1,1,0,1,0,1,
1,0,1,1,1,1,1,1,1,1,1,0,1,1,1,1,0,1,1,1,1,0,1,1,1,1,1,0,1,1,0,1,1,1,1,1,1,1,1,1,0,1,1,1,1,1,1,0,1,0,
1,1,1,1,0,1,1,0,1,0,1,1,1,1,1,1,1,1,1,1,1,1,1,1,1,1,1,1,1,1,1,1,1,1,1,1,1,1,1,1,1,1,1,1,1,1,0,1,0,0,
1,0,1,1,1,1,1,1,1,0,1,1,1,0,1,1,1,1,1,1,1,1,1,1,1,1,1,1,1,1,1,1,1,1,1,1,1,1,1,1,1,1,1,1,1,1,1,0,0,0,
Is Output Graph Empty or Complete?: 0
Ratio of Added Edges Over Added + Removed Edges: 1
Changes from Input to Output: 
Added Edge: (0, 4)
Added Edge: (0, 5)
Added Edge: (0, 6)
Added Edge: (0, 10)
Added Edge: (0, 11)
Added Edge: (0, 13)
Added Edge: (0, 18)
Added Edge: (0, 19)
Added Edge: (0, 22)
Added Edge: (0, 23)
Added Edge: (0, 24)
Added Edge: (0, 27)
Added Edge: (0, 29)
Added Edge: (0, 33)
Added Edge: (0, 34)
Added Edge: (0, 40)
Added Edge: (0, 44)
Added Edge: (1, 3)
Added Edge: (1, 6)
Added Edge: (1, 8)
Added Edge: (1, 12)
Added Edge: (1, 13)
Added Edge: (1, 16)
Added Edge: (1, 19)
Added Edge: (1, 25)
Added Edge: (1, 26)
Added Edge: (1, 28)
Added Edge: (1, 29)
Added Edge: (1, 30)
Added Edge: (1, 34)
Added Edge: (1, 37)
Added Edge: (1, 38)
Added Edge: (1, 41)
Added Edge: (1, 45)
Added Edge: (1, 46)
Added Edge: (1, 48)
Added Edge: (2, 3)
Added Edge: (2, 5)
Added Edge: (2, 8)
Added Edge: (2, 9)
Added Edge: (2, 10)
Added Edge: (2, 11)
Added Edge: (2, 14)
Added Edge: (2, 15)
Added Edge: (2, 17)
Added Edge: (2, 22)
Added Edge: (2, 24)
Added Edge: (2, 25)
Added Edge: (2, 31)
Added Edge: (2, 37)
Added Edge: (2, 39)
Added Edge: (2, 42)
Added Edge: (2, 44)
Added Edge: (2, 47)
Added Edge: (3, 7)
Added Edge: (3, 8)
Added Edge: (3, 10)
Added Edge: (3, 12)
Added Edge: (3, 14)
Added Edge: (3, 15)
Added Edge: (3, 16)
Added Edge: (3, 18)
Added Edge: (3, 20)
Added Edge: (3, 22)
Added Edge: (3, 24)
Added Edge: (3, 25)
Added Edge: (3, 27)
Added Edge: (3, 32)
Added Edge: (3, 33)
Added Edge: (3, 34)
Added Edge: (3, 37)
Added Edge: (3, 39)
Added Edge: (3, 40)
Added Edge: (3, 41)
Added Edge: (3, 42)
Added Edge: (3, 43)
Added Edge: (3, 44)
Added Edge: (3, 45)
Added Edge: (3, 46)
Added Edge: (3, 48)
Added Edge: (4, 5)
Added Edge: (4, 14)
Added Edge: (4, 15)
Added Edge: (4, 19)
Added Edge: (4, 20)
Added Edge: (4, 22)
Added Edge: (4, 23)
Added Edge: (4, 24)
Added Edge: (4, 26)
Added Edge: (4, 33)
Added Edge: (4, 35)
Added Edge: (4, 36)
Added Edge: (4, 37)
Added Edge: (4, 38)
Added Edge: (4, 39)
Added Edge: (4, 40)
Added Edge: (4, 42)
Added Edge: (4, 44)
Added Edge: (4, 45)
Added Edge: (5, 6)
Added Edge: (5, 10)
Added Edge: (5, 13)
Added Edge: (5, 15)
Added Edge: (5, 17)
Added Edge: (5, 25)
Added Edge: (5, 28)
Added Edge: (5, 29)
Added Edge: (5, 32)
Added Edge: (5, 43)
Added Edge: (5, 46)
Added Edge: (5, 47)
Added Edge: (5, 49)
Added Edge: (6, 7)
Added Edge: (6, 8)
Added Edge: (6, 11)
Added Edge: (6, 14)
Added Edge: (6, 15)
Added Edge: (6, 17)
Added Edge: (6, 18)
Added Edge: (6, 20)
Added Edge: (6, 23)
Added Edge: (6, 24)
Added Edge: (6, 27)
Added Edge: (6, 30)
Added Edge: (6, 34)
Added Edge: (6, 35)
Added Edge: (6, 36)
Added Edge: (6, 40)
Added Edge: (6, 42)
Added Edge: (6, 44)
Added Edge: (6, 47)
Added Edge: (6, 48)
Added Edge: (6, 49)
Added Edge: (7, 8)
Added Edge: (7, 13)
Added Edge: (7, 14)
Added Edge: (7, 16)
Added Edge: (7, 18)
Added Edge: (7, 19)
Added Edge: (7, 20)
Added Edge: (7, 21)
Added Edge: (7, 22)
Added Edge: (7, 23)
Added Edge: (7, 25)
Added Edge: (7, 26)
Added Edge: (7, 27)
Added Edge: (7, 29)
Added Edge: (7, 32)
Added Edge: (7, 35)
Added Edge: (7, 36)
Added Edge: (7, 37)
Added Edge: (7, 40)
Added Edge: (7, 47)
Added Edge: (7, 49)
Added Edge: (8, 9)
Added Edge: (8, 10)
Added Edge: (8, 13)
Added Edge: (8, 16)
Added Edge: (8, 17)
Added Edge: (8, 20)
Added Edge: (8, 23)
Added Edge: (8, 25)
Added Edge: (8, 28)
Added Edge: (8, 29)
Added Edge: (8, 30)
Added Edge: (8, 36)
Added Edge: (8, 39)
Added Edge: (8, 40)
Added Edge: (8, 41)
Added Edge: (8, 42)
Added Edge: (8, 43)
Added Edge: (8, 45)
Added Edge: (8, 46)
Added Edge: (8, 47)
Added Edge: (8, 49)
Added Edge: (9, 14)
Added Edge: (9, 17)
Added Edge: (9, 18)
Added Edge: (9, 20)
Added Edge: (9, 22)
Added Edge: (9, 25)
Added Edge: (9, 28)
Added Edge: (9, 32)
Added Edge: (9, 34)
Added Edge: (9, 37)
Added Edge: (9, 44)
Added Edge: (10, 12)
Added Edge: (10, 14)
Added Edge: (10, 15)
Added Edge: (10, 21)
Added Edge: (10, 25)
Added Edge: (10, 27)
Added Edge: (10, 30)
Added Edge: (10, 32)
Added Edge: (10, 34)
Added Edge: (10, 35)
Added Edge: (10, 37)
Added Edge: (10, 40)
Added Edge: (10, 41)
Added Edge: (10, 42)
Added Edge: (10, 47)
Added Edge: (11, 12)
Added Edge: (11, 13)
Added Edge: (11, 14)
Added Edge: (11, 17)
Added Edge: (11, 18)
Added Edge: (11, 20)
Added Edge: (11, 21)
Added Edge: (11, 22)
Added Edge: (11, 27)
Added Edge: (11, 28)
Added Edge: (11, 32)
Added Edge: (11, 35)
Added Edge: (11, 38)
Added Edge: (11, 45)
Added Edge: (11, 49)
Added Edge: (12, 14)
Added Edge: (12, 15)
Added Edge: (12, 19)
Added Edge: (12, 22)
Added Edge: (12, 24)
Added Edge: (12, 25)
Added Edge: (12, 30)
Added Edge: (12, 35)
Added Edge: (12, 39)
Added Edge: (12, 43)
Added Edge: (12, 44)
Added Edge: (12, 45)
Added Edge: (12, 47)
Added Edge: (12, 48)
Added Edge: (13, 14)
Added Edge: (13, 16)
Added Edge: (13, 17)
Added Edge: (13, 26)
Added Edge: (13, 27)
Added Edge: (13, 31)
Added Edge: (13, 38)
Added Edge: (13, 39)
Added Edge: (13, 41)
Added Edge: (13, 43)
Added Edge: (13, 45)
Added Edge: (13, 48)
Added Edge: (14, 19)
Added Edge: (14, 21)
Added Edge: (14, 23)
Added Edge: (14, 25)
Added Edge: (14, 27)
Added Edge: (14, 28)
Added Edge: (14, 31)
Added Edge: (14, 32)
Added Edge: (14, 33)
Added Edge: (14, 37)
Added Edge: (14, 38)
Added Edge: (14, 39)
Added Edge: (14, 40)
Added Edge: (14, 42)
Added Edge: (14, 43)
Added Edge: (14, 44)
Added Edge: (14, 46)
Added Edge: (14, 49)
Added Edge: (15, 19)
Added Edge: (15, 21)
Added Edge: (15, 24)
Added Edge: (15, 25)
Added Edge: (15, 26)
Added Edge: (15, 27)
Added Edge: (15, 29)
Added Edge: (15, 30)
Added Edge: (15, 31)
Added Edge: (15, 34)
Added Edge: (15, 36)
Added Edge: (15, 37)
Added Edge: (15, 39)
Added Edge: (15, 42)
Added Edge: (15, 43)
Added Edge: (15, 45)
Added Edge: (15, 46)
Added Edge: (15, 47)
Added Edge: (15, 48)
Added Edge: (15, 49)
Added Edge: (16, 18)
Added Edge: (16, 21)
Added Edge: (16, 22)
Added Edge: (16, 24)
Added Edge: (16, 26)
Added Edge: (16, 30)
Added Edge: (16, 34)
Added Edge: (16, 37)
Added Edge: (16, 38)
Added Edge: (16, 42)
Added Edge: (16, 43)
Added Edge: (16, 45)
Added Edge: (16, 48)
Added Edge: (17, 19)
Added Edge: (17, 20)
Added Edge: (17, 21)
Added Edge: (17, 23)
Added Edge: (17, 24)
Added Edge: (17, 27)
Added Edge: (17, 28)
Added Edge: (17, 30)
Added Edge: (17, 31)
Added Edge: (17, 32)
Added Edge: (17, 33)
Added Edge: (17, 34)
Added Edge: (17, 36)
Added Edge: (17, 37)
Added Edge: (17, 38)
Added Edge: (17, 39)
Added Edge: (17, 40)
Added Edge: (17, 47)
Added Edge: (18, 20)
Added Edge: (18, 27)
Added Edge: (18, 28)
Added Edge: (18, 29)
Added Edge: (18, 30)
Added Edge: (18, 31)
Added Edge: (18, 38)
Added Edge: (18, 41)
Added Edge: (18, 47)
Added Edge: (18, 48)
Added Edge: (19, 22)
Added Edge: (19, 23)
Added Edge: (19, 24)
Added Edge: (19, 27)
Added Edge: (19, 29)
Added Edge: (19, 31)
Added Edge: (19, 32)
Added Edge: (19, 36)
Added Edge: (19, 37)
Added Edge: (19, 39)
Added Edge: (19, 40)
Added Edge: (19, 41)
Added Edge: (19, 45)
Added Edge: (19, 46)
Added Edge: (19, 49)
Added Edge: (20, 21)
Added Edge: (20, 24)
Added Edge: (20, 26)
Added Edge: (20, 27)
Added Edge: (20, 29)
Added Edge: (20, 31)
Added Edge: (20, 33)
Added Edge: (20, 34)
Added Edge: (20, 35)
Added Edge: (20, 37)
Added Edge: (20, 38)
Added Edge: (20, 41)
Added Edge: (20, 43)
Added Edge: (20, 44)
Added Edge: (20, 45)
Added Edge: (20, 46)
Added Edge: (20, 47)
Added Edge: (20, 49)
Added Edge: (21, 24)
Added Edge: (21, 27)
Added Edge: (21, 28)
Added Edge: (21, 31)
Added Edge: (21, 38)
Added Edge: (21, 39)
Added Edge: (21, 41)
Added Edge: (21, 42)
Added Edge: (21, 44)
Added Edge: (21, 49)
Added Edge: (22, 25)
Added Edge: (22, 27)
Added Edge: (22, 28)
Added Edge: (22, 31)
Added Edge: (22, 32)
Added Edge: (22, 34)
Added Edge: (22, 35)
Added Edge: (22, 41)
Added Edge: (22, 42)
Added Edge: (22, 45)
Added Edge: (22, 46)
Added Edge: (22, 47)
Added Edge: (22, 48)
Added Edge: (23, 24)
Added Edge: (23, 28)
Added Edge: (23, 40)
Added Edge: (23, 42)
Added Edge: (23, 44)
Added Edge: (23, 46)
Added Edge: (23, 48)
Added Edge: (23, 49)
Added Edge: (24, 25)
Added Edge: (24, 26)
Added Edge: (24, 31)
Added Edge: (24, 33)
Added Edge: (24, 34)
Added Edge: (24, 35)
Added Edge: (24, 36)
Added Edge: (24, 38)
Added Edge: (24, 40)
Added Edge: (24, 44)
Added Edge: (24, 47)
Added Edge: (25, 27)
Added Edge: (25, 30)
Added Edge: (25, 31)
Added Edge: (25, 32)
Added Edge: (25, 33)
Added Edge: (25, 35)
Added Edge: (25, 36)
Added Edge: (25, 37)
Added Edge: (25, 43)
Added Edge: (25, 45)
Added Edge: (25, 46)
Added Edge: (26, 27)
Added Edge: (26, 29)
Added Edge: (26, 33)
Added Edge: (26, 36)
Added Edge: (26, 37)
Added Edge: (26, 39)
Added Edge: (26, 40)
Added Edge: (26, 41)
Added Edge: (26, 43)
Added Edge: (26, 45)
Added Edge: (26, 46)
Added Edge: (26, 49)
Added Edge: (27, 34)
Added Edge: (27, 37)
Added Edge: (27, 45)
Added Edge: (27, 46)
Added Edge: (27, 48)
Added Edge: (28, 32)
Added Edge: (28, 33)
Added Edge: (28, 37)
Added Edge: (28, 38)
Added Edge: (28, 39)
Added Edge: (28, 44)
Added Edge: (29, 31)
Added Edge: (29, 33)
Added Edge: (29, 39)
Added Edge: (29, 40)
Added Edge: (29, 42)
Added Edge: (29, 44)
Added Edge: (29, 45)
Added Edge: (29, 47)
Added Edge: (29, 48)
Added Edge: (30, 31)
Added Edge: (30, 32)
Added Edge: (30, 33)
Added Edge: (30, 38)
Added Edge: (30, 39)
Added Edge: (30, 44)
Added Edge: (31, 34)
Added Edge: (31, 36)
Added Edge: (31, 37)
Added Edge: (31, 38)
Added Edge: (31, 39)
Added Edge: (31, 40)
Added Edge: (31, 43)
Added Edge: (31, 45)
Added Edge: (31, 46)
Added Edge: (31, 47)
Added Edge: (31, 49)
Added Edge: (32, 35)
Added Edge: (32, 38)
Added Edge: (32, 47)
Added Edge: (32, 49)
Added Edge: (33, 35)
Added Edge: (33, 40)
Added Edge: (33, 44)
Added Edge: (33, 45)
Added Edge: (33, 46)
Added Edge: (33, 48)
Added Edge: (34, 41)
Added Edge: (34, 43)
Added Edge: (34, 45)
Added Edge: (34, 49)
Added Edge: (35, 36)
Added Edge: (35, 37)
Added Edge: (35, 38)
Added Edge: (35, 39)
Added Edge: (35, 41)
Added Edge: (35, 42)
Added Edge: (35, 43)
Added Edge: (35, 46)
Added Edge: (36, 38)
Added Edge: (36, 39)
Added Edge: (36, 41)
Added Edge: (36, 43)
Added Edge: (36, 44)
Added Edge: (36, 46)
Added Edge: (37, 44)
Added Edge: (37, 46)
Added Edge: (37, 47)
Added Edge: (37, 48)
Added Edge: (38, 39)
Added Edge: (38, 45)
Added Edge: (38, 46)
Added Edge: (38, 48)
Added Edge: (38, 49)
Added Edge: (39, 41)
Added Edge: (39, 46)
Added Edge: (39, 47)
Added Edge: (39, 49)
Added Edge: (40, 41)
Added Edge: (40, 44)
Added Edge: (40, 46)
Added Edge: (40, 48)
Added Edge: (40, 49)
Added Edge: (41, 47)
Added Edge: (41, 49)
Added Edge: (42, 49)
Added Edge: (43, 44)
Added Edge: (43, 48)
Added Edge: (44, 48)
Added Edge: (44, 49)
Added Edge: (45, 46)
Added Edge: (45, 47)
========================
