========================
TIME_LIMIT_SECONDS: 900
ODD_HOLE_TERMINATION_PERCENTAGE: 999
N_THREADS: 24
IS_RUNNING_HEURISTIC_ON_CANDIDATE: 
IS_RUNNING_HEURISTIC_ON_RELAXATION: 
ADD_ALL_AT_START: 
========================
Wall-Clock Runtime (ms): 11660
Calculated Odd Hole Termination Batch Size: 0
Total Time of All Workers in OddHoleAlg (nano): 539342185
Total Time of All Workers in OddHoleAlg (ms): 539
OddHoleAlg calls: 190
Number of Found Odd-Holes: 10737
Number of Found Odd Anti-Holes: 196867
Number of Feasible Solutions Found: 1
Number of Times Heuristic is Called: 0
Total number of added OH and OHbar Cuts: 207604
Number of Explored B&C tree nodes: 0
Number of Unexplored B&C tree nodes: 1
========================
Input Graph:
Number of Vertices: 40
Erdos Renyi p Parameter: 0.5
Number of Edges: 389
Expected No of Odd Holes: 10991
Expected No of Odd Anti Holes: 3280
ODD_HOLE_TERMINATION_BATCH_SIZE: 0
Graph Density: 0.498718
0,1,0,1,0,1,0,0,1,1,1,0,0,0,0,0,0,1,1,1,0,0,0,0,1,1,1,1,1,1,0,0,1,0,0,0,0,1,0,1,
1,0,0,1,1,0,0,1,1,0,0,1,0,0,1,0,0,0,0,1,0,1,0,1,1,0,0,0,1,0,0,0,1,1,0,1,1,1,1,1,
0,0,0,0,1,0,0,1,0,1,0,0,0,0,1,0,1,1,0,1,0,1,0,1,1,1,1,1,1,0,1,0,1,1,1,0,0,0,1,0,
1,1,0,0,0,0,0,0,1,0,0,1,0,0,0,1,0,1,1,0,1,0,0,0,1,0,0,1,1,1,1,1,1,1,1,1,1,0,1,1,
0,1,1,0,0,1,0,0,1,0,1,1,0,1,1,0,1,0,1,0,1,0,1,1,1,1,0,1,1,0,0,1,1,0,0,1,1,0,0,1,
1,0,0,0,1,0,0,1,0,0,1,0,0,1,1,1,1,0,0,0,0,0,1,1,0,0,1,0,1,1,0,0,0,1,1,1,0,0,1,0,
0,0,0,0,0,0,0,1,1,1,0,0,1,1,0,0,0,1,0,1,1,1,0,0,0,1,1,0,0,1,1,0,1,0,1,1,0,1,0,0,
0,1,1,0,0,1,1,0,0,0,1,1,1,1,0,0,0,0,1,0,1,1,0,0,0,1,0,1,1,0,1,1,0,0,0,0,0,0,1,1,
1,1,0,1,1,0,1,0,0,0,0,1,0,0,0,0,0,0,0,1,1,0,1,0,1,1,1,0,1,1,1,1,1,1,0,1,0,0,1,0,
1,0,1,0,0,0,1,0,0,0,0,0,1,0,0,1,1,1,0,0,0,0,0,0,1,0,0,1,0,0,0,1,0,0,1,1,1,1,0,1,
1,0,0,0,1,1,0,1,0,0,0,1,1,0,0,0,0,1,1,0,1,1,0,1,1,1,1,1,0,1,0,0,0,0,0,1,1,1,0,0,
0,1,0,1,1,0,0,1,1,0,1,0,0,1,1,1,1,0,1,1,1,1,1,0,1,1,1,1,1,1,1,1,1,0,1,0,1,1,0,1,
0,0,0,0,0,0,1,1,0,1,1,0,0,0,0,0,1,1,0,0,0,0,1,1,0,0,0,1,1,0,0,0,1,1,0,1,0,1,1,1,
0,0,0,0,1,1,1,1,0,0,0,1,0,0,0,0,0,0,0,0,1,1,1,1,1,0,1,0,1,1,0,0,1,0,1,0,0,1,1,0,
0,1,1,0,1,1,0,0,0,0,0,1,0,0,0,1,1,0,1,1,0,1,1,0,0,0,1,1,0,0,1,1,0,0,1,0,1,1,1,1,
0,0,0,1,0,1,0,0,0,1,0,1,0,0,1,0,1,1,0,0,1,0,0,1,1,0,0,0,1,1,0,1,0,0,0,1,0,1,1,1,
0,0,1,0,1,1,0,0,0,1,0,1,1,0,1,1,0,1,1,1,1,1,1,0,0,0,0,0,0,0,1,0,0,0,0,0,0,1,1,0,
1,0,1,1,0,0,1,0,0,1,1,0,1,0,0,1,1,0,0,1,1,1,0,0,0,1,1,0,0,1,0,1,0,1,1,0,0,0,0,1,
1,0,0,1,1,0,0,1,0,0,1,1,0,0,1,0,1,0,0,0,1,0,0,0,1,0,1,0,1,1,0,1,0,1,0,1,1,0,1,0,
1,1,1,0,0,0,1,0,1,0,0,1,0,0,1,0,1,1,0,0,1,0,1,1,0,1,0,1,0,1,1,1,1,0,1,1,0,1,1,0,
0,0,0,1,1,0,1,1,1,0,1,1,0,1,0,1,1,1,1,1,0,0,1,0,1,1,0,0,0,0,1,0,0,1,0,0,1,1,0,0,
0,1,1,0,0,0,1,1,0,0,1,1,0,1,1,0,1,1,0,0,0,0,1,0,0,0,1,0,1,1,1,1,1,0,1,1,0,1,1,1,
0,0,0,0,1,1,0,0,1,0,0,1,1,1,1,0,1,0,0,1,1,1,0,1,1,0,1,1,1,0,0,0,0,1,0,1,0,1,0,0,
0,1,1,0,1,1,0,0,0,0,1,0,1,1,0,1,0,0,0,1,0,0,1,0,1,0,0,0,0,1,0,1,0,0,1,1,1,0,1,1,
1,1,1,1,1,0,0,0,1,1,1,1,0,1,0,1,0,0,1,0,1,0,1,1,0,1,0,1,0,0,1,0,0,1,1,1,0,0,1,1,
1,0,1,0,1,0,1,1,1,0,1,1,0,0,0,0,0,1,0,1,1,0,0,0,1,0,1,1,1,0,1,1,0,0,1,0,1,1,0,0,
1,0,1,0,0,1,1,0,1,0,1,1,0,1,1,0,0,1,1,0,0,1,1,0,0,1,0,0,1,1,1,0,0,1,0,0,1,1,0,0,
1,0,1,1,1,0,0,1,0,1,1,1,1,0,1,0,0,0,0,1,0,0,1,0,1,1,0,0,0,0,0,0,0,1,0,0,0,0,0,1,
1,1,1,1,1,1,0,1,1,0,0,1,1,1,0,1,0,0,1,0,0,1,1,0,0,1,1,0,0,0,0,0,1,0,1,0,0,0,1,0,
1,0,0,1,0,1,1,0,1,0,1,1,0,1,0,1,0,1,1,1,0,1,0,1,0,0,1,0,0,0,0,1,1,0,1,0,1,1,0,1,
0,0,1,1,0,0,1,1,1,0,0,1,0,0,1,0,1,0,0,1,1,1,0,0,1,1,1,0,0,0,0,0,0,0,0,0,1,1,0,0,
0,0,0,1,1,0,0,1,1,1,0,1,0,0,1,1,0,1,1,1,0,1,0,1,0,1,0,0,0,1,0,0,1,1,1,1,1,0,1,0,
1,1,1,1,1,0,1,0,1,0,0,1,1,1,0,0,0,0,0,1,0,1,0,0,0,0,0,0,1,1,0,1,0,1,0,1,1,1,0,1,
0,1,1,1,0,1,0,0,1,0,0,0,1,0,0,0,0,1,1,0,1,0,1,0,1,0,1,1,0,0,0,1,1,0,0,1,1,1,0,1,
0,0,1,1,0,1,1,0,0,1,0,1,0,1,1,0,0,1,0,1,0,1,0,1,1,1,0,0,1,1,0,1,0,0,0,0,0,0,1,0,
0,1,0,1,1,1,1,0,1,1,1,0,1,0,0,1,0,0,1,1,0,1,1,1,1,0,0,0,0,0,0,1,1,1,0,0,1,0,1,0,
0,1,0,1,1,0,0,0,0,1,1,1,0,0,1,0,0,0,1,0,1,0,0,1,0,1,1,0,0,1,1,1,1,1,0,1,0,1,1,0,
1,1,0,0,0,0,1,0,0,1,1,1,1,1,1,1,1,0,0,1,1,1,1,0,0,1,1,0,0,1,1,0,1,1,0,0,1,0,0,1,
0,1,1,1,0,1,0,1,1,0,0,0,1,1,1,1,1,0,1,1,0,1,0,1,1,0,0,0,1,0,0,1,0,0,1,1,1,0,0,1,
1,1,0,1,1,0,0,1,0,1,0,1,1,0,1,1,0,1,0,0,0,1,0,1,1,0,0,1,0,1,0,0,1,1,0,0,0,1,1,0,
========================
Output Graph: 
Number of Vertices: 40
Number of Edges: 703
Graph Density: 0.901282
0,1,1,1,0,1,1,1,1,1,1,1,1,1,0,1,0,1,1,1,0,1,1,1,1,1,1,1,1,1,1,0,1,0,1,0,1,1,1,1,
1,0,1,1,1,1,1,1,1,1,1,1,1,0,1,1,1,1,1,1,1,1,1,1,1,1,1,1,1,1,0,1,1,1,1,1,1,1,1,1,
1,1,0,1,1,0,1,1,1,1,1,1,1,1,1,1,1,1,1,1,1,1,1,1,1,1,1,1,1,1,1,1,1,1,1,1,0,1,1,1,
1,1,1,0,1,1,1,1,1,1,0,1,1,0,0,1,0,1,1,1,1,1,0,1,1,1,1,1,1,1,1,1,1,1,1,1,1,1,1,1,
0,1,1,1,0,1,1,1,1,1,1,1,1,1,1,1,1,1,1,1,1,1,1,1,1,1,1,1,1,1,1,1,1,1,1,1,1,1,1,1,
1,1,0,1,1,0,1,1,1,1,1,1,1,1,1,1,1,1,1,1,1,1,1,1,1,1,1,1,1,1,1,1,1,1,1,1,0,1,1,1,
1,1,1,1,1,1,0,1,1,1,0,1,1,1,0,1,0,1,1,1,1,1,0,1,1,1,1,1,0,1,1,1,1,1,1,1,0,1,1,1,
1,1,1,1,1,1,1,0,1,1,1,1,1,1,1,1,0,1,1,1,1,1,1,1,1,1,1,1,1,1,1,1,1,1,1,1,0,1,1,1,
1,1,1,1,1,1,1,1,0,1,1,1,1,1,1,1,1,1,1,1,1,1,1,1,1,1,1,0,1,1,1,1,1,1,1,1,1,0,1,1,
1,1,1,1,1,1,1,1,1,0,0,1,1,1,1,1,1,1,1,1,1,1,1,1,1,1,0,1,1,0,1,1,0,1,1,1,1,1,1,1,
1,1,1,0,1,1,0,1,1,0,0,1,1,0,0,1,0,1,1,0,1,1,1,1,1,1,1,1,0,1,1,0,1,0,1,1,1,1,1,1,
1,1,1,1,1,1,1,1,1,1,1,0,1,1,1,1,1,0,1,1,1,1,1,1,1,1,1,1,1,1,1,1,1,1,1,1,1,1,1,1,
1,1,1,1,1,1,1,1,1,1,1,1,0,1,1,1,1,1,1,1,1,1,1,1,1,1,1,1,1,1,1,1,1,1,1,1,1,1,1,1,
1,0,1,0,1,1,1,1,1,1,0,1,1,0,0,1,1,1,1,1,1,1,1,1,1,1,1,1,1,1,0,1,1,0,1,1,1,1,1,1,
0,1,1,0,1,1,0,1,1,1,0,1,1,0,0,1,1,0,1,1,1,1,1,0,1,1,1,1,0,1,1,1,1,0,1,1,1,1,1,1,
1,1,1,1,1,1,1,1,1,1,1,1,1,1,1,0,1,1,1,1,1,1,1,1,1,0,1,1,1,1,1,1,1,1,1,1,1,1,1,1,
0,1,1,0,1,1,0,0,1,1,0,1,1,1,1,1,0,1,1,1,1,1,1,1,1,1,0,1,0,1,1,1,0,0,1,1,0,1,1,0,
1,1,1,1,1,1,1,1,1,1,1,0,1,1,0,1,1,0,0,1,1,1,0,0,1,1,1,1,1,1,1,1,1,1,1,1,1,1,1,1,
1,1,1,1,1,1,1,1,1,1,1,1,1,1,1,1,1,0,0,1,1,0,1,1,1,1,1,1,1,1,1,1,1,1,1,1,1,1,1,0,
1,1,1,1,1,1,1,1,1,1,0,1,1,1,1,1,1,1,1,0,1,1,1,1,1,1,1,1,1,1,1,1,1,1,1,1,1,1,1,1,
0,1,1,1,1,1,1,1,1,1,1,1,1,1,1,1,1,1,1,1,0,1,1,1,1,1,0,1,1,1,1,1,0,1,1,0,1,1,1,1,
1,1,1,1,1,1,1,1,1,1,1,1,1,1,1,1,1,1,0,1,1,0,1,1,1,1,1,1,1,1,1,1,1,1,1,1,1,1,1,1,
1,1,1,0,1,1,0,1,1,1,1,1,1,1,1,1,1,0,1,1,1,1,0,1,1,1,1,1,1,1,1,1,1,1,1,1,1,1,1,0,
1,1,1,1,1,1,1,1,1,1,1,1,1,1,0,1,1,0,1,1,1,1,1,0,1,1,1,1,1,1,1,1,1,1,1,1,1,1,1,1,
1,1,1,1,1,1,1,1,1,1,1,1,1,1,1,1,1,1,1,1,1,1,1,1,0,1,1,1,1,1,1,0,1,1,1,1,1,0,1,1,
1,1,1,1,1,1,1,1,1,1,1,1,1,1,1,0,1,1,1,1,1,1,1,1,1,0,1,1,1,0,1,1,1,1,1,1,1,1,1,1,
1,1,1,1,1,1,1,1,1,0,1,1,1,1,1,1,0,1,1,1,0,1,1,1,1,1,0,0,1,1,1,0,0,1,1,0,1,1,1,1,
1,1,1,1,1,1,1,1,0,1,1,1,1,1,1,1,1,1,1,1,1,1,1,1,1,1,0,0,1,1,1,1,1,1,1,1,1,0,0,1,
1,1,1,1,1,1,0,1,1,1,0,1,1,1,0,1,0,1,1,1,1,1,1,1,1,1,1,1,0,1,1,1,1,1,1,1,0,1,1,1,
1,1,1,1,1,1,1,1,1,0,1,1,1,1,1,1,1,1,1,1,1,1,1,1,1,0,1,1,1,0,1,1,1,1,1,1,1,1,1,1,
1,0,1,1,1,1,1,1,1,1,1,1,1,0,1,1,1,1,1,1,1,1,1,1,1,1,1,1,1,1,0,1,1,0,1,1,1,1,1,1,
0,1,1,1,1,1,1,1,1,1,0,1,1,1,1,1,1,1,1,1,1,1,1,1,0,1,0,1,1,1,1,0,1,1,1,1,1,0,1,1,
1,1,1,1,1,1,1,1,1,0,1,1,1,1,1,1,0,1,1,1,0,1,1,1,1,1,0,1,1,1,1,1,0,1,1,1,1,1,1,1,
0,1,1,1,1,1,1,1,1,1,0,1,1,0,0,1,0,1,1,1,1,1,1,1,1,1,1,1,1,1,0,1,1,0,1,1,1,1,1,1,
1,1,1,1,1,1,1,1,1,1,1,1,1,1,1,1,1,1,1,1,1,1,1,1,1,1,1,1,1,1,1,1,1,1,0,0,1,1,1,1,
0,1,1,1,1,1,1,1,1,1,1,1,1,1,1,1,1,1,1,1,0,1,1,1,1,1,0,1,1,1,1,1,1,1,0,0,1,1,1,1,
1,1,0,1,1,0,0,0,1,1,1,1,1,1,1,1,0,1,1,1,1,1,1,1,1,1,1,1,0,1,1,1,1,1,1,1,0,1,1,0,
1,1,1,1,1,1,1,1,0,1,1,1,1,1,1,1,1,1,1,1,1,1,1,1,0,1,1,0,1,1,1,0,1,1,1,1,1,0,0,1,
1,1,1,1,1,1,1,1,1,1,1,1,1,1,1,1,1,1,1,1,1,1,1,1,1,1,1,0,1,1,1,1,1,1,1,1,1,0,0,1,
1,1,1,1,1,1,1,1,1,1,1,1,1,1,1,1,0,1,0,1,1,1,0,1,1,1,1,1,1,1,1,1,1,1,1,1,0,1,1,0,
Is Output Graph Empty or Complete?: 0
Ratio of Added Edges Over Added + Removed Edges: 1
Changes from Input to Output: 
Added Edge: (0, 2)
Added Edge: (0, 6)
Added Edge: (0, 7)
Added Edge: (0, 11)
Added Edge: (0, 12)
Added Edge: (0, 13)
Added Edge: (0, 15)
Added Edge: (0, 21)
Added Edge: (0, 22)
Added Edge: (0, 23)
Added Edge: (0, 30)
Added Edge: (0, 34)
Added Edge: (0, 36)
Added Edge: (0, 38)
Added Edge: (1, 2)
Added Edge: (1, 5)
Added Edge: (1, 6)
Added Edge: (1, 9)
Added Edge: (1, 10)
Added Edge: (1, 12)
Added Edge: (1, 15)
Added Edge: (1, 16)
Added Edge: (1, 17)
Added Edge: (1, 18)
Added Edge: (1, 20)
Added Edge: (1, 22)
Added Edge: (1, 25)
Added Edge: (1, 26)
Added Edge: (1, 27)
Added Edge: (1, 29)
Added Edge: (1, 31)
Added Edge: (1, 34)
Added Edge: (2, 3)
Added Edge: (2, 6)
Added Edge: (2, 8)
Added Edge: (2, 10)
Added Edge: (2, 11)
Added Edge: (2, 12)
Added Edge: (2, 13)
Added Edge: (2, 15)
Added Edge: (2, 18)
Added Edge: (2, 20)
Added Edge: (2, 22)
Added Edge: (2, 29)
Added Edge: (2, 31)
Added Edge: (2, 35)
Added Edge: (2, 37)
Added Edge: (2, 39)
Added Edge: (3, 4)
Added Edge: (3, 5)
Added Edge: (3, 6)
Added Edge: (3, 7)
Added Edge: (3, 9)
Added Edge: (3, 12)
Added Edge: (3, 19)
Added Edge: (3, 21)
Added Edge: (3, 23)
Added Edge: (3, 25)
Added Edge: (3, 26)
Added Edge: (3, 37)
Added Edge: (4, 6)
Added Edge: (4, 7)
Added Edge: (4, 9)
Added Edge: (4, 12)
Added Edge: (4, 15)
Added Edge: (4, 17)
Added Edge: (4, 19)
Added Edge: (4, 21)
Added Edge: (4, 26)
Added Edge: (4, 29)
Added Edge: (4, 30)
Added Edge: (4, 33)
Added Edge: (4, 34)
Added Edge: (4, 37)
Added Edge: (4, 38)
Added Edge: (5, 6)
Added Edge: (5, 8)
Added Edge: (5, 9)
Added Edge: (5, 11)
Added Edge: (5, 12)
Added Edge: (5, 17)
Added Edge: (5, 18)
Added Edge: (5, 19)
Added Edge: (5, 20)
Added Edge: (5, 21)
Added Edge: (5, 24)
Added Edge: (5, 25)
Added Edge: (5, 27)
Added Edge: (5, 30)
Added Edge: (5, 31)
Added Edge: (5, 32)
Added Edge: (5, 37)
Added Edge: (5, 39)
Added Edge: (6, 11)
Added Edge: (6, 15)
Added Edge: (6, 18)
Added Edge: (6, 23)
Added Edge: (6, 24)
Added Edge: (6, 27)
Added Edge: (6, 31)
Added Edge: (6, 33)
Added Edge: (6, 38)
Added Edge: (6, 39)
Added Edge: (7, 8)
Added Edge: (7, 9)
Added Edge: (7, 14)
Added Edge: (7, 15)
Added Edge: (7, 17)
Added Edge: (7, 19)
Added Edge: (7, 22)
Added Edge: (7, 23)
Added Edge: (7, 24)
Added Edge: (7, 26)
Added Edge: (7, 29)
Added Edge: (7, 32)
Added Edge: (7, 33)
Added Edge: (7, 34)
Added Edge: (7, 35)
Added Edge: (7, 37)
Added Edge: (8, 9)
Added Edge: (8, 10)
Added Edge: (8, 12)
Added Edge: (8, 13)
Added Edge: (8, 14)
Added Edge: (8, 15)
Added Edge: (8, 16)
Added Edge: (8, 17)
Added Edge: (8, 18)
Added Edge: (8, 21)
Added Edge: (8, 23)
Added Edge: (8, 34)
Added Edge: (8, 36)
Added Edge: (8, 39)
Added Edge: (9, 11)
Added Edge: (9, 13)
Added Edge: (9, 14)
Added Edge: (9, 18)
Added Edge: (9, 19)
Added Edge: (9, 20)
Added Edge: (9, 21)
Added Edge: (9, 22)
Added Edge: (9, 23)
Added Edge: (9, 25)
Added Edge: (9, 28)
Added Edge: (9, 30)
Added Edge: (9, 33)
Added Edge: (9, 38)
Added Edge: (10, 15)
Added Edge: (10, 22)
Added Edge: (10, 30)
Added Edge: (10, 32)
Added Edge: (10, 34)
Added Edge: (10, 38)
Added Edge: (10, 39)
Added Edge: (11, 12)
Added Edge: (11, 23)
Added Edge: (11, 33)
Added Edge: (11, 35)
Added Edge: (11, 38)
Added Edge: (12, 13)
Added Edge: (12, 14)
Added Edge: (12, 15)
Added Edge: (12, 18)
Added Edge: (12, 19)
Added Edge: (12, 20)
Added Edge: (12, 21)
Added Edge: (12, 24)
Added Edge: (12, 25)
Added Edge: (12, 26)
Added Edge: (12, 29)
Added Edge: (12, 30)
Added Edge: (12, 31)
Added Edge: (12, 34)
Added Edge: (12, 36)
Added Edge: (13, 15)
Added Edge: (13, 16)
Added Edge: (13, 17)
Added Edge: (13, 18)
Added Edge: (13, 19)
Added Edge: (13, 25)
Added Edge: (13, 27)
Added Edge: (13, 31)
Added Edge: (13, 35)
Added Edge: (13, 36)
Added Edge: (13, 39)
Added Edge: (14, 20)
Added Edge: (14, 24)
Added Edge: (14, 25)
Added Edge: (14, 29)
Added Edge: (14, 32)
Added Edge: (14, 35)
Added Edge: (15, 18)
Added Edge: (15, 19)
Added Edge: (15, 21)
Added Edge: (15, 22)
Added Edge: (15, 26)
Added Edge: (15, 27)
Added Edge: (15, 30)
Added Edge: (15, 32)
Added Edge: (15, 33)
Added Edge: (15, 34)
Added Edge: (15, 36)
Added Edge: (16, 23)
Added Edge: (16, 24)
Added Edge: (16, 25)
Added Edge: (16, 27)
Added Edge: (16, 29)
Added Edge: (16, 31)
Added Edge: (16, 34)
Added Edge: (16, 35)
Added Edge: (17, 24)
Added Edge: (17, 27)
Added Edge: (17, 28)
Added Edge: (17, 30)
Added Edge: (17, 32)
Added Edge: (17, 35)
Added Edge: (17, 36)
Added Edge: (17, 37)
Added Edge: (17, 38)
Added Edge: (18, 19)
Added Edge: (18, 22)
Added Edge: (18, 23)
Added Edge: (18, 25)
Added Edge: (18, 27)
Added Edge: (18, 30)
Added Edge: (18, 32)
Added Edge: (18, 34)
Added Edge: (18, 37)
Added Edge: (19, 21)
Added Edge: (19, 24)
Added Edge: (19, 26)
Added Edge: (19, 28)
Added Edge: (19, 33)
Added Edge: (19, 36)
Added Edge: (19, 39)
Added Edge: (20, 21)
Added Edge: (20, 23)
Added Edge: (20, 27)
Added Edge: (20, 28)
Added Edge: (20, 29)
Added Edge: (20, 31)
Added Edge: (20, 34)
Added Edge: (20, 38)
Added Edge: (20, 39)
Added Edge: (21, 23)
Added Edge: (21, 24)
Added Edge: (21, 25)
Added Edge: (21, 27)
Added Edge: (21, 33)
Added Edge: (21, 36)
Added Edge: (22, 25)
Added Edge: (22, 29)
Added Edge: (22, 30)
Added Edge: (22, 31)
Added Edge: (22, 32)
Added Edge: (22, 34)
Added Edge: (22, 36)
Added Edge: (22, 38)
Added Edge: (23, 25)
Added Edge: (23, 26)
Added Edge: (23, 27)
Added Edge: (23, 28)
Added Edge: (23, 30)
Added Edge: (23, 32)
Added Edge: (23, 33)
Added Edge: (23, 37)
Added Edge: (24, 26)
Added Edge: (24, 28)
Added Edge: (24, 29)
Added Edge: (24, 32)
Added Edge: (24, 36)
Added Edge: (25, 32)
Added Edge: (25, 33)
Added Edge: (25, 35)
Added Edge: (25, 38)
Added Edge: (25, 39)
Added Edge: (26, 34)
Added Edge: (26, 38)
Added Edge: (26, 39)
Added Edge: (27, 28)
Added Edge: (27, 29)
Added Edge: (27, 30)
Added Edge: (27, 31)
Added Edge: (27, 32)
Added Edge: (27, 34)
Added Edge: (27, 35)
Added Edge: (27, 36)
Added Edge: (28, 29)
Added Edge: (28, 30)
Added Edge: (28, 31)
Added Edge: (28, 33)
Added Edge: (28, 35)
Added Edge: (28, 37)
Added Edge: (28, 39)
Added Edge: (29, 30)
Added Edge: (29, 33)
Added Edge: (29, 35)
Added Edge: (29, 38)
Added Edge: (30, 31)
Added Edge: (30, 32)
Added Edge: (30, 34)
Added Edge: (30, 35)
Added Edge: (30, 38)
Added Edge: (30, 39)
Added Edge: (31, 39)
Added Edge: (32, 34)
Added Edge: (32, 38)
Added Edge: (33, 34)
Added Edge: (33, 38)
Added Edge: (34, 36)
Added Edge: (34, 37)
Added Edge: (34, 39)
Added Edge: (35, 37)
Added Edge: (35, 39)
========================
