========================
TIME_LIMIT_SECONDS: 900
ODD_HOLE_TERMINATION_PERCENTAGE: 999
N_THREADS: 24
IS_RUNNING_HEURISTIC_ON_CANDIDATE: 
IS_RUNNING_HEURISTIC_ON_RELAXATION: 
ADD_ALL_AT_START: 
========================
Wall-Clock Runtime (ms): 154
Calculated Odd Hole Termination Batch Size: 0
Total Time of All Workers in OddHoleAlg (nano): 166804
Total Time of All Workers in OddHoleAlg (ms): 0
OddHoleAlg calls: 2
Number of Found Odd-Holes: 0
Number of Found Odd Anti-Holes: 0
Number of Feasible Solutions Found: 1
Number of Times Heuristic is Called: 0
Total number of added OH and OHbar Cuts: 0
Number of Explored B&C tree nodes: 0
Number of Unexplored B&C tree nodes: 1
========================
Input Graph:
Number of Vertices: 40
Erdos Renyi p Parameter: 0.75
Number of Edges: 597
Expected No of Odd Holes: 1833
Expected No of Odd Anti Holes: 19717
ODD_HOLE_TERMINATION_BATCH_SIZE: 0
Graph Density: 0.765385
0,0,1,1,0,0,1,0,1,1,0,1,1,1,1,1,1,1,0,1,1,1,1,1,1,1,0,1,1,1,1,1,1,0,0,1,1,1,1,1,
0,0,1,0,0,1,1,1,1,1,1,0,1,1,1,1,1,1,0,1,1,0,1,1,1,1,0,1,1,1,1,0,1,1,1,1,1,1,1,1,
1,1,0,1,0,1,1,1,1,1,1,1,1,1,1,1,0,0,1,1,1,1,1,1,0,1,1,1,1,0,1,1,1,0,1,0,1,1,1,1,
1,0,1,0,1,0,1,1,1,1,1,1,1,0,1,0,1,1,1,1,1,1,1,0,1,1,1,1,1,1,1,1,1,1,1,0,1,0,1,1,
0,0,0,1,0,1,1,0,0,1,0,1,1,0,1,1,1,1,1,0,1,0,1,1,0,0,1,1,1,0,1,1,0,0,1,1,1,1,0,0,
0,1,1,0,1,0,1,1,1,1,1,1,0,0,1,1,1,1,1,1,1,1,1,1,1,1,0,1,1,1,1,0,1,1,0,1,1,1,1,1,
1,1,1,1,1,1,0,1,0,1,1,1,0,1,1,1,1,1,0,1,1,1,1,1,0,1,0,1,1,1,1,1,1,1,1,1,0,1,1,0,
0,1,1,1,0,1,1,0,0,1,0,1,1,1,1,1,1,1,1,0,1,1,1,0,1,0,1,0,1,1,1,1,1,1,1,1,1,1,1,1,
1,1,1,1,0,1,0,0,0,1,0,1,0,1,1,1,0,1,1,1,1,1,1,0,1,0,1,1,1,1,0,1,0,0,0,1,1,1,1,1,
1,1,1,1,1,1,1,1,1,0,1,1,1,1,1,1,1,0,1,1,1,0,1,1,1,1,0,0,0,1,1,1,1,1,0,1,0,1,1,1,
0,1,1,1,0,1,1,0,0,1,0,1,1,1,0,1,1,0,1,1,1,1,1,1,1,1,1,1,1,1,1,0,1,1,1,1,1,0,1,1,
1,0,1,1,1,1,1,1,1,1,1,0,1,1,1,1,0,1,1,1,1,1,0,1,0,0,1,0,1,1,1,1,1,0,1,1,1,1,1,1,
1,1,1,1,1,0,0,1,0,1,1,1,0,0,1,1,1,1,1,1,1,1,1,1,0,1,1,1,1,1,1,1,0,1,1,0,0,1,1,0,
1,1,1,0,0,0,1,1,1,1,1,1,0,0,0,0,1,0,1,1,1,1,0,1,1,1,0,1,0,0,1,0,0,1,1,1,1,1,0,1,
1,1,1,1,1,1,1,1,1,1,0,1,1,0,0,1,1,1,1,0,0,1,1,0,1,1,1,0,0,0,1,1,0,1,1,1,1,1,1,1,
1,1,1,0,1,1,1,1,1,1,1,1,1,0,1,0,0,1,0,1,1,1,1,1,1,0,1,1,0,0,1,0,1,1,1,0,0,1,1,1,
1,1,0,1,1,1,1,1,0,1,1,0,1,1,1,0,0,0,0,1,1,0,0,1,1,1,1,1,1,0,0,0,1,0,1,1,1,0,1,1,
1,1,0,1,1,1,1,1,1,0,0,1,1,0,1,1,0,0,1,1,1,1,0,1,1,1,1,0,0,1,1,1,1,1,0,0,0,1,1,1,
0,0,1,1,1,1,0,1,1,1,1,1,1,1,1,0,0,1,0,1,1,1,1,1,1,1,1,1,1,0,1,1,1,1,1,1,0,0,1,1,
1,1,1,1,0,1,1,0,1,1,1,1,1,1,0,1,1,1,1,0,0,1,1,1,0,0,0,1,1,1,0,1,1,1,0,1,0,1,1,1,
1,1,1,1,1,1,1,1,1,1,1,1,1,1,0,1,1,1,1,0,0,1,1,1,0,1,1,1,1,1,1,1,1,1,0,1,1,1,1,0,
1,0,1,1,0,1,1,1,1,0,1,1,1,1,1,1,0,1,1,1,1,0,0,1,1,1,1,1,1,0,1,1,1,1,1,1,0,1,0,1,
1,1,1,1,1,1,1,1,1,1,1,0,1,0,1,1,0,0,1,1,1,0,0,1,0,1,1,1,1,1,0,1,1,1,1,1,1,1,1,1,
1,1,1,0,1,1,1,0,0,1,1,1,1,1,0,1,1,1,1,1,1,1,1,0,1,0,1,1,1,0,0,1,1,1,1,1,1,0,1,1,
1,1,0,1,0,1,0,1,1,1,1,0,0,1,1,1,1,1,1,0,0,1,0,1,0,1,1,1,1,1,0,1,1,1,1,1,1,1,1,1,
1,1,1,1,0,1,1,0,0,1,1,0,1,1,1,0,1,1,1,0,1,1,1,0,1,0,1,1,1,0,1,1,1,1,1,1,0,1,0,0,
0,0,1,1,1,0,0,1,1,0,1,1,1,0,1,1,1,1,1,0,1,1,1,1,1,1,0,0,1,0,1,1,1,1,1,1,1,1,1,1,
1,1,1,1,1,1,1,0,1,0,1,0,1,1,0,1,1,0,1,1,1,1,1,1,1,1,0,0,0,1,1,1,1,0,0,1,1,1,0,0,
1,1,1,1,1,1,1,1,1,0,1,1,1,0,0,0,1,0,1,1,1,1,1,1,1,1,1,0,0,1,0,1,1,0,1,1,1,1,1,1,
1,1,0,1,0,1,1,1,1,1,1,1,1,0,0,0,0,1,0,1,1,0,1,0,1,0,0,1,1,0,0,0,1,1,1,1,1,0,1,0,
1,1,1,1,1,1,1,1,0,1,1,1,1,1,1,1,0,1,1,0,1,1,0,0,0,1,1,1,0,0,0,0,0,1,1,1,1,1,1,0,
1,0,1,1,1,0,1,1,1,1,0,1,1,0,1,0,0,1,1,1,1,1,1,1,1,1,1,1,1,0,0,0,1,1,1,1,0,1,1,1,
1,1,1,1,0,1,1,1,0,1,1,1,0,0,0,1,1,1,1,1,1,1,1,1,1,1,1,1,1,1,0,1,0,1,1,1,0,1,1,0,
0,1,0,1,0,1,1,1,0,1,1,0,1,1,1,1,0,1,1,1,1,1,1,1,1,1,1,0,0,1,1,1,1,0,1,1,1,1,1,1,
0,1,1,1,1,0,1,1,0,0,1,1,1,1,1,1,1,0,1,0,0,1,1,1,1,1,1,0,1,1,1,1,1,1,0,1,1,1,1,1,
1,1,0,0,1,1,1,1,1,1,1,1,0,1,1,0,1,0,1,1,1,1,1,1,1,1,1,1,1,1,1,1,1,1,1,0,1,1,1,0,
1,1,1,1,1,1,0,1,1,0,1,1,0,1,1,0,1,0,0,0,1,0,1,1,1,0,1,1,1,1,1,0,0,1,1,1,0,0,0,1,
1,1,1,0,1,1,1,1,1,1,0,1,1,1,1,1,0,1,0,1,1,1,1,0,1,1,1,1,1,0,1,1,1,1,1,1,0,0,0,1,
1,1,1,1,0,1,1,1,1,1,1,1,1,0,1,1,1,1,1,1,1,0,1,1,1,0,1,0,1,1,1,1,1,1,1,1,0,0,0,1,
1,1,1,1,0,1,0,1,1,1,1,1,0,1,1,1,1,1,1,1,0,1,1,1,1,0,1,0,1,0,0,1,0,1,1,0,1,1,1,0,
========================
Output Graph: 
Number of Vertices: 40
Number of Edges: 761
Graph Density: 0.975641
0,1,1,1,1,1,1,1,1,1,1,1,1,1,1,1,1,1,1,1,1,1,1,1,1,1,1,1,1,1,1,1,1,1,0,1,1,1,1,1,
1,0,1,1,1,1,1,1,1,1,1,1,1,1,1,1,1,1,1,1,1,1,1,1,1,1,1,1,1,1,1,1,1,1,1,1,1,1,1,1,
1,1,0,1,1,1,1,1,1,1,1,1,1,1,1,1,1,1,1,1,1,1,1,1,1,1,1,1,1,1,1,1,1,1,1,1,1,1,1,1,
1,1,1,0,1,1,1,1,1,1,1,1,1,1,1,1,1,1,1,1,1,1,1,1,1,1,1,1,1,1,1,1,1,1,1,1,1,1,1,1,
1,1,1,1,0,1,1,1,1,1,1,1,1,0,1,1,1,1,1,0,1,1,1,1,1,1,1,1,1,1,1,1,1,1,1,1,1,1,1,1,
1,1,1,1,1,0,1,1,1,1,1,1,1,1,1,1,1,1,1,1,1,1,1,1,1,1,1,1,1,1,1,1,1,1,1,1,1,1,1,1,
1,1,1,1,1,1,0,1,1,1,1,1,1,1,1,1,1,1,1,1,1,1,1,1,1,1,1,1,1,1,1,1,1,1,1,1,1,1,1,1,
1,1,1,1,1,1,1,0,1,1,1,1,1,1,1,1,1,1,1,1,1,1,1,1,1,1,1,1,1,1,1,1,1,1,1,1,1,1,1,1,
1,1,1,1,1,1,1,1,0,1,1,1,1,1,1,1,1,1,1,1,1,1,1,1,1,1,1,1,1,1,1,1,1,1,1,1,1,1,1,1,
1,1,1,1,1,1,1,1,1,0,1,1,1,1,1,1,1,1,1,1,1,1,1,1,1,1,1,1,1,1,1,1,1,1,1,1,1,1,1,1,
1,1,1,1,1,1,1,1,1,1,0,1,1,1,1,1,1,1,1,1,1,1,1,1,1,1,1,1,1,1,1,1,1,1,1,1,1,0,1,1,
1,1,1,1,1,1,1,1,1,1,1,0,1,1,1,1,1,1,1,1,1,1,1,1,1,1,1,1,1,1,1,1,1,1,1,1,1,1,1,1,
1,1,1,1,1,1,1,1,1,1,1,1,0,1,1,1,1,1,1,1,1,1,1,1,0,1,1,1,1,1,1,1,1,1,1,1,1,1,1,0,
1,1,1,1,0,1,1,1,1,1,1,1,1,0,1,0,1,1,1,1,1,1,1,1,1,1,1,1,1,1,1,0,1,1,1,1,1,1,0,1,
1,1,1,1,1,1,1,1,1,1,1,1,1,1,0,1,1,1,1,1,1,1,1,1,1,1,1,1,1,1,1,1,1,1,1,1,1,1,1,1,
1,1,1,1,1,1,1,1,1,1,1,1,1,0,1,0,1,1,1,1,1,1,1,1,1,1,1,1,1,1,1,1,1,1,1,1,0,1,1,1,
1,1,1,1,1,1,1,1,1,1,1,1,1,1,1,1,0,1,1,1,1,1,1,1,1,1,1,1,1,1,0,1,1,0,1,1,1,1,1,1,
1,1,1,1,1,1,1,1,1,1,1,1,1,1,1,1,1,0,1,1,1,1,1,1,1,1,1,1,1,1,1,1,1,1,1,1,1,1,1,1,
1,1,1,1,1,1,1,1,1,1,1,1,1,1,1,1,1,1,0,1,1,1,1,1,1,1,1,1,1,0,1,1,1,1,1,1,1,1,1,1,
1,1,1,1,0,1,1,1,1,1,1,1,1,1,1,1,1,1,1,0,0,1,1,1,1,1,1,1,1,1,1,1,1,1,1,1,1,1,1,1,
1,1,1,1,1,1,1,1,1,1,1,1,1,1,1,1,1,1,1,0,0,1,1,1,1,1,1,1,1,1,1,1,1,1,1,1,1,1,1,1,
1,1,1,1,1,1,1,1,1,1,1,1,1,1,1,1,1,1,1,1,1,0,1,1,1,1,1,1,1,1,1,1,1,1,1,1,1,1,0,1,
1,1,1,1,1,1,1,1,1,1,1,1,1,1,1,1,1,1,1,1,1,1,0,1,1,1,1,1,1,1,1,1,1,1,1,1,1,1,1,1,
1,1,1,1,1,1,1,1,1,1,1,1,1,1,1,1,1,1,1,1,1,1,1,0,1,1,1,1,1,1,0,1,1,1,1,1,1,0,1,1,
1,1,1,1,1,1,1,1,1,1,1,1,0,1,1,1,1,1,1,1,1,1,1,1,0,1,1,1,1,1,1,1,1,1,1,1,1,1,1,1,
1,1,1,1,1,1,1,1,1,1,1,1,1,1,1,1,1,1,1,1,1,1,1,1,1,0,1,1,1,1,1,1,1,1,1,1,1,1,1,1,
1,1,1,1,1,1,1,1,1,1,1,1,1,1,1,1,1,1,1,1,1,1,1,1,1,1,0,1,1,1,1,1,1,1,1,1,1,1,1,1,
1,1,1,1,1,1,1,1,1,1,1,1,1,1,1,1,1,1,1,1,1,1,1,1,1,1,1,0,1,1,1,1,1,1,1,1,1,1,1,0,
1,1,1,1,1,1,1,1,1,1,1,1,1,1,1,1,1,1,1,1,1,1,1,1,1,1,1,1,0,1,1,1,1,1,1,1,1,1,1,1,
1,1,1,1,1,1,1,1,1,1,1,1,1,1,1,1,1,1,0,1,1,1,1,1,1,1,1,1,1,0,1,1,1,1,1,1,1,1,1,1,
1,1,1,1,1,1,1,1,1,1,1,1,1,1,1,1,0,1,1,1,1,1,1,0,1,1,1,1,1,1,0,1,1,1,1,1,1,1,1,1,
1,1,1,1,1,1,1,1,1,1,1,1,1,0,1,1,1,1,1,1,1,1,1,1,1,1,1,1,1,1,1,0,1,1,1,1,1,1,1,1,
1,1,1,1,1,1,1,1,1,1,1,1,1,1,1,1,1,1,1,1,1,1,1,1,1,1,1,1,1,1,1,1,0,1,1,1,1,1,1,0,
1,1,1,1,1,1,1,1,1,1,1,1,1,1,1,1,0,1,1,1,1,1,1,1,1,1,1,1,1,1,1,1,1,0,1,1,1,1,1,1,
0,1,1,1,1,1,1,1,1,1,1,1,1,1,1,1,1,1,1,1,1,1,1,1,1,1,1,1,1,1,1,1,1,1,0,1,1,1,1,1,
1,1,1,1,1,1,1,1,1,1,1,1,1,1,1,1,1,1,1,1,1,1,1,1,1,1,1,1,1,1,1,1,1,1,1,0,1,1,1,1,
1,1,1,1,1,1,1,1,1,1,1,1,1,1,1,0,1,1,1,1,1,1,1,1,1,1,1,1,1,1,1,1,1,1,1,1,0,1,1,1,
1,1,1,1,1,1,1,1,1,1,0,1,1,1,1,1,1,1,1,1,1,1,1,0,1,1,1,1,1,1,1,1,1,1,1,1,1,0,1,1,
1,1,1,1,1,1,1,1,1,1,1,1,1,0,1,1,1,1,1,1,1,0,1,1,1,1,1,1,1,1,1,1,1,1,1,1,1,1,0,1,
1,1,1,1,1,1,1,1,1,1,1,1,0,1,1,1,1,1,1,1,1,1,1,1,1,1,1,0,1,1,1,1,0,1,1,1,1,1,1,0,
Is Output Graph Empty or Complete?: 0
Ratio of Added Edges Over Added + Removed Edges: 1
Changes from Input to Output: 
Added Edge: (0, 1)
Added Edge: (0, 4)
Added Edge: (0, 5)
Added Edge: (0, 7)
Added Edge: (0, 10)
Added Edge: (0, 18)
Added Edge: (0, 26)
Added Edge: (0, 33)
Added Edge: (1, 3)
Added Edge: (1, 4)
Added Edge: (1, 11)
Added Edge: (1, 18)
Added Edge: (1, 21)
Added Edge: (1, 26)
Added Edge: (1, 31)
Added Edge: (2, 4)
Added Edge: (2, 16)
Added Edge: (2, 17)
Added Edge: (2, 24)
Added Edge: (2, 29)
Added Edge: (2, 33)
Added Edge: (2, 35)
Added Edge: (3, 5)
Added Edge: (3, 13)
Added Edge: (3, 15)
Added Edge: (3, 23)
Added Edge: (3, 35)
Added Edge: (3, 37)
Added Edge: (4, 7)
Added Edge: (4, 8)
Added Edge: (4, 10)
Added Edge: (4, 21)
Added Edge: (4, 24)
Added Edge: (4, 25)
Added Edge: (4, 29)
Added Edge: (4, 32)
Added Edge: (4, 33)
Added Edge: (4, 38)
Added Edge: (4, 39)
Added Edge: (5, 12)
Added Edge: (5, 13)
Added Edge: (5, 26)
Added Edge: (5, 31)
Added Edge: (5, 34)
Added Edge: (6, 8)
Added Edge: (6, 12)
Added Edge: (6, 18)
Added Edge: (6, 24)
Added Edge: (6, 26)
Added Edge: (6, 36)
Added Edge: (6, 39)
Added Edge: (7, 8)
Added Edge: (7, 10)
Added Edge: (7, 19)
Added Edge: (7, 23)
Added Edge: (7, 25)
Added Edge: (7, 27)
Added Edge: (8, 10)
Added Edge: (8, 12)
Added Edge: (8, 16)
Added Edge: (8, 23)
Added Edge: (8, 25)
Added Edge: (8, 30)
Added Edge: (8, 32)
Added Edge: (8, 33)
Added Edge: (8, 34)
Added Edge: (9, 17)
Added Edge: (9, 21)
Added Edge: (9, 26)
Added Edge: (9, 27)
Added Edge: (9, 28)
Added Edge: (9, 34)
Added Edge: (9, 36)
Added Edge: (10, 14)
Added Edge: (10, 17)
Added Edge: (10, 31)
Added Edge: (11, 16)
Added Edge: (11, 22)
Added Edge: (11, 24)
Added Edge: (11, 25)
Added Edge: (11, 27)
Added Edge: (11, 33)
Added Edge: (12, 13)
Added Edge: (12, 32)
Added Edge: (12, 35)
Added Edge: (12, 36)
Added Edge: (13, 14)
Added Edge: (13, 17)
Added Edge: (13, 22)
Added Edge: (13, 26)
Added Edge: (13, 28)
Added Edge: (13, 29)
Added Edge: (13, 32)
Added Edge: (14, 19)
Added Edge: (14, 20)
Added Edge: (14, 23)
Added Edge: (14, 27)
Added Edge: (14, 28)
Added Edge: (14, 29)
Added Edge: (14, 32)
Added Edge: (15, 16)
Added Edge: (15, 18)
Added Edge: (15, 25)
Added Edge: (15, 28)
Added Edge: (15, 29)
Added Edge: (15, 31)
Added Edge: (15, 35)
Added Edge: (16, 17)
Added Edge: (16, 18)
Added Edge: (16, 21)
Added Edge: (16, 22)
Added Edge: (16, 29)
Added Edge: (16, 31)
Added Edge: (16, 37)
Added Edge: (17, 22)
Added Edge: (17, 27)
Added Edge: (17, 28)
Added Edge: (17, 34)
Added Edge: (17, 35)
Added Edge: (17, 36)
Added Edge: (18, 36)
Added Edge: (18, 37)
Added Edge: (19, 24)
Added Edge: (19, 25)
Added Edge: (19, 26)
Added Edge: (19, 30)
Added Edge: (19, 34)
Added Edge: (19, 36)
Added Edge: (20, 24)
Added Edge: (20, 34)
Added Edge: (20, 39)
Added Edge: (21, 22)
Added Edge: (21, 29)
Added Edge: (21, 36)
Added Edge: (22, 24)
Added Edge: (22, 30)
Added Edge: (23, 25)
Added Edge: (23, 29)
Added Edge: (24, 30)
Added Edge: (25, 29)
Added Edge: (25, 36)
Added Edge: (25, 38)
Added Edge: (25, 39)
Added Edge: (26, 27)
Added Edge: (26, 29)
Added Edge: (27, 28)
Added Edge: (27, 33)
Added Edge: (27, 34)
Added Edge: (27, 38)
Added Edge: (28, 30)
Added Edge: (28, 33)
Added Edge: (29, 30)
Added Edge: (29, 31)
Added Edge: (29, 37)
Added Edge: (29, 39)
Added Edge: (30, 31)
Added Edge: (30, 32)
Added Edge: (30, 39)
Added Edge: (31, 36)
Added Edge: (32, 36)
Added Edge: (35, 39)
Added Edge: (36, 37)
Added Edge: (36, 38)
Added Edge: (37, 38)
========================
