========================
TIME_LIMIT_SECONDS: 900
ODD_HOLE_TERMINATION_PERCENTAGE: 999
N_THREADS: 24
IS_RUNNING_HEURISTIC_ON_CANDIDATE: 
IS_RUNNING_HEURISTIC_ON_RELAXATION: 
ADD_ALL_AT_START: 
========================
Wall-Clock Runtime (ms): 354
Calculated Odd Hole Termination Batch Size: 0
Total Time of All Workers in OddHoleAlg (nano): 40766188
Total Time of All Workers in OddHoleAlg (ms): 40
OddHoleAlg calls: 98
Number of Found Odd-Holes: 2677
Number of Found Odd Anti-Holes: 1118
Number of Feasible Solutions Found: 2
Number of Times Heuristic is Called: 0
Total number of added OH and OHbar Cuts: 3795
Number of Explored B&C tree nodes: 0
Number of Unexplored B&C tree nodes: 1
========================
Input Graph:
Number of Vertices: 25
Erdos Renyi p Parameter: 0.5
Number of Edges: 139
Expected No of Odd Holes: 705
Expected No of Odd Anti Holes: 83
ODD_HOLE_TERMINATION_BATCH_SIZE: 0
Graph Density: 0.463333
0,0,0,1,1,0,1,0,1,1,0,1,1,0,1,0,0,1,0,0,1,0,1,0,1,
0,0,0,1,0,0,1,0,0,0,1,1,0,0,0,0,0,1,0,0,1,1,0,1,1,
0,0,0,0,0,1,0,0,0,0,0,1,1,0,1,0,0,1,0,1,0,1,0,1,1,
1,1,0,0,0,1,0,0,0,1,1,0,1,1,0,1,1,1,1,1,1,0,1,1,1,
1,0,0,0,0,1,1,1,1,0,1,0,0,1,0,1,0,0,0,0,0,1,0,0,1,
0,0,1,1,1,0,1,1,0,0,1,0,1,0,1,0,1,1,0,0,1,0,0,0,1,
1,1,0,0,1,1,0,0,1,1,0,0,0,1,0,1,1,0,1,1,1,1,0,1,0,
0,0,0,0,1,1,0,0,1,0,1,1,1,1,0,0,0,0,0,0,0,0,1,0,0,
1,0,0,0,1,0,1,1,0,0,0,1,0,1,0,0,0,1,0,0,1,0,0,0,1,
1,0,0,1,0,0,1,0,0,0,1,1,0,1,0,0,0,1,0,1,1,0,0,0,1,
0,1,0,1,1,1,0,1,0,1,0,0,0,1,0,0,1,1,0,0,0,1,1,0,1,
1,1,1,0,0,0,0,1,1,1,0,0,0,1,0,0,0,1,1,1,1,1,0,1,1,
1,0,1,1,0,1,0,1,0,0,0,0,0,1,0,0,0,1,0,0,1,0,0,1,0,
0,0,0,1,1,0,1,1,1,1,1,1,1,0,1,0,1,0,0,0,0,1,1,1,1,
1,0,1,0,0,1,0,0,0,0,0,0,0,1,0,0,1,1,1,0,0,1,0,0,0,
0,0,0,1,1,0,1,0,0,0,0,0,0,0,0,0,1,0,1,0,0,0,0,1,1,
0,0,0,1,0,1,1,0,0,0,1,0,0,1,1,1,0,1,1,1,0,1,0,1,1,
1,1,1,1,0,1,0,0,1,1,1,1,1,0,1,0,1,0,0,1,0,1,1,1,1,
0,0,0,1,0,0,1,0,0,0,0,1,0,0,1,1,1,0,0,1,0,1,0,1,0,
0,0,1,1,0,0,1,0,0,1,0,1,0,0,0,0,1,1,1,0,1,0,0,0,1,
1,1,0,1,0,1,1,0,1,1,0,1,1,0,0,0,0,0,0,1,0,0,0,0,0,
0,1,1,0,1,0,1,0,0,0,1,1,0,1,1,0,1,1,1,0,0,0,0,0,0,
1,0,0,1,0,0,0,1,0,0,1,0,0,1,0,0,0,1,0,0,0,0,0,0,1,
0,1,1,1,0,0,1,0,0,0,0,1,1,1,0,1,1,1,1,0,0,0,0,0,0,
1,1,1,1,1,1,0,0,1,1,1,1,0,1,0,1,1,1,0,1,0,0,1,0,0,
========================
Output Graph: 
Number of Vertices: 25
Number of Edges: 174
Graph Density: 0.58
0,1,0,1,1,1,1,0,1,1,1,1,1,0,1,0,0,1,0,1,1,0,1,0,1,
1,0,0,1,0,1,1,0,0,0,1,1,0,1,0,0,0,1,0,1,1,1,0,1,1,
0,0,0,1,0,1,0,0,0,0,0,1,1,0,1,0,0,1,0,1,0,1,0,1,1,
1,1,1,0,0,1,0,1,1,1,1,0,1,1,0,1,1,1,1,1,1,1,1,1,1,
1,0,0,0,0,1,1,1,1,0,1,0,0,1,0,1,1,1,1,1,1,1,0,1,1,
1,1,1,1,1,0,1,1,0,0,1,1,1,1,1,0,1,1,1,0,1,0,0,0,1,
1,1,0,0,1,1,0,1,1,1,0,0,0,1,0,1,1,1,1,1,1,1,0,1,1,
0,0,0,1,1,1,1,0,1,0,1,1,1,1,0,0,0,0,0,0,0,0,1,0,0,
1,0,0,1,1,0,1,1,0,0,1,1,0,1,0,0,0,1,0,0,1,0,0,0,1,
1,0,0,1,0,0,1,0,0,0,1,1,0,1,0,0,0,1,0,1,1,0,0,0,1,
1,1,0,1,1,1,0,1,1,1,0,0,0,1,0,0,1,1,1,1,1,1,1,1,1,
1,1,1,0,0,1,0,1,1,1,0,0,0,1,0,0,0,1,1,1,1,1,0,1,1,
1,0,1,1,0,1,0,1,0,0,0,0,0,1,0,0,0,1,0,1,1,1,0,1,1,
0,1,0,1,1,1,1,1,1,1,1,1,1,0,1,0,1,0,0,1,0,1,1,1,1,
1,0,1,0,0,1,0,0,0,0,0,0,0,1,0,0,1,1,1,0,0,1,0,1,0,
0,0,0,1,1,0,1,0,0,0,0,0,0,0,0,0,1,0,1,0,0,0,0,1,1,
0,0,0,1,1,1,1,0,0,0,1,0,0,1,1,1,0,1,1,1,0,1,0,1,1,
1,1,1,1,1,1,1,0,1,1,1,1,1,0,1,0,1,0,0,1,0,1,1,1,1,
0,0,0,1,1,1,1,0,0,0,1,1,0,0,1,1,1,0,0,1,0,1,0,1,1,
1,1,1,1,1,0,1,0,0,1,1,1,1,1,0,0,1,1,1,0,1,0,0,0,1,
1,1,0,1,1,1,1,0,1,1,1,1,1,0,0,0,0,0,0,1,0,0,0,0,0,
0,1,1,1,1,0,1,0,0,0,1,1,1,1,1,0,1,1,1,0,0,0,0,0,0,
1,0,0,1,0,0,0,1,0,0,1,0,0,1,0,0,0,1,0,0,0,0,0,0,1,
0,1,1,1,1,0,1,0,0,0,1,1,1,1,1,1,1,1,1,0,0,0,0,0,1,
1,1,1,1,1,1,1,0,1,1,1,1,1,1,0,1,1,1,1,1,0,0,1,1,0,
Is Output Graph Empty or Complete?: 0
Ratio of Added Edges Over Added + Removed Edges: 1
Changes from Input to Output: 
Added Edge: (0, 1)
Added Edge: (0, 5)
Added Edge: (0, 10)
Added Edge: (0, 19)
Added Edge: (1, 5)
Added Edge: (1, 13)
Added Edge: (1, 19)
Added Edge: (2, 3)
Added Edge: (3, 7)
Added Edge: (3, 8)
Added Edge: (3, 21)
Added Edge: (4, 16)
Added Edge: (4, 17)
Added Edge: (4, 18)
Added Edge: (4, 19)
Added Edge: (4, 20)
Added Edge: (4, 23)
Added Edge: (5, 11)
Added Edge: (5, 13)
Added Edge: (5, 18)
Added Edge: (6, 7)
Added Edge: (6, 17)
Added Edge: (6, 24)
Added Edge: (8, 10)
Added Edge: (10, 18)
Added Edge: (10, 19)
Added Edge: (10, 20)
Added Edge: (10, 23)
Added Edge: (12, 19)
Added Edge: (12, 21)
Added Edge: (12, 24)
Added Edge: (13, 19)
Added Edge: (14, 23)
Added Edge: (18, 24)
Added Edge: (23, 24)
========================
