========================
TIME_LIMIT_SECONDS: 900
ODD_HOLE_TERMINATION_PERCENTAGE: 999
N_THREADS: 24
IS_RUNNING_HEURISTIC_ON_CANDIDATE: 
IS_RUNNING_HEURISTIC_ON_RELAXATION: 
ADD_ALL_AT_START: 
========================
Wall-Clock Runtime (ms): 514
Calculated Odd Hole Termination Batch Size: 0
Total Time of All Workers in OddHoleAlg (nano): 36212583
Total Time of All Workers in OddHoleAlg (ms): 36
OddHoleAlg calls: 64
Number of Found Odd-Holes: 409
Number of Found Odd Anti-Holes: 9698
Number of Feasible Solutions Found: 1
Number of Times Heuristic is Called: 0
Total number of added OH and OHbar Cuts: 10107
Number of Explored B&C tree nodes: 0
Number of Unexplored B&C tree nodes: 1
========================
Input Graph:
Number of Vertices: 35
Erdos Renyi p Parameter: 0.75
Number of Edges: 441
Expected No of Odd Holes: 903
Expected No of Odd Anti Holes: 5546
ODD_HOLE_TERMINATION_BATCH_SIZE: 0
Graph Density: 0.741176
0,1,1,1,1,1,1,1,1,1,1,1,1,1,1,1,1,1,1,1,1,1,1,1,0,1,1,0,1,1,1,1,0,1,1,
1,0,1,1,0,1,1,0,1,1,1,0,1,0,0,1,0,1,0,1,1,1,1,0,1,1,1,0,1,1,1,0,1,1,0,
1,1,0,1,0,0,1,1,1,0,0,0,1,1,1,1,0,1,1,1,1,1,0,1,0,1,1,1,1,1,0,1,1,1,1,
1,1,1,0,0,1,1,1,1,1,1,1,0,1,1,1,1,0,1,1,1,0,1,0,1,1,1,0,1,1,0,1,0,1,1,
1,0,0,0,0,1,1,1,0,0,1,0,1,1,0,0,1,0,0,1,1,1,0,1,1,1,1,1,1,1,1,1,1,1,1,
1,1,0,1,1,0,1,1,0,1,0,1,1,0,1,0,1,1,0,1,0,0,0,1,1,1,1,1,0,0,1,1,1,1,1,
1,1,1,1,1,1,0,1,0,1,0,1,1,0,1,1,1,0,1,1,1,1,1,0,1,0,1,1,0,1,1,1,0,1,1,
1,0,1,1,1,1,1,0,0,1,1,0,0,1,1,0,1,1,0,0,1,1,0,1,1,1,1,1,1,1,1,0,1,1,0,
1,1,1,1,0,0,0,0,0,0,1,1,1,0,1,1,0,1,0,1,0,1,1,1,1,1,1,1,1,1,0,0,1,0,1,
1,1,0,1,0,1,1,1,0,0,0,1,1,0,1,0,0,1,1,1,0,1,1,1,0,1,1,1,1,1,1,1,1,1,1,
1,1,0,1,1,0,0,1,1,0,0,1,1,1,1,0,0,0,1,1,0,1,0,1,1,1,1,1,1,1,1,1,1,0,0,
1,0,0,1,0,1,1,0,1,1,1,0,0,1,1,1,1,0,1,1,1,0,1,1,1,1,1,1,1,1,0,1,1,1,1,
1,1,1,0,1,1,1,0,1,1,1,0,0,1,1,1,1,1,0,0,0,1,1,1,1,1,1,1,0,1,0,1,1,1,1,
1,0,1,1,1,0,0,1,0,0,1,1,1,0,1,1,1,0,1,1,1,1,1,1,1,0,1,1,1,0,1,1,1,1,1,
1,0,1,1,0,1,1,1,1,1,1,1,1,1,0,1,1,1,1,0,0,1,1,1,0,0,1,1,1,1,1,1,0,0,1,
1,1,1,1,0,0,1,0,1,0,0,1,1,1,1,0,1,0,1,1,1,1,1,0,1,1,1,1,1,1,1,1,1,0,1,
1,0,0,1,1,1,1,1,0,0,0,1,1,1,1,1,0,0,1,0,1,0,1,1,1,1,0,1,0,1,1,1,1,0,1,
1,1,1,0,0,1,0,1,1,1,0,0,1,0,1,0,0,0,1,1,1,1,1,1,0,1,1,1,1,1,0,1,1,0,1,
1,0,1,1,0,0,1,0,0,1,1,1,0,1,1,1,1,1,0,1,1,1,1,0,1,0,0,1,1,1,1,1,1,1,1,
1,1,1,1,1,1,1,0,1,1,1,1,0,1,0,1,0,1,1,0,0,1,0,1,0,1,1,1,1,1,1,1,1,0,1,
1,1,1,1,1,0,1,1,0,0,0,1,0,1,0,1,1,1,1,0,0,0,1,1,1,1,1,0,1,0,0,1,0,1,0,
1,1,1,0,1,0,1,1,1,1,1,0,1,1,1,1,0,1,1,1,0,0,0,0,1,1,1,0,1,0,1,1,0,1,1,
1,1,0,1,0,0,1,0,1,1,0,1,1,1,1,1,1,1,1,0,1,0,0,0,0,1,1,0,1,1,0,0,1,0,1,
1,0,1,0,1,1,0,1,1,1,1,1,1,1,1,0,1,1,0,1,1,0,0,0,0,1,1,1,1,1,1,1,1,0,1,
0,1,0,1,1,1,1,1,1,0,1,1,1,1,0,1,1,0,1,0,1,1,0,0,0,0,1,1,1,1,1,1,0,1,0,
1,1,1,1,1,1,0,1,1,1,1,1,1,0,0,1,1,1,0,1,1,1,1,1,0,0,0,1,1,1,1,1,1,1,1,
1,1,1,1,1,1,1,1,1,1,1,1,1,1,1,1,0,1,0,1,1,1,1,1,1,0,0,1,1,0,0,1,1,1,1,
0,0,1,0,1,1,1,1,1,1,1,1,1,1,1,1,1,1,1,1,0,0,0,1,1,1,1,0,1,1,1,1,0,0,1,
1,1,1,1,1,0,0,1,1,1,1,1,0,1,1,1,0,1,1,1,1,1,1,1,1,1,1,1,0,0,1,1,1,0,1,
1,1,1,1,1,0,1,1,1,1,1,1,1,0,1,1,1,1,1,1,0,0,1,1,1,1,0,1,0,0,0,1,1,1,1,
1,1,0,0,1,1,1,1,0,1,1,0,0,1,1,1,1,0,1,1,0,1,0,1,1,1,0,1,1,0,0,1,1,1,1,
1,0,1,1,1,1,1,0,0,1,1,1,1,1,1,1,1,1,1,1,1,1,0,1,1,1,1,1,1,1,1,0,1,1,1,
0,1,1,0,1,1,0,1,1,1,1,1,1,1,0,1,1,1,1,1,0,0,1,1,0,1,1,0,1,1,1,1,0,1,1,
1,1,1,1,1,1,1,1,0,1,0,1,1,1,0,0,0,0,1,0,1,1,0,0,1,1,1,0,0,1,1,1,1,0,1,
1,0,1,1,1,1,1,0,1,1,0,1,1,1,1,1,1,1,1,1,0,1,1,1,0,1,1,1,1,1,1,1,1,1,0,
========================
Output Graph: 
Number of Vertices: 35
Number of Edges: 533
Graph Density: 0.895798
0,1,1,1,1,1,1,1,1,1,1,1,1,1,1,1,1,1,1,1,1,1,1,1,1,1,1,0,1,1,1,1,0,1,1,
1,0,1,1,1,1,1,1,1,1,1,1,1,1,1,1,1,1,1,1,1,1,1,1,1,1,1,0,1,1,1,1,1,1,1,
1,1,0,1,0,1,1,1,1,1,0,0,1,1,1,1,1,1,1,1,1,1,0,1,1,1,1,1,1,1,0,1,1,1,1,
1,1,1,0,0,1,1,1,1,1,1,1,1,1,1,1,1,1,1,1,1,1,1,1,1,1,1,1,1,1,0,1,1,1,1,
1,1,0,0,0,1,1,1,1,1,1,0,1,1,1,1,1,1,1,1,1,1,0,1,1,1,1,1,1,1,1,1,1,1,1,
1,1,1,1,1,0,1,1,1,1,0,1,1,0,1,1,1,1,1,1,0,1,0,1,1,1,1,1,0,1,1,1,1,1,1,
1,1,1,1,1,1,0,1,1,1,1,1,1,0,1,1,1,1,1,1,1,1,1,1,1,0,1,1,0,1,1,1,1,1,1,
1,1,1,1,1,1,1,0,1,1,1,0,1,1,1,1,1,1,1,1,1,1,0,1,1,1,1,1,1,1,1,0,1,1,1,
1,1,1,1,1,1,1,1,0,0,1,1,1,1,1,1,0,1,0,1,0,1,1,1,1,1,1,1,1,1,1,1,1,0,1,
1,1,1,1,1,1,1,1,0,0,0,1,1,1,1,0,0,1,1,1,0,1,1,1,1,1,1,1,1,1,1,1,1,1,1,
1,1,0,1,1,0,1,1,1,0,0,1,1,1,1,1,0,0,1,1,0,1,1,1,1,1,1,1,1,1,1,1,1,0,0,
1,1,0,1,0,1,1,0,1,1,1,0,1,1,1,1,1,1,1,1,1,1,1,1,1,1,1,1,1,1,0,1,1,1,1,
1,1,1,1,1,1,1,1,1,1,1,1,0,1,1,1,1,1,1,0,1,1,1,1,1,1,1,1,1,1,1,1,1,1,1,
1,1,1,1,1,0,0,1,1,1,1,1,1,0,1,1,1,0,1,1,1,1,1,1,1,0,1,1,1,1,1,1,1,1,1,
1,1,1,1,1,1,1,1,1,1,1,1,1,1,0,1,1,1,1,0,1,1,1,1,0,1,1,1,1,1,1,1,0,1,1,
1,1,1,1,1,1,1,1,1,0,1,1,1,1,1,0,1,0,1,1,1,1,1,1,1,1,1,1,1,1,1,1,1,0,1,
1,1,1,1,1,1,1,1,0,0,0,1,1,1,1,1,0,1,1,1,1,1,1,1,1,1,1,1,1,1,1,1,1,1,1,
1,1,1,1,1,1,1,1,1,1,0,1,1,0,1,0,1,0,1,1,1,1,1,1,1,1,1,1,1,1,1,1,1,0,1,
1,1,1,1,1,1,1,1,0,1,1,1,1,1,1,1,1,1,0,1,1,1,1,1,1,1,1,1,1,1,1,1,1,1,1,
1,1,1,1,1,1,1,1,1,1,1,1,0,1,0,1,1,1,1,0,1,1,1,1,0,1,1,1,1,1,1,1,1,1,1,
1,1,1,1,1,0,1,1,0,0,0,1,1,1,1,1,1,1,1,1,0,1,1,1,1,1,1,1,1,1,0,1,1,1,0,
1,1,1,1,1,1,1,1,1,1,1,1,1,1,1,1,1,1,1,1,1,0,0,0,1,1,1,0,1,1,1,1,0,1,1,
1,1,0,1,0,0,1,0,1,1,1,1,1,1,1,1,1,1,1,1,1,0,0,1,0,1,1,1,1,1,0,0,1,1,1,
1,1,1,1,1,1,1,1,1,1,1,1,1,1,1,1,1,1,1,1,1,0,1,0,0,1,1,1,1,1,1,1,1,1,1,
1,1,1,1,1,1,1,1,1,1,1,1,1,1,0,1,1,1,1,0,1,1,0,0,0,1,1,1,1,1,1,1,0,1,1,
1,1,1,1,1,1,0,1,1,1,1,1,1,0,1,1,1,1,1,1,1,1,1,1,1,0,1,1,1,1,1,1,1,1,1,
1,1,1,1,1,1,1,1,1,1,1,1,1,1,1,1,1,1,1,1,1,1,1,1,1,1,0,1,1,1,0,1,1,1,1,
0,0,1,1,1,1,1,1,1,1,1,1,1,1,1,1,1,1,1,1,1,0,1,1,1,1,1,0,1,1,1,1,0,1,1,
1,1,1,1,1,0,0,1,1,1,1,1,1,1,1,1,1,1,1,1,1,1,1,1,1,1,1,1,0,0,1,1,1,1,1,
1,1,1,1,1,1,1,1,1,1,1,1,1,1,1,1,1,1,1,1,1,1,1,1,1,1,1,1,0,0,1,1,1,1,1,
1,1,0,0,1,1,1,1,1,1,1,0,1,1,1,1,1,1,1,1,0,1,0,1,1,1,0,1,1,1,0,1,1,1,1,
1,1,1,1,1,1,1,0,1,1,1,1,1,1,1,1,1,1,1,1,1,1,0,1,1,1,1,1,1,1,1,0,1,1,1,
0,1,1,1,1,1,1,1,1,1,1,1,1,1,0,1,1,1,1,1,1,0,1,1,0,1,1,0,1,1,1,1,0,1,1,
1,1,1,1,1,1,1,1,0,1,0,1,1,1,1,0,1,0,1,1,1,1,1,1,1,1,1,1,1,1,1,1,1,0,1,
1,1,1,1,1,1,1,1,1,1,0,1,1,1,1,1,1,1,1,1,0,1,1,1,1,1,1,1,1,1,1,1,1,1,0,
Is Output Graph Empty or Complete?: 0
Ratio of Added Edges Over Added + Removed Edges: 1
Changes from Input to Output: 
Added Edge: (0, 24)
Added Edge: (1, 4)
Added Edge: (1, 7)
Added Edge: (1, 11)
Added Edge: (1, 13)
Added Edge: (1, 14)
Added Edge: (1, 16)
Added Edge: (1, 18)
Added Edge: (1, 23)
Added Edge: (1, 31)
Added Edge: (1, 34)
Added Edge: (2, 5)
Added Edge: (2, 9)
Added Edge: (2, 16)
Added Edge: (2, 24)
Added Edge: (3, 12)
Added Edge: (3, 17)
Added Edge: (3, 21)
Added Edge: (3, 23)
Added Edge: (3, 27)
Added Edge: (3, 32)
Added Edge: (4, 8)
Added Edge: (4, 9)
Added Edge: (4, 14)
Added Edge: (4, 15)
Added Edge: (4, 17)
Added Edge: (4, 18)
Added Edge: (5, 8)
Added Edge: (5, 15)
Added Edge: (5, 18)
Added Edge: (5, 21)
Added Edge: (5, 29)
Added Edge: (6, 8)
Added Edge: (6, 10)
Added Edge: (6, 17)
Added Edge: (6, 23)
Added Edge: (6, 32)
Added Edge: (7, 8)
Added Edge: (7, 12)
Added Edge: (7, 15)
Added Edge: (7, 18)
Added Edge: (7, 19)
Added Edge: (7, 34)
Added Edge: (8, 13)
Added Edge: (8, 30)
Added Edge: (8, 31)
Added Edge: (9, 13)
Added Edge: (9, 24)
Added Edge: (10, 15)
Added Edge: (10, 22)
Added Edge: (11, 12)
Added Edge: (11, 17)
Added Edge: (11, 21)
Added Edge: (12, 18)
Added Edge: (12, 20)
Added Edge: (12, 28)
Added Edge: (12, 30)
Added Edge: (13, 29)
Added Edge: (14, 20)
Added Edge: (14, 25)
Added Edge: (14, 33)
Added Edge: (15, 23)
Added Edge: (16, 17)
Added Edge: (16, 19)
Added Edge: (16, 21)
Added Edge: (16, 26)
Added Edge: (16, 28)
Added Edge: (16, 33)
Added Edge: (17, 24)
Added Edge: (17, 30)
Added Edge: (18, 23)
Added Edge: (18, 25)
Added Edge: (18, 26)
Added Edge: (19, 20)
Added Edge: (19, 22)
Added Edge: (19, 33)
Added Edge: (20, 21)
Added Edge: (20, 27)
Added Edge: (20, 29)
Added Edge: (20, 32)
Added Edge: (21, 29)
Added Edge: (22, 23)
Added Edge: (22, 27)
Added Edge: (22, 33)
Added Edge: (23, 33)
Added Edge: (24, 25)
Added Edge: (24, 34)
Added Edge: (25, 26)
Added Edge: (26, 29)
Added Edge: (27, 33)
Added Edge: (28, 33)
Added Edge: (29, 30)
========================
