========================
TIME_LIMIT_SECONDS: 900
ODD_HOLE_TERMINATION_PERCENTAGE: 999
N_THREADS: 24
IS_RUNNING_HEURISTIC_ON_CANDIDATE: 
IS_RUNNING_HEURISTIC_ON_RELAXATION: 
ADD_ALL_AT_START: 
========================
Wall-Clock Runtime (ms): 48
Calculated Odd Hole Termination Batch Size: 0
Total Time of All Workers in OddHoleAlg (nano): 201140
Total Time of All Workers in OddHoleAlg (ms): 0
OddHoleAlg calls: 2
Number of Found Odd-Holes: 0
Number of Found Odd Anti-Holes: 0
Number of Feasible Solutions Found: 1
Number of Times Heuristic is Called: 0
Total number of added OH and OHbar Cuts: 0
Number of Explored B&C tree nodes: 0
Number of Unexplored B&C tree nodes: 1
========================
Input Graph:
Number of Vertices: 30
Erdos Renyi p Parameter: 0.75
Number of Edges: 314
Expected No of Odd Holes: 396
Expected No of Odd Anti Holes: 1341
ODD_HOLE_TERMINATION_BATCH_SIZE: 0
Graph Density: 0.721839
0,1,1,1,1,0,1,1,1,1,1,1,1,1,0,1,1,1,1,1,0,1,1,1,1,1,1,0,1,1,
1,0,0,0,1,1,1,0,1,0,0,0,1,1,1,1,1,0,0,1,0,1,0,1,1,1,1,0,1,1,
1,0,0,1,1,1,1,1,0,1,1,1,1,1,0,1,1,1,1,1,1,1,1,0,1,1,1,1,0,0,
1,0,1,0,1,1,1,1,0,0,0,1,1,1,1,1,0,0,0,1,1,1,1,1,1,0,1,0,1,1,
1,1,1,1,0,1,1,1,0,1,1,1,1,0,1,1,1,1,1,1,1,0,1,1,0,0,1,1,1,1,
0,1,1,1,1,0,1,0,1,1,1,1,1,0,0,1,1,1,1,0,1,1,0,0,1,1,1,1,1,1,
1,1,1,1,1,1,0,1,1,1,1,1,0,1,1,1,1,1,0,1,1,1,1,1,0,1,1,1,1,1,
1,0,1,1,1,0,1,0,0,1,1,1,1,1,1,1,1,1,1,1,0,0,0,0,1,1,0,1,0,1,
1,1,0,0,0,1,1,0,0,0,1,1,1,0,1,1,1,0,1,1,1,1,1,1,1,0,1,1,1,1,
1,0,1,0,1,1,1,1,0,0,0,1,0,0,1,1,0,1,1,0,1,1,1,1,0,0,0,1,1,1,
1,0,1,0,1,1,1,1,1,0,0,1,0,1,0,1,1,1,1,1,1,1,0,1,0,1,1,1,0,1,
1,0,1,1,1,1,1,1,1,1,1,0,0,1,1,1,1,1,1,1,1,1,1,0,1,1,0,1,0,1,
1,1,1,1,1,1,0,1,1,0,0,0,0,1,1,1,1,1,0,1,0,0,0,1,0,1,1,1,1,1,
1,1,1,1,0,0,1,1,0,0,1,1,1,0,0,0,0,0,0,1,0,1,1,1,1,0,1,1,0,1,
0,1,0,1,1,0,1,1,1,1,0,1,1,0,0,0,1,1,1,1,0,0,1,0,0,1,0,1,1,1,
1,1,1,1,1,1,1,1,1,1,1,1,1,0,0,0,0,0,1,1,1,0,1,0,1,1,1,1,0,1,
1,1,1,0,1,1,1,1,1,0,1,1,1,0,1,0,0,1,1,0,1,0,1,1,1,1,0,0,1,1,
1,0,1,0,1,1,1,1,0,1,1,1,1,0,1,0,1,0,1,1,1,0,1,1,1,0,1,0,0,1,
1,0,1,0,1,1,0,1,1,1,1,1,0,0,1,1,1,1,0,0,0,1,1,0,1,1,1,1,1,0,
1,1,1,1,1,0,1,1,1,0,1,1,1,1,1,1,0,1,0,0,1,1,0,1,1,1,0,0,1,0,
0,0,1,1,1,1,1,0,1,1,1,1,0,0,0,1,1,1,0,1,0,1,1,1,0,1,1,1,1,1,
1,1,1,1,0,1,1,0,1,1,1,1,0,1,0,0,0,0,1,1,1,0,1,1,1,0,1,1,0,1,
1,0,1,1,1,0,1,0,1,1,0,1,0,1,1,1,1,1,1,0,1,1,0,1,1,1,1,0,0,1,
1,1,0,1,1,0,1,0,1,1,1,0,1,1,0,0,1,1,0,1,1,1,1,0,0,1,1,1,1,0,
1,1,1,1,0,1,0,1,1,0,0,1,0,1,0,1,1,1,1,1,0,1,1,0,0,1,1,1,0,1,
1,1,1,0,0,1,1,1,0,0,1,1,1,0,1,1,1,0,1,1,1,0,1,1,1,0,1,1,1,0,
1,1,1,1,1,1,1,0,1,0,1,0,1,1,0,1,0,1,1,0,1,1,1,1,1,1,0,1,1,1,
0,0,1,0,1,1,1,1,1,1,1,1,1,1,1,1,0,0,1,0,1,1,0,1,1,1,1,0,1,0,
1,1,0,1,1,1,1,0,1,1,0,0,1,0,1,0,1,0,1,1,1,0,0,1,0,1,1,1,0,0,
1,1,0,1,1,1,1,1,1,1,1,1,1,1,1,1,1,1,0,0,1,1,1,0,1,0,1,0,0,0,
========================
Output Graph: 
Number of Vertices: 30
Number of Edges: 422
Graph Density: 0.970115
0,1,1,1,1,1,1,1,1,1,1,1,1,1,0,1,1,1,1,1,1,1,1,1,1,1,1,1,1,1,
1,0,0,1,1,1,1,1,1,1,1,0,1,1,1,1,1,1,1,1,1,1,1,1,1,1,1,1,1,1,
1,0,0,1,1,1,1,1,1,1,1,1,1,1,1,1,1,1,1,1,1,1,1,1,1,1,1,1,1,1,
1,1,1,0,1,1,1,1,0,1,1,1,1,1,1,1,1,1,1,1,1,1,1,1,1,1,1,0,1,1,
1,1,1,1,0,1,1,1,1,1,1,1,1,1,1,1,1,1,1,1,1,1,1,1,1,1,1,1,1,1,
1,1,1,1,1,0,1,1,1,1,1,1,1,1,1,1,1,1,1,1,1,1,1,1,1,1,1,1,1,1,
1,1,1,1,1,1,0,1,1,1,1,1,1,1,1,1,1,1,1,1,1,1,1,1,1,1,1,1,1,1,
1,1,1,1,1,1,1,0,1,1,1,1,1,1,1,1,1,1,1,1,1,0,1,1,1,1,1,1,0,1,
1,1,1,0,1,1,1,1,0,1,1,1,1,1,1,1,1,1,1,1,1,1,1,1,1,1,1,1,1,1,
1,1,1,1,1,1,1,1,1,0,1,1,1,1,1,1,1,1,1,1,1,1,1,1,1,1,1,1,1,1,
1,1,1,1,1,1,1,1,1,1,0,1,0,1,1,1,1,1,1,1,1,1,0,1,1,1,1,1,1,1,
1,0,1,1,1,1,1,1,1,1,1,0,1,1,1,1,1,1,1,1,1,1,1,1,1,1,1,1,1,1,
1,1,1,1,1,1,1,1,1,1,0,1,0,1,1,1,1,1,1,1,1,1,1,1,1,1,1,1,1,1,
1,1,1,1,1,1,1,1,1,1,1,1,1,0,1,1,1,1,1,1,1,1,1,1,1,1,1,1,0,1,
0,1,1,1,1,1,1,1,1,1,1,1,1,1,0,1,1,1,1,1,1,1,1,1,1,1,0,1,1,1,
1,1,1,1,1,1,1,1,1,1,1,1,1,1,1,0,1,1,1,1,1,1,1,1,1,1,1,1,1,1,
1,1,1,1,1,1,1,1,1,1,1,1,1,1,1,1,0,1,1,1,1,1,1,1,1,1,1,1,1,1,
1,1,1,1,1,1,1,1,1,1,1,1,1,1,1,1,1,0,1,1,1,1,1,1,1,1,1,0,1,1,
1,1,1,1,1,1,1,1,1,1,1,1,1,1,1,1,1,1,0,1,1,1,1,1,1,1,1,1,1,1,
1,1,1,1,1,1,1,1,1,1,1,1,1,1,1,1,1,1,1,0,1,1,1,1,1,1,1,1,1,1,
1,1,1,1,1,1,1,1,1,1,1,1,1,1,1,1,1,1,1,1,0,1,1,1,1,1,1,1,1,1,
1,1,1,1,1,1,1,0,1,1,1,1,1,1,1,1,1,1,1,1,1,0,1,1,1,1,1,1,1,1,
1,1,1,1,1,1,1,1,1,1,0,1,1,1,1,1,1,1,1,1,1,1,0,1,1,1,1,1,1,1,
1,1,1,1,1,1,1,1,1,1,1,1,1,1,1,1,1,1,1,1,1,1,1,0,1,1,1,1,1,1,
1,1,1,1,1,1,1,1,1,1,1,1,1,1,1,1,1,1,1,1,1,1,1,1,0,1,1,1,1,1,
1,1,1,1,1,1,1,1,1,1,1,1,1,1,1,1,1,1,1,1,1,1,1,1,1,0,1,1,1,1,
1,1,1,1,1,1,1,1,1,1,1,1,1,1,0,1,1,1,1,1,1,1,1,1,1,1,0,1,1,1,
1,1,1,0,1,1,1,1,1,1,1,1,1,1,1,1,1,0,1,1,1,1,1,1,1,1,1,0,1,1,
1,1,1,1,1,1,1,0,1,1,1,1,1,0,1,1,1,1,1,1,1,1,1,1,1,1,1,1,0,0,
1,1,1,1,1,1,1,1,1,1,1,1,1,1,1,1,1,1,1,1,1,1,1,1,1,1,1,1,0,0,
Is Output Graph Empty or Complete?: 0
Ratio of Added Edges Over Added + Removed Edges: 1
Changes from Input to Output: 
Added Edge: (0, 5)
Added Edge: (0, 20)
Added Edge: (0, 27)
Added Edge: (1, 3)
Added Edge: (1, 7)
Added Edge: (1, 9)
Added Edge: (1, 10)
Added Edge: (1, 17)
Added Edge: (1, 18)
Added Edge: (1, 20)
Added Edge: (1, 22)
Added Edge: (1, 27)
Added Edge: (2, 8)
Added Edge: (2, 14)
Added Edge: (2, 23)
Added Edge: (2, 28)
Added Edge: (2, 29)
Added Edge: (3, 9)
Added Edge: (3, 10)
Added Edge: (3, 16)
Added Edge: (3, 17)
Added Edge: (3, 18)
Added Edge: (3, 25)
Added Edge: (4, 8)
Added Edge: (4, 13)
Added Edge: (4, 21)
Added Edge: (4, 24)
Added Edge: (4, 25)
Added Edge: (5, 7)
Added Edge: (5, 13)
Added Edge: (5, 14)
Added Edge: (5, 19)
Added Edge: (5, 22)
Added Edge: (5, 23)
Added Edge: (6, 12)
Added Edge: (6, 18)
Added Edge: (6, 24)
Added Edge: (7, 8)
Added Edge: (7, 20)
Added Edge: (7, 22)
Added Edge: (7, 23)
Added Edge: (7, 26)
Added Edge: (8, 9)
Added Edge: (8, 13)
Added Edge: (8, 17)
Added Edge: (8, 25)
Added Edge: (9, 10)
Added Edge: (9, 12)
Added Edge: (9, 13)
Added Edge: (9, 16)
Added Edge: (9, 19)
Added Edge: (9, 24)
Added Edge: (9, 25)
Added Edge: (9, 26)
Added Edge: (10, 14)
Added Edge: (10, 24)
Added Edge: (10, 28)
Added Edge: (11, 12)
Added Edge: (11, 23)
Added Edge: (11, 26)
Added Edge: (11, 28)
Added Edge: (12, 18)
Added Edge: (12, 20)
Added Edge: (12, 21)
Added Edge: (12, 22)
Added Edge: (12, 24)
Added Edge: (13, 14)
Added Edge: (13, 15)
Added Edge: (13, 16)
Added Edge: (13, 17)
Added Edge: (13, 18)
Added Edge: (13, 20)
Added Edge: (13, 25)
Added Edge: (14, 15)
Added Edge: (14, 20)
Added Edge: (14, 21)
Added Edge: (14, 23)
Added Edge: (14, 24)
Added Edge: (15, 16)
Added Edge: (15, 17)
Added Edge: (15, 21)
Added Edge: (15, 23)
Added Edge: (15, 28)
Added Edge: (16, 19)
Added Edge: (16, 21)
Added Edge: (16, 26)
Added Edge: (16, 27)
Added Edge: (17, 21)
Added Edge: (17, 25)
Added Edge: (17, 28)
Added Edge: (18, 19)
Added Edge: (18, 20)
Added Edge: (18, 23)
Added Edge: (18, 29)
Added Edge: (19, 22)
Added Edge: (19, 26)
Added Edge: (19, 27)
Added Edge: (19, 29)
Added Edge: (20, 24)
Added Edge: (21, 25)
Added Edge: (21, 28)
Added Edge: (22, 27)
Added Edge: (22, 28)
Added Edge: (23, 24)
Added Edge: (23, 29)
Added Edge: (24, 28)
Added Edge: (25, 29)
Added Edge: (27, 29)
========================
