========================
TIME_LIMIT_SECONDS: 900
ODD_HOLE_TERMINATION_PERCENTAGE: 999
N_THREADS: 24
IS_RUNNING_HEURISTIC_ON_CANDIDATE: 
IS_RUNNING_HEURISTIC_ON_RELAXATION: 
ADD_ALL_AT_START: 
========================
Wall-Clock Runtime (ms): 6281
Calculated Odd Hole Termination Batch Size: 0
Total Time of All Workers in OddHoleAlg (nano): 342786750
Total Time of All Workers in OddHoleAlg (ms): 342
OddHoleAlg calls: 68
Number of Found Odd-Holes: 10162
Number of Found Odd Anti-Holes: 143591
Number of Feasible Solutions Found: 1
Number of Times Heuristic is Called: 0
Total number of added OH and OHbar Cuts: 153753
Number of Explored B&C tree nodes: 0
Number of Unexplored B&C tree nodes: 1
========================
Input Graph:
Number of Vertices: 40
Erdos Renyi p Parameter: 0.5
Number of Edges: 382
Expected No of Odd Holes: 10991
Expected No of Odd Anti Holes: 3280
ODD_HOLE_TERMINATION_BATCH_SIZE: 0
Graph Density: 0.489744
0,0,0,1,1,1,1,0,0,1,1,0,1,1,1,0,1,1,0,0,0,1,1,0,0,0,0,1,0,1,1,0,0,1,0,0,1,1,1,1,
0,0,0,1,0,1,1,1,1,0,1,1,0,0,1,0,0,1,1,1,0,0,1,1,1,0,0,1,1,1,0,1,1,1,1,1,0,0,0,1,
0,0,0,0,1,1,0,0,1,0,1,0,0,1,1,0,1,0,0,0,1,1,0,0,0,1,0,1,0,0,1,1,0,1,1,1,1,1,0,1,
1,1,0,0,0,0,0,0,0,1,1,0,0,1,1,1,0,0,1,0,0,0,1,1,0,1,0,0,1,0,1,0,1,1,0,1,0,1,0,1,
1,0,1,0,0,1,1,1,0,0,1,0,1,1,0,0,0,0,1,1,1,1,0,0,0,1,1,0,1,1,0,1,0,0,1,0,0,1,0,0,
1,1,1,0,1,0,1,0,1,0,0,1,1,0,0,1,0,0,0,1,0,1,1,1,0,0,0,1,0,1,0,1,0,1,1,0,1,0,1,0,
1,1,0,0,1,1,0,0,0,0,1,0,0,1,1,0,0,0,1,0,1,0,0,1,0,1,0,1,1,0,1,1,1,1,0,0,1,1,0,1,
0,1,0,0,1,0,0,0,1,1,0,0,1,1,0,0,1,1,1,0,0,1,1,0,1,1,0,0,1,0,1,0,0,1,0,1,0,1,0,0,
0,1,1,0,0,1,0,1,0,1,1,1,0,1,0,0,0,1,1,0,0,1,0,1,1,1,1,0,0,1,1,0,1,1,0,1,1,0,0,1,
1,0,0,1,0,0,0,1,1,0,0,0,1,1,0,0,1,0,1,0,0,0,1,0,0,0,0,0,0,0,0,0,1,0,0,1,0,0,1,1,
1,1,1,1,1,0,1,0,1,0,0,0,1,0,0,0,0,1,0,0,0,1,0,0,0,0,1,1,1,0,1,1,1,0,0,0,0,0,1,0,
0,1,0,0,0,1,0,0,1,0,0,0,1,0,1,1,1,1,1,0,0,0,1,0,1,1,1,0,0,1,0,1,1,1,1,1,1,1,1,0,
1,0,0,0,1,1,0,1,0,1,1,1,0,0,0,0,0,1,1,1,1,0,1,1,0,0,1,0,1,1,0,1,0,1,1,1,1,1,1,0,
1,0,1,1,1,0,1,1,1,1,0,0,0,0,1,0,0,0,1,1,0,1,1,0,1,1,0,0,0,0,1,1,1,1,1,1,1,0,0,0,
1,1,1,1,0,0,1,0,0,0,0,1,0,1,0,0,0,0,0,0,1,0,1,1,0,0,0,0,1,1,0,1,0,1,0,1,1,1,0,0,
0,0,0,1,0,1,0,0,0,0,0,1,0,0,0,0,1,1,0,1,1,0,0,1,1,0,0,1,0,0,1,0,0,0,0,1,0,1,1,0,
1,0,1,0,0,0,0,1,0,1,0,1,0,0,0,1,0,1,1,1,1,1,0,1,1,0,0,0,0,1,0,1,0,0,0,1,0,0,1,0,
1,1,0,0,0,0,0,1,1,0,1,1,1,0,0,1,1,0,1,0,1,0,0,0,0,0,1,0,0,0,1,0,0,1,0,0,1,1,1,1,
0,1,0,1,1,0,1,1,1,1,0,1,1,1,0,0,1,1,0,0,0,0,0,1,0,0,0,0,0,1,1,1,1,0,1,0,1,0,1,0,
0,1,0,0,1,1,0,0,0,0,0,0,1,1,0,1,1,0,0,0,0,0,1,0,1,0,1,0,0,0,1,1,0,0,1,1,0,0,0,1,
0,0,1,0,1,0,1,0,0,0,0,0,1,0,1,1,1,1,0,0,0,0,0,0,0,1,1,1,0,0,1,1,1,0,1,1,0,0,1,1,
1,0,1,0,1,1,0,1,1,0,1,0,0,1,0,0,1,0,0,0,0,0,0,1,1,0,1,1,0,0,1,0,1,0,0,0,0,0,1,0,
1,1,0,1,0,1,0,1,0,1,0,1,1,1,1,0,0,0,0,1,0,0,0,0,1,0,1,0,0,0,0,0,0,0,1,0,1,1,0,1,
0,1,0,1,0,1,1,0,1,0,0,0,1,0,1,1,1,0,1,0,0,1,0,0,1,0,0,1,0,1,1,0,1,0,1,0,1,1,0,0,
0,1,0,0,0,0,0,1,1,0,0,1,0,1,0,1,1,0,0,1,0,1,1,1,0,1,1,0,0,0,0,0,1,1,0,1,1,1,1,0,
0,0,1,1,1,0,1,1,1,0,0,1,0,1,0,0,0,0,0,0,1,0,0,0,1,0,0,0,1,1,0,0,1,0,1,0,1,1,1,1,
0,0,0,0,1,0,0,0,1,0,1,1,1,0,0,0,0,1,0,1,1,1,1,0,1,0,0,1,1,0,1,0,0,0,0,1,1,1,0,1,
1,1,1,0,0,1,1,0,0,0,1,0,0,0,0,1,0,0,0,0,1,1,0,1,0,0,1,0,0,1,1,1,0,1,0,0,1,1,1,0,
0,1,0,1,1,0,1,1,0,0,1,0,1,0,1,0,0,0,0,0,0,0,0,0,0,1,1,0,0,0,0,0,1,1,1,1,0,0,0,0,
1,1,0,0,1,1,0,0,1,0,0,1,1,0,1,0,1,0,1,0,0,0,0,1,0,1,0,1,0,0,0,0,0,1,1,0,0,0,0,1,
1,0,1,1,0,0,1,1,1,0,1,0,0,1,0,1,0,1,1,1,1,1,0,1,0,0,1,1,0,0,0,1,1,1,0,0,1,1,1,1,
0,1,1,0,1,1,1,0,0,0,1,1,1,1,1,0,1,0,1,1,1,0,0,0,0,0,0,1,0,0,1,0,1,0,0,0,0,1,1,0,
0,1,0,1,0,0,1,0,1,1,1,1,0,1,0,0,0,0,1,0,1,1,0,1,1,1,0,0,1,0,1,1,0,0,1,0,1,1,1,1,
1,1,1,1,0,1,1,1,1,0,0,1,1,1,1,0,0,1,0,0,0,0,0,0,1,0,0,1,1,1,1,0,0,0,0,0,1,0,1,1,
0,1,1,0,1,1,0,0,0,0,0,1,1,1,0,0,0,0,1,1,1,0,1,1,0,1,0,0,1,1,0,0,1,0,0,0,0,0,1,1,
0,1,1,1,0,0,0,1,1,1,0,1,1,1,1,1,1,0,0,1,1,0,0,0,1,0,1,0,1,0,0,0,0,0,0,0,0,1,1,1,
1,0,1,0,0,1,1,0,1,0,0,1,1,1,1,0,0,1,1,0,0,0,1,1,1,1,1,1,0,0,1,0,1,1,0,0,0,1,0,1,
1,0,1,1,1,0,1,1,0,0,0,1,1,0,1,1,0,1,0,0,0,0,1,1,1,1,1,1,0,0,1,1,1,0,0,1,1,0,1,1,
1,0,0,0,0,1,0,0,0,1,1,1,1,0,0,1,1,1,1,0,1,1,0,0,1,1,0,1,0,0,1,1,1,1,1,1,0,1,0,0,
1,1,1,1,0,0,1,0,1,1,0,0,0,0,0,0,0,1,0,1,1,0,1,0,0,1,1,0,0,1,1,0,1,1,1,1,1,1,0,0,
========================
Output Graph: 
Number of Vertices: 40
Number of Edges: 709
Graph Density: 0.908974
0,1,1,1,1,1,1,1,1,1,1,1,1,1,1,0,1,1,1,1,1,1,1,1,1,1,1,1,1,1,1,0,1,1,1,1,1,1,1,1,
1,0,1,1,1,1,1,1,1,0,1,1,0,1,1,1,1,1,1,1,1,1,1,1,1,0,1,1,1,1,1,1,1,1,1,1,1,1,1,1,
1,1,0,1,1,1,1,1,1,1,1,1,1,1,1,1,1,1,1,1,1,1,1,0,1,1,1,1,1,1,1,1,1,1,1,1,1,1,1,1,
1,1,1,0,1,1,1,1,0,1,1,1,1,1,1,1,1,1,1,0,0,0,1,1,1,1,1,1,1,0,1,0,1,1,1,1,0,1,1,1,
1,1,1,1,0,1,1,1,1,1,1,1,1,1,1,1,1,1,1,1,1,1,1,1,1,1,1,0,1,1,1,1,1,1,1,0,1,1,0,1,
1,1,1,1,1,0,1,1,1,1,1,1,1,1,1,1,1,1,0,1,1,1,1,1,1,1,1,1,1,1,1,1,1,1,1,1,1,1,1,1,
1,1,1,1,1,1,0,1,0,1,1,1,1,1,1,1,1,0,1,1,1,1,1,1,1,1,1,1,1,1,1,1,1,1,1,1,1,1,1,1,
1,1,1,1,1,1,1,0,1,1,1,1,1,1,1,0,1,1,1,1,1,1,1,1,1,1,1,0,1,1,1,0,0,1,1,1,1,1,1,1,
1,1,1,0,1,1,0,1,0,1,1,1,1,1,1,1,1,1,1,1,1,1,1,1,1,1,1,1,1,1,1,0,1,1,1,1,1,1,1,1,
1,0,1,1,1,1,1,1,1,0,1,0,1,1,1,1,1,1,1,1,1,0,1,0,0,0,0,1,0,0,1,1,1,0,1,1,1,1,1,1,
1,1,1,1,1,1,1,1,1,1,0,1,1,1,1,1,1,1,1,1,1,1,1,1,1,0,1,1,1,1,1,1,1,1,1,1,1,1,1,1,
1,1,1,1,1,1,1,1,1,0,1,0,1,1,1,1,1,1,1,1,1,1,1,0,1,1,1,1,0,1,1,1,1,1,1,1,1,1,1,1,
1,0,1,1,1,1,1,1,1,1,1,1,0,1,1,1,1,1,1,1,1,1,1,1,1,1,1,1,1,1,1,1,1,1,1,1,1,1,1,1,
1,1,1,1,1,1,1,1,1,1,1,1,1,0,1,0,1,1,1,1,1,1,1,1,1,1,1,0,1,1,1,1,1,1,1,1,1,1,1,1,
1,1,1,1,1,1,1,1,1,1,1,1,1,1,0,1,1,1,1,1,1,1,1,1,1,1,1,1,1,1,1,1,1,1,1,1,1,1,1,1,
0,1,1,1,1,1,1,0,1,1,1,1,1,0,1,0,1,1,1,1,1,0,1,1,1,1,1,1,1,0,1,0,1,1,1,1,1,1,1,1,
1,1,1,1,1,1,1,1,1,1,1,1,1,1,1,1,0,1,1,1,1,1,1,1,1,1,1,1,1,1,0,1,1,1,1,1,1,1,1,0,
1,1,1,1,1,1,0,1,1,1,1,1,1,1,1,1,1,0,1,1,1,1,1,1,1,1,1,1,1,1,1,1,1,1,0,1,1,1,1,1,
1,1,1,1,1,0,1,1,1,1,1,1,1,1,1,1,1,1,0,1,1,1,1,1,1,0,1,1,1,1,1,1,1,1,1,1,1,1,1,1,
1,1,1,0,1,1,1,1,1,1,1,1,1,1,1,1,1,1,1,0,1,1,1,1,1,1,1,1,1,1,1,1,1,1,1,1,0,1,1,1,
1,1,1,0,1,1,1,1,1,1,1,1,1,1,1,1,1,1,1,1,0,1,1,1,1,1,1,1,0,0,1,1,1,0,1,1,1,0,1,1,
1,1,1,0,1,1,1,1,1,0,1,1,1,1,1,0,1,1,1,1,1,0,0,1,1,0,1,1,0,0,1,0,1,0,1,1,0,1,1,1,
1,1,1,1,1,1,1,1,1,1,1,1,1,1,1,1,1,1,1,1,1,0,0,0,1,1,1,1,0,0,1,1,1,0,1,1,1,1,1,1,
1,1,0,1,1,1,1,1,1,0,1,0,1,1,1,1,1,1,1,1,1,1,0,0,1,1,1,1,0,1,1,1,1,1,1,1,1,1,1,1,
1,1,1,1,1,1,1,1,1,0,1,1,1,1,1,1,1,1,1,1,1,1,1,1,0,1,1,1,0,1,1,1,1,1,1,1,1,1,1,1,
1,0,1,1,1,1,1,1,1,0,0,1,1,1,1,1,1,1,0,1,1,0,1,1,1,0,1,1,1,1,1,1,1,1,1,1,1,1,1,1,
1,1,1,1,1,1,1,1,1,0,1,1,1,1,1,1,1,1,1,1,1,1,1,1,1,1,0,1,1,1,1,0,0,1,1,1,1,1,1,1,
1,1,1,1,0,1,1,0,1,1,1,1,1,0,1,1,1,1,1,1,1,1,1,1,1,1,1,0,1,1,1,1,1,1,1,1,1,1,1,1,
1,1,1,1,1,1,1,1,1,0,1,0,1,1,1,1,1,1,1,1,0,0,0,0,0,1,1,1,0,1,0,1,1,1,1,1,1,1,1,1,
1,1,1,0,1,1,1,1,1,0,1,1,1,1,1,0,1,1,1,1,0,0,0,1,1,1,1,1,1,0,1,0,1,1,1,0,0,0,1,1,
1,1,1,1,1,1,1,1,1,1,1,1,1,1,1,1,0,1,1,1,1,1,1,1,1,1,1,1,0,1,0,1,1,1,1,1,1,1,1,1,
0,1,1,0,1,1,1,0,0,1,1,1,1,1,1,0,1,1,1,1,1,0,1,1,1,1,0,1,1,0,1,0,1,0,1,1,1,1,1,1,
1,1,1,1,1,1,1,0,1,1,1,1,1,1,1,1,1,1,1,1,1,1,1,1,1,1,0,1,1,1,1,1,0,1,1,1,1,1,1,1,
1,1,1,1,1,1,1,1,1,0,1,1,1,1,1,1,1,1,1,1,0,0,0,1,1,1,1,1,1,1,1,0,1,0,1,1,1,1,1,1,
1,1,1,1,1,1,1,1,1,1,1,1,1,1,1,1,1,0,1,1,1,1,1,1,1,1,1,1,1,1,1,1,1,1,0,1,1,1,1,1,
1,1,1,1,0,1,1,1,1,1,1,1,1,1,1,1,1,1,1,1,1,1,1,1,1,1,1,1,1,0,1,1,1,1,1,0,1,1,1,1,
1,1,1,0,1,1,1,1,1,1,1,1,1,1,1,1,1,1,1,0,1,0,1,1,1,1,1,1,1,0,1,1,1,1,1,1,0,1,1,1,
1,1,1,1,1,1,1,1,1,1,1,1,1,1,1,1,1,1,1,1,0,1,1,1,1,1,1,1,1,0,1,1,1,1,1,1,1,0,1,1,
1,1,1,1,0,1,1,1,1,1,1,1,1,1,1,1,1,1,1,1,1,1,1,1,1,1,1,1,1,1,1,1,1,1,1,1,1,1,0,1,
1,1,1,1,1,1,1,1,1,1,1,1,1,1,1,1,0,1,1,1,1,1,1,1,1,1,1,1,1,1,1,1,1,1,1,1,1,1,1,0,
Is Output Graph Empty or Complete?: 0
Ratio of Added Edges Over Added + Removed Edges: 1
Changes from Input to Output: 
Added Edge: (0, 1)
Added Edge: (0, 2)
Added Edge: (0, 7)
Added Edge: (0, 8)
Added Edge: (0, 11)
Added Edge: (0, 18)
Added Edge: (0, 19)
Added Edge: (0, 20)
Added Edge: (0, 23)
Added Edge: (0, 24)
Added Edge: (0, 25)
Added Edge: (0, 26)
Added Edge: (0, 28)
Added Edge: (0, 32)
Added Edge: (0, 34)
Added Edge: (0, 35)
Added Edge: (1, 2)
Added Edge: (1, 4)
Added Edge: (1, 13)
Added Edge: (1, 15)
Added Edge: (1, 16)
Added Edge: (1, 20)
Added Edge: (1, 21)
Added Edge: (1, 26)
Added Edge: (1, 30)
Added Edge: (1, 36)
Added Edge: (1, 37)
Added Edge: (1, 38)
Added Edge: (2, 3)
Added Edge: (2, 6)
Added Edge: (2, 7)
Added Edge: (2, 9)
Added Edge: (2, 11)
Added Edge: (2, 12)
Added Edge: (2, 15)
Added Edge: (2, 17)
Added Edge: (2, 18)
Added Edge: (2, 19)
Added Edge: (2, 22)
Added Edge: (2, 24)
Added Edge: (2, 26)
Added Edge: (2, 28)
Added Edge: (2, 29)
Added Edge: (2, 32)
Added Edge: (2, 38)
Added Edge: (3, 4)
Added Edge: (3, 5)
Added Edge: (3, 6)
Added Edge: (3, 7)
Added Edge: (3, 11)
Added Edge: (3, 12)
Added Edge: (3, 16)
Added Edge: (3, 17)
Added Edge: (3, 24)
Added Edge: (3, 26)
Added Edge: (3, 27)
Added Edge: (3, 34)
Added Edge: (3, 38)
Added Edge: (4, 8)
Added Edge: (4, 9)
Added Edge: (4, 11)
Added Edge: (4, 14)
Added Edge: (4, 15)
Added Edge: (4, 16)
Added Edge: (4, 17)
Added Edge: (4, 22)
Added Edge: (4, 23)
Added Edge: (4, 24)
Added Edge: (4, 30)
Added Edge: (4, 32)
Added Edge: (4, 33)
Added Edge: (4, 36)
Added Edge: (4, 39)
Added Edge: (5, 7)
Added Edge: (5, 9)
Added Edge: (5, 10)
Added Edge: (5, 13)
Added Edge: (5, 14)
Added Edge: (5, 16)
Added Edge: (5, 17)
Added Edge: (5, 20)
Added Edge: (5, 24)
Added Edge: (5, 25)
Added Edge: (5, 26)
Added Edge: (5, 28)
Added Edge: (5, 30)
Added Edge: (5, 32)
Added Edge: (5, 35)
Added Edge: (5, 37)
Added Edge: (5, 39)
Added Edge: (6, 7)
Added Edge: (6, 9)
Added Edge: (6, 11)
Added Edge: (6, 12)
Added Edge: (6, 15)
Added Edge: (6, 16)
Added Edge: (6, 19)
Added Edge: (6, 21)
Added Edge: (6, 22)
Added Edge: (6, 24)
Added Edge: (6, 26)
Added Edge: (6, 29)
Added Edge: (6, 34)
Added Edge: (6, 35)
Added Edge: (6, 38)
Added Edge: (7, 10)
Added Edge: (7, 11)
Added Edge: (7, 14)
Added Edge: (7, 19)
Added Edge: (7, 20)
Added Edge: (7, 23)
Added Edge: (7, 26)
Added Edge: (7, 29)
Added Edge: (7, 34)
Added Edge: (7, 36)
Added Edge: (7, 38)
Added Edge: (7, 39)
Added Edge: (8, 12)
Added Edge: (8, 14)
Added Edge: (8, 15)
Added Edge: (8, 16)
Added Edge: (8, 19)
Added Edge: (8, 20)
Added Edge: (8, 22)
Added Edge: (8, 27)
Added Edge: (8, 28)
Added Edge: (8, 34)
Added Edge: (8, 37)
Added Edge: (8, 38)
Added Edge: (9, 10)
Added Edge: (9, 14)
Added Edge: (9, 15)
Added Edge: (9, 17)
Added Edge: (9, 19)
Added Edge: (9, 20)
Added Edge: (9, 27)
Added Edge: (9, 30)
Added Edge: (9, 31)
Added Edge: (9, 34)
Added Edge: (9, 36)
Added Edge: (9, 37)
Added Edge: (10, 11)
Added Edge: (10, 13)
Added Edge: (10, 14)
Added Edge: (10, 15)
Added Edge: (10, 16)
Added Edge: (10, 18)
Added Edge: (10, 19)
Added Edge: (10, 20)
Added Edge: (10, 22)
Added Edge: (10, 23)
Added Edge: (10, 24)
Added Edge: (10, 29)
Added Edge: (10, 33)
Added Edge: (10, 34)
Added Edge: (10, 35)
Added Edge: (10, 36)
Added Edge: (10, 37)
Added Edge: (10, 39)
Added Edge: (11, 13)
Added Edge: (11, 19)
Added Edge: (11, 20)
Added Edge: (11, 21)
Added Edge: (11, 27)
Added Edge: (11, 30)
Added Edge: (11, 39)
Added Edge: (12, 13)
Added Edge: (12, 14)
Added Edge: (12, 15)
Added Edge: (12, 16)
Added Edge: (12, 21)
Added Edge: (12, 24)
Added Edge: (12, 25)
Added Edge: (12, 27)
Added Edge: (12, 30)
Added Edge: (12, 32)
Added Edge: (12, 39)
Added Edge: (13, 16)
Added Edge: (13, 17)
Added Edge: (13, 20)
Added Edge: (13, 23)
Added Edge: (13, 26)
Added Edge: (13, 28)
Added Edge: (13, 29)
Added Edge: (13, 37)
Added Edge: (13, 38)
Added Edge: (13, 39)
Added Edge: (14, 15)
Added Edge: (14, 16)
Added Edge: (14, 17)
Added Edge: (14, 18)
Added Edge: (14, 19)
Added Edge: (14, 21)
Added Edge: (14, 24)
Added Edge: (14, 25)
Added Edge: (14, 26)
Added Edge: (14, 27)
Added Edge: (14, 30)
Added Edge: (14, 32)
Added Edge: (14, 34)
Added Edge: (14, 38)
Added Edge: (14, 39)
Added Edge: (15, 18)
Added Edge: (15, 22)
Added Edge: (15, 25)
Added Edge: (15, 26)
Added Edge: (15, 28)
Added Edge: (15, 32)
Added Edge: (15, 33)
Added Edge: (15, 34)
Added Edge: (15, 36)
Added Edge: (15, 39)
Added Edge: (16, 22)
Added Edge: (16, 25)
Added Edge: (16, 26)
Added Edge: (16, 27)
Added Edge: (16, 28)
Added Edge: (16, 32)
Added Edge: (16, 33)
Added Edge: (16, 34)
Added Edge: (16, 36)
Added Edge: (16, 37)
Added Edge: (17, 19)
Added Edge: (17, 21)
Added Edge: (17, 22)
Added Edge: (17, 23)
Added Edge: (17, 24)
Added Edge: (17, 25)
Added Edge: (17, 27)
Added Edge: (17, 28)
Added Edge: (17, 29)
Added Edge: (17, 31)
Added Edge: (17, 32)
Added Edge: (17, 35)
Added Edge: (18, 19)
Added Edge: (18, 20)
Added Edge: (18, 21)
Added Edge: (18, 22)
Added Edge: (18, 24)
Added Edge: (18, 26)
Added Edge: (18, 27)
Added Edge: (18, 28)
Added Edge: (18, 33)
Added Edge: (18, 35)
Added Edge: (18, 37)
Added Edge: (18, 39)
Added Edge: (19, 20)
Added Edge: (19, 21)
Added Edge: (19, 23)
Added Edge: (19, 25)
Added Edge: (19, 27)
Added Edge: (19, 28)
Added Edge: (19, 29)
Added Edge: (19, 32)
Added Edge: (19, 33)
Added Edge: (19, 37)
Added Edge: (19, 38)
Added Edge: (20, 21)
Added Edge: (20, 22)
Added Edge: (20, 23)
Added Edge: (20, 24)
Added Edge: (20, 36)
Added Edge: (21, 34)
Added Edge: (21, 35)
Added Edge: (21, 37)
Added Edge: (21, 39)
Added Edge: (22, 25)
Added Edge: (22, 27)
Added Edge: (22, 30)
Added Edge: (22, 31)
Added Edge: (22, 32)
Added Edge: (22, 35)
Added Edge: (22, 38)
Added Edge: (23, 25)
Added Edge: (23, 26)
Added Edge: (23, 31)
Added Edge: (23, 33)
Added Edge: (23, 35)
Added Edge: (23, 38)
Added Edge: (23, 39)
Added Edge: (24, 27)
Added Edge: (24, 29)
Added Edge: (24, 30)
Added Edge: (24, 31)
Added Edge: (24, 34)
Added Edge: (24, 39)
Added Edge: (25, 26)
Added Edge: (25, 27)
Added Edge: (25, 30)
Added Edge: (25, 31)
Added Edge: (25, 33)
Added Edge: (25, 35)
Added Edge: (26, 29)
Added Edge: (26, 33)
Added Edge: (26, 34)
Added Edge: (26, 38)
Added Edge: (27, 28)
Added Edge: (27, 32)
Added Edge: (27, 34)
Added Edge: (27, 35)
Added Edge: (27, 39)
Added Edge: (28, 29)
Added Edge: (28, 31)
Added Edge: (28, 36)
Added Edge: (28, 37)
Added Edge: (28, 38)
Added Edge: (28, 39)
Added Edge: (29, 30)
Added Edge: (29, 32)
Added Edge: (29, 38)
Added Edge: (30, 34)
Added Edge: (30, 35)
Added Edge: (31, 34)
Added Edge: (31, 35)
Added Edge: (31, 36)
Added Edge: (31, 39)
Added Edge: (32, 33)
Added Edge: (32, 35)
Added Edge: (33, 34)
Added Edge: (33, 35)
Added Edge: (33, 37)
Added Edge: (34, 35)
Added Edge: (34, 36)
Added Edge: (34, 37)
Added Edge: (35, 36)
Added Edge: (36, 38)
Added Edge: (38, 39)
========================
