========================
TIME_LIMIT_SECONDS: 900
ODD_HOLE_TERMINATION_PERCENTAGE: 999
N_THREADS: 24
IS_RUNNING_HEURISTIC_ON_CANDIDATE: 
IS_RUNNING_HEURISTIC_ON_RELAXATION: 
ADD_ALL_AT_START: 
========================
Wall-Clock Runtime (ms): 59707
Calculated Odd Hole Termination Batch Size: 0
Total Time of All Workers in OddHoleAlg (nano): 1328999267
Total Time of All Workers in OddHoleAlg (ms): 1328
OddHoleAlg calls: 32
Number of Found Odd-Holes: 595
Number of Found Odd Anti-Holes: 371204
Number of Feasible Solutions Found: 1
Number of Times Heuristic is Called: 0
Total number of added OH and OHbar Cuts: 371799
Number of Explored B&C tree nodes: 0
Number of Unexplored B&C tree nodes: 1
========================
Input Graph:
Number of Vertices: 50
Erdos Renyi p Parameter: 0.75
Number of Edges: 895
Expected No of Odd Holes: 5909
Expected No of Odd Anti Holes: 182197
ODD_HOLE_TERMINATION_BATCH_SIZE: 0
Graph Density: 0.730612
0,0,1,1,1,1,0,1,1,1,0,0,1,1,1,1,1,0,1,1,1,0,1,1,0,1,0,0,1,1,0,0,1,0,0,0,1,1,1,0,0,1,1,1,1,1,1,1,1,1,
0,0,1,1,0,1,1,1,1,1,0,1,1,1,0,1,0,1,0,1,1,1,1,0,0,0,1,1,1,1,1,1,1,1,1,1,0,1,0,1,1,0,1,0,1,0,1,0,1,0,
1,1,0,0,1,1,1,0,1,1,1,1,0,1,0,1,0,0,1,1,1,1,1,1,1,1,0,1,1,0,1,1,0,1,1,0,1,1,0,1,1,1,1,0,1,1,0,0,1,1,
1,1,0,0,0,0,1,1,0,1,0,1,1,1,0,1,1,0,1,1,0,0,1,1,1,1,1,1,1,0,0,1,1,1,1,1,1,0,1,1,0,1,0,1,1,0,1,1,0,1,
1,0,1,0,0,1,1,1,1,1,1,1,1,1,1,1,1,1,1,1,1,1,0,1,1,1,1,1,1,1,1,1,1,1,1,1,0,1,0,1,1,0,1,1,1,1,1,1,1,1,
1,1,1,0,1,0,1,1,1,0,1,1,1,1,1,1,1,1,1,0,1,0,0,0,0,0,1,1,1,0,1,1,1,0,1,1,0,1,1,1,1,1,1,0,0,0,1,1,1,1,
0,1,1,1,1,1,0,1,1,1,1,1,1,1,1,1,1,1,0,1,1,0,1,1,1,1,1,0,1,0,1,1,1,1,1,1,1,1,1,0,0,1,1,0,0,0,1,1,1,0,
1,1,0,1,1,1,1,0,1,1,1,1,1,0,1,1,1,1,0,1,0,1,1,1,1,1,1,1,1,0,1,0,1,1,1,1,1,1,0,1,1,1,0,1,1,0,1,1,1,1,
1,1,1,0,1,1,1,1,0,0,1,1,0,1,1,1,1,1,1,1,0,1,1,1,0,1,1,1,1,1,0,1,1,1,1,1,1,1,0,1,1,1,0,1,0,1,1,0,1,1,
1,1,1,1,1,0,1,1,0,0,1,1,1,1,0,0,0,1,1,1,1,1,1,1,0,1,1,1,1,1,1,1,1,0,0,1,0,0,1,0,0,1,1,1,0,1,1,1,1,1,
0,0,1,0,1,1,1,1,1,1,0,1,1,1,1,0,0,1,1,1,1,1,1,1,1,1,1,1,0,1,1,0,1,1,1,1,1,1,0,1,1,1,1,1,0,1,1,1,0,1,
0,1,1,1,1,1,1,1,1,1,1,0,0,0,1,0,1,1,1,1,1,1,0,0,1,1,0,0,0,1,1,0,1,1,1,1,1,1,0,1,1,1,1,1,1,1,1,0,1,1,
1,1,0,1,1,1,1,1,0,1,1,0,0,1,1,1,1,1,0,1,0,0,0,1,1,1,1,0,0,0,1,1,1,1,0,1,1,0,1,0,0,1,1,1,1,1,0,1,1,1,
1,1,1,1,1,1,1,0,1,1,1,0,1,0,1,1,1,0,0,0,1,0,1,1,1,1,1,1,1,1,0,1,1,1,0,1,0,1,0,0,0,0,1,1,1,0,1,0,0,0,
1,0,0,0,1,1,1,1,1,0,1,1,1,1,0,1,0,0,1,0,1,1,0,1,1,0,1,0,1,1,1,1,1,1,1,1,0,1,0,1,1,0,1,1,0,1,1,1,1,1,
1,1,1,1,1,1,1,1,1,0,0,0,1,1,1,0,1,1,1,0,0,1,0,1,1,1,1,1,1,1,1,1,1,1,1,1,1,1,1,0,1,1,1,1,0,1,1,1,0,1,
1,0,0,1,1,1,1,1,1,0,0,1,1,1,0,1,0,0,1,1,1,1,1,1,1,1,1,0,0,1,1,1,1,1,1,1,1,1,1,0,1,1,1,1,1,0,1,1,1,1,
0,1,0,0,1,1,1,1,1,1,1,1,1,0,0,1,0,0,0,1,0,1,1,1,0,1,0,1,1,1,0,1,1,0,1,1,1,0,1,0,1,1,1,0,1,1,1,0,1,0,
1,0,1,1,1,1,0,0,1,1,1,1,0,0,1,1,1,0,0,0,1,0,1,1,1,1,1,1,1,1,1,0,1,1,1,1,1,1,0,1,1,1,1,1,1,1,1,1,1,1,
1,1,1,1,1,0,1,1,1,1,1,1,1,0,0,0,1,1,0,0,0,0,1,0,1,1,0,0,1,0,1,0,1,1,1,1,1,1,1,0,1,0,1,0,1,0,0,1,1,0,
1,1,1,0,1,1,1,0,0,1,1,1,0,1,1,0,1,0,1,0,0,1,1,1,0,0,1,0,0,1,1,1,1,1,0,1,0,0,0,1,0,1,0,1,1,1,0,1,1,1,
0,1,1,0,1,0,0,1,1,1,1,1,0,0,1,1,1,1,0,0,1,0,1,0,1,1,1,1,1,1,1,1,0,1,1,0,1,0,1,1,1,1,0,0,1,1,1,1,1,0,
1,1,1,1,0,0,1,1,1,1,1,0,0,1,0,0,1,1,1,1,1,1,0,1,1,1,1,1,1,1,1,1,0,1,1,1,0,1,1,0,0,1,1,1,1,1,1,1,0,1,
1,0,1,1,1,0,1,1,1,1,1,0,1,1,1,1,1,1,1,0,1,0,1,0,1,1,1,1,0,1,1,1,1,1,1,1,0,1,0,1,1,0,0,1,1,1,0,1,1,1,
0,0,1,1,1,0,1,1,0,0,1,1,1,1,1,1,1,0,1,1,0,1,1,1,0,1,0,1,1,1,1,1,1,0,1,1,1,0,1,0,1,1,1,0,1,1,1,0,1,1,
1,0,1,1,1,0,1,1,1,1,1,1,1,1,0,1,1,1,1,1,0,1,1,1,1,0,1,1,0,1,1,1,1,1,1,0,0,1,1,1,0,1,1,1,1,1,1,0,0,1,
0,1,0,1,1,1,1,1,1,1,1,0,1,1,1,1,1,0,1,0,1,1,1,1,0,1,0,0,1,0,0,1,1,0,0,1,1,0,1,0,0,0,1,1,1,0,1,0,1,1,
0,1,1,1,1,1,0,1,1,1,1,0,0,1,0,1,0,1,1,0,0,1,1,1,1,1,0,0,1,1,1,1,1,0,1,1,0,0,1,1,1,0,1,1,1,1,1,0,0,1,
1,1,1,1,1,1,1,1,1,1,0,0,0,1,1,1,0,1,1,1,0,1,1,0,1,0,1,1,0,1,1,0,0,0,1,1,1,1,1,1,0,1,1,1,0,1,0,1,1,1,
1,1,0,0,1,0,0,0,1,1,1,1,0,1,1,1,1,1,1,0,1,1,1,1,1,1,0,1,1,0,1,1,0,0,0,0,0,1,1,1,1,0,1,0,1,1,1,1,1,1,
0,1,1,0,1,1,1,1,0,1,1,1,1,0,1,1,1,0,1,1,1,1,1,1,1,1,0,1,1,1,0,0,1,1,0,0,1,0,1,1,1,1,1,0,0,1,1,0,1,1,
0,1,1,1,1,1,1,0,1,1,0,0,1,1,1,1,1,1,0,0,1,1,1,1,1,1,1,1,0,1,0,0,1,1,0,0,1,0,1,1,0,1,1,1,1,1,1,1,1,1,
1,1,0,1,1,1,1,1,1,1,1,1,1,1,1,1,1,1,1,1,1,0,0,1,1,1,1,1,0,0,1,1,0,0,1,1,1,1,1,0,1,1,1,0,0,1,1,1,1,0,
0,1,1,1,1,0,1,1,1,0,1,1,1,1,1,1,1,0,1,1,1,1,1,1,0,1,0,0,0,0,1,1,0,0,1,1,1,1,1,1,1,1,1,0,1,1,1,0,1,1,
0,1,1,1,1,1,1,1,1,0,1,1,0,0,1,1,1,1,1,1,0,1,1,1,1,1,0,1,1,0,0,0,1,1,0,1,0,1,0,1,1,1,1,1,0,0,1,1,0,0,
0,1,0,1,1,1,1,1,1,1,1,1,1,1,1,1,1,1,1,1,1,0,1,1,1,0,1,1,1,0,0,0,1,1,1,0,1,1,1,1,0,1,1,1,1,1,1,0,1,0,
1,0,1,1,0,0,1,1,1,0,1,1,1,0,0,1,1,1,1,1,0,1,0,0,1,0,1,0,1,0,1,1,1,1,0,1,0,1,1,1,1,1,1,0,1,1,1,1,1,1,
1,1,1,0,1,1,1,1,1,0,1,1,0,1,1,1,1,0,1,1,0,0,1,1,0,1,0,0,1,1,0,0,1,1,1,1,1,0,1,1,1,0,1,1,0,0,1,1,0,1,
1,0,0,1,0,1,1,0,0,1,0,0,1,0,0,1,1,1,0,1,0,1,1,0,1,1,1,1,1,1,1,1,1,1,0,1,1,1,0,0,0,1,1,1,1,1,0,1,0,1,
0,1,1,1,1,1,0,1,1,0,1,1,0,0,1,0,0,0,1,0,1,1,0,1,0,1,0,1,1,1,1,1,0,1,1,1,1,1,0,0,1,1,1,1,0,1,1,0,1,0,
0,1,1,0,1,1,0,1,1,0,1,1,0,0,1,1,1,1,1,1,0,1,0,1,1,0,0,1,0,1,1,0,1,1,1,0,1,1,0,1,0,1,1,0,1,1,1,1,0,1,
1,0,1,1,0,1,1,1,1,1,1,1,1,0,0,1,1,1,1,0,1,1,1,0,1,1,0,0,1,0,1,1,1,1,1,1,1,0,1,1,1,0,1,1,1,1,1,1,1,1,
1,1,1,0,1,1,1,0,0,1,1,1,1,1,1,1,1,1,1,1,0,0,1,0,1,1,1,1,1,1,1,1,1,1,1,1,1,1,1,1,1,1,0,0,1,1,1,1,0,1,
1,0,0,1,1,0,0,1,1,1,1,1,1,1,1,1,1,0,1,0,1,0,1,1,0,1,1,1,1,0,0,1,0,0,1,1,0,1,1,1,0,1,0,0,0,1,0,1,1,0,
1,1,1,1,1,0,0,1,0,0,0,1,1,1,0,0,1,1,1,1,1,1,1,1,1,1,1,1,0,1,0,1,0,1,0,1,1,0,1,0,1,1,1,0,0,1,1,1,1,0,
1,0,1,0,1,0,0,0,1,1,1,1,1,0,1,1,0,1,1,0,1,1,1,1,1,1,0,1,1,1,1,1,1,1,0,1,1,0,1,1,1,1,1,1,1,0,1,1,0,1,
1,1,0,1,1,1,1,1,1,1,1,1,0,1,1,1,1,1,1,0,0,1,1,0,1,1,1,1,0,1,1,1,1,1,1,1,1,1,0,1,1,1,1,0,1,1,0,1,0,0,
1,0,0,1,1,1,1,1,0,1,1,0,1,0,1,1,1,0,1,1,1,1,1,1,0,0,0,0,1,1,0,1,1,0,1,0,1,1,1,0,1,1,1,1,1,1,1,0,1,1,
1,1,1,0,1,1,1,1,1,1,0,1,1,0,1,0,1,1,1,1,1,1,0,1,1,0,1,0,1,1,1,1,1,1,0,1,1,0,0,1,0,1,0,1,1,0,0,1,0,1,
1,0,1,1,1,1,0,1,1,1,1,1,1,0,1,1,1,0,1,0,1,0,1,1,1,1,1,1,1,1,1,1,0,1,0,0,1,1,1,0,1,1,1,0,0,1,0,1,1,0,
========================
Output Graph: 
Number of Vertices: 50
Number of Edges: 1167
Graph Density: 0.952653
0,1,1,1,1,1,1,1,1,1,1,0,1,1,1,1,1,1,1,1,1,1,1,1,1,1,0,1,1,1,1,0,1,1,1,1,1,1,1,1,1,1,1,1,1,1,1,1,1,1,
1,0,1,1,1,1,1,1,1,1,1,1,1,1,0,1,1,1,1,1,1,1,1,0,1,0,1,1,1,1,1,1,1,1,1,1,1,1,1,1,1,0,1,1,1,1,1,0,1,1,
1,1,0,1,1,1,1,1,1,1,1,1,1,1,1,1,1,1,1,1,1,1,1,1,1,1,1,1,1,1,1,1,1,1,1,1,1,1,0,1,1,1,1,1,1,1,1,1,1,1,
1,1,1,0,1,1,1,1,1,1,1,1,1,1,1,1,1,1,1,1,0,1,1,1,1,1,1,1,1,1,1,1,1,1,1,1,1,1,1,1,1,1,1,1,1,1,1,1,0,1,
1,1,1,1,0,1,1,1,1,1,1,1,1,1,1,1,1,1,1,1,1,1,1,1,1,1,1,1,1,1,1,1,1,1,1,1,1,1,0,1,1,1,1,1,1,1,1,1,1,1,
1,1,1,1,1,0,1,1,1,1,1,1,1,1,1,1,1,1,1,1,1,1,1,1,1,1,1,1,1,0,1,1,1,0,1,1,1,1,1,1,1,1,1,0,1,1,1,1,1,1,
1,1,1,1,1,1,0,1,1,1,1,1,1,1,1,1,1,1,1,1,1,1,1,1,1,1,1,1,1,1,1,1,1,1,1,1,1,1,1,1,0,1,1,1,1,1,1,1,1,1,
1,1,1,1,1,1,1,0,1,1,1,1,1,1,1,1,1,1,1,1,1,1,1,1,1,1,1,1,1,1,1,1,1,1,1,1,1,1,1,1,1,1,1,1,1,1,1,1,1,1,
1,1,1,1,1,1,1,1,0,1,1,1,1,1,1,1,1,1,1,1,1,1,1,1,1,1,1,1,1,1,1,1,1,1,1,1,1,1,1,1,1,1,0,1,1,1,1,1,1,1,
1,1,1,1,1,1,1,1,1,0,1,1,1,1,0,1,0,1,1,1,1,1,1,1,1,1,1,1,1,1,1,1,1,1,1,1,1,1,1,1,1,1,1,1,1,1,1,1,1,1,
1,1,1,1,1,1,1,1,1,1,0,1,1,1,1,1,1,1,1,1,1,1,1,1,1,1,1,1,1,1,1,0,1,1,1,1,1,1,1,1,1,1,1,1,1,1,1,1,1,1,
0,1,1,1,1,1,1,1,1,1,1,0,1,1,1,1,1,1,1,1,1,1,1,1,1,1,1,1,1,1,1,1,1,1,1,1,1,1,1,1,1,1,1,1,1,1,1,0,1,1,
1,1,1,1,1,1,1,1,1,1,1,1,0,1,1,1,1,1,1,1,1,1,0,1,1,1,1,1,1,1,1,1,1,1,1,1,1,1,1,1,0,1,1,1,1,1,1,1,1,1,
1,1,1,1,1,1,1,1,1,1,1,1,1,0,1,1,1,1,1,1,1,0,1,1,1,1,1,1,1,1,1,1,1,1,1,1,1,1,1,1,1,1,1,1,1,1,1,1,1,1,
1,0,1,1,1,1,1,1,1,0,1,1,1,1,0,1,0,1,1,1,1,1,1,1,1,1,1,0,1,1,1,1,1,1,1,1,1,1,1,1,1,0,1,1,1,1,1,1,1,1,
1,1,1,1,1,1,1,1,1,1,1,1,1,1,1,0,1,1,1,1,1,1,1,1,1,1,1,1,1,1,1,1,1,1,1,1,1,1,1,1,1,1,1,1,1,1,1,1,1,1,
1,1,1,1,1,1,1,1,1,0,1,1,1,1,0,1,0,1,1,1,1,1,1,1,1,1,1,1,1,1,1,1,1,1,1,1,1,1,1,0,1,1,1,1,1,0,1,1,1,1,
1,1,1,1,1,1,1,1,1,1,1,1,1,1,1,1,1,0,1,1,1,1,1,1,0,1,1,1,1,1,1,1,1,0,1,1,1,1,1,1,1,1,1,0,1,1,1,1,1,1,
1,1,1,1,1,1,1,1,1,1,1,1,1,1,1,1,1,1,0,0,1,0,1,1,1,1,1,1,1,1,1,1,1,1,1,1,1,1,1,1,1,1,1,1,1,1,1,1,1,1,
1,1,1,1,1,1,1,1,1,1,1,1,1,1,1,1,1,1,0,0,1,0,1,1,1,1,1,1,1,0,1,1,1,1,1,1,1,1,1,1,1,1,1,1,1,1,1,1,1,0,
1,1,1,0,1,1,1,1,1,1,1,1,1,1,1,1,1,1,1,1,0,1,1,1,1,1,1,1,1,1,1,1,1,1,1,1,1,1,1,1,1,1,1,1,1,1,0,1,1,1,
1,1,1,1,1,1,1,1,1,1,1,1,1,0,1,1,1,1,0,0,1,0,1,1,1,1,1,1,1,1,1,1,1,1,1,1,1,1,1,1,1,1,1,0,1,1,1,1,1,0,
1,1,1,1,1,1,1,1,1,1,1,1,0,1,1,1,1,1,1,1,1,1,0,1,1,1,1,1,1,1,1,1,1,1,1,1,1,1,1,1,1,1,1,1,1,1,1,1,1,1,
1,0,1,1,1,1,1,1,1,1,1,1,1,1,1,1,1,1,1,1,1,1,1,0,1,1,1,1,0,1,1,1,1,1,1,1,0,1,1,1,1,0,1,1,1,1,1,1,1,1,
1,1,1,1,1,1,1,1,1,1,1,1,1,1,1,1,1,0,1,1,1,1,1,1,0,1,1,1,1,1,1,1,1,1,1,1,1,1,1,1,1,1,1,1,1,1,1,1,1,1,
1,0,1,1,1,1,1,1,1,1,1,1,1,1,1,1,1,1,1,1,1,1,1,1,1,0,1,1,1,1,1,1,1,1,1,1,0,1,1,1,1,1,1,1,1,1,1,1,1,1,
0,1,1,1,1,1,1,1,1,1,1,1,1,1,1,1,1,1,1,1,1,1,1,1,1,1,0,1,1,1,1,1,1,1,1,1,1,1,1,1,1,1,1,1,1,1,1,1,1,1,
1,1,1,1,1,1,1,1,1,1,1,1,1,1,0,1,1,1,1,1,1,1,1,1,1,1,1,0,1,1,1,1,1,1,1,1,1,1,1,1,1,0,1,1,1,1,1,0,1,1,
1,1,1,1,1,1,1,1,1,1,1,1,1,1,1,1,1,1,1,1,1,1,1,0,1,1,1,1,0,1,1,1,1,0,1,1,1,1,1,1,1,1,1,1,1,1,1,1,1,1,
1,1,1,1,1,0,1,1,1,1,1,1,1,1,1,1,1,1,1,0,1,1,1,1,1,1,1,1,1,0,1,1,0,1,1,1,1,1,1,1,1,1,1,0,1,1,1,1,1,1,
1,1,1,1,1,1,1,1,1,1,1,1,1,1,1,1,1,1,1,1,1,1,1,1,1,1,1,1,1,1,0,1,1,1,0,1,1,0,1,1,1,1,1,1,1,1,1,1,1,1,
0,1,1,1,1,1,1,1,1,1,0,1,1,1,1,1,1,1,1,1,1,1,1,1,1,1,1,1,1,1,1,0,1,1,1,1,1,1,1,1,1,1,1,1,1,1,1,1,1,1,
1,1,1,1,1,1,1,1,1,1,1,1,1,1,1,1,1,1,1,1,1,1,1,1,1,1,1,1,1,0,1,1,0,0,1,1,1,1,1,0,1,1,1,0,1,1,1,1,1,0,
1,1,1,1,1,0,1,1,1,1,1,1,1,1,1,1,1,0,1,1,1,1,1,1,1,1,1,1,0,1,1,1,0,0,1,1,1,1,1,1,1,1,1,1,1,1,1,1,1,1,
1,1,1,1,1,1,1,1,1,1,1,1,1,1,1,1,1,1,1,1,1,1,1,1,1,1,1,1,1,1,0,1,1,1,0,1,1,1,1,1,1,1,1,1,1,1,1,1,1,1,
1,1,1,1,1,1,1,1,1,1,1,1,1,1,1,1,1,1,1,1,1,1,1,1,1,1,1,1,1,1,1,1,1,1,1,0,1,1,1,1,1,1,1,1,1,1,1,1,1,1,
1,1,1,1,1,1,1,1,1,1,1,1,1,1,1,1,1,1,1,1,1,1,1,0,1,0,1,1,1,1,1,1,1,1,1,1,0,1,1,1,1,1,1,1,1,1,1,1,1,1,
1,1,1,1,1,1,1,1,1,1,1,1,1,1,1,1,1,1,1,1,1,1,1,1,1,1,1,1,1,1,0,1,1,1,1,1,1,0,1,1,1,1,1,1,0,1,1,1,1,1,
1,1,0,1,0,1,1,1,1,1,1,1,1,1,1,1,1,1,1,1,1,1,1,1,1,1,1,1,1,1,1,1,1,1,1,1,1,1,0,0,1,1,1,1,1,1,1,1,1,1,
1,1,1,1,1,1,1,1,1,1,1,1,1,1,1,1,0,1,1,1,1,1,1,1,1,1,1,1,1,1,1,1,0,1,1,1,1,1,0,0,1,1,1,1,1,1,1,1,1,1,
1,1,1,1,1,1,0,1,1,1,1,1,0,1,1,1,1,1,1,1,1,1,1,1,1,1,1,1,1,1,1,1,1,1,1,1,1,1,1,1,0,1,1,1,1,1,1,1,1,1,
1,0,1,1,1,1,1,1,1,1,1,1,1,1,0,1,1,1,1,1,1,1,1,0,1,1,1,0,1,1,1,1,1,1,1,1,1,1,1,1,1,0,1,1,1,1,1,1,1,1,
1,1,1,1,1,1,1,1,0,1,1,1,1,1,1,1,1,1,1,1,1,1,1,1,1,1,1,1,1,1,1,1,1,1,1,1,1,1,1,1,1,1,0,1,1,1,1,1,1,1,
1,1,1,1,1,0,1,1,1,1,1,1,1,1,1,1,1,0,1,1,1,0,1,1,1,1,1,1,1,0,1,1,0,1,1,1,1,1,1,1,1,1,1,0,1,1,1,1,1,0,
1,1,1,1,1,1,1,1,1,1,1,1,1,1,1,1,1,1,1,1,1,1,1,1,1,1,1,1,1,1,1,1,1,1,1,1,1,0,1,1,1,1,1,1,0,1,1,1,1,1,
1,1,1,1,1,1,1,1,1,1,1,1,1,1,1,1,0,1,1,1,1,1,1,1,1,1,1,1,1,1,1,1,1,1,1,1,1,1,1,1,1,1,1,1,1,0,1,1,1,1,
1,1,1,1,1,1,1,1,1,1,1,1,1,1,1,1,1,1,1,1,0,1,1,1,1,1,1,1,1,1,1,1,1,1,1,1,1,1,1,1,1,1,1,1,1,1,0,1,1,1,
1,0,1,1,1,1,1,1,1,1,1,0,1,1,1,1,1,1,1,1,1,1,1,1,1,1,1,0,1,1,1,1,1,1,1,1,1,1,1,1,1,1,1,1,1,1,1,0,1,1,
1,1,1,0,1,1,1,1,1,1,1,1,1,1,1,1,1,1,1,1,1,1,1,1,1,1,1,1,1,1,1,1,1,1,1,1,1,1,1,1,1,1,1,1,1,1,1,1,0,1,
1,1,1,1,1,1,1,1,1,1,1,1,1,1,1,1,1,1,1,0,1,0,1,1,1,1,1,1,1,1,1,1,0,1,1,1,1,1,1,1,1,1,1,0,1,1,1,1,1,0,
Is Output Graph Empty or Complete?: 0
Ratio of Added Edges Over Added + Removed Edges: 1
Changes from Input to Output: 
Added Edge: (0, 1)
Added Edge: (0, 6)
Added Edge: (0, 10)
Added Edge: (0, 17)
Added Edge: (0, 21)
Added Edge: (0, 24)
Added Edge: (0, 27)
Added Edge: (0, 30)
Added Edge: (0, 33)
Added Edge: (0, 34)
Added Edge: (0, 35)
Added Edge: (0, 39)
Added Edge: (0, 40)
Added Edge: (1, 4)
Added Edge: (1, 10)
Added Edge: (1, 16)
Added Edge: (1, 18)
Added Edge: (1, 24)
Added Edge: (1, 36)
Added Edge: (1, 38)
Added Edge: (1, 43)
Added Edge: (1, 45)
Added Edge: (1, 49)
Added Edge: (2, 3)
Added Edge: (2, 7)
Added Edge: (2, 12)
Added Edge: (2, 14)
Added Edge: (2, 16)
Added Edge: (2, 17)
Added Edge: (2, 26)
Added Edge: (2, 29)
Added Edge: (2, 32)
Added Edge: (2, 35)
Added Edge: (2, 43)
Added Edge: (2, 46)
Added Edge: (2, 47)
Added Edge: (3, 4)
Added Edge: (3, 5)
Added Edge: (3, 8)
Added Edge: (3, 10)
Added Edge: (3, 14)
Added Edge: (3, 17)
Added Edge: (3, 21)
Added Edge: (3, 29)
Added Edge: (3, 30)
Added Edge: (3, 37)
Added Edge: (3, 40)
Added Edge: (3, 42)
Added Edge: (3, 45)
Added Edge: (4, 22)
Added Edge: (4, 36)
Added Edge: (4, 41)
Added Edge: (5, 9)
Added Edge: (5, 19)
Added Edge: (5, 21)
Added Edge: (5, 22)
Added Edge: (5, 23)
Added Edge: (5, 24)
Added Edge: (5, 25)
Added Edge: (5, 36)
Added Edge: (5, 44)
Added Edge: (5, 45)
Added Edge: (6, 18)
Added Edge: (6, 21)
Added Edge: (6, 27)
Added Edge: (6, 29)
Added Edge: (6, 39)
Added Edge: (6, 43)
Added Edge: (6, 44)
Added Edge: (6, 45)
Added Edge: (6, 49)
Added Edge: (7, 13)
Added Edge: (7, 18)
Added Edge: (7, 20)
Added Edge: (7, 29)
Added Edge: (7, 31)
Added Edge: (7, 38)
Added Edge: (7, 42)
Added Edge: (7, 45)
Added Edge: (8, 9)
Added Edge: (8, 12)
Added Edge: (8, 20)
Added Edge: (8, 24)
Added Edge: (8, 30)
Added Edge: (8, 38)
Added Edge: (8, 44)
Added Edge: (8, 47)
Added Edge: (9, 15)
Added Edge: (9, 24)
Added Edge: (9, 33)
Added Edge: (9, 34)
Added Edge: (9, 36)
Added Edge: (9, 37)
Added Edge: (9, 39)
Added Edge: (9, 40)
Added Edge: (9, 44)
Added Edge: (10, 15)
Added Edge: (10, 16)
Added Edge: (10, 28)
Added Edge: (10, 38)
Added Edge: (10, 44)
Added Edge: (10, 48)
Added Edge: (11, 12)
Added Edge: (11, 13)
Added Edge: (11, 15)
Added Edge: (11, 22)
Added Edge: (11, 23)
Added Edge: (11, 26)
Added Edge: (11, 27)
Added Edge: (11, 28)
Added Edge: (11, 31)
Added Edge: (11, 38)
Added Edge: (12, 18)
Added Edge: (12, 20)
Added Edge: (12, 21)
Added Edge: (12, 27)
Added Edge: (12, 28)
Added Edge: (12, 29)
Added Edge: (12, 34)
Added Edge: (12, 37)
Added Edge: (12, 39)
Added Edge: (12, 46)
Added Edge: (13, 17)
Added Edge: (13, 18)
Added Edge: (13, 19)
Added Edge: (13, 30)
Added Edge: (13, 34)
Added Edge: (13, 36)
Added Edge: (13, 38)
Added Edge: (13, 39)
Added Edge: (13, 40)
Added Edge: (13, 41)
Added Edge: (13, 45)
Added Edge: (13, 47)
Added Edge: (13, 48)
Added Edge: (13, 49)
Added Edge: (14, 17)
Added Edge: (14, 19)
Added Edge: (14, 22)
Added Edge: (14, 25)
Added Edge: (14, 36)
Added Edge: (14, 38)
Added Edge: (14, 44)
Added Edge: (15, 19)
Added Edge: (15, 20)
Added Edge: (15, 22)
Added Edge: (15, 39)
Added Edge: (15, 44)
Added Edge: (15, 48)
Added Edge: (16, 17)
Added Edge: (16, 27)
Added Edge: (16, 28)
Added Edge: (17, 18)
Added Edge: (17, 20)
Added Edge: (17, 26)
Added Edge: (17, 30)
Added Edge: (17, 37)
Added Edge: (17, 39)
Added Edge: (17, 47)
Added Edge: (17, 49)
Added Edge: (18, 31)
Added Edge: (18, 38)
Added Edge: (19, 20)
Added Edge: (19, 23)
Added Edge: (19, 26)
Added Edge: (19, 27)
Added Edge: (19, 31)
Added Edge: (19, 39)
Added Edge: (19, 41)
Added Edge: (19, 43)
Added Edge: (19, 45)
Added Edge: (19, 46)
Added Edge: (20, 24)
Added Edge: (20, 25)
Added Edge: (20, 27)
Added Edge: (20, 28)
Added Edge: (20, 34)
Added Edge: (20, 36)
Added Edge: (20, 37)
Added Edge: (20, 38)
Added Edge: (20, 40)
Added Edge: (20, 42)
Added Edge: (21, 23)
Added Edge: (21, 32)
Added Edge: (21, 35)
Added Edge: (21, 37)
Added Edge: (21, 42)
Added Edge: (22, 32)
Added Edge: (22, 36)
Added Edge: (22, 39)
Added Edge: (22, 40)
Added Edge: (22, 48)
Added Edge: (23, 38)
Added Edge: (23, 42)
Added Edge: (23, 46)
Added Edge: (24, 26)
Added Edge: (24, 33)
Added Edge: (24, 37)
Added Edge: (24, 39)
Added Edge: (24, 43)
Added Edge: (24, 47)
Added Edge: (25, 28)
Added Edge: (25, 35)
Added Edge: (25, 40)
Added Edge: (25, 47)
Added Edge: (25, 48)
Added Edge: (26, 27)
Added Edge: (26, 29)
Added Edge: (26, 30)
Added Edge: (26, 33)
Added Edge: (26, 34)
Added Edge: (26, 37)
Added Edge: (26, 39)
Added Edge: (26, 40)
Added Edge: (26, 41)
Added Edge: (26, 45)
Added Edge: (26, 47)
Added Edge: (27, 33)
Added Edge: (27, 36)
Added Edge: (27, 37)
Added Edge: (27, 48)
Added Edge: (28, 31)
Added Edge: (28, 32)
Added Edge: (28, 40)
Added Edge: (28, 44)
Added Edge: (28, 46)
Added Edge: (29, 33)
Added Edge: (29, 34)
Added Edge: (29, 35)
Added Edge: (29, 36)
Added Edge: (29, 41)
Added Edge: (30, 31)
Added Edge: (30, 35)
Added Edge: (30, 43)
Added Edge: (30, 44)
Added Edge: (30, 47)
Added Edge: (31, 34)
Added Edge: (31, 35)
Added Edge: (31, 37)
Added Edge: (31, 40)
Added Edge: (32, 44)
Added Edge: (33, 43)
Added Edge: (33, 47)
Added Edge: (34, 36)
Added Edge: (34, 38)
Added Edge: (34, 44)
Added Edge: (34, 45)
Added Edge: (34, 48)
Added Edge: (34, 49)
Added Edge: (35, 40)
Added Edge: (35, 47)
Added Edge: (35, 49)
Added Edge: (36, 43)
Added Edge: (37, 41)
Added Edge: (37, 45)
Added Edge: (37, 48)
Added Edge: (38, 40)
Added Edge: (38, 46)
Added Edge: (38, 48)
Added Edge: (39, 44)
Added Edge: (39, 47)
Added Edge: (39, 49)
Added Edge: (40, 43)
Added Edge: (40, 48)
Added Edge: (42, 43)
Added Edge: (42, 48)
Added Edge: (43, 44)
Added Edge: (43, 46)
Added Edge: (44, 49)
Added Edge: (45, 48)
Added Edge: (46, 48)
Added Edge: (46, 49)
========================
