01111111101111111111011111111111111011111101110011
10111100110100111111111111110111110111110011011101
11011111110111111011110110111111111111111101110111
11100011011011001111111111101001101101101111111111
11100110011100111111100011110101111111010011011100
11101010101110011111100101101010001111001011011100
10111101111111110111011111111111110101111111111011
10110010011010011101111110101001111101101010000101
11100110011100111111100001110111101111011011011100
01111011101011011110111110101011111011101110100111
10011111110011101011111110111111111111111111110111
11101110100000111110100111110111111011011011011100
10110111011001110111111111111101111111111111111111
10110010011010011101111110101001111101101010000111
11101010101110011111100101101010001101001001011100
11101111110111101011100001111111101111011111111110
11111101111101110110111111011111110111110111111011
11011111110111101011111111111111110110111111111111
11111110111110111101100101110011011111011111001100
11111111101011110110011111111111111011111111111011
01111101111111111110011011011111111111110111111011
11110011011011001101101111101001111101101110101110
11010011011011001101110110101001111101101110100110
11110111011111101111011011111101111111111111111111
11111011011111001101111101101011001110101110101111
11011110100110111111110110111110111111111001011101
11111111111111110111011111011110011111111101111011
11101010101110011111100101101010001101001001011100
10110111011011111101111111110001111011111110100111
11101010101110011101100101100010001011011000001100
11100110111100111111100011110101111111010011011110
11111011111111011111111110001010111111101010111111
11111011111111011101111101001011011110101110101111
11101011011111001111111101101011101110101111111111
10111101111111110011111111111111110111110111111011
01111111101011111110111111110011111011111111110111
11101100111110011111100111101111111101001011011100
11111111111111111011111101111111001110111111111011
11110011011011001101111111101001111101001110101110
11101010101110011111100101101110001101001001011100
10110111111111110111011111111101110111110111111011
10110010011010011111111110101000111101101010111111
01011111111111011111111110001011111111101101110111
11111110101110111111100101110010011111011010001100
10110010011010011101111110101001111101101110000111
11111110101110111101100101110011011111011110001100
01011110100110111111110111110111111011111101010101
01111101111111110110011111011111110110110111111011
10110010011011011101111110101011111101101110100101
11110011011011001101100111101001111101001110101110
