000110111100011111101111111111001100100111001101110101111111
000001000010100000010000000001100000011000110000000000000000
000000000000000000000000000000000010000010010000100000000000
100010111000010101101001011101001100100110000111000101111011
100100000101101000000110110010110001100001001110011010100101
010000000010100000010000000001100000011000110000000000000000
100100001101101000010110100110010011111001101111011111110110
100100000101101000010110100110010011101001001110011011110110
100100100101101000000110100110000011111001101111011011110110
100010111000010111101001011101001100000110000101110101011011
010001000000010000000000000001000000011000110000000000000000
000010111000010101101001011101001111000110000111101111011011
010011111000010111111101011101001100001100100001000101011011
100100000111101000010010100011110001111001101110011010100100
100010111000010111101111111111001100000111000101101101011011
100100000101101000000110100110010011111001101111011011110110
100000000100101000010100100110000000011000100101001111000010
100100000101101000010010100110010111111101101111011011111100
100100000101101000011110100010010011111001101110001010110100
010001110000110011101001000101001100001100000001000101011010
100100000101101000110110100010011011111001101110011011100100
100010111000101110101000101110000000000100000101001111010011
100010111000011101101001111101001100000111000101100101011111
100100000101101000010010100110010111101101101111011011101100
100010111000011111101111011111001100000111000101101111011011
100110000101101000000010100011110001100001001110011010100101
100100000101101000000110100110010011111001101111011110110110
100100111101101111010111101010010011111101101111011111111110
100010111000011111101101111101001100000110000101100111011011
110101000111111000010010110010110001111001101110011010100100
010011000000010000000000010001000000000010010000100000000001
000010110000010101101001011101001101000111000011101111011011
100100000101101000011010100010010111111001101110011010100100
100100000101101001010011100010011011111001101110011011101100
001000111001000101101001001100001101000111000111100101111010
000010111001010101101001011101011110000111001111110101111111
100110111000010101101001011101001100000111001111000101111111
010001101010010111101000001101001100001100100001000101010010
010001111010110111111001001101001100010100000001000101011010
100100000101101001010111100110010011111001101111011011111100
101100000101001000000010100010110011100001001110001010100100
100010111000011101101011111101011111100110001111101111111111
010001101010110111101001001101001100010100000001000101011010
011001000010000000000000000000100000000000000000000000000000
100010111000010101101001011101001101100111000111100101111011
100110111101011111101111111111001111100111001011111111111111
000110111001010101101001011101011111100111001101110101111111
100100101101101111010111101110010011111101101110011111111110
101000000101001000000010100010110011000001001110011010100100
100010111100010101001001011101001101000100000111100101111111
000010111001011111101101111101011100000111000101100111011011
100100100101101010010110101110010011111001101111011011100110
000010111001010111101101111111011100000111000101101101011011
100100111101101111011111100110010111111101101111011110111110
100110111000010101101001011101001111100111001111110101011111
100100111101101101110110101110010011111101101111011011101100
100100000101101001010011100110010111101101101111011011110110
100010111000010101101011011101001101100111000111110101111011
100100111101101110010110101110010011111001101111011111101100
100110000101101000000110110010110001100001001110011010100100
