00101111111110011011110111111111111
00111111110110111111101111011111111
11010100101110011110111101110010101
01101011011001111011110110111111111
11010010101111111101011101100111101
11100011111110010010011100100100101
11011100101111101111111111011010111
11010100101111111111111101111010001
11101111011011111110111000111011101
11010100101110011110111101110010101
10111111110110101111101111011100110
11101111011001111111111000111011001
11101111111001111111110110111111011
00011011100110100001010111000111111
01011011101111010111010111101111111
11111101110110101111111111011000111
11111011111110010110011111111100110
01101011111110111011110110101111111
11110111111110111101101101110101101
11011011001111110110011111111111111
11110011111110010110011101100100101
10111111110111111101101011111111111
01101111111100011011110110100111111
11111111011011111111101000111111101
11010010001011111101011001111111101
11101011011001111011110010111111111
10111101110110101111111111011010111
11110011111110011011010111100100111
11010011101110111101010111100111111
11011100001011101111111111011011111
11111011110111100101011111101101110
11011000100111100111011111001110110
11111110111001111111111111111111010
11010010001011111101011001111111101
11111111110111110111111111111100010
