00010000110100100000000000000010000100001010000010000000000000000
00010000000101100000000000000110001010010001000011000100000000100
00010000000101000000000000001110101010110001000011000101000010100
11101000000010101001000100011001000100001110100110010000000011000
00010000010100000010111000000010100000100000000010010001000000100
00000010001000000000000001100100000000000000000000000000010000000
00000100010000010010111000000000010000000000000000100000000100000
00000000000000001001000010000000010001000010111100010000000000001
10000000000000100000000000000000000100001010011100000000000000000
10001010001010000000001001010001000100001100000000001010101000010
00000100010100010010111000000110100000100000000000100001000100100
11101000001010000000000001011011000100001100000000001010101010110
00010000010101010010011000010011100010110101000011100101000000100
01100000000010001001000100011001000101001101100100000000000011000
11010000100000000000000100000000000100001010000110000000000001000
00000010001010001001010000010001010101001100100000101010101001010
00010001000001010011110000000000111000110001100011110101000000001
00000000000000000000000010000000000011000000000000000000000001000
00001010001010001001001000010001010001000100100000011010101001011
00010001000001011010110000000000111000110001100011110101000000001
00001010001000001001000000000000010000000000001000010010001000001
00001010001010011001000000010001010101001100100000111010101001010
00001010011010000010000001010001000000000100000000001010111000010
00010000000001100000000000100000000010010001000011000100000100000
00000001000000000100000001000000000000000000011000000000010000000
00000100010100000000001010000110000000000000000000000000010100100
00000100000000000000000100000000000000000010000100000000000100000
00010000010111010010011000000011100010110101000011100101000000100
00110000000101000000000000000110101010110001000011000101000010100
01100100001000000000000001001000000000000000000000000000010010100
11101000001110000000000001011001000100001100000000001010101010110
00010000010111010010011000010010100010110101000011100101000000100
00101000001010001001000000011001000100101100101000011001100010011
00000011000000011011110000000000001001000000000000100010001000000
01100000000000001001000000001000010001000000100000000010001011001
10010000110101110000010000000010100010111001000011100101000000000
01100000000010000100000100011001000101011100000001001110101011010
00000001000001010110010000000000011010010001000001100100000000000
00101000001010001001000000011001100100001100101000011001100010011
01100000000010001001000100011001000111001100000001001110101011010
10010000110101110000010000000010100110110001000011100101000000000
00010000010111010010011000010011100010110001000011100101000000100
10010001100000100000000000100000000000000000000010000000000000000
01100000000011001001000100011001000101001100100000001000100011010
00010001000001011011010000000000101000100001000010100001000000000
00000001100000000000000010000000000000000000001000000000010000000
00000001100000000000100010000000100000100000010000000000000000001
00010001100001100000000000100000000000000000000010000000000000000
11111000000010101001000100011001000100001110100100010000000011000
01100000000010001001000100011001000111011100000000001110101011010
00000010001010011001010000010001010101001100100000001010101001010
00011001000000001011110000000000100000100000000010000001000000000
00000000010100010010011000000010100010110001000001100101100100110
01100000000010001001000100011001000111011100000001001010101011010
00000000010100010010111000000010011010010000000001100100001100100
00101000001010001001000000011001100100101100100000011000100010010
00000000010100010010011000000010100010110001000001101101000100110
00000100000000000000001011000100000000000000010000000000000100100
00000000010100010010111000000010011010010000000001100110000100100
00000010001000000000000101100000000000000000000000001010111000010
00110000000101000000000000001110101010110001000011000101000000100
00010000000001110110010000000000001010010001000011100100000000000
01101000001110000000000001011111000000000100000000001010111010010
00000000010100010010011000000010100010110001000001101101100100100
00000001000000001011100000000000101000100000001000000000000000000
