011111101001111111100101100101100011111111110111101110010111010001000111111
101111111101001111100101111101111011111111111011101100011111011010001111110
110011111001011111100101100111100111111101110011101110110111110011010111111
110011011111111111111110111011011101111011111111011111111101111111111100111
111101111001111111100101100101110111111101110111101100110111110001010111111
111110110001000111100101100111110111111111110011101100011111010011011111110
111011010001010111100101100101000111111101110011101110110111110001011101110
011111101111111111111110111111111100011111111110111111111111111111101111011
111110010111111110111111111011011111111011101110010011101111111111111000101
010100011011111111111111011010111100000110101110010111101011111111111000001
000100011101111011111111011010011100100110100110010110101011111111010000001
111111111110111111111111111111111111111111111011111101111111100111111111110
100110011111011111111111111110111101111110111011110111101001111110111001111
101110111111101111111111011111111110011110011100110111001111111110111111001
111110011111110111111111101011111110011110011111111111111111111111111111111
111111111101111011000001100101110111111101110111101100110110111111000111111
111111111111111101111011111111111111111111011111111011111111111111110111111
111111110111111110110111100111101011111011111111111011011111011111111111111
111111111111111011011111011110111101100111111101110111111011101111111011111
000100011111111011101111111011011110011110101100011111111110111111111100011
000100011111111010110111011010011100000010101111010111101011111111111000011
111111111111111001111011111110111101100111111111111111111011101111111011111
000100011111111011111101011110111100000110101110010111101001111110111100101
111011101111111111111110111111101101111111111111111111111111101111111111111
111111111001101111010101010101110011111111111111101100010111011001101111111
010100011111110010111111101010111100000010111111111111111011111111111000111
010100011111111010111111010010011100000010111110010111101011111111111100001
111011110001110111100111100001000111111101110111101110110111110001011111110
001101011111111011111111011000011100000110101110010111101011111101111000001
111111111001011111010001100100110011111111111111101110010111011001000111111
111011010101111111100111110001000111111101110111101110110111110001011111110
010111011111111110111110111011001100111010111110111111101111111111111100011
010100011111111011111111011010010100000110101110010111111011111111111100001
001111111111111110111111011110111010000110111100110111001011111110111111011
111011101001011111010000100101100101111111110111101110110111111001000111111
111111101001100111100101100101100010011111110111101110010111010001101111110
111111101011100111100101100101110010011111011111101110010111010001101111110
111111111001111111010001100101110011100111110111101100010111011001110111111
111111111001111111010001100101110011100111110111101100010111011001100111111
111011110111111110110111100111101111111001111111111011111111111111111100111
110101011111111011111111111011011111111001101111011111111100111111111100111
111111111001000111100101100101100011111110110011101110010111011000011111111
111111111111100101111111111111111111011111011111111111111111111111111111110
111111110001111111100101111101110111111101100111101100110111110001011111110
010100011101111011111111111011011100100110100111110110101011111111111100001
100110011110011111111111111111111111111110111011111111101111111111111101111
111111111111101111001111111111111011111111111101111101011110011111101111111
111111100001101111101101110101100011111111111110101110010111010001001111110
111011110001111111100101110101110111111101111111001110110111110101011111110
000100011111111011111111011010011100000110101110000110101011111111111000001
111111110001001111010101110101110011111111110111100110010111011000001111111
111111110111111100111111111111111111111011111111111011111111111111111000111
101100111110111011111111011111111111100111101101111101111110101111111111101
000100011101111011111111011010011100000110100110000110101001111010011000001
001110111111101110111111011110111010000110111100110111001011111110111111001
111111110001001111110101110101101011111111110011101110000111110001011111110
010101011111111011111111011010011100000110101110010111100111111111111000001
111111111001011111010001100101110011111111110111101110011011011001110111111
111011111111011111111101111111111111111101111111111110111101111110111111111
111111111111111011101111111111111111111101111101111101111110101111111111111
001110111111111110111111011110111110000110111100110111111011011110111111001
111111111110111111011010111111111111111111111111111101111110101111111111111
010100011110111111111111111011011110011111101110011111101111110111111100001
000100011111111111111111011010011100000110101110110110101011111011111000001
011101011111111111111111011000011100000110101110010111101011111101111100001
101111111111001111111101111111111011111110111111110110011101011110111111111
000100011101111011111111111010011101111110101110010110101111111111011000011
001111101111111011111111011110111100010111111100110111111111111111101011001
010101111101111001111111111110111101100111111111111111111011111111110000111
111111110001011111010011101101111111111111111111101010110111111011000011111
111011010001011111100101100101100111111001110011101010110111110001010100111
111011110001111111100101100101100111111001110111101010110111110001010100111
111111101001101111100111110101100011111111110111101110010111010001001111010
111111110001101111111101110101110111111111110111101100010111010001101111100
101110011110111111111111111011011110011111001110011111101111111111111111000
