01011111111111111111111111111100111101110110101110
10110000110111111001000011110111111010111011010111
01011100010111111101000011010111111011110111010111
11101111111010111111111101101001011101011001101010
10110011110011111101111011111111111010101011011111
10110000010111111001000011110111111010111111010111
10011001111001110111111101101000110101110011101010
10011010111000111111111111110111110101110011100000
11011011011001011111111101111111101101110111101101
11111111101101001111111111111110101111101110101111
10010011110001111101111101101111110111100010111110
11100100010011111101010011110111111010011111010111
11111100000101101001100111110111111111111111010111
11101110111110111101000011110111111010011111010111
11111111001111011111111111111111101111011111101111
11111111101101101111111111111100101111101110101111
11111101111111110110111111111110111110111111111011
10111011111101111011111111111111000111111001101100
10010011110000111101111101101101110111100010111110
11111111111111110110111110111011011110111111111011
10011011111010111111011101101001110101110011101000
10011011111100111111101101111101010101110000101100
10011011111000111111110101111001111101111011101000
10010011111010111111111001111011110101110011111000
11101101010111111101000001101111111110011111011111
11111111111111111110111110111111001111111110111111
11011111111111111111111111011110111111110101111110
11101101110111111101011101101111111111111011011111
10011010111000111111111111110111110101110010101100
11101101111111111110010011111011111110111111010111
01101101111111101101000111111101111011111111110111
01111101101111100111111111011110111111111111111111
11101111111111111010101110111111011010111101110111
11111111001111001011111110111111101111111111111111
11111100110111111001001011110111110010111011110111
10010011111010111111111111111101010001100000101100
01101100011111111111000011110111111001011111010111
10110011111010110110111101111011010110111011111001
11101111111010011111111101111111111101011111101011
11110111100111101101111111111111111011101111011111
01011100010111111101001011010111111011110111010111
10100100110111111001000011100111110010111011010111
11101111111111111011101111011111011011111101110110
01111111100111101101101110110111111011111110111111
10010011111000111111111101101011111101100011001100
01101100001111001011000111110111111011011111000111
10011010111000111111111111111001010101110001100000
11101100111111110110010011111111111110011111110011
11111110011111111011000011110111111010111111010101
01101100110111111001000011010111111011111101010110
