0001001110000010110000000110110001000001010010000000000100001001000111
0011001110000000100000001110110001000001010000000000101010001001000111
0100100000011101001101000001000110111100101001001001010000100000001000
1100100000011100001101000001000110001110101001101011100000100000001000
0011001110000000110000001110110001000001010100000000100100001000000101
0000000000000010000000000000000000000000000010000000001000010010100000
1100100000001101001101000001000110100110101001100001010000000000001000
1100100000011001001101000001000110111010101001101001000000100000001000
1100100000111101001101000011000110110110101001100001010000100000011000
0000000000000000100000000000001000000000000000010010000000000000100000
0000000010000000000000000000000001000000000000010000001010000000010000
0011000110000010110000001110110001000001010100000000100100001000000101
0011001110000000011010001110111001000001010100000000100010001000000101
0011001010000000000000000010011000000100010000000000100010001001000010
1000010000010000000001000000000110011000101001101000010000100000000000
0010001110000000110000001110110001000001010100000000001010001000000101
1100100001010001000101000001000110111010100001001010010000100000000000
1000100000011001001101000000000110111010101101101001010100100000001000
0011001110001000010000001110111000000001010100000000100010001000000101
0011001110000000110010001110111001000001010000000000100000001001100111
0000000000001000000100000000000000000000000000000011000000000000110000
0011001110000010110000001010010001000001010000000000101000000000000111
0000000000000000000000000000000000000000000010010000000000000110100000
0000000000000000000000000000000000000000000000010000000000000101000010
0100100000011001001101000001000110001010101001100011000000100000001000
1100100000011001001100000001000110111010101001101001010000100000001000
1100100010011101001101000001000110110000100001100000010000100000001000
0011001110000000100000001110110001000001010000000000001010001001000111
1100100000011001001100000001000110111010100101101001000000100000001000
1100100000011101001101000001000100001110101001100011000000101001001000
0000000001001100001100000000000000000000000000000011000000010000101000
0011001110000010110000001110110001000101010010000100100100001010000111
0011001110000010110000001110100001000001010100000000100100000100000011
1100100000111001000101000001000110110010101001101001010000000000010000
0010001110000000110000000110100001000000010000010000001010000000000110
0010000110000010110000000110100001000000010010010000000100000000000110
0011000100000010110000001100110000000001000010000100100100001000000111
0011001010000100000000000000010100000000010000000101100000001010000010
0001001110000000110000001100110001000001010000000000101010001001000111
1100100000011001001101000001000110001010101001101011000000100000001001
0011001110000010110000001110110001000001010100000000101000001000000101
1100100000011101001101000001000110110110101001000001010000100000001000
0011001110000010010000001100010001000001010010000000100100001001000111
0000100000011001011000000000100010000000100000001000000000000100000001
1000010000000000000000100000000100011000001001100000010000100000000000
0011001110000010110000001110110001000001010010000000101000001001000111
0001001110000010010000001110110001000001000010000000101000001001000111
0000000001100000000000110000000000110000000000000000010000000000000000
0011000100000010110000000100100001000001000100000100100100000100000101
0000000000000000000000000000000100001100000000001001000001000000000000
0001000001000000100010001000011000000001000000000000100000001000100001
0011001110000000010010001100111001000101010000000100100111001001010011
0101100000011100001101000000000110001110101001101011000000100000001000
0010001010000010110000000110000001000000010010010000001000000000000110
0100010000100001000001000001000000100010100001100000010000010000000000
1000100000010000010000000000000110011000001000001001000001100000000000
0100000000101101001000000001000000100010000000000001000000010000011000
0000000000000000000000000000000000000000000000000101000100010000000000
0011000110000010110000001110110000000001010010000000100100001000000001
0000010000000000000000000000001000000000000000000000001011000000000000
1100100000011101001100000001010100001110101001100011000000100001001000
0000000000000000000000110000000010000000000100001000000000000000000000
0000010000000000000000100000000100000100000000000000000000000000000000
1100000000000100000100010001010000000010001001100001000000001000001010
0000010001000000000110100000001000000000000000000010000000000000000000
0000000010100000000010000000000001000000000000000001000010000000000000
0011001110000000010000001110111000000001010000000000100010001001000111
1100100000011001001101000001000100111010101001101000010000000000001000
1100000000000100000101010001000110111110001001100001010000000001001000
1100100000011001001101000001000110001011101101101011000000100000001000
