01011111011011101111110001101001101111111101011011111110101110000111101110101111
10111111110110111011111111111111111111011111101111111111110111111101111111011111
01011110110101111100111111111111111110111111110101111101011011111110101111111100
11101111011011101111111000101001101111010111111011111110101110010011111111101111
11110111100111110111011111110110111111101111110110110101011011111111011001111100
11111010111111111111111111111111110111111110111111111111111111111110111111111111
11111100111100111000101111111111111101111011100101111111011111111010111111111100
11011000011011101100111001101001100100111111111011111110101110010111100110101111
01101110001111110100011110110110111111101111110111100101011011111011011111110100
11110111001011101111111001001000101111100101011010111100111010010111011100101111
10010111110111111111111111111111111111111111011110111111111111111111101101111111
01101110101010100000011100110000110111101111110011101100010011110011011111000100
11011101111101011111111111111011111101111011011111111111111111111111100110111111
10111101111010101111111101101001011101011101101011111110111110000101111110101011
11111111111101011111111111111011111111100011011111011111111111111111111110111111
01101110101010100000011100110100110110101111110011101001010011011011011111000100
11110111011011100111111001101001011111110101011010111110111110000111111100101111
10111101111011101011111101101001011101011101111011111110100110000101111110101111
11011100011011101100111001101001101100111111110011111110101110010111100110101111
11011100011011101100111001101001101100111111110011111110101110010111100110101111
11110111011011101111011101011001100101111101111010111110111111000111101100101111
11111101111111111111101111011011101101011111101111111111111111101111111110111011
01111111111111111111110011111111111111111100011111111111101111101111111111111111
01101110101111110100110010111110111111101110110111100101011011111011011011111100
01101110101010100000011100110100110111101111110011101100010011010011011111000100
11101111011011101111111000101001101111010111111011111110101110000111111110101111
11111111101111111111001111010110111111101111110111100101011011111111011011110100
01101110101110110000111110101110111111111111110101111101010010111010011111111100
11110111011011101111111101010001100111110101011010011110111111010111111100100011
01101110101000010000001110110000111111101011100011101100010011110011011110000100
01101110101010100000011100110000110111101111110011101100010011010011011111000100
11110111001011101111111001001000101111110101011010111110111110000111011100101011
11111111111110110011111111111111011111111111101111111011110111111101111111011111
01101110101111111100001110110110101111101111110111100101011011111011011111110100
11111010111011101111011101110101110111111111111011111110111111010111111111000111
11111111111111111111111111111111111011111111111101010111111101111110111111111111
11111100111100111000001111111111111101111011100101111111011111111011111111011100
11011110111111101100111111111111111110111111110111111011011111111111100111111100
10101111111110111011101110111111111111011111101111101011110111111011111111010111
11110111001011001111111001011001101111100101011010011110111111010111111100101111
11101111101111010111111110110110111111100111111111101011110111111111011111110111
11111101111101011111111111111011111101111011101111111111111111111111110110111111
01111111101110110011010111110110111111101101111111101101010011111111011111010100
11111011111111111111110011111111111111111110111111111111101111111111111011111111
01111111100101010111110111110110111111101111011111110101111011111111011111111111
10111101111110111111101111111011011101011011101111111111111111101101111110111011
11010101011011101100111001001001101100111111110010111110011110010111100100101100
01101110101010100000011100110000110111101111110011101100010011010011011111000100
11011101111111111111111111101111111001111111111101111111101110101111101111111111
11110111100111110111011111110110111111101111110110110101011011111111011001111100
11111111111111011111111111110111111011101111111111000011111101111111111011110111
11111111011011101111111001011001101111010101111011001110111111010111111110101011
11110111011111111111111011011111101011111111011110010111111101111111111101111011
11111111111111101111111111111111011110010111111111011011111101111101111111111011
11010111001011101111111001001001101111111101011010111100111010010111101100101111
01101110101010110000011100110000110111101111110011101100010011010011011111000100
11010101011011101111111001001001101100111101110010111110011110010111100100101100
01101110111111111000110110111111111111111110111101111111100111111010111111111111
10111111111011101011111101101001011111010101111011111110100110000101111110101111
11010111001011101111111001001001101111111101011010111100111010010111101100101111
11111111111111111111111111111111111011111111111111010011111101111101111011111011
01101110101110110000111110101110111111111111110101111101010010111010011111111100
01101110101110100000011100110100110111101111110011101100010011010011011111000100
01111111111110110011000110111110111111111111101101111111110111101111011111011111
01101110101010110000011100110000110111101111110011101100010011010011011111000100
11101101011011101111111001101001101101011111111011111110101110010011111111101111
10111111111110111011111111111111011111111111101111111011110101111101111111011111
11011001111111111111111111101111111011111111111111111111101110111110110111111111
11110111001011101111111001001000101111110101011010111110111110000111011100101011
01011110110101111100011111111111111110111111110101111101011011111111101111111100
11111110111101111100111111111111111110111011110111111111011111111110110111111100
11110111111111111111111011011111111111111110111110011111111101111111111001111011
11110111100111110111011111110110111111101111110110110101011011111111011001111100
01111110101100010000001110110010111111101011100111101101010011111111011110110100
10111111111011101111111101111001010101011101111011111110111111000101111111001011
01101110101010100000011100110000110111101111110011101100010011010011011111000100
11111111011011101111111101010001100111010101111011011110111111010111111110100011
11111111111110111111101111110110111111111111101111100011111101111111011011010011
11010101011011101111111001001001101100111101110010111110011110010111100100101100
11010101011011101111111001001001101100111101110010111110011110010111100100101100
