010110111011100001101011111100011001101011111001010011111001000101101010011
100111000110001110000010101011111011100110110110001100001011110111010001101
000000110000100001101010010100100101011001000001110011110000001000011011110
110000101011100001101011110100011001101011101001010011111001000001111010011
110000101001100001101011110110111011101001101011001011110011000011111001111
010000001001100101101001111100001000101011100000010011110001000000101010011
101110010010000000010010000010110011010000000111101000001110001010010001100
101000100000100001101010010100110111011001000011011011110010001000011011110
100111000100011110000010100011111011100110111110001100001111100111110001100
010000001001101011101011111101001010101011111000010111110001100101101010011
110100100000000000000010000010110011000000000011001000001010010010010001100
100111000100001110010111100011111011100110110110001100001011100111010001101
101111010100001011111010000111110011011011010010011110111110101111010011110
000000001000000000000000000000000000000100001000000000000100000000100100000
010000001101100011101011111100101010101001101000010111110001000101111010011
010001001001000000000001101000001000100100100000000000000001000000100100001
010000001101101001101011111100101010101001101000010111110011100001111011011
101111010100101010111010000111110011011011010010011110111110101111010011110
101111010100101011011010000111110011011011010010011110111110101111010011110
000000100001100001101101010100000000001001000001010011110000000000001010010
101111010100101011110010010111110011011010010010001110111110101111010001110
000000000001000000010001000000000000000100000000000000000000000000000100000
111110111111101011101001111111111011111011111111111111111011101111111011111
100111000101001110010110100011111011100110110110001100001011100111010001101
110111001101001110000011000011111011100110010110001100001011100111110001101
101111010100001010011010000011110011010010010110111101001110101111010001100
110001000100001110000010000001110011000100010010001100000010110110010001100
101111010100101011111010000011110011011011010010011110111110101111010011110
010010101011100001101011110100001010101011101011010011110001000001101011011
010000001101100001101011111100011011101011111010011111110011100000111011011
011010111011101011101011111100001000111001101101110011110001000101101010011
110110111011100001101011111101001010101011111001010011111001000101111010011
110111001101001110000011100011110011100110010110001100001011100111110001101
001000010000000000000000000000000000010000000000100000000000001000000100000
010010111111101011101011111111011000101011111011011111111011100111101010011
111110111011100001101011111101001000111011111101110011111001001101111010111
110111001101001110000011100011111011000110110110001100001011100111110001101
001000110000100001101010010100100101001001000001110011110000001000011011110
101111010100101011111010000111110011010011010010011110111110101111010011110
010000001001010100000101101000001000100000101000000000000001000000100100001
110101001101100001101011110111011011101001010010011111111011100010111001111
101111010100101011110010000111110011011010010010011110111110101110010011110
110111001101001110000011000011110011100100010110001100001011100110110001101
110000001101100001101011111101011011101011101010011111110011100001111011011
100110001100011010000010000011110011000100010110001100001110100111110001100
010000101001000000000011110000101001100000101000100001000001000000111001101
010010111011100001101011111111001010101011111001010011110001000101111011011
101110110010000000010010000010110011010000000010001000001110001010010001100
001000100000000000000010010000100101010000000100000001000000001000011001100
101101010100101011110010010111110011011011010010001111111110101110011011110
010010111011100001101011111101001010101011111001010011111011000001111010011
010000001101101011101011111101001010101011111000010011110001100101111010011
101111010100101011111010000111110011011011010010011100111110101111010011110
101111010100001010010010010011110011010010010110111100001110101111010001100
101111010100101011111010000111110011011011010010011110011110101111010011110
101111010100101011111010000111110011011011010010011110101110101111010011110
110100101011100001101011110100011011101011101001011011110011000000111011111
000000101000110001101000010100000000001001001001010011110000000000101010010
010010111011100011101011111101001010101011111001011011111001100111101010011
110111001101001110000011100011111011100110110110001100001010100111110001101
010000001101100011101011111101001010101011111000010111110011000101111011011
010000000010000000000000001000000000000000000000000000000000000000000100000
001000110000100001101010010100000101011001000001110011110000000000011010110
110000001101101001101011111100111011101001101010010111110011100001111011011
010010101011100001101011111100001010101011101001010011110011000001111011011
110110001101101011101011110110111011101000011010001111110011100110110001111
100111001100011110000010100011111011100110111110001100001111100111010001100
011110111011101011101011111101011001111011111111111111111001101111101010111
101111010100001010010010000011110011010010010110111100001110101110010011100
000000000000010100000100000000000100000100000000000000000000010000000000000
101101010100101011110010000111110011011001010010011110111110101110011001110
011010111011100011101011111111001000111011111111110011111001100111101010111
011010111011100001101011111100001001111011101101110011111001001001111011011
101111010100101011111010000111110011011011010010011110111110101111010011100
110111000101001110000011100011111011100110110110001100001011100111010001100
