00000000000000000000011000000000000000001001000000010000010000011000000000000000
00000000101000010000010000011000110110111000010110101000101000000110011111100010
00010000100000000000010000011000001000101000000110011000000000111100011111000010
00101000000000000000000000010001000000000000000000010000000000000000000000000000
00010000000000100000000000010000000010010000000100000000000010000110000000000000
00000000000000010000010000001000001100011001110110101100100010101100011111000010
00000000100000000000010000011000001110011000010110101000100010101010011111100010
00000000100000000000010000011000001110011000010110101000100010101100011111100010
01100011010011001011101011000101010001000110000000000011000101000001000000001101
00000000101000000000010000001100001110100000010110101000100000100110010101100010
01000000010001001110001111100001000001000000000000000011000001000001100000010001
00000000000000000000000000100000000010000000011000100000100010000010000000100000
00000000100000000000010000001000010110011000010110101000101010101100001111100010
00000000101000010100010000011000100110111000010100101000100000001100011111000010
00001000000000000000000000010000000010010001010100000000100010000110000000000000
01000100000001000100100011000000000001000110100000000001000101000001000000000000
00000000101000000000010000011000011010101001010110101000101000101110111111100010
00000000001001010000000000011000100000011000010100101000100000001100001111000000
00000000101000000000010000011000001100110001000010001000000000110000011111000010
00000000100000000000010000011000010110011000010110101000101010100110011111100010
00000000100000010000010000011010001100111000000110101000000000001100011111000010
11100111010011001011101001000000000001000010000000000011010100000001000000001101
10000000101000000000010000011000001100001001000010011000000000111000011111000010
00000000001000000000000000000000001000000001010000000000000000000000100000000010
00000000101000010000000000011000110110111000010010101000001000001100011111100010
00000000101000010000010000001000110000011000010110101000101000001100011101100010
00000000001100000000000000000010000010000000010000100000100000000010000000100000
01111011000001101111101010000001000000000110000000000011000101000001000000001100
01100111010011001111101011000101010101000110000010000011000101000001010000001101
00000000110000000000000000001000001001000010000010000000100001000100000100001101
00000000000000000000100000100000000000000000001000100000000000000000000000000000
00010000101000000000000000011000000100111000000010011000000000111100011111000010
01000000000001000100000011000000000001000100000001000000000101000001000000010000
01000000100010001001000011001000000000000100000000001001001100000000000001001000
00100111010000001010101100000100000001000010000000000010000001000001000000001101
01000111010011000011101010001001000001000110000000000011000100000001000000001101
01001011010111101001000010100000000001000110000000000000000101000001000000001101
00000000101000010000010000001100101110111000010110001000100000000110010101100010
01100000010001001010100010000001000001000100000000000011000101000001000000010101
01001111000011100111100011000001000001000110000000000011000001000001000000001001
11100111000011001101101011000001000001000110000000000011010101000000000000001101
00000000100000010000000000011000110110111000010100101000101000000110011111100010
00000000100000010000010000011100001110011000110110100000100010001100011111100010
10000100000000101010001100000000000000000000000000000110010000000000100000010101
00000100000000010000000000000000000000000010000000000100000010000000000000000000
01000111010111101101000111100000000001000110000000000000000101000001100000000101
00000000000100000000000000000010000000000000000001010000000000010000000000000000
01101111010011101101100001000000000001000110000000000011000101000001000000001101
01100111010010001011101011001101000001000010000000000001000101000001000000001101
00000000000000000000000000000000100000000000001000000100000010000000000000000000
01000111010111001101100011100010000000000110000000000000000101000001000000001101
10110000000000000000001000000001000000000000001000000000000000000000000000000000
01100111010011001111101011000001010001000100000000000011000100000001000000001101
00000100000000000000000000000000000000000001100001000000000010100000000000010000
00000000101000000000010000011000001100111001000100001000000000111100011101000010
00000000101000010000010000011000010100111000000110001000001000011100011111000000
01000111010111101101000001100100000001000110000000000000010101000000000000001101
10000000000000000000010000000000000000001001000000000000100000001010000000000000
01000000000010001001000011000000010000000100000000000001000100000000100000000000
00000000100000010000010000011000110110101000010110101000101000000110011111100010
00001111000110100001000000000000000000000010100001000100000000000000000000001000
00000000101000010000000000011100101010111000010110100000100000000110001111100000
00100111010010001011001000000001000000000000000000000110000000000000000000011101
10100000000000000010001000000001000000000000001000000011000000000000000000000000
10100111000011001100101011000001000000000010000000000011010000000001000000001101
01101101010011101101100011000101000001000110000000000011000101000001000000001101
01001010010100101001000000100000000001000100000000000000010101000001000000000000
00000000101000010000010000011000101110110000010110101000000000001110011111100010
00000000001000001000000100000000000000000001010000000000001000000000000000000010
01100111010001001011101011001001000001000110000000000011000100000001000000001100
01100111000011001111101011000001000000000110000000000011000101000001000000001100
01100111010011001111101011000101000001000110000000000011000101000001000000001101
01100111000011001111101010000001000000000110000000000001000101000001000000000001
01100111010011001111101011000001010001000110000000000011000101000001000000001101
01000011010110001001000011100000000001000110000000000000000101000001000000001101
00000000001000000000000000000000100000100001000000000100000000100000000000000000
00000000100000000000010000011100011110011000000110101000100010101100011101100000
00000000100000000000010000011100001110101001010110101000100000101100011101100010
01100111010011001011101111000001000001000110000000000010000100000001100000000101
00000000101000000000010000001100001110111001010110101000100000101100000111100010
