011001101101000110100111101101111110100111001110100101000001111010110111101
101110011111010111000110010010100000111001100001011010010000100101001000010
110001101101000011100011101101111010101110000110100101000001011110110111101
010001100111000001100011101101111010000110100110100100000001011010110111111
010001100101000010100011101100111110100110001111110101000001011010110111101
101110011110011101010100111010100001111011100001110001011111101101011011011
101110011110011101110100111010110001111011100101010100011101111101101001010
010001100111000011100011111101111000101110000111101100000001011010110111111
111001100101000101100110111101111010101110000111100101000001011110110011111
111111111011000110100111101101111110000111001111111101001001111010110111101
010101110101000011100011101101111010100110000111101101000001011010110111111
111110011110010111010110010010100001111001101101011110011100110101001000010
000000000000000000000000000010000000000000010000000010010010000100000000000
010001100001000010101011101101010010000110000110100100000001011000111111101
000001100000000000001000100100000100000110000000100001000011001000110011001
110001101101000011100011101101111010101110000110100101010001011110110111111
111010010111010101000010010010100000111000100001011010010000000101001100010
011101111011000110100011111101011010000110100110101101000001011010110111111
101110111110010101010110111010110001111001100111010100011100101101001001010
000001100001000000101011101101000111000110000110100101000101011000110111101
000000000000011000010000000000100001010000000000000000100100000001001000000
110001101101000000100011101101111110100110001111100101001001111010110111101
111110011111010111110100010010110001111001101101011110011100110101001000110
101110010110010101010100010010100001111001110001010000111100100101001000010
101111111110011101110100011110110011111111100101110101011111111101111011011
010001111001000011100011101101111010101110000110101101000001011010110111101
101111111110010101110100110010100001101011100111010100011101101101001001011
101110011110011101010100110010100001111101100001010001011111101101101001010
010001100001100010100011101101001010000110000110100101010011011010110111001
101100011110010101010100010010100001101001110011000000111100100101001000010
111111111111000110101111111101011110000111001111111101001001111010110111101
101110111110010101100110110000100001111001100001010000011100101100001001110
101110011110000101000100010010100001111001110001010000111100100101001000010
100010000100001000010100000000100001100000001001010000101100100001001000000
101110001110010101010100110010100001111011100101010100011101110101001001010
000001100001000000111011101101011110000110000110100101100101011010110111101
111011111011000110100111111101011110000111001111111101001001111010110111101
010001100001000010101011100100011010000110000110101101000001011000100111101
011001111001000110100011111101011010000111000110101101000001011010110111101
101110011110011101010100110110100001111011100001010001011111101101111001010
101111111110011101010100111010100011111101100101110101011111101101101011011
110001100101000000100011101101111010101110000111100101000001011110110111101
010101100001000011100011101101011010000110000110100100000001011010110111111
000000000000100000000001000001001000000000000010000000100000000010000100000
100010000101000000000110000000100100100000000001010010001000100011001100100
101110111111010101110110111010100011111011100011010100011100111101001001010
101110011110010101110100011011100001111001110101010100111100100101001000010
010011111111000010100111101101111110100111001110111101000001111010110111101
101111011110011101010100110010100001111011100001010100011111101101011001011
010011100101000010100011101100111110100110001111101101000001011010110111101
010000010111000011000010010000100000111000000001010010000000000100000100110
101110111111010101110110111010100011111011100111110000011101111101001011011
010000000001100010000010000000000000000000001000001000000000000010000100100
101011001110001101010100110110100001111111000001010000011111101100000001010
000000000000000000001001000001001101000000010010000000000000000011001100000
010001100001100110100011101111011010000110000110100101000011011010110111101
000001100101000000100111101101111110100110001110100101000001011010110111101
000001100001000000111011101101011111000110000110100101000001011000110111101
000001000000101000000000100110000000000110000000100001010001001100010011001
101111111110011101010100111110100011111111100001110101011110101101001011011
110001100101000000100111101101111110100110001111100101000001011010110111101
101110111111010101010110110010100011111001100101010100011100101101001001010
101111111110011101110100111110110001111111100101110101011111110101111000011
011001101001100110100011101101011010000111000110101101000011011010110111101
101110011110000101000100010010100001101001111001010010111000100101001000010
010001100001000010101011101101001110000110001110100100100001011010111111101
101110111110011101010100110110100001111111100001010000011100101101001001010
101111011110011101010100110010100001101101100001110000011110101101001001010
010001100001010010101011101101011110000110001110100100100001011011110111101
101110010110010111010100010010100001111001111001011010111100100101001000010
101111011110011101010100110010100001111011100001010100011111100101001001010
101111111110011101110100111110110011111111100101110101011111110101111010011
101110011110010101010110010000110001111001101001011010011100100101001000010
010101111011000111100011101101011010000110100110101101000001011010110111101
101111011110011101010100111010100001111011100001110100011111101101001001010
