011000001001100011010111101010011010111011100101111011000011111011111111111
101110110100110110101100111100110100000110010110110000101001111101111011101
110000001001100011010111101010001010111011110101111011000011111011011111111
010000011101111001100011100011101110111001100111101011111011001110000101111
010000011101101001011011100011101110111001100111101011010011001110100101111
000000000010000101000000010110001001001100000000000011000000000010000000000
010000000010000000000000000000000000000000000010100000000001000000000000000
010110001101111011111011100011111110111001100111101011111011001110100101111
101110010100000110011100011100010000100110011000011001100000110001111010000
010110011001111001001011100011101110111001110111101011111011001110000101111
000001100000000100000000010100000000000100001000000000000100000000000000000
101110010100010110101101111100010110010110010101010100101100111101111011101
111110010100010111101100011110011100000110010100110010101001111111111011101
010100010101101001001011100010001110011001100111100010111011001110000101111
000110010100010000101010000001100100000001110010000100111000000100000100000
010001001011100001010001110110001010111100000101101011000111001010000001101
111000011001100001011111101010011010111011110101111011000011111011011111111
101111010100110110101100111110011101000110010100010011101000110111111011100
010100010001101001001011100011101110111001110111101011010011001010000101111
101010011000000110001100011100000000100110011000010001000000110001111010000
010010011101111011110111100011111110111001100111101011011011001110101111111
111000001001100011011011101010001010111011110101111011000011111011011111111
101110010100011010101100001000110101000011110010010100111000110101111110010
101110010101010110101100111100010110010110010101010100101100111101111011101
111110010101010111101101011100011100000110010101010010101001111101111011101
010001001011100101010001100110001010111000000101101011000111001010000001101
111000001001100011010111100010011010111011100101111011000011111011111111111
010001001011100101010001110010001010111100000101101011000111001010000001101
101111010100110111101100011100011101001110010000010010101000110111111010100
000110010100001000101000000000100000000000011000000000111000000100000000000
010110010100001000101010000001000000000001110000101000110000000000000100000
110000011001100011001011101010001010111011100101111011000011111010110101111
101111010100110111101100111110010101000110010100010010101000111111111011100
010110010101111001101011100010001010011001110111100010111011001110000101111
101110010101010110101101011100010100001110010001010100101100110100111010000
000001000000000001000010000010001000001001100000000011000010000010000100010
101110011100000110111100011100010000000110011000011001100000110101111010000
101110010101010110101101011100010100001110010001010100101100110101111010100
101111010100010110101100011110010111010110010000010100101110110111111010100
010001001011100101010001100110001010111000000101101011000101001010000001101
111000001001100011010111101010011010111001100101111011000011111011111111111
101110010100011010101110001000110101000010010010010100111000110101111110010
101110010100011010101110001000110101000010010010010100111000110101111110010
011000001101101011110111100011101110111001100111101011010011001111001111111
000000001010000000010000000001000000100000000000001001000000000000000000000
111110010101110111101101111100011100000110010001110010101001111101111011101
010110110100011000101010000000000100000001110000100000111001000100000100010
101110010101010110101101111100010110010110010100010100101100111101111010100
111110110100110110101100011100110100000110010110010000101001111101111011101
111000001001100011010111101010011010111011100101101011000011111011111111111
101110011100000110101100011100110000100110011000010000101000110101111010000
000000000001001000000011000000000010011001100001000000010110000000000100010
101111010100110111101100111110011101000110010100010001101000111111111011101
101111011100000111111100011100010001100110011000010010101000110111111010000
010100011101111001000011100011101110111001100111101011011011001110000101111
000110010100011000101010000001100100000001110010000100101000000100000100000
010100010101111001001011100011001110011001100111101011110011001110000101111
000000000011000100000001010100000010011100000001000100000000000000000000000
101110010100010110101100011100010101001010010000010100101000110101111010000
111110110100110110101100111100010100000110010110110000101000111101111011101
111000001001100011010111101010011010111011100101111011000011011011111111111
111000001001100011010111101010011010111011100101111011000011101010011111111
111110010101110110101101111100011100000110010101110010101001110101111011101
010110010101111001001011100011001110111001110111101011111011001010000101111
101111010100110111101100011110011101001110010000010011101000110101111010000
111000001001100011010111101010001000111011110101111011000011101010011111111
110010011001100001011011101010011010111011100101111011000011101010010101111
111000001001100011010111101010011010111011100101111011000011111011101111111
111000001001100011011111101010001010111011110101111011000011111011010111111
101110010100011010101110001000110101000011110010010100111000110101111010000
111000001001100011011111101010001010111011110101111011000011111011011101111
111110010101110111101101111100011100000110010100110010101001111101111010101
111110010101110111101101111110011100011110010101110010101001111101111011001
101110010100010010101110001000010101000011110010010100101000110101111010000
111110010101110110101101111100010100000110010100110010101001111101111011100
