0000000001101000010010000100110000000001001100000001000
0000010000000000000000000000000000000000100001001010000
0000000001100101100100000110101010010000000100000000000
0000000000000000010000000000000001001010000000000000000
0000000000011000000001001001011000100000011000000000011
0100000001100101001000000010100000010000100101001000000
0000000100001010000000100100000100000101000000010000000
0000001001100101001000100110100010010101100100001000100
0000000000000000000100000001000010000010000000000000100
1010010100111100011011110000010110000101011000100100001
1010010101011101011011111010110110010101011100100100001
0000100001100101001000000010101000010000010111001000000
1000101001100010100000000100101000000000000101010000000
0010010101110001010011110000110100000101010000100100001
0000001000001000000000000000000100000010000001010010000
0010010100110100010011111010110100000101010000100100001
0010000000001000000011000000000100000000001000000010010
1001000001100101000000000110101001010000100100001001000
0000010101110000000000100000100000000101001110100000000
0010000010000000000000000000000010000010001000100100000
1000000001100101100000000110101010010000000100000001100
0000100001100101100000000111101010010000000100000000100
0000001101100101001000000110100010010101100100001000100
0000000001100101000000000110111010010000000100001000100
0000100000100001000000000010101000010000010101001000000
1010001100001000010011110000110110000101001000100100001
0010010100110001010011111000010100010101010000100100001
0000100010000000000001000000010000100000001000000000011
1010010100111101011011111100010110010101011100100100001
1000100001100101000000010111101010010000000100001001100
0010100000011000010011011000010100100000011000000000011
0000001001100111100000000110101000010000000101010000000
0010000111100000000111110100110000000101001000100100001
0001000000000000010000000000000000100000100000000000011
0000100000000000000000000001001001000000100000000000011
0010010100110000010011111010110100000101010000100100001
0001000000000000000000000000000000000010000000000001100
0000001101100101001000100110100010010001100100001000100
0001000010000010000100000000000000001000000001000000000
1000001101100101001000100110100010010100100100001001100
0100010100000000010000100000000001100101000000100100001
0000100001110101000000001010101000010000000101001000000
1000100001100000101100000101101010000000000110000000000
1010010100111000011011111000110100000101011000100100001
0000000000010000001000000000000000000000001000000000010
0100010000011010000000001000000100000010010000000010000
0000000001100101001100000110100010010000100100001100000
0000001000001010000000000000000100000000000000000010010
0100010100010000010000111000010000000101010000100100001
0000000001100101000100000110100010010000100100101000000
0100000000000010100000000000000000000000000001010000000
1000000000000000010010000000010000001001000000000000000
0000000110000000000011110000010000001101000000000000000
0000100000000000100000000001001001100000000010010000000
0000100001100101000000000111101011110000100100001000000
