01111111111111111111011101111111111111101111111111011111101111111011111101111111
10001111110011111111001101010001000010111110111101001101100010111111110100111011
10011101101101100010111011101111111111110111000111111110110101010111011011000010
10101111111101100011111111101110111111110111001111110111111101001111101011000110
11110111110111111111110111110011111111111111111111111111111111111011111110111101
11111011111111111111110111110111011111111111111111111111111111111110111011111111
11011101011011011111101111111101111110111101111111111101110011111111011111111011
11111110111111011111111110111111111111111111111111111111011111101101101111111111
11111101001100110010111011111101111111111111100111111111110011110110111011111111
11011111001011111111101111011001111110111110111100111101100011111111110111111011
10110111110101100010111011101111111111110111001111111111111101000111101010000100
10111101101000100010101011111110111110111111000111111010111111010111111011000111
11001111010001110011001101011001100000111111111100101111100011110111110100111011
11111111011010111111001101011101100000011111111101011101100011111111110101111111
11111100111111011111111111111101111111111111110111111110010011111101101111111111
11001111110011101111001101011001000000111111111100101111100010011111110100110011
11001111010001110111001001011001100000111111111100101111100011110111110100111011
11001111010001111011001101011001100010111110101100101111100011111111110100111011
11111111111111111101111110101110111111110111111111110111111101101111101111111110
11011111010011111110001001011001101000111101111100101111110011110111110100111011
00111111111100100010011001101111101011000111001111101111111101000101101001000110
10111101101000100010101011111110111110111111000111111010111111010111111011000111
11110011111111111111110111111111111111010111111111111111111111111111101011110111
11011111010011110110001001011001101000111101111100101111110011110111110100111011
00111111111100100010011001101111101011000111001111101111111101000101101001000110
11111110111111111101111110111111111111111111111111111011111110111010111111111111
10111111101100100010111011001111111111111111000101111111110101010101100011000110
11001111110111111101011101000001101011101110111100101111100010111011111100111001
10110011111111111111111111100110111111110011111111110111111101111111111011101101
10110111101101100010111011101011111111110111000111111111111101010111101011000100
10111101001100000010111011101101111111010111000101111110110001010101000011000010
11101111111011111101101111110110010110111110111111111011101110111111111111111111
10111011111111101111111111111110011111110111011111110110111101011111101011000110
10111111111100100010011001101111101011010111001111101111111101000101101001000110
10111111111100100011111111111110110111111111001111110110111101011101101011000110
10111111111100100010011001101111101011010111001111101111111101000101101001000110
11111111111100100110111011111111111101111111011011110111111111000111101111010110
10111101101000100010101011111110111110111111100111111010111111010111111011000111
11111111111110111111010101111101101011011111111101111111100011111101101001110111
01111111111111111111011101101111111111101111111110111111101111111011111101111111
11001111110111111101010101110001001011110111111111101111110011111111111100111011
11111111111111111111111111110111111111111010111011111111111111111111111111111101
11111101111111111110111011111111111111111101110011111011111111110110111111111111
10111111101111111011111111101110111111111010101111111111111101111101111111101101
11001111110011111111001101011001000001111111011101001101100010111111110100011011
11001111010011111011001101011001100010111110101100101111100011111111110100111011
11011111011011011111101111011001111110111101110100111111010011111111110111111011
11111111111111111111111111111111111101111001111011110111111111111111111111111111
10111111101100100010111011001101111111011111000101111111111101010101100011000110
11111111101101100010111011101111111111101111100110111111111101110101111011100110
00111111111110111111111111111111111111111111011111010101101111101111101111011111
10111111111101100010011001101111101011110111001111101111111101000111101000000110
11101111111111111101111111110111010101111111111011010111101111111111111111111111
11111111111011111111101110111110111110111101111111111011111110111111111111111111
10111101101110111111111111111111111111111111011111011101111111111111101111011111
11011111111011011111101111111101010110111111111111111110110011111111011111111011
11111110111111011111111111111111111111111111110111111111011111101101101111111111
00111111101100100011111111101110111111001111001111010111101101001101101011000110
10011101001100000010111011001101111111010111000111111110110101010101000011000010
10111101001100000010111011101101111111010111000111111110111001010101000011000010
11001111110111111101011101010001000011111110111100101111100000111111110100111011
10111111111111101111111110101110111111111111011111111011111100001101101111000110
11001111110011101111001101011001000000111111111101101111100010011111110100010011
11101110110111111101011101111111101001111111111111001111001110101011111100111111
11011111010001110110001001011001101000111101111100101111110011110111110100111011
01110111111111111111111110101111111111101111111111111111111111101011011111111101
11111110111111011111011101011101100011011110111100111111000010111101110101111111
11111011011111111111111110111111111111111101111111111111111111111110111111111111
11011101111111111111111111111101111111111111111111111110110011111011011111111011
11101110110111011101010101011001000001011111111101001101000010111111100100111011
10111111101100100010111011011101111111111111000101111111110001010101100011000110
11001011010011111111000101010001000010011111111100101111100011111111110000111011
00111111111100100010011001101111101011000111001111101111111101000101101001000110
10110111110101100010111011101111111111110111001111101111111101000111101010000100
11001111110011111111001101011001000000111111011101001101100010011111110100011011
11001111110011111111001101010001000010111110111100101111100010111111110100101011
11001111110011101111000101011001000000011111111100101111100010011111110100110011
10011101101101100010111011101101111111110111000111111110110001010111001011000010
11110111110111111111111111100011111111111010111111111111111111111011111110111101
11001111110111111101011101011001000001111111111100101111100010111111110100111010
