00111000110011000000011010010011100000100000010011100010000010111
00001000100011000000011010000011100000000010010011000010100010101
10000100010000010000000000000100000000110000100000000100000000010
10000100010000001000000000000000010001100100000000101000000000110
11000010011100111100010000100000000001100001100001000101010111010
00110001000000000000000000000100000000000000000000100000000000000
00001000100011000000111010010011100000001000011001010010000010101
00000100000000000011000000000000010010000000000000000000010000000
11000010011000111000100000100000011001000100100000001100010101010
10111000100011000000011010010011100000100000010011100010000000111
00001000100010000110111010000011100000001010010011000010000010100
00001000000010000010010110010011100000001001010011000011100010100
11000010011100110110000000100001110001100000110000001011010101010
11000010010000010001000000100000010001100000100000001000010001011
00001000100010000010011010010011100000000000010011000010000010100
00101000100011000000011010000011100000000010110011000010000010001
00011000100000000000010100010010000000000100010100100000101010100
00001000001010000010010010000011100000001010010011000010000010100
00000001001110100100000000000001110000000000010000000011010100000
00000001000001000000000000000000000100000000001100110000001000001
00000010101000000000001000000000000000000000001000010000000100000
11001010011100111100000000100010000001100001100001000101010111010
11000010011000110000100000100000110001100000100000001000010101010
00000000000100001000000000100000000000010100000000000001100000000
11000010011100110100000000100000001001100000100000001111010101010
00000000000000000000000000000000000110000010000010000000001000000
00001000100011000000011110010011100000000001010011100010101010101
10000010010100101000000000100000011001110100000000001101010001010
00000000000000000000000000000000100100000001010000000000100000000
00100100000000000000000000000000000010011010000000000000000000000
11000010011100111100010000100000000001100001100000000101010101010
11000010011110110110000000100000011001100000100000001111010101010
11000010011110110110001000101000010001100001100000001001010101010
00010001100011000010001000010001100100000000010100100010001000101
00000000100000000000000010010001000100000000000000001110000000000
00000000000000000001000001001000011010000100000000001000000000000
00000001000000000000000001000100000100000000001100010000001000000
00011000100011000000011010010011100000000000010101100010001011101
10111000010011000000011010010011100000000000010010100010000000111
00100000000000000000000100010100000000001000001100010000000000000
00000010001100000100000000000100000000010000001000010001000000000
00010000100000001000000100010000000100000000010100100000101000100
01000000001000010100000001000100000000000000100000000000000100000
00001000000100000000010000101010100000000000010001000000100110000
00101000100011010000011010000011100000000010010011000010000010001
11000010011110111110000000101000010001100101100000001001110111110
00000010000000000001100000000000000010011000000000010000000000000
00000000000000001001000000000000010011010100000000000000010001000
11000000011100110100000001100000000000100000100000001001000100010
11001010011100110100010000100000000001000001100000000101010101010
10010100010000001001000000100000010001100100000000001000000001010
00000010000000000001100000000000000010011000001000000000000000000
00010000100011000000001010010001101100000000010010100010001000101
00101000100000000000010010010011001000000000000001000010000000000
11000010011110110110000010100001011001100000100000001101010101010
00001000000110000010010110010011100000001000010011000010100010100
01000000000100001000000100101000000000000101010000000001000100000
00001001100011000010011010010011100000000000010101000010001010001
00000000000000001001000001100000010011000100000000001000010000000
00001000100010000010111010000011100000000011010011000010100010100
11001010001100111100010000100000000001000001110000000001010101010
00001000100011000000011010010011100001000000010101100010000010101
11010010011100101100000000100000010001100100010000001001000101010
10111000110011000000011010010011100000100000010011100010000010101
11000010010001010001000000100000010001100000100000001000010001010
