001111011000011111110111111110
001110001111101101111101111111
110101111000111111101110111111
111011111110011111101011110010
110101111011110110111100011111
101110010111010111110011111100
001110001111101101011101101101
101111001110011111101011110111
111110110111111010111001101101
010101111011111110111100011111
010111111101111111110110111111
010011101110111001111100111111
011010101111011100011101111101
101111011111101111101011110010
111100111111110110011101111101
111111110110111011101011110110
101111011110011101101011110111
111101110011010110111011111111
111111011111010111010011111110
110011101111101001101110010111
011110111101111111010111101101
111010100111101000011001101101
101101010010010111111001111110
110101111000111111101110111111
111101111011111111101111011011
111111010111111111110011100010
111011101111101001101111100011
111011111111101111111111000011
111110010111010111110011111101
011010111111101011011101101110
