001100001000010000001001010101000100010000010000000010010001
000001000001001101100010001010100000000100101101110101000000
100001000001001101100010001010100000000000101101010001000000
100001000000011100100010001000101000000110001101111001000000
000000000000000010010000000000010000001001000010000000100000
011100010000000010000000100000000100010000010010000010011111
000000000110000001000000000000010000000001000000000000000000
000001000001001100100000001010101100000110101001010100000000
100000000000000000010000000000000001000000000100111001000000
000000100000001101100000001000100000000000101100111101000000
000000100000000001000000100000000001000100100001100000000000
011000010000000010000001010000010110001000010010000010010110
000000000000000000010000000000000001001000000100101000100000
100100000000000000000000000001000000010001010000000000010000
011100010100000000001001010001010100010000010010000100011111
011100010100000010000001010000010110000000010010000110010110
000011000001000100000110001010000000100000001000000000000000
011000100110000000001001110000010100000000100000000000000000
011100010100000000000001010100000110010000000000000110011111
000010001000100000000100000000000001100000000100111001000000
100000000000001001000000000001100001000100100101101001000000
000000000000000010010000000000010010100001000010000000001110
011100000000000010000001001000010110010000010010000010001111
100000000001001101100010001010100000000010101101110001000000
000001000010000001000000000000001000000110100001100000000000
100000000001001101100000001010100000000110101101110101000000
011100010100000010000011010000010110010000010010000010011111
100000000000000000100000000000001000010110000101101000100001
011000010000000010000001010000010110001000010010000010011110
100000000000011000001000000000100001000100100101101001000000
011100010100000000001001010001010100010000010010000010011110
000010100001001101000110001010100000000000101100010001000000
000100010000000000000000100100000110010000010000000010001111
100001010001001101100010001010101000000110101101110111000000
000000000001000100100110001010001000100010001000000000000000
000000001010100000011000000001000000100000000000100000000000
000000000000000010010100000000000011000000000000000000000000
100001000000011000100010001100101000000110101101111001000001
000010000001100000000000000010000000000000000100100000100000
010100010010000000001000110101000100010000010000000010001111
000100010000000000000001110100000110010000010000000010011111
000010100000010000000100000000000000000000000000000000000000
011000010110000001001001110001010100010000010010000110011010
100001000001011100000010001010101000000110101101100001000000
011100010100000010000001010000010110010000010010000110011111
011100001100100000011001010101010100011000010000000010111001
000011000001001100000110001010100000000000101000010001000000
011100010010000000001001110101000100010000010000000010011111
010100001110100000011001110101000101011000010000000010100001
011100011100000000010001010000010100010000000010000010011111
000100001100100000011000000101000000010000000000000000100001
010000010100001100100000010000000100000000101000000000000010
100001000001000100100010001010101100000110101101110001000000
011100001100000000011001010001010100010000010010000010000001
000010000000100000000000000100000000001000000100101000000000
100001000001011100100000001010100000000010101101010000000000
000001000000001000100110001010101000000110101101010000000000
000001000001001100100110001010101000000110001001010000000010
000001000001001100100110001010101000000110101001010100000100
100001000000001000100010001100001000010110001101111001000000
