001111111111111111011101111110011111111101111111110111111111
001111111011111101110111111111101001111111111111111111111111
110111111001111000110110101101101001001111001100111111101111
111011001101111011111110101001111111001111001110011111001111
111101001100010000111110101111110101001111011100001111001111
111110001101111000110110101111101101000111001100011111101111
111000000110110111101011110011110111110111111011111011110101
111000000110110111101011110011110111110111111011111011110101
111111000101011111111010101101101011001111010110001110001011
100111111011101111011111011110111111111011111111110111110111
110000110100000111111011110111110110010010111010001011111100
111101001100010000111110101111111101001111011100001111001111
111101110100010111111011111111110110001111110010101111101110
111111111001101100110110111111101101011110001100111111111111
111101001100010101111110111111010111001111111110101111001111
110000111110111011111111010011111110110011111011111011110100
100100111110100101111111111110010111110111111111111111110111
110100111110101110111111010110111101110011111001111011110101
011111111011111111001111101111111111111111111111111111111111
111111001111111111001101101011111111111111111111111111110111
100110111111101111110111010110111101110011101111110011110101
111111000101011111111010101101101011001111010110001110001011
011111111111111111101101111111111111111100111111111101111111
110000110110100111111010110011110111110011111011111011110100
111111111011111010110111011111111101111011101101111100011111
110000110110111111001011100011111111110011111011111011110101
111111001101111010110110100111111101001111001100011110001101
111011001111111011101110101001111111101111101111111111101111
110011110111111111111011111001111010111111111011111111110110
011111111011111100110111111110111101111111101101110111111111
011111111111110101111111111111010111111111111111111101011111
100110110111101111111011111111101011110111111111111011110011
111101001101010101111110111111010111001111111110101111001111
100111110111111111111011111101101011111111111111111111110011
100100111110101110110111010110111101110011111101111011110101
111111111101011011111111111101111110001101011010001111101110
110000110100000111111011110111110110010010011010001011111100
110000110110010111111011110011110110100011111011001011100100
111110001101111000110110101111101101000111001100011011101111
111111111001111010110110001111111101001011001100011110001111
011111111111111111111101111111111110111100011111011111111110
111111111101101111111101111111111111011100011110111111111110
110000110110101111111011110111111110010000011011011011111100
110010111111101111110111010010111111110011101111110011110101
111111110111011111111011111111111111111111110111100111111011
111111001101011010111110101101111110001111011000001111001111
110100111110101110111111010110111101110011111001111011110101
110000110100000111111011110111110110010010111010001011111100
111000110100111111111011110111111110000001011010011011101100
111101110100010111111011111111110110001111110010101111111110
011111111011111111110111111110111111111111100111110111111111
111111001101111010110110101111101101000111001100011010101111
111111111111111111111101011111011111111111111111111100011011
111111110111111111111011010111111111111011111111111000111001
111001110110110111111011010111010111111011111011111101011101
110000110110010111111011110011110110100011111011011011101100
111111001011111000100110101101101001101111101101111111110111
111111110111111111111011111111101011111111110111111100111011
111111001101111010110110100111111101001111001100011110001101
111111111101011011111110111101111110001100011110001111101110
