0101111111111111111111111111101110111011111011101111111101011110111010
1011000101011001110111111011010101111101010101110000100010111011111111
0100110111101111111111111111111111111011111011111111111101111111111111
1100111011101111111110111111111111111111101011111111111111101111111111
1011001111111111101100111011111110111111111011111011101110101110111000
1011000101011001110111111011010101111101010101110000100010111011111111
1001100111101111111101111011111110111011111011011111101101111111111110
1110111011111111111110101101111011110111111110111111111111101111101111
1011101100101111101101010010111111111111101111011111101111111101111101
1111111100011000110111110111010101101111010101010100010011110001111111
1011101110011111101101100001101010111011111110001111101111011100101000
1100110101101111111111011111111101111111111111111111111111111111111111
1111111111110110111011111111111111111111111111111111111111110111011111
1011101110111010101111110010101111111111101111011111111111011101111011
1011101110111101100101100001100010111011011110011100101001011000100001
1111111110110010111111110111101111101111111111111111111111110101111111
1111111111111111011101111110111111111110101111111111111111111111011111
1111011101011001100111111111110101111101010101110000110010110011111111
1011101110111101100101100001100010111011011110011100101001011100100001
1111111111110111111000111111111110111111111011111111101111101110111100
1111010101011101010001111111010101111100010101110000110010111011011111
1110011011111111111010111111111111110101111111111011111110101111111111
1111111101101111111111011111111101001111111111111111111111110111111111
1111111011011101110111101111110111111111011111111100011111110011011111
1111111100011000110111110111000111101111010101110100010011110001111111
1011000101011001110111111011010101111101010101110000100010111011111111
1111111011011101110111111101010011001110011110110100010011110011100111
1111111101111011011111111110011101101110110101110111110011111111111111
1011101110111111111101110000001011111011111110011111101101011100100001
0111111111011000110111110111000111101111010101100100010011110011111111
1011101110111101100101100001100010111011011110011100101001011000100001
1111111011011101110111111101010011001110011110110100010011110011110111
1011101110101111101101011010111101111011111011011111101111111101111101
0111010111011101110011111111110110111101011111111000111110111011011111
1111111111111111111111011101111011011111111111111111111111011111110101
1111111110111110111111010100101011100111111110101111111111111101101111
1111111011111111111110111111111111100101111111111111011111101111111111
0101110111011101110111111111010101111011011111110100010011111011111111
1011101111111111101100111011111110110101111111111011101110001110111001
1111111111111111011101111100111011111110111110110111110011111111101111
1011101110111101100101100001100010111011011110011100101001011100100001
1110111101111011011111111111111111111111100101111111111111111111111111
1011101110111111101101110010101111111111100001011111101111011100111001
0100010111111111111011111111111101111111110001111011111110111111111111
1011101110111111101101110010101111111111100001001111101111011100111000
1111111011011101110111111101010011101110011110110100010011110011101111
1111110100011001110111111111010101111111010101010100010011111001111111
0111111111011111111111111111101111101111111101101111111111111111111110
1011101110111111101101110000101011111010111110010111101011011100101001
1011001111111111101100111011111110111101111011111011101110001110111000
1011101110111101100101100001100010111011011110011100101001011000100001
1011101110111101100101100001100010111011011110011100101001011000100001
1111111110111111111111100101101011110011111110011111011101111101101111
1011000101011101110011111011010101111101010101110000100010111011111111
1011101110111111101101110000101011111010111110011111100101011100101011
1011101110111101100101110000100011111010011110010100101001011100100001
0101110111111101110111111111010111111111011111111100010001111011110111
1011001111111111101100111011111110111101111011111011101110001110111000
0111111111011001110111111111010111011101010101110000110010010011110111
1110011011111111111010111111111111110101111111111011111110101111111111
1111111110110110101111000101101011111111111110111111111111010100101001
1011101110111101101101100001100010111011111110011100101101011000101001
1111111100011000110111110111010101101111010101010100010011110001111111
0111011111011101110011111111010111111101010101110000110010110010111111
1111111111110111011101101111111110111111111111111111111111111111011111
1111111011011101110111111101010111101110011110110100010011110011101111
1111111111111101110111111101010011011111011111111100111001011111110101
0111011111011001110111111111010111111101010101110000110010110011111011
1111011101011101110011111111010101011101010101110000111010110011110101
0111010111011111111011111111111111111111111101101011111110111111111110
