0101101100111111000110001001111101101001111000000111001
1001100001100000101101111001010010011101001101111110110
0000001100010111011010010000101110110110110011110001100
1100101101111111000110001001111101101001111000000111001
1101001101111111000110001001111101101001111000000111001
0000000000010000010000000100000000000000000000000001001
1011100011100000101101010001011110011111010111111110110
1011100001110110101110011001110010111111100001111011100
0000001000000000000000010000000100010000010110000000100
0101101100111111000110001001111101101001111000000111001
1101101101011111000110001001111101101001111000000111001
1011110101100010101110011000100010111111100001111011101
1001100001100000000100101000000000000001000100000010001
1011100101100001101110111011011010011111100011111010110
1011100101110000101110011000100010111111100001111011100
1011100001100100101100111000000010010111000011110010100
0100001100010111011011010101111111110110111001110101100
0010010000000000101001010000000010010110000001111000100
0110001100010111110011010101111111111110111001111101100
1101101101111111000010001001111101101001111000000111001
1011100101110110101100011001100010111111100001111011100
0100001000000000111000010100000100010000011100110000100
0100000000001101000000001010000001000000001000000000000
0110001110010111111011000101111111111110111001111101100
1101100101111111000110100000100001100001101000000011001
0000010000000000101001010000000010010100000001111000110
0000000000000100000000100000000000000000000010000000010
1101101101100100101110010000011111011101001001111110110
1011100101110010101110011000000010111111100001111011100
1101101101100100101100010001001111011101101001111110110
1011101001100100101100010001010110011111000011111010110
1011101011100000101101010001011010011111010111111110110
0110001100010111111010010101111101111110111001111111100
1001100001100000101100111001010010011101001001111110110
1011100101110010101110011000100010011111100001111011100
0110001110010111111011010101111111101110111001111101100
1101101101110110001110010001111111110101101001111111100
0110001100010111111010010101111111111010111001111111100
0010001100010111111010010000101110110100110011110001100
1101101101111111000110001001111101101000111000000111001
1011100101110110101110011000110010111111000001111011100
1011101011100000101101010000000110010111000111110010100
1101100001100000101101111001010011011101000101111110110
0100001010001000000001000000000100000000011000000000000
0010001010000101000000000010001100000010010000000000000
0110001100010111111010010101111111111110111000111111100
0110001100010111111011010101111111111110111001011101100
0110001100010111111011010101111111111110111001101101100
0100001100010110011010010101111111111100101001110101110
1101101001100000101100010001010111011101001001111010110
1101101101111111000110001001111111101101111001000101000
1011110101110010101110011000100010111111100001111010101
0110001110010111111011010101111111111110111001111101000
0100001000000100000000000111011101000000001000001100000
1001110001111000000100001000000000000001000000000001000
