000000000010000000000010010001
000011001011000000010100001100
000011001011000010000100001100
000000000001001000000011000011
011000000000000000000000011110
011000000000000101000000011010
000000010000000010001001100000
000000100100110001001000110000
011000000100001001000010000011
000000011010110000010000101000
111000000100101001000010010001
011100000000001000000111000011
000000010110001001100000100000
000000010100000001101001100000
000100001011100000000110000001
000001000000000001100000000010
001000100000000001001001000010
000001011010110110110000101100
000000000000110101000000100000
010000000100000001000000010010
000000110000010010000000100100
011000000001001000000010000000
100100001011001000000100000001
000100100001010010000000000000
000000110100110001101000000000
100011010010000000010000001100
011011000100000001000000010010
011010000000000001001000010010
000111001001000110010000001100
100100001011001000000010000000
