011010111110111110011111101101
100000110111011000110010000100
100001110000011100010101000000
000010001100100011001111001001
100100111101111011011111001100
001000000000000100000000010010
111010010100111110011011001100
111010101110101110011111101101
100110010100101000001011101001
110110111011111011111110101101
110000010100101100000010100001
010010000100100011001010011110
100110111111011011111110101101
111010100100101110011011001100
111010111110110110011111101101
101001110010011000010100000000
100110110101111001011111001100
000110000101100010001010011010
010000000100100000000010110010
111010110100111110001011001100
100110111101111011010111001100
101110010100101110001011101001
110110111111111011111100101101
101110111000011010011100001000
100000011110101000100110000001
000001000001000001100000000010
100110111101111011011111000000
110010110101111010011010000000
000001000001000001100000010000
100100011110101000000110100000
