00011001111011111000111111111111101111111111111111000011111111110111110111101100
00000000000000000011000000000000000000000000000000000100000000000000001000000001
00001000001000010001000100001000000000000000000000001100100000100100000011000110
10001001111011111000111101101111100111111111111111000011111111100111110111101100
10110111110000110100001111101010001001111111110111111101110010110100110111110110
00001010011001011110100100001100000000011010001001110011100110100101000111111101
00001100011001011110100100001100000000011010001001110011100110100101000111111101
10011000011011111000110100101111100111111010101111000011101111110111100111101100
10011000011011111000111101101101101111111111011111000011111111110111010111101100
10011111101010110100001101101010001001111111110101110101110010110110110011110110
10110111110000110100001111101010001001111111110111111101110010110000110111110110
00000000000001001011100000010100000000000000001000000010000100001001000000001001
10010001110000100000001001100010001001100101110100000101010000010010111000100010
10010111100100101100101011110100001001100101011100110010010100011001010000011000
10011001111011011000110101101111100110011110101011000011101111110111100111101100
10111111111000100100001111101010001001111111110111111101110010110100110011110110
10010111100101100100101011110110001001100101111100110100010100011001110000011000
00001110011001011010100100001100000000011010001001110011100110100101000111111101
01000110000100000100000000000000010000000000001000110100000000001000000000010001
01100000000100000000000000000000010000000000000000000100000000001000000000000000
10010111100101101100001011110110001001100101111100110100010100011001110000011000
10010001100000100000001011110011001011100101110100000000011001010000111000000010
10011000111011011000110101101101001011111110011101000011111111110111010111101100
10111111111000110100001011101010001001111111110111111101110010110100110111110110
10001000001001011000110100011100100110011010001011000010101111100101000111001100
10011000111011111000111100101101101111111111011101000011111111110111010111101100
10011001111011111000111101001101101011111111011101000011111111110111010111101100
10000000000101001000110010000100100110000001001100000010001101001001000000001000
10111111111000110100001111100010001001111111110111111101110010110100110011110110
10010111100101101100101011110010001001100101111100110100010100011001110000011000
10011001011010111000110100001101100110011010101011000011101111100110100111101100
10010001100000100000011001100010011011100101111100000000011001010000110000000000
10010001100000100000000011110010001111100001110110001000011000010000111000000010
00000000000000000011000000000001000000000000001000000000000000000000000000000001
10001000111011011000111101101101100111111111011101000011111111110111010111101100
10010001100000100000000011010010101010100001100100000000001000000000101000000010
10010001100000100000011011110011101101100101110110001000011001010000111000000010
10011001111011011000111101101101101010111111011101000011111111110111010111101100
10011001111011011000111101101101101111011111011101000011111111110111010111101100
10011111111000110100001111101010001001101111110101110101110010110100110111110110
10011111111000110100001111101010001001110111110101110101110010110100110111110110
10011000111011111000111101101101001011111011011101000011111111110111010111101100
10011111111000110100001111101010001001111101110101110101110010110100110111110110
10011000111011011000110101111101101111111110011111000011101111110111010111101100
10011001011010111000110100001111100110011010001011000011101111100111100111101100
10011000111011011000111101101101101011111111001101000011111111110111010111101100
10010111100101101110101011110111011001100101110100110100010100011001110000011001
10011001111011011000111101111101101111111111011011000011111111110111110111101100
10011001101000110000000110001010100010000001100100001010101000100100100011000100
10011111111000110100001111101010001001111111110100110101110010110100110111110110
00001110011001011110100100001100000000011010001001010011100110100101000111111101
00001110011001011110100100001100000000011010001001100011100110100101000111111101
00101000001000010000000100001000100010000000000010000000101000100100000011000100
01101000011010011011100100001100000000011010001001000001100110100111000111101101
10010111100101100100001011110010001001100101110110110000010000011000110000010000
10011111111010110100001101101010001001111111110101110100110010010110110011110110
10111111111000110100001111101010001001111111110111111101010010110100110111110110
10011000111011011000111101101101101011111110011101000011101111110111010111101100
10010001100000100000011011110011101111100101110110001000010001010000111000000010
10010111100101101100101011110110001001100101111100110100010000011001110000011000
10011111111000110100001111101010001001111111110101110101110000110100110011110110
10010001100000100000011011110011001011100101110100000000011000010000111000000010
10111111111000110100001111101010001001111111110111111100110010010100110111110110
10001001111011111000111101101101101011111111011101000011111111100111010111101100
00000000000101001011100000010100000000000000001000000010000100000001000000001001
10111111110000110100001111101010001001111111110111111101110010110000110111110110
10010001110010100000001001100010001001100101110100000101010000010000111000000010
10010111100101101100101011110100001001100101111100110100010100011000110000011000
10011001011010111000110100001111100110011010101111000011101111100111000111100100
10011000111011011000111101101101101011111111011101000011111111110111000111101100
01000000000010000000010000000000100110000000000000000000001001000010000000000000
10011111101000100100001111100010001001111111110101110100110000110100110011110110
10111111111000110100001111101010001001111111110111111101110010110100110101110110
10111111111000110100001111101010001001111111110111111101110010110100110110110110
10011111111010110100001101101010001001111111110101110101110010110100110111010110
00001110011001011110100100001100000000011010001001110011100110100101000111101101
10010111100101101100101011110110001001100101111100110100010100011001010000010000
10111111111000110100001111101010001001111111110111111101110010110100110111110010
00101000011010010000010100001000100110011010000001000001101011100110000111100100
01000110000100000110000000000000010000000000001000110100000000001000000000010000
