0101111011111011111101001
1010101111011111101110111
0101111011001111101011111
1010110101110000010111000
1111001110111111101111111
1011001101111100111111011
1110110101101111101110111
0101111011011111101011111
1110100101110111100110111
1111011110111001111101101
1001111011011000111101001
1101110111101111000011111
1110111101110000110111101
0110111110010011111110111
1110101110010101111111111
1110101111010110111111111
1110111111101111000011111
1001010001101111000111011
1110111101100111000011110
1101111011101111010001111
0111111110011111111001111
1011110101111011111110011
0110101111011111101110011
0110111110010111111111100
1110111111111111110111100
