01101111110111111111111111110011111
10110101111100101100001110101101000
11000000001110111001110100101100010
01000110110010110011110101100010011
10000010000001010011110001000000000
11010010000010100011100101101010001
10011100001100001001100000101100000
11000000000010110011010111001010111
11010000001110111101110100100100010
11010000001010101100000111101101010
01100010110011110001111101010011111
11100010100010110011111100000110011
10110101111100001100001110101111101
10001000001000010001010001010000000
11110101111100001100001010101101000
10111001101101001101011010101100000
11100010110010110011110101100000010
11000000110010110011111101000010111
10011101000100001101000010101100000
10111111101101011110111010101111100
10111110101100001101001000101100000
10111001101101011101000010101100000
11000000001110110101100100101100011
11110101111110001100001010101111110
11000001010010110011010101001010111
10011101011001001100000010111101100
11110110110010111011111101000010011
10000000001001000000000001000001000
01100111010010110011111111000010111
01100010110110110011111101000010011
10010101001110000101000110101101101
11000000011010100001000101010010011
10000001001010000101000111001010011
10110001111100001100001110101101100
10010101001110000100001010101111100
