0010001000000010100011000000100101000000001000001010100010100001000000
0010111111010111000110110001000010111110010110100100000010011110111111
1100001000000100110011000001100101000010001000001010100011001001010000
0000111011101011000111111110010010011100010110010101001110010110101111
0101001011101101110101011111110111010010101110001011101001001111011111
0101000001101101110001111111110111000110101110001011101001001111110010
1111100011101111110111001111110111000010101000001011111001101111011110
0100000000100100000000001000000000000011000000000001010000001000010000
0101101001101101110101111111110111000010101110001011101001001111011111
0101111010101011010111011110110000011100110110001111101010011111101111
0001111111001011000110111110010010011100010110010101011110010110101111
0100000000000100110000000001100001100011101001101010100001001001010000
0001111011100011000111111110010010011100010110001111101010010111101111
0110111110010001000110010000000000010110000110100100000010001100101111
1101001001101000110011001111110111000010101000001011111011101001010000
0101111011101100110111111111110111010110101110001111101011001111111111
1010111010010011001110010001001011010100001110110100000111000110101111
0010111011010011000110110110000010111100110110101100100010010111101111
0000000000000000100000010000001000000000000001100000000100000000100000
0101101011101101110001011111110111010010101110001111101001001101011111
1111001001101111110001001111110111000010101000001011111011101001010010
1011111011001011000110110110010110011100010110010100000110010110101111
0101010010101001010001011110110100011100110110001111101000001101110011
0101110011101101111101101111111111101110111001101011101001001111111110
0001111111101011000110110110010010011100010110010101011110010110101111
0001111011101011010111111000010010011100110110001111101010011111101111
0001111011101011010111111000010010011100110110001111101010010111101111
0110111010010011100110010000000011010100001110101100100011001111101111
1010111011010011000110110000000000111100010110100100100010010111101111
0001111011101011000111111110000010011100010110010101001110010110101111
0000000000000000101000010000000000000000000001100000000100000000100000
1010111010000011000111110000000010011100010110010100000110010110101111
0101111010101011110111011111010101010100101110001111101011001111111111
1010111010010011100110010001000010010100001110101100100011000111101111
0100000000010000010000010000100000001000110001001000100000011001110000
0101100001101101110101101111110111000111101110011111101001001111011111
0101000001101000010001111110110100100000110000001011101000001001110000
0101010001101101110001111111110111010010101110001011101001001101110011
0110111110010111000110010000000000010100000110100100000010001110111111
0000000100010000000000000000000000010000000110010100000010010000000001
0000111011010011010110110110000010111100010110101100100010010110101111
0101000001101000010001111110110100101000100000001011101000001001110000
1010111010010011100110010001000011010100000110101100100011000111101111
0101110011101101110101101111110111010111101010011111101001001111011111
0101110011101101110101101111110111010111101100011111101001001011011111
0000000000010000001000010000001000100000000000100000000000000000100000
0100000000010100111000010001101001000010101001001000100001001001110000
0001000000100000100001001000010100010001000110000101001110000000000001
1010111011011011010110110111000011111100111110100100100011010110101111
0101000001101101110101101111110111010011101110011011101001001101011011
1010111011011011000110110110000010011100010110000100100010010111101111
0001111111101011000110111110010010011100010110010100011110010110101111
1010111011011011010110110111100011111100111110101110000011010110101111
0000001100100010000010001000000000000000000000000001000010100000000000
0001111011101011000110111110010010011100010110010101000110010110101111
0001000000100000101001001000011100000000000000010001001000100000000000
1111000001101111110011001111110111000011101000011011111001101001010010
0010111010010011100110010001000011010100001110101100100010001111101111
1000001000000010000010000000000000000000000000000000010110000000000000
0101000001101000010001001110110100100001100000001011101000001001010000
0110111111010111000110110101000010111110010110100100000011010110111111
0101111011101101110101111111110111010110101100001111101001001011111111
0101111011101001110001011111110111010010101110001011101001001101110111
1010111011011011010110110111100011111100011110100110000011010110101111
0101010001101101111001111111111111101110111001101011101001001111010010
0110111110010011000110110000000010111110010110100100000010011110101111
0101101011101101110101011111110111010010101110001111101001001101010111
0101101011101101110101011111110111010010101110001011101001001111011010
0101111011101101110111111111110111010110101110001111101011001111111101
0101100011101101110101101111110111010111101110011111101001001111011010
