011010111111111110011111111011100011000110101001111110111010110110101000011
100111111111110111111111110110111111111111111111101111001111111111111111111
100110011111111111111111111011111111111111111101111111111111111001011001111
011010111111111110011111111011100011000110101101111110111010110110101000011
111101011111111110011111111001100011110110001101111000111000110010101000011
010010100101111011111111111111111111101111111011111111001111001111111111111
110101011111111111111111111111111111111111111111111001111111111011111111111
111110101111111010011111111001100010100110001101111110111000110110101000011
111110110111111111011111111001101101101110011101111111111001111011001011001
111111111001101110111111101111110111111111111110111111111111111111111111110
111110111001111110011101111001100111101110011101111111111001111011101111011
111111111110111110011101111001000011110110011101111110111001110111101000011
111111111111011111111101111101111111111111001111110111111101111010111111111
111111111011101110011111101011100011010110101100111110111010110110001000010
101111111111110110011111110001100011110110011101111110111000110111101010001
111110101111111010011111111001100011100110001101111110011100110110101000011
111111111111111101100111111111111111111111111111110111110111111111110111111
011001101000100010111010001110001110111000110011101111011111111111111111110
011001100100100011011010001110010100111101111011001111001111001111111111010
111111111111111101101011111111111111111111111111111111110110111111111111111
111111111111111101110111111111111011010111111110111011111110110111111110111
111111111111111110001001111001000111111110011101111110111000111111101001011
111111111100011111111001111101011111111101011111101111110101001111111111111
111111111111111110011110111101100011110110011111111011111000110011101110001
111111111111111110011111011010100010010110101101111110111010110110101000011
111111111011101110011111101011100011010110101100111110111010110110001000010
101111111111110111111111110110111111111010110111101111011111111111111111111
010001100100100011111011001010011100111111111001001111001111101111111111110
111101100100010011111000111101011100111101011111001111001101001111111111111
101111111111111110011111010010100011010110101101111110111010110110101000011
111111111110111110011001111001000111111110011101111110111001111111101001011
011001100100100010111010001110001100101001110011101111011011001111111111110
011001101000100011011010001110010110111101111011001111001111111111111111010
011001101110100011110110001110111010111101111011001011001111110111111110110
111111110111111111011111111001101101111110011101111111111001111011001011001
111111101111111110011111011001100010110110001101111110111000110110101000011
011011111111101111110111001110111111011111111011110111111111111111111111110
011010100101111011111111111111101111101010110011111111011111001111111111111
011001101110100011110110001110111110110101111011001011001111110111111110110
111111111111111110111111110111101111101010100111111111111011111110110111101
111111111111111110011101111101100011110100011111111011111001110011101110011
011001100100100010111010000110011100101000110011101110011011001111111111110
111101100100010011111000111101011100111101011111001111001101001111111111111
011001101111001011111111001110111110111011100011110111011111111110111111110
111111111111111110111111110111101111101010100111111100111011111110110111101
011110111111111110011111111011100011000110101001111110111010110110101000011
010001100100100011111011001010011100111111111001001111001111001111111101110
111111111011101111110111101111111111111111111110110111111111111111011111110
111111111111111111011111111001110011110111011101011111111100110101101000001
101111111111111110011101110001100011110110011101101110111101110111101000011
111111111111011101111111111111111111011111101110110111110111111110110111111
111101011111111111110110111111111011110101111111111011111111111011111110111
111101011111111111111111111111111111111111110111111100111111111111111111111
011001101110100011111011001110011110111110110011101100011111101111111111110
101110111111111010011111110001100011100110001101111110011000110110101000011
101110111111111111011111111001110011110111011101111111101100110101101000011
111111111111111101101101111111111111111111111111110111110111111111110111111
011001100100100111111010001110001100111000110011111111011011001111111111111
111101100100010011111000111101011100111101011111001111001101001111111111111
011001101111100011100010001110111110111111111011011111001110111111111111110
111110111111111111011101111101101111101110011101111111111001011011001001011
111110111111111111011101111001101111101110011101111110111001101111001001011
011001101110100011110110001110111010110101111011001111001111110111111110110
110101010101011111111110111111111101111101111111111011111111011011111111111
110111111111111111111111111111111111111111111111011111101111111101110101111
011001101111001011111111001110111110111011100011110111011111111110111111110
110111110111101111111111101111111101111111111110111111111111001111011011110
011001100100100011111010001110011100111101111011001111001111001111101111010
111111111111111101111111111111111111111011110111110111110111111101110111101
010001100110100011111011001110011100111111111011001111001111001111011001110
010001101110101011111011001110011110111111111001001111001111001101111001110
011001101110100011110110001110111010110101111011001011001111110111111110110
011001100100100011011010001110010100111101111011001111001111001111101111010
111111110111110111111110111111111101111011110111011111111111111111110111101
111111111011101110011111101011100011010110101100111110111110110110001000010
