01011100100001000011000110011111101110101000001011110101111000011
10011100100001000011000110011111101110101000001011110101111000011
00001100100001110011011010010110110111100101001011101111110001010
11001100100001001011000110011111101110101000001011110101111000011
11110101110111111001101101011011111011100111001101011101110101001
11111011110111111111111101111111111011111111001111011111011111101
00000100001000000110000000100000000000010000000011000000000000100
00001100000101000011101000000010110010000000100011000001010100000
11111100010111111001101101011011111111100101001101011101110101001
00001100100001000001000010010010100110101000001011110101111010010
00000010000000001100000000101000000000010010010000000000000000000
00001101100001000011000000110110100110111000001011000111111100000
00001100100001000011110010010010100110100000001111100111110010110
11111101110110111001101101011011111111100111001101011101110101001
00101100100001010011011010010110110111100101001011101111110001010
00101100100001100011011010010110110111100101001011101111110001010
00011100101001000011000110111110101110111010001011100111111000010
00000110001000000010010000100100000000010000000011000010000000100
11110111000110111100111101101101011001010111000101011010000101101
11111101110111111000101101011011111111100111001101011101110101001
00001101100011000011010010010010100110100000101111100111110010110
00100100000010110110101001000000010001000101000101001000000001100
00101101100001110011010010010110110111100101101011101111110001010
11011100100001001011000010011111101110101000001011110101111000011
11110000010010111000101101011001011101100111011100111100100001011
00001100100001000011010010010111100110100000001001101101110000011
00000110001100001110000000001100000000011010000011000000001100000
11111100110111111001101111001011111111100111001101111101110101011
11011100101001001011000110110110101110111010001011100111111000010
11110100000100111110001101101001011001010111000001001000000101001
11111101110111111001101101011001111111100111001101011101110101001
11011100100001000011000111010110101110101000001001100101111000011
11111101110111111001101101011011011111100111001101011101110101001
00101101100001110011011010010110100111100101101011101111110001010
11011100100001001011000110011111100110101000001011110101111000011
11110000110111111001101111011011111011100111001100111101110101011
11111101110111111001101101011011111101100111001101011101110101001
00101100100001110011011010010110110110100101001011101111110001010
11111100110111111001101111011011111111000111001101111101110101011
00000110001100001110000000101100000000001010000011000000001100000
11010100010100001000000100101001001000010010000001010000001100001
00101100100001110011011010010110110111100001001011101111110001010
00001100001001001011000010111110100110111000001011100111111000010
00101100100001110011011010010110110111100100001011101111110001010
00000001000000000000101000000000010000000000010000000000000000000
00000000001000000000000010000000000000000000100000100000000000010
11111100110111111001101111011011111111100111000101111101110101011
00001100100011000011110010010010100110100000001011100111110010110
11110111010110111100101100101000011001010111000101010000000111100
11111111110111111111111101111111111011111111001110011111011111101
11110000010010111000101111011001011101100111011100011100100001011
11011100110001000011000110010010101110101000001011100101111010010
00101100100001110011011011010110110111100101001001100111110001010
11111100110111111001101111011011111111100111001101111001110101011
00100100000110111110101000001000010001000111000101001000000101000
11111101110111111001101101011011111111100111001101011100110101001
11111000110111111001101111011011111111100111001100111101010101011
11111101110111111001101101011011111111100111001101011101100101001
11010100010100001000000100101001001000011010000001010000000100001
00001101100101000011000000110110100110111000001011000111111000000
00000100010010000000100000000000000000000000000111010000000000100
00101100100001110011011010010110110111100101001011101111110000010
00000110000010000110110000000000000000000000000111000000000010000
11110000010010111000101111011001011101100111011100111100100001001
11011100100001000011000111010111101110101000001001100101111000010
