001110000000001000010000000100000001001000000010000010000100
000001000000100101101100011010111000100000011000000001010011
100101000000100101000000010000000001000000010000000000000000
101000000001000000000001000000000110000001000000000000000100
100000000000001010010000001000000000000000000000000010000001
011000000110100000000011100001000010010110100000011000000000
000000000000011000000000000100000000001110100000001010000000
000000000000000000100000000000100000000000001111000001010000
000000000001000000000001000001000110000011000000000000101000
000001000000100101001100011010111000100000110000010001010011
000001000000100101101100010010101000110100010000000100010010
000100001000000000000000000000000000000000000111000000010100
011001000110000000000011100001000010010110100000111000000000
000000100000000000001101000010101110100110100000001000000000
100010100000000000010000011000000000000000010010000010000001
011000000110000000000010000101000000011110100000111000000000
000010000000000000010000000000000000000000000000100100100000
011000000110000000000011100000000010010100101000110000000000
010000010010000000000011100001000110010111101000001000101000
100010000000001010000000000000000000000001000000000010100000
010000000110010000000111100001100110010111100000011000101000
010000000110010000001011100001100110010111100000011000101010
000001000000100101101100010010111000100100011000000101010010
000101001000110001101100000010111011100000000000000101000010
000001000000100001101100010010111000110100010000000101010010
011000000110001000000010100100000000011100100000010010000100
010010000100001000000000000101000000001000100000011010000001
100000100000000100000000011000000000001000010010000000000000
010000000110010000000011100001000110010110100000111000101000
000001001000100100101100001010111000100000000101000001010011
010000010110010000001111100001011110010111101000011000101010
010000000100000000000011100001100110010111100000010000101000
010000000110010000000011100001100110010111100000011000101000
000100001000010000101100000010111001100000000100000101000010
000101001000110001101101000010111001100000000000000101000010
101000000000000000000001000000000110000001000000000000001000
010000000110010000000011100001000110010110100000111000100000
000001000010100101101100110010111000100100011000000101010010
100000100000000100000000011100000000000000010010000000000000
000001100010110101101110110010111000110000011000000101010010
000001101000110100101100000010111000100000000101000101010010
000100001000000000111100000000111001000000000111000101000010
000001100100110101101100011010111000100000011000000001010011
011000000110001000000010100100000000011100100000010010000100
010000010000000001100010000000100000010100100000000001010000
000000010001000000000000000001000100000011000001001000101000
100000010001001000000000000100000000001001000000000010001100
000000010001000000000000000001000000000011000100001000101000
000000000000100111000000000010000000100000000000000100010000
000001000100100101001100011010111000100000010000000001010011
000001100000110100101100001010101000100000000101000001010011
000000000010000010000011100000000110010111000000100000101000
100010100000001000010000011000000000000000010010000000000001
010000010100000000000011100001000110010111101000011000101000
000000001000000010111100000010111000100000000101000101000011
010000010111000000000010100001000000010110101000111000000100
000000001000000000101100000010111001000000000111000101000010
100100000001000000000000010000000000000000010010000000010000
010000000110000000000111100001100110010111100000011000101000
010010000100001000000000001001000000000000100000011010100000
