01110011000101110010111011100010100111110100011100001001111001111101001011000110
10000111111011111110101111101110010011110101101001111110100111110100110000110110
10000111111010111110101110101110010011110101101001111110100011110100100000110110
10001010001000000010100000000010001010010100001000000000101001010010000000100010
00010000000000000000000000000000000000000100000000000000000000000010000100000000
01100001000101111100011011110000110101101001110101011111000000101101111111000101
11110001000101110010111011100010100111110100011100001001111001111101001011100110
11100110111111111110110111101110010011110101111001111111100111110101110011110110
01100001010111111101011011111000010101101001110101111111010000101101010111000101
01100001100111110101011011111000010101101001110101111111010000101101010111000101
01110001000101110000011011100001000101100000010100001001011100101101000011000100
10000111111011111110110101101110010011110101111001111111100111110101110011110110
01100001110101111101011011111000010101101001110101111111010000101101010111000101
11000111111110011110100111101110010011110101111001111111100111110001110011110110
11100111111110011110100111101110010011110101101001111110100011110100100011110110
11100111111111101110111111101110010011110101111001111111100111110101110011110110
01100101100111110100011011111000000101101001110101011111000000101101110111000101
01100101110111111000011111111100010101101001110101111111000000101101110111000101
11110011000101110000111011100010100111110000011100001001111001111101001011100110
00000000110010000000000000010000000000000000100011100000010010000000000000010001
11110011000101110010011011100000100111110000011100001001111000111101001011100100
10000111111110011110100111101110010011110101111001111110100111010001110011110110
11100110111010011110100111101110010011110101101001111110100011110100100001110110
01100001000101110100011011111101010101101001010100011111000100101101010111000101
11100111111011111110111101101110010011110101111001111111100111110101110001110110
11000111111111111110111110101110010011110101111001110111100111110000110001110110
11100111111111111110111111001110010011110101111001111111100011110101100011110110
00000100110010001101000100001100011000001001100011110110000010000000100000010001
01100001110111111100011111110100010101101001110101111111000000101101110111000101
01100001000101110100011111111001000101101001010100011111000100101101010111000101
11110011000101110010011011100000100111100100011100001001111001111101001011000110
00000000001000000000000100000100000000000010000000000000000100000000000000000000
10000110000000000010100000000010000110010110101101000000000001011000101000100010
01100101110111110100011111111000000101101001110101011001000000101101110111000101
00010000000000000000000000010000000000001000000010000000001000000010000000000001
10000110111010001110100100001110110010010111101101110110100001011000100000100010
11110011000101110010111011100010100101110000011100001001111001111101011011101110
11100111111111111110111111101110010010110101111001111111100111110101110011110110
11100111111111111110111111101110010011010101101001111110100010110100100011110110
11110011000101110010111011100000100111100000011100001001111001111101001011100110
00000100110010001100000100011100011000000011100011110110000000000000100000000001
11111011000101110000011011100010100101100000011100001001011001101101001111000110
00000000000000000000000000000001100100001000000100000000000000001000000000000000
01100101110111111100011111111100010101101000110101111111000000101101110111000101
01100101110111111101011011111000110101101001010101111111010000101101111111000101
10000111111111011110110111101110010011010101101001111111100111010001110010110110
11110011000101110010111011100010100111110100010100001001111001111101001011100110
10000110111010001110100100001110110110010111101001110110100001011000100000100010
00000000000000000001000000010000001000001000000000000000000000000010000000000001
01100101110111111101011011111000110101101001110100111111010000101101111111000101
01100001110111110101011011111000000101101001110101011111010000101101010111000101
01100101110111111100011111111100010101101001110101101111000000101101110111000101
11100111111111111110111110101110010011110101111001110111100111110001110001110110
01100101110111111100011111111100000101101001110101111011000000101101110111000101
01100101110111111100011111111100000101101001110101111101000000101101110111000101
10000111111111011110100111101110010011010101111001111110100111010001110010110110
11110011000101110010111011100010000111110000011100001001011000111101001011100100
10000010111010000011100000000010000010010100101001100000100011010000000000110010
10010010001000000010100000000010001010010100001000000000100001010010000000100010
01000001001101010000010111000101000001000000010000001001000010100101000011010100
01100001000101110001011011110000000001100000010000001001010100100101011111010101
11110011000101110010011011100010100111010100011100001001011000111101001011100110
11100111111111111110101111101110010011110101101001111110100111010100100010110110
11110011000101110010111011100010100111110000011100001001111001101101011011101110
10000110111010001110100100001110110110010111101101110110100001010000100000100010
11100111111110111110101110101110010011110101101001110110100111110000110000110110
00011000000000000000000000000000001000000000000010000000001000000000000000001000
10000111111111011110110110101110010011010101111001111111100111010000110010110110
01100101000101111100011011111000110101101001110101011111000000101101011111000101
01000101110111011100010111001100010011000001110001111111000010010101100011111100
10000110000000000010100000000010100010010100101001000000100011010000100000110010
00001100110010001100000100001100010000000101100001110110000010000000100000010000
10000111111111111110110100101110010011110101111001110111100111110001110001110110
10000111111111111110111111101110010011110101101001111110100111010000110010110110
01110011000101110010111011100000100111110000011100001001111001111101011011001110
01100001000101110001011011110000000001100000010000001001010110100101011111000101
00000000000000000000000000000000000010000000000000000000000000010010010000100000
11100111111111111110111111101110010011110101111001111111100111110101110011110010
11110011000101110010011011100010100111110100011100001001011001111101001011100100
00000100110010001101000100011100011000001001100011110110000010000000100000010000
