0110000010010000011000010000000000000000
1001011110111110011011011001010101101000
1000010000000000000101000000010000001100
0100100111111111111010011111101111110011
0001001100101110000000101100000100100010
0110000001010001111111010011111001011001
0100100011111101111010011111101011010011
0101100011011101111010011111101010010011
1101001100010010011000010100000010000000
0001011100101111000011001000011101101110
0101101001010111111010010111101011010011
1101011110101110011011011001010101101000
0101101101010111111010011111101110110011
0101101101111011111000010111101000010001
0101100011111101111010010111101110010011
0001011101101110000011001001011101101110
0001011100101110000111101011110101101001
1101011110111110000001011001010101101000
1101011110111110000001011000010001101000
0010010000000000100001100010110000011001
0101011101111011100001001011111101111001
0110010001010001111110010011111001011001
0000100000000000100100000110100010010001
1101011110111110011001001000010101101000
0101101101011001111010010111101000010001
0001101110101110000000101000000100100010
0001011100101110100111101001110101111001
0101011100111111110011001010111101111001
0001011100101110100111101011010101111000
0110010001010001111111010011101001011001
0001011101101111000011001001010101101110
0101100001011011110010010111101010110011
0001001110101010000000100000000100100000
0101011001110001111011010011111000011001
0101100001011001111010010111101110010011
0001011100101110000111101011110101101001
0110010001010001111111010011111001010001
0010000001000001000000000000001000000010
0001101101101011000000000100001100100100
0001011100101110100111101011010101111000
