0011111101011011111011111010111111111100
0011111111011111010111101101111110111011
1101100110101111101101111111010001000110
1110100110111111110101111111111011011011
1111010111111110111101111111100011101111
1100101111111001111011110010111101111101
1100010110111101111110010111111100111111
1111111011111101011100111011110111101111
0111111101111011101011101101110111100110
1100110110111111110110010111111100111011
0011111111011111011111101001010111101110
1101111111101011101010110111111101111101
1111111111110111101101111111000111010100
0111101101101011101001111111110011000110
1111100011111100111101111111110111101111
1111011111111100111111101101110111101111
1011111011011111011111111011111111111111
1101111101100011101010111111110101110101
1010111110111111110111000101111110111011
0111101101101011101001111111110011000110
1100011011110001111000011010111101111101
1111110010101111101100111111110111100111
1111110110111111110101011111101010011011
1011111101011110110111101101111111111011
1111100110101111110111110111111110111011
0111101011011111011101111011010011001110
1011111101011110110111101101111111111011
0111101111111111111101111110010011000110
1101111111010111111111111010010101111100
1111011111110111111111011111101110111111
1101011001010000101010111010010101110100
1100011111111011111011011010111001111111
1101100110101111101101111111010001000110
1011110110111111110111010111101110111011
1100111111110011111011011010111101011100
1101011001011000111010111010111101101111
1101111101110011101010111110110101110101
1010111110111111110111000101111110111011
0111101111100111101101111111010111010100
0101111101010011111011111010010101011100
