0111011111110110111111101101111111110111
1010111101111011011010011111111110111010
1100111011101001111110011110110010111011
1000000111111111111010101111111110110111
0110000101100001111110001110110010111011
1110000111101001111110101110110010111111
1110000111001001111110101110111010111111
1101111010111101101110011111110011111011
1011011101111110110001111101101101101111
1111111010011101101111111111101011101101
1111110110010101101110101111111011111111
1101000111101110111111101101111101110111
0111011111010101111111101111111111011111
1001000111111011111101101010111101110111
1101000010010101101101101011101001001111
0111111101101110010111111111111111111011
1011111111111110010101111001011101101111
1111111010011101101111111111101011101101
1111111101111110010011110101011111111010
1010111101111111110010111111111110111010
1111111101111001011101010010110011111010
1000000011011111111010101111111110111111
1001011011111111111101011011101101001111
0110000111000001111110101110111010111111
1111111111111111110101110011101111001111
1111111111111001011101010010110011111010
0111111101101111010111111101111111111011
1101000111111011111101101010111101110111
1111111111111111010111111111011111101100
1111111100111101101111010111100011111011
1101001011111111111101111011100001101111
1101000010011101101101101011100001001111
1111111101101001011111011110110001111011
1000000111111111111010101111111110110111
1111111111110101111111010111111011011110
1111111100111101001111010111010011101000
0110111111101011111111111110111110110101
1001011011111110110001111001101101101011
1111111110111111101111111111011111100101
1011111111111111110001111011011111001110
