000001110000000100000100001001100000000010010
000000001000100011000011000011000001100001000
000010001010000001000001100000000001000000000
000001100100010000011000011010110100000011010
001001000000010000111000101000101100000000000
100110010010101101000011000001000000110000000
100100011000100001000001010101010000000010000
100001100100010000001100011010110100000011010
011000100000000010000100000010010100000011100
000100010000101001000011010011000001110001000
001001000000010000011000100000100100000000010
000000000000000000110000100000001000000100000
010001100100010000001100001010100000000011010
000110010010101000001011010001000000110000000
000001000100010000111000001010100100011011000
100001000000000000100100001000100000001110000
010000001000000000000010000001000001100000100
011001100100000000000100001010110000000011010
000010000001001100000010000000001010110100001
000110000011001000001010000000000000110000000
000110010010111000010011000001000000110000000
100000011000100101000001000001000001100100000
010001000100010010111000001010100100001011000
011001100100010000001100000010110000000011010
001010000011000000000000000000001000000000100
000100110100010000000000001010100100000011010
100110010000101101000010010001000000110000000
000000100000000000000000000000010010000000011
010100011100101001000011010001000001110001000
110001100100010010001100001010110000000011010
100110010010101101000011010001000000110000000
000100111000000001000001000101000000000000001
000010000001000000100000100000000000000000001
000110011010001000000010010000000001110000100
000000000000000000100000000100000000100100000
011000000100000010000100000010000100001011100
010001000100010010111100001010100110000101000
000001000100011000111000001010100100001011000
000000000000001100000010000000000001010000001
000000000001000100100100000000000010100000000
100100111000101101000011010001000001010000000
010100011100101001000011010011000001110000000
000000001000000010000000100000000101000000000
100100010010100001000001010101000000000000000
000000000000000000100000000100011000001000000
