0011011101110101011011110
0010111101111100110101111
1101101110101101111111111
1010111011111101110010110
0111011101011111011101111
1101101110101100111111101
1111110011110011011011010
1110110011011111101110110
0011011101110111011101110
1101101110011110101111011
1111011010011111011111000
1101101111101111111011111
0111110101110011101111111
1111110111110011011011011
0000101111111100110011111
1011101110111100111111101
0111010101011011011101111
1111111010110111101111010
1010111111111101110010110
0110110111101001110010111
1011011101111111011101111
1110111011111111110010010
1111110110011011101110011
1111101111011110111111101
0110110001011111100110110
