01111111111101111101111111111110101111111111001111
10111111011111111111110111111111111101111111011011
11001001100010111011110010101101111011011101111001
11000111110111101101101001111110101011001100101101
11100111110111111101101001111110101011001100111101
11011011110011111111001001001111001010100110111101
11011101110111111101111001011110101011101100101101
11111110111111111111011111110111111111110111001111
10111111011111101111101111111111011110111110111111
11011111100110011111111001011111001010101011111101
11000001100010111011110000101101111101011101111001
11011011110011111111001001001111001010100110111101
01111111111101110100111111111110111111011101111111
11011111100110011111111001011111001010101011111100
11111111101110011011110111111011110111111111110011
11101111011111101101101111111010111111111110100111
11111111111101110101111111111010111111110111111111
11011111110111011010011001011111011010101111111100
01100101111101100101111110110010110111011101110111
11111111111101111010111111111101111101011101111011
11111010111011111011011111101111111111110111111111
11100011011011101111101110101111111101011100110111
10011111110111011111110001011111111010101111011000
11000001100010111011110010101101111111011101111001
11100001100010111011110100101101111101011101111011
11011111110111111101101000011110101011101100101101
11111001101010111011110110001101110101011101111011
11011011110011111111001001001111001010100110111101
11111110111111111101111111110110111111110011001111
11111111111111000101111111111011110111111111110110
11011111110111111110111001011101011010101011111100
01100101111101100101111110110110111111011101110111
11111011001010111011111111101101011101110011111011
01100001101010111111111110101111101111011101110111
11111111111111011101111111011011110111111110101110
11000001101010111011110110101101111001011101111011
10111111110111111110101101011111011000101110111101
11111011001010111011110111101101111100111111111011
11000111110101111100101001011110101011001110101101
11100001101010111011110110101101111101001101111001
11111010111011110111011111100111011111110111111111
11111111101110111111111111110101011111111011111111
11000101110101111100101000011110101011101100101101
11100001011011101111101110101111110101011100110111
00111110111111111111110111110111111111111111011111
01101100111111101111111110110111110111011101100111
11111111111111001101101111111010101111111110100110
10011111110111011110110001011111011010101111111000
11000001100010111011110010101101111101001101111001
11111111111110111011110111111001110111111111110010
