01110000110101010110111110101011111101110010110110111101111000111
10110000110111010110111110101001111101110011110111101101111000111
11001011110110011000001101010011100111101111010101011100101100101
11000111111111001110011110110111101101010111110011110111000000101
00100000000000100001000000001000010000000000000000001000011111010
00010000000000000000000010101100000000010000100000000001010001010
00110001000001011110110010110000001010111100101110101001100000000
00110010000001011110110010110000001010111100101110101001100000000
11110000000111010110111110101011111101110011110111101101111000111
11110000000111010110111010101101011100110000111110101101111000111
00010000000000100000100010101000011001010000100000100001010000010
11110000110011010110111110101001011101110011110111111101111000110
01110000110101010110111110101011111101110010110110101101111000111
11010011110110011110011110010011100101101111110111010110100000101
00001000001000000001000000001000010001000000000000000000010100010
11100011110111001110011101010011100111101111010111011100100000101
00110011000001010110110010110000001010111100101110101001100000000
11010011110111011010011110110011100101111111110111010111100000101
11010011110111011100011110110011100101011111110111010111100000101
00001000000000100000000000000000000001001000000000000000000100000
11000011111110001000001110110011101101000111110001100111000000101
11010011110111011110001110110011100101111111110111010111100000101
11110000110111010110110110101011110101110011110111111101111000111
11110000100111010110111010101001010001110011110110111101111000111
11010111111111001110111100110111101101010111110011110111000000101
00100000000000010000000000000000010010100000001100001000101010000
11010111111110001110111110010111101101010111110011110111000000101
00110011000001011110110010100000001010111100101110101001100000000
11001100111110100000001100000111100101000011010001010110000101111
00010100010000000000000010101001000100010000101000000001010000010
10110000100011010110111010101000111010110000110110101011111011110
11110000110111010110111110101100011100110010111111101101111000010
11110000100011010110111010101010011010110000100110101101111011111
11001000111110100000001101000011100101000011010001010100001100101
11010011111110001000100010110011100101010111110000110110000000101
11110000110111010110111010101101011000110000111110111101111000010
00100011000000011000000001010010100000100100000100001000100010000
11110000101111110111111110101000011000111011110111111101111000111
11100011110111011100011101010011100111001111010011011100100000101
11010111111110001110011110110111101101000111110011110111000000101
00100011000001011111010000010000000001100100000110001000100000000
00110011000001011110110010110000001010111000101110101001100000000
11110000100111010110111110101001011001110001110111111101111000111
01110000100101010110111110101000011001110010110111111101111000011
11010111111111001110111110110111101101010111010011110111000000101
11110000110111010110111110101011011101110011100111111101111000111
00000011010000001000000001010101000100000100000000000000000000000
11100011110111011110011101010011100111001111010011011100100000101
11010011110111011110011110110011100101111111110101010111100000101
01110000100101010110111010101001010001110011110110111101111000111
11010011111110001000101110110011101101010111110001000111000000101
10110000000101010110011110101000011101110011110111001101111000111
11101011110110011000001101010011100111101111010101010100101100101
11110000110111010110111110101001111101110011110111111001111000111
00010000000001000110110010101010001000010000100010100001010001010
11010111111110001110111110110111100101010111110011110110000000101
11100011110111011110011101010011100111101111010111011100000000101
11001100111110100000001100000111100101000011010001010110000101101
11101000110110000000001101000011110101000011010001011100000100101
00101000000000100001000000001000010000000000000000001000011011010
00001000000000000000000001000010100010000000000000000000000101000
00001100000000000000000000001010100000000000000000000010010110010
11110000110111010110111110101010111001110010110111111101111000011
11001100111110100000001100001111100101000011010001010110000101101
11110000110011010110111110101000111001110011110111111101111000110
