011111110111110111110010101111111101111111111111111011011111
101110110110101111111111011111111111111011001111111111111111
110101011001011011111111110011000010111111110100011001111101
111011011110111101111110111111111111111101011111111111101111
110100110101100111101001101011101101110111100000100111110111
101100110101101111111011001011101111111111101111111111111111
110011011111111111111110111111111101101101010101111111111111
111111101111110110001100111111111111110000010011100111110111
001100110101111011111111010011100111111111111110011011111100
110111111011111110100101111111111101100010010001100111110111
110100110101100111101001101011111101110111100001100111110011
101011111110111111111111111110111111111111101111111111111111
110111111111001111100101111111111100100010010001100111110111
101100111101001011111111011011101010011111101110111111111110
011101101101110011111111111001100010011111111110111001011110
110111110111100011101001101001111101110111100001100111110011
111011111111111101111111111111111111101111011111111110101011
111111101011111110011101110111011011110111110111011111111101
111111101111111110011111111111111011011111111111111111011111
111101101001011011101101110011000010111111111110011001111111
011111111011011111110111110110110110111111111110011001111100
011100111101111011111011101001001111111111111110011000111010
111101101001011010101101110011000010110111110110011001111101
011011001111111111111110111110110111111101111111111001011111
101110110111101111111111011111111111111011011111111111111111
011100111101111011111011101001001111111111111110011000111010
110111110111111110100101110111111101100010010001100111110111
110100110101100011101001101001111101110111100001100111110011
111111111111110011111011101001111111111111111011100101110110
111111111110111111110110111110111111111000011111111111101111
110111111111111110101001101111011101100111110101111110111011
110100110111100111101001101111101101110111100001100111110011
110111110111110111100100111111110101110000010001100111110111
110111111111100110001101111111111011000111100001100111110111
011101011001011011111111110011000100111111111110011001111101
110111111111000111100101111111111100100010010001100111110111
111111111111100111011111111111111011011111101111111111011111
111111011011011101111111110111011010101111111111111111111101
111101101001011010111101110011000010110111111110011001111101
101111101011011111111111010110110110111011111111111111111101
111011001111111111111110111110110111111101111111111001111111
111111101011011111111111110110110110111110111010000001110100
101011001011011101111111010110110110111111011111111111111101
101100111100101011111111111011101011011111101111111111111111
110101001001011010111101110011000010111111110100011001111101
111101101001011011111111110001100010111110111010010001110100
110101011001011011111111110011000010111111110100011001111101
110101110111100111100001101111111101110110110000100011110111
110111110111111110100001101111111101110110110001000111110111
111101101001011011111111110001100010111110111110000001110100
111101101001011011111111110001100010111110111010000001110100
010111110111110111100000101111111101110100110000100011110111
110111111111110111100000101101111101110100110001100101110111
111111111111111101111011101111011111111111111111111110101011
011111111111110111011110111111111111011111111111111111011111
111011111111111101111111111110111111111111111111111110101010
111101101001011011111111110001100010111110111010000001110100
111111111101111001111011101011001111111111111111111110101010
110111110111111110110101111111111101100010010001100111110101
111111110111100111110011101101111111111110111011100111100010
