0000011111111111111111001
0000011110111101110111011
0001001000111111111011001
0010101110111110111010011
0001011110110111111111111
1100101111111000101100111
1111110001011111011111100
1101110011111001100101111
1101110101111001111111111
1000011110111101110111011
1111110111011001000111111
1111111111100110111101111
1111011111100111011111111
1111101001011011011111011
1011101000011101111010010
1110101111101110111111111
1111110111010011011111111
1111101011011111101000010
1011111010011111110111011
1100111111111101101010111
1111101011101111101101110
1110101111111101101010110
0000111110111001100111011
0101110111111111111111101
1111110111111101101100110
