001000101110000001111010000001
000110100000000001100111101011
100001100111111110000000010100
010010100000100101100111101011
010100110000000101100111101011
001000100100111110100111101111
111111011111111111111111111111
000010100000000001111011101011
100000100110000001101000000001
101001101011111100100000000100
101000101100000011111010000011
001000100100100111100011101011
001101100101011111100111101111
001001100100101100100111101101
001001100100110100100111101101
001111100101111011100111101011
001001100011100100000010010100
110110111011100100101000000000
110111111111111101000100101101
100000110010000000001000010000
100000111010000001010000000001
010111100000111100100001101101
110111110011111110000000010110
010111110001111100000100111100
010111110001111100100101001100
001000100000000010010011000010
010111110001111100100101100101
001001100100111010100111101011
010111110011100100000010010100
110111111011111100101100001100
