001001010001111111001110001010100100111110100
000110000110000000010000100101011000000000010
100111111111010110110100111110100001101111011
011011000111000000011111101111101100101010110
011101000001000000011111001111101100101010100
101110111110010110111000110110000001100111011
001001011001111111101111001010100100111111100
101001101001111011101111011010100100111111100
001001110001010111001110001010000100101010100
011101000001000000011111100111101100101010110
011101000001000000011011001111101100101010100
101110111110010110111000110110000001000111011
100000110000011100100000010000000011010101001
101001111001101111101111011010100100111111101
100000110000110101001000000000010000110100000
101001101001111011001111001010100100111110100
101001111001010101001110001010100100111110100
100000111000011110001000001000000100100100000
001001110001110000001111010010100001111111101
011111000111000000001111101111101100101010110
100111111111011111110000111100010101101111011
101110111100010110110000110100000001100111011
100110111110010110110000110100101011001101111
000110110110010100110000110100101010000101111
011101000101000000011111000111101100101010110
001001010001110000101111000010100001111111101
101110111010010111011000000110000100100100110
011111000111000000011111101011101100101010110
101111111111010110110000111100100001101111011
010110000110000000010000100100011000000000010
101110110110010110110011110110001011000101111
010000000000001000001000000001000000100000000
010110000110000000010011100101100010000000110
100110111110010111011000101100000000100100010
000000000000100000000011000000101000010000100
001001000001100000101110010010100000111110101
101111111110011111111100111110010101001101011
100000110000111110100000010000000011000101001
101110111110010110111010110110000001100111111
101001110001111111101111011010100101111010101
101111111111010110111100110110000001001101011
001001110001110000101111010010100000111010101
100110111110010110110011111100101011001101011
011101000101000000011111101111101100101010100
001001000001110000101111010010100001111111100
