001111111111101111110010111111
001101110111111110111111110111
110011111001100101110110111001
110011111001110101110111111001
101101101011111111110011111011
111110101001111101110110111101
111111001001101101110111101011
111100001110011110111111111111
101111110111111111001001101011
110000011010011110111111011111
110010011100010011111111110111
111111101000101111110010111101
111111101001011001100110101001
010111011110101110110111011111
110011111101110111111101111011
111111111101011011111111100101
110010011111011100101111111111
101111101011101100100110101011
111111110111111111001111111110
111111110111011100001111101011
010000011110001110110110011111
011101110110111111111011011110
111111110111110111111101110110
010110111110011110110110011111
111111111011101111110010001100
111111010111011010101111000110
101111111101111011111101100111
110001010111010110101111111011
110010111110011011111111011101
111111111111111111011001001110
