0000001001001000011001100101101000011101010000000001100000001010110000
0010011001001000111001000111101000011001010000000011000010011001110000
0100000000000000100000010010110000010010000100000001000000000000101000
0000000100000000000000010000000100000000001001010000000001000000000000
0000000001000000111000000001100100001001000000000000000000000011000000
0100000001000000000001000111000000001001000000000010000001000001011000
1100000100100110000010001010010001110010100100110100000000011100001000
0001001000001001011101100100001000010100010000000011001010101000100100
0000000000001000100000000000000000000000000011000000100000000001000000
1100110000100110000010001010010001000010000010000000000100000100001010
0000001001000000011000100100101011011001100000000000000010001010010000
0000000000000000000100000001000000000000001000000010010000100000000001
1100000110000110000010001010010000100110010111111100100100010000001000
0000001001001000011011100100101010011101010000000001100010001010110000
0000001001001001011001101101001000011101010000100001100010001010110000
0000000100000010000000011000000001000000000001110100000000000000000000
0110100010000000000000000010010000000010000110000000000100000100001000
1100100100100110000010001010010101000000000000110100000100000100001010
1100100100100110000010001010010101100010000110100100000100010100001000
0000000100010000000000010010000000000000001000011010000000100000001000
0000001001001100011001100101101000011101010000000001100010011010110000
1100010100000110000010001010010000100010000100111100000001010000001000
1000000100100110000010001000000001100000000011110100100000000000000000
0011000000000001000100000000000000010000000000000011001000100000100000
0000001001001011011001100101001000011101010000100001100010001010110000
1100010100100110000010001010010001000010000010100100000101000100001010
0110011001001000111101000101101000011001010000000011000010111001110100
1100110000010010000010001010000000100010000110100000000000010000001000
1110100000100100000010000010010000100010000100000000000100010100001000
0010001001001000111001000100101010011001010000000011000010001011110010
1100000100100110000010001010010001110010100100111100000000010100001000
0001100000000000011000000000000000000000000000000000001000000000000000
0000000000100100000000000000010001000000001000000100000000000110000000
0000001001100001011000100100001010011001100000000000000010001010010000
0000001000001000001001100001101000011101110000000001010010011010110000
1110001100100110000010011010011001100010100100111101000000010100001000
1100110000100110000010001010010001100010100110100100000100010110001000
1000000100001110000010001000000000100000000011111100100000000000000000
0010001001001000101001000101101000011001010000000001000010011011110000
1100110000100110000010001010010001100010100100100100000100010100001000
0000001000100000000000000000001001111001000100000000010010001110010000
1100000100001110000010001010010000100010000100111100000100010000101100
0001000000010000000100000000000010000000000000000010000000100000000000
0010001000001000101001000001101000011001110000000001010010011010110000
0000000011001000101000100101000000001100000000000000100000000011000000
0001000010001001000000100000000000000100000000010000101000000000000000
0000001000001011011001101101001000011101010000000001100010001010110000
0001001000001001010101100000001000010100010001000011101010101000110100
0000000000001000000101000000001000010100010000000011011010101000110100
0000001000001001011001100100001010011101010000000011000010001010110000
0100010100010000000100010010010000000000001000011100000001000000001011
1110000100000110000010011010010000110010000100111100000000010000101000
1000000010001110000010101000000000000100000011110000000000000000000000
0000000000010000000000000000000000100000100100001000000000000000000001
0000000100000000000000010000000100000000000001011000000001000000000000
0000000001001000111000000100100000001001010000000000000010001011110100
0100000100100110000010001010010001100010100100111100000100011100001000
0001010000000000000001000100000000000000000000000010001000000000010000
0000000100010000000100010010000000000000001000011000000000000000001100
0100001000001000001011000011101000111011010100000001000010001000100000
1100001100100110000010001010010001100010100100111100000110010100001000
0000001001000000111000000100101010011001100000000000000010001011010000
1000100000100110000010001000010011101010100110100100000100000100000000
0100110010000000000000000010010000000010000010000000000100000100001010
1110000100000110000010011010010000100010010100111101000100010000001100
1100010000100110000010001010010001100010100100111100000101000100001000
0010011001001000111101000101101000011001010000000011000010101001110100
0000000100000000000000000010000000000000010000011000000100100000101000
0000000001000000010000000100010000000000000000000010000000000001000001
0000000000010000000000000000000000000000000000000010010000000000000010
