00000000000001010000001000000100001000000000000000
00001010000000000000100000010000000110001000011000
00010000110000000100100001000000000000110000001001
00100001000100011000000110110011000000000001000100
01000101000100000000000110110010110100000111100000
00001010111010000100000001000000000011010000010011
01000101000100001000000110110010010100000111100000
00011010010100000110100011010000000010111000011011
00100100000010000000000000000001100000000000000100
00100101000100001000000111110000110000010111100101
00000100000000001000001000100000010000000111100000
00011011010000000100100101000010000010110001011011
00000100100000000000000000001000101100000000000000
10000000000000010000001000100100000000000010000000
00000000000000010000011000100000010101000111100000
10010000000001100000010000000001000000000000000000
00010010011000000110000001000000000010111000010010
00100101000100001000000110110010110000010111100100
00000001000000001000000010010100000000001000000010
00000000000000000000101000001000000000100000001000
01100001000100000001000110010011000000000000001100
00000000000000110000001000001000010100000110100000
10000000001001100001010000000000000001100000000000
00011010010100000100100001000010000010110001011011
00011011010000000110100001010000000000111000011011
00100101010100001000000110110010110000000111100100
00011010011001100100000001000000000011110000010001
01011011010000000110100011000000000010111000011011
00000000000010000001010000000001000000000000000000
10000000000001000010000000000000001000100000000010
00011010000100000100100101000000000010110000011010
00010000100000010000100000001000000000001000001100
00001000110010000100000001000000001010010000010010
00001010011000100100010001000000000011010000110011
10000000000010000000000000000100100000000000000010
01001010000010100000010000000000000011000000010000
01000101000100001000000100110010110100000111100000
00000100000000100000001000100000010100000111100000
00100001000100001001001110110110000000000001000000
00100101010100001100000110110010110000000111100101
01000001000000001010000010010001000000000000000100
00001010011000100100010001000000000011010000110011
00001010011001100100010001000000000011010000010001
00011010011100100100000101000000000011110000010011
00001010011000100100010001000000010011010100000011
01000101000100001000000110110010110100000111000000
01100001000100000001100110010011000000000000000100
00010000110000000100100001000001000000011000001001
00000101000100001010000110010110111000000101100000
00100101010100000000000110110000010000010111100100
