0101001111110001000010100001100111011000100001000000100
1000100100000000001001110100011000100101010010110010010
0000100000000000110001010100011000100101011000110011011
1000001011110111010111010101111110110001111001110010111
0110000000010000001001010100111110100001010000110010010
0000001000001110010101011110011000100001011000110011011
1001010001100111110111010111011001110101011001110111111
1100000000000000000001110100011000100101010010110010010
1001000000100111010111010101011001110011111011110010111
1001001000100111010111010101011111100001111001110010111
1001001011010111010111010101011111110001111001110010111
1001100000100111011111010101111000100011011011110010011
0000010000000110010101011110011000100011011010111011011
0001011011111011000110001011100111011010100101001100100
0001011011111101000111011111111111110001111001001000110
1001001011110110010111010101111111110001111001110010111
0010001000000000000000000000000000000100000100000100000
0011011011111001000010001011100111010000100101011010101
0100100000010000000000000000100110001000000000000000000
0001011011111111000010001011100111011010100101001100100
1001001011110111010101010101011111110001111001110010111
0111111111111011000010111111111111110101110001111010110
1100000100000000000001010100011000100101010010110010010
0111111111111011000011101111110111110001110001101010110
0000010000001110010101010110011000100011011010111011011
0111111111111011000011111011111111110101110001111010110
0000011000001110010101011100011000100001011000011011011
1001001011110111010111010100111111110001111001110010111
1001100000010111011101010101011110100001011001110010011
0111111111111011000011111111100111110001101001101010110
0111111111111011000011101111100111010101110001111010100
1001100001100111011111010101111011110001011001110010111
1001100001100111011111010101111101110001011001110010111
1000001011100111010111010101011110110001111001110010111
0111111111111011000011111111110111010001100001101010110
1001001010100111010111010101011111100001111001110010111
1000000000000100001100000000000000000000000000000100000
0110001100000000100001100100001000000001010000100000000
0000000010011100000100001000000000000000100110001000001
0111111111111011000011111111111111110100110001111010110
1001000011100111010111010101011001110011011011110010111
0111111111111011000011111111101111010101100001111010110
0011011011111011000010001011110111010000100101001010100
0000000000000100110100000000000000000010001000000101001
0100000110011000000000101000000000000010100000001000000
1001001011110111010111010101111111110001111000110010111
0111111111111001000011111101111111110101110001010010100
0111111111111001010011101111101111010001110001101010100
0000000000001110010101011110011000100011011010010011011
0000001000000100100100000000000000001000000100000001000
0111111111111001010011111111111111110001111001111000110
0010011000001000000000001010000000000000000100001100000
1001001011100111010111010101011111110001111001110010011
0111111111111011000011111111110111110001110001001010100
0011011011111001010010001011100111010010100101001000100
