00111111001011011011001110010011111101111101010001
00010000000100001001000101000000000000000000000000
10011111100001110011000010010011111101111101010011
11100001101001100000100000010000000000100001100001
10100111111001110110001010110011111111111101010111
10101011111001110110101010110111111011100101111111
10101101111001110110101010110111111011100101101111
10111110101001110010000010010011111101111101010001
00111111001011011011000010000011111101111101010000
00001110000000010010001010000011111101011100011100
10011111100011011011000010000011111101111100010001
01000000000000100000100001000100000000000000101000
10000000101001011010000010010000011101111110010001
10111111101010011011000010000011111101111100010001
00111111000100010011110011001111111111011101011010
10101111111011100110101010110110111011100111111111
11000000101011000000000000010000000000100000100001
00001110000000010010001010101011111101011100010000
10101111111011110100101010110100011011100111110111
11100000101001100000110001010100000010100001100011
00010110000100110011000010000111111001000100011000
00000000000000100001000001001000000110011000000010
10001110010000010110000110110011111101111100010101
11000000000000000000001000010000000000100000000001
10101111111011110110101000110111111011100111111111
01000000000100100001010000001000000000000000000000
00001110000000010110001010001011111101011100010000
10111111000010011011001110000011111101011101010000
00000000000000100100010001100100000010000010000010
00000110000100110011100010001011111001000100011000
10101111111001110100101010110101111011100101111111
10101111111001100100101010110110110011100101101111
10101111111001110100101010110111010011100101111111
10101111111011110110101010110111101011100111111111
10101111111011110110101010110110010011100111111111
10101001111011100100011000110000000010111011000111
00001110000000110011010010001011111101011101010010
10101111111011110110101010110111111010100111111111
10111111101011011011001110000011111101011101010001
10101001111011100100011000110000000110101011000111
10101001111011100100011000110000000110110011000111
10101111111011110110101010110111111011100011111111
00000000000010010010000010001000011101011100010000
10111111100000110011000010010011111111111100010011
00010110000100011011000010000011111001000100011000
10101101111011110110101010110110111011100111101111
00000110010100110000100010000111111001000100110100
00001110010000010010001010000011111101011100011000
00101110000000110011010010001011111111011101010000
10111111001011011011001110000011111101111101010000
