0001001000100010010000000010010001001100
0000000110001000101100010101001000010000
0000000001000001101000000000001010000000
1000100000000001000000000000000010100010
0001000000100010000001001000000101000000
0000000000001000000010010100100000100011
1000000000001100001010000001101010000011
0100000010001000000100010100000000110000
0100000100001000000100010100000000110000
0010000000001000101010110011101010000001
1000100000000000101000010000101000000010
0000000000001000100010001100000010010001
0100011111010000010000101110000101011000
0000001000000000010011100011000000001001
1000100000000000101000010000101000000000
0011000000000000000001000000000000100000
0110000001110010010000101010010100001100
1000000000001100101010010001101000000011
0110001001100010010000100011001000001000
0100000110000000000000000000000000000100
0000011001010100010000100010010000001001
0000100000000101000000000000000000000000
0000000001001100101010010001101010000011
0100010111100010010000100010000101001000
0000100000011000100000000100000110010000
0100010110011000000000001010000101011000
1000000001001100101010010101101010000011
0100001001000100011000100010001000001000
0000011001100010010000100010010101001000
1000000000000000100010000000100010001111
0110001001100010011000100011000001001000
0000100000001000100000011100100010010010
0011001001010000000000101010010100001100
1000100000001000000000010100101000010010
0001010110000001000000000000000000000000
0100000110011000000000001100000101000000
1000000000001100101010010101111010000011
1000000000000000100100000000010010000010
0001011000100000010000100010010101001100
0000011001010100010010100010010000001000
