011000010100000010010000100000000011011100100
100000001011010001000011001101010001000110000
100000001011011001000001000001010000010100100
000000000000000000001100000100000000100100010
000000101011011001100011001001000000100100000
000000000000100101100010000010100000000000001
000010010100000000011000000000001010000100010
100000101011011001100010001001010000100100100
011010010000000010000000000000000011001011010
100000100011000001010001001001000000000100000
011010010100000010010000100000000011011001000
011010010100000110010000010000000111010000010
000001000000000101100010000010110000000000000
011010010000000010010000000000000011011011010
001010010000000000011000000000000010111100010
000001000001100001100011011101010100000000001
100000001011010001100011001100010000000100100
011011010100100110010000000000000011010010010
000011010000100110000010100000000011000000000
100000100111011001000011001001010000110100100
000100100000001000000000000010101000100100000
000100000000000000000000100000000000000100000
010011010000100110110000100000000011000000000
011010000100000110010000110000000111010000000
100000000010000000100111001101000000000100000
000000000001000100000001001011100100000000001
010010010100000110010000110000000111000000000
010100000000000110000000100000000101000010010
000001000000100000001000010000100000001001001
011010010100000100010000110000000111010000000
000001000000100000001000010010001000000001001
011000010000100110010000000000000011000010010
000000100000000000001000000000100000100000001
000000000001000100000001011101000000000000001
100000101011011001100011001001010000100100000
110000001011010001100011001101010000000110000
000110010000001000011000000000001010000100010
101000000011011001010001000001000000000100000
100000001010011000000000000010000000000100000
111110110100001010011100100000000011111000110
010000001000010001000000000100010001000000010
000000001010010000000000000010100000000000001
101000010000000010010000000000000000000100000
000100101001011001000000000100010000100110000
000001000000000100000000010010101100000001000
