00001110010010010011111011101010100111111000110010110100100111101
00101110011110010111010001001101010111111010111110010100100011101
01011010011001011011010101011001000110111001111111011100110001100
00101110010010010111010001001101000111111011111110010101100011101
11110100111101001000101110111011111000100011101101011101010110001
11011010011101011010011111001000100111011001111010011100110001101
11110101001101001000101110110011110000010011001101001011010101010
00000010000011010110000100011100010111010000000010010000101001100
00001000010000000101010001001000001111101100110010110100100000001
11111100101101001000111111111011111000001011101101001101010110001
01101110010110011111010001001101010111111011111110010100100011101
01001110011010010111010001001100010111111000110010010100100011101
11010001001101001000101100010111010000010011001101001011010001010
00101111010010010111010101011101010111111010110110010101100011101
00000000000000000000000000000000000000000100000000100010000000010
11110101001101001010001110110111110000010011001101001011010110100
00101110011010010111010001001101010111111011111110010100100011101
01010001101101001000000100010101011000000111001100000011011000000
11110101001101011000001110110111110000000011001101001011010110000
11110000101101001000101111110011111100101011001101011001010110000
10001010010010000001011001001000000111111000110011110100100001011
11110100111101001000101111111011111000000011001101011101010110000
10001110010010010011110001101010100111111000110010110100100111101
00101111010011010111010001001101010111111010111110010101110011101
10001110010000010011010001101000100111111000110010111100100111101
11110100111101001001111110111011111000101011111101011101010110001
10001010010000010011011011001000100111111000110010111100100001101
00101011010011010111010001001101010111111010110110010101110011101
11111101111101001000111111110111111111101011001111011101111110001
01010001001111011110000100011001010111010001001010010000111001100
10001010010010010011011001001000000111111000110010110000100001100
01111010011011011111010101011100000111111001110010010101110001101
10001110010000010011011011101000000111111000110010111100100011101
01001011011111011111010101011100000111111000110010010100110011100
00001000110000000101010001001000000111101100110010110100100000001
11110101101101001001101110111111111000100011001101011001011110000
11110101101101001000101110111111111001000011001101011000111110000
11010101101101001000101110111111111010000001001011011000111100000
11111000101101001001101111111011111100001011001101001001010110000
11110111001111011000101110110111110000000011001101001011010111010
11110100111101001001101111111011111000100011001101011101010110000
00000000100000100100000000000000001000000000000000000000001000000
01011010011011011111010101011000000110111001110000010100110001100
00111110011010011111010001001101000111111010110110010100110001101
11111100111101001000101111110011111000000011011101011101010110001
11110100101101001000101111110011111000000011101101001101010110001
01111110011010011111010101001100000111111000110110010100110011101
01111010011011011111010101011000000110111001111010010100110001100
11110101101101001000101110111111111001000001001101001001011110000
00101010010010010011110001001000000111111000110010110100100011101
10000000100000100000101010100010101000000000000001001010000100010
11111101101101001001111111111111111111001011101101001101111110000
00101110010010010011010011101000100111111000110010110100100111101
11111100111101001000111111111001111000001011111101011000110110000
00000010000010110110000000000000000000010000000000100000000001100
00011010010011010111010101011001000100111000110010010000010001101
11110101101101001000101110111111111011000011001101011100011110000
00101110010010010111010101011101010111111011111110010101100011101
00000001000000000100000000001100000111000100000010010000100000000
10001010010000010011011011001000000111111000110010111100100001101
11011000011101011011011111011000110110111000111011011100110001100
11110111001111001000101110110111110000010011001101001011010110110
11110101001101011000001110110111110000000011001101001011010111000
00000010000010100000100000000000000000010000000000100000000001000
11011100111101001000101111111001101000000001111001001001010100000
