000111000010100110001110000000110101001001010
000000011100001000010000111000000000100110100
000001000010010010000000000110010010010000010
100000001101000001010001101000001000000100101
100000001100001001000001101000000000100100101
101000000100011001010001001000000010110100001
000000010000000000000001110000001000000000000
010000100000000000000000000001000000001010010
010110000010100010101000000001010000001000010
010111000010100000101010000101010000001001010
101000001101010001000001000000001010010100001
000100000010000110000010000000100101000001000
100000001100001000010000111000000000101100001
001001000010000010100000000100010001000000010
010011000000100000101100000101010000001000010
100000000001000000010110001000001000000001000
101000001001010000010000101000001010010100101
000111000010000000100001000000000000000000000
000000001100011001010000000000000010100110000
010101000000100110101110000101010000001001010
100000001100001000010000000000000000110110001
100000000000001100010000001000000000100010000
100000000101000100010000101000001000100101101
000111100010000001000000000000100000000000000
010110100000100010000010000110000000001000010
010000100000100000000000000010100100001000000
010111000000100110000110000111000000001001010
001000000100011000010000101000000010010100101
001000000000000000000000111000000000000000100
000000011100001000010000001000000000101110101
100000000001000000000001010000001100000000001
101000001100011000010000000000000010110110101
000100100010000110000010000000100101000001000
100000000001000000000000010000101001000000000
001001000010000010100000000100010001000000010
100000000001010000000000000000001110010000000
010011000000100000101110000001010000001010010
001001000010000010001000000100010001000000010
100000011100101000010000111001000000100110101
010111000010100010101010000101010000001000010
010000010000000000101100000001010000101000010
100000000101000100010010001000001000000000101
010110000000000010000010000111010000001001010
101000011100011000010000101000000010110110101
000111000010100010001010000101110000001001010
