00000011000010001001010001100010100
00000000000000001010100000000010000
00000000100000100001010010010101000
00000100010110010000000000010000000
00000100000101100000000010000101010
00011000010000000010001000000000000
10000001000000000101001001101000100
10000010100000101001010010000101100
00100001000000100101001000001101000
00010100000101010000000000001000010
00000000000001101000010110000101001
00011000010010000000000000000010010
10010000000100000000010001110000000
00001000011000000110001010000000011
00101001101000000111001010000101001
00010000010000000000101000001000000
11000001001000000011000101100000001
00000010100001100000000010001101110
01000100000001101000000010000101000
10100011100000101000010011110101100
01000000000000010000000100001000000
10100001001010000001000101110000000
00000110100001110000000010001101100
00000000001000001000110000000000000
00101001001001100111001000000101001
10000010000010001001010000100010100
10000010000010001001010001010000100
00110000000010000001010000100000000
00000010110000010100101000000000100
00101001101000100111001010000001001
11000000000100000000000001000000000
00101001101000100111001010000100001
10000011000000000101001001101000000
00001000010101000100000000000000001
00000000001001101000000010000101010
