0111100000001011000100111001100110000011
1010110101111100000110011010111010010110
1100110101111110000110011010011010010110
1000110101110110100110110110111010011111
1111010101111111000110111110111010010111
0111100000111111011011111000100110010110
0000000010000000000100010001001101100000
0111100000001011011011101010110010000110
0000001001000000100100010101001001000000
0111100010001011100000111101100111000011
0111110000011111011001111000100110000111
0111110000101011011011111000110110010110
1110110101110110000110011010011010010110
0111110000101011011011101010100110010110
1011110101111101000110011110111010010111
1000110101110110000110011110011010010101
0001000011000000000000010101001000001000
0000010100110100001011010010011000111100
0000010100110100010011010010011000111100
1111101010001011000000111001100111000011
0111110100011111011001111000110110010011
0000010100110100011010010010010000111100
1001110101110100000110010110111000010111
1111111011111011111111101101111111111111
1110110101111111000110010110111010010111
0001100011000011100000111001100111000011
0111100100001111011001101000100110000110
1000001011000000100100010100001000000000
1101110101110110000110111110011010010110
0111100100011011011011111000100110000111
0111101010001011111000111001100111000010
1000011001110100000110010110011000110100
1111110101111111000110011110111000010111
0000001011000000000100010100001000100000
0000001000000000011001010000000101000000
0111110000011111011011111000100110000111
0001000000000000111001010000000000000000
0111110100111111011001111010110110010011
1111110101111110000110111110111010010100
1001100001100011000110111100010010010100
