0110111100100011110111000111100111100000011101110111010011110011100101
1010011101101011011111010110100011101110011101111111110111111001100101
1101110111111111101100111111111101111111111110101110101111111111111111
0010001111010101011010111111111111011101101111100011011001011101111110
1010011101101011011111010110100011101110011101111111110111111001100101
1110101100101011111111100001111110110010011111111111110111110011110101
1101110101111111111111011001100111111110111101011111111110111111110111
1111111011111111111111111111111100111111011110111111111111111111111111
0011000101000101010100111111111111011100100111100111001001111101010110
0111101110010101110110111111111111011101101111110101001001101111111110
1110111100001111111111010011101111111110011111011111111101111011110111
0011001101000111010100111111111111011100000111110111001001111101011110
0110111100100011110111000111100111100010011101110101010011110011100101
0011001111110011010110111111111111011101100111100011011011111101011010
1110111100111101111111010011101111110010011111111111110111111011110101
1111111111111110111111111110111111011111111111111011111111101011111111
1010011101101011011111010110100011101110011101111111110111111001100101
1101111111111111101111111111111111111111111011011111111111111111111111
0111111100100011110111000111100111100010011101110101010111110011100101
1110111111111111111011100111111111110011111111011111111111011111111111
1101111101101111111101011111100001101110011100011111111110111111100111
1100111100101011111110010111100101100010011100111110111110111011100111
0011010111010101010100011111101101011101110110100111001001111101011110
0111101111110111110011101111111111110101111111110111011111010110111111
0011001111010101010010110111111111011001101111100011011001011101111110
1111100111011101111111111001111111111111101111111111111101101111111111
1111100111111111111111111001111110111111101111111111111111111111111011
1011011111111110011111111110111111011111110111101011111111111101011011
1111111111111111111111111111011011111111101111111111111101101010111111
0011010111010101010100011111100101011101110100100111001001111101011110
0011010111110111010100111111100101011101110100100111001011111101011010
1011011111111111011101111111011011111111100111111111111101111101011111
1101111011111111111100011111100101101111011100111111101110111111101111
1111101011111111111111111101111110111111101011111111111111001110111111
1110111100101010111111010110100111010010011101111111110111111011110101
0011011111110111010100111111111101101101110111100101001011111101001010
0111101111110101110010101111111111010001101111100011011001011110111111
0111101111110101110010110111111111010001101111100011011011011111111111
0110111100101011111111000111100111100000011101110111110111110011100101
0011000101000101010100111111111111011100100111100111001001111101010110
0011001011000101010100111111111101011101000110100111001001111101011110
1110111100101011111111110001011010110010001111111111110111111011110101
1111111101101011111111011110100011101110010101011111111110111111000111
1111111111111111101111111111111110111111111011111110110111110111111101
0011010111110111010100111111100101011101110100100111001011111101011010
1101111011111111111100011111100101111111011100101111101110111111111111
1111110111011111101001111111111111111111110111011111101101111111011110
1100111101111011111111010110100111100010011100101110111110111011110111
0110111100100011110111000111100111100000011101110101110011110011100101
1110111111111010111111110110111111110011111111111010110110111011111101
1111111110110111110111111111111111101111111111110101011111100011101111
1101111111111111111110111111111111111111111011101010111110011110111111
0110111100100011110111000111100111100010011101111101010111110011100101
1101111100101111111111011111100101101110011100011111101110111111100111
0011001111110101010111111111111111011101101011110011010011011101111101
0110111100100011111111010111100111100010011101110111110011111011100101
1110111100001111111111010011001011110110011111011111111101111011110111
1111110111111111111100111111111101111111110110101010101110111111011011
1110111111111111111011100111111110110011111111111110110111010111111101
1111111110111110111111111011011110111111111111111101111111100011111111
0111101111110111110111101111111111111101111011110101011111000110111111
0011001111010100010110111111011111011101101111100001011001101000111110
1010011101101011011111010110100011101110011101111111110111111001100101
1111111111111111111111101111011110110111111111111110111111110010111111
1111111101101011111111011110100011101110010101011111111110111111000111
0011011111110111010100111111111101101101110111110101001011111101001010
0011000101010101010100111111111111011100100111100111001001111101010110
1111111111111011111111111100110111101111111101111111111110111111101011
0011001111110101010111111111111111011101101011110011010011011101111101
1110111100101011111111010111100111101110011101011111111111111011100110
