01100111111110100111111100111111011111111111111111111101110010101
10111111100111111110111111111111101111111101011111111001011111101
11000011101110100110111000111101111100111101011101111100011100101
01001100111010110101000111100011011110000110110111010111111110010
01010100111011111101000111100011011110000110111111010111111111010
11011000111011111101000111110011011011100110110011010111111111010
11100001101110100110111000111100111101101111111101111110011100101
11100010100110100110111010111100101101111111101101111110011100101
11111111011111011111111111111111110111111111111011101110100011111
10011100101011111101100111101011111011100110110011010111111111011
10111110110111111111111111111111101111111111101111111011111111101
11100011101010101110111000111101111100111101011111111100011101101
11111111111101111111111111011110111111111011101111111111101111111
01001100111010111101000111100011011110000110110111010111111111010
11111111011111011111111111111111110011111111111011101110110011111
01011100111011101001000111110011011110000111110111010111111111010
01001100111111110101000111100011011111000111110111010111111111010
11111111111111101011111110011111111101111011011111111101111101110
11100011101110100100111000111101111101111111010101011100011100101
10011100111011111100100111110011111011100111111011000111111111010
11100011111110100111011000111101111101111111101101111110111100111
11100011101110100110100010111101101101111111111101111100011100101
11100011101110100110100010111100101101110111111101111110011100101
11011100111011111101000011101011110011100110110011010111111111111
01011101111011111101011101100011011111001111110110010111111111110
01011100111011111001000110110011011110000111110111010111111111010
11111111111101111011111111011111111111111011011111111101101111111
11100111101110110111111001101111111111111011011111111100001110101
11100011111110100110111100110111011101111011011101111101011100100
11100011101110100110111000111000111101110111111101110110011100101
11011100111011111101000111111001110011100111110111000110111111111
11111100111101111111110111111010110011100110111111110111111111011
01100011111110100111111100110111011101111011111100111101111100101
10111110110111111111100111111111100111110110111111111011111111011
11111111011111011111111011111100100111111111111111111110100011111
11111011101111011110111011111100111001111101111101111110011101111
11011100111011111001000111110011011001100111110111000111111111010
11000111111010101111111110111111111110001101111111111111111111011
11100111111110100111111100111111111110011111101111111111111010111
11100001101110100110111000111100111100101101111101111110011100101
11100011101110100110110010111000101101110111111101111110011100101
11111111111101111011111111000111011111111010111011111111101111110
10011111111011111111111111111111111010101101111011101111111111011
11100011101110111111111011111110101111111010111111111111001110101
10011111111011111001111111000111111111111111010011011111111111110
11111110110101111111011111111111111111011111101111111111111111111
11101011101110100101111000111101111101111111010101111110011100101
11111011001111011110111011111111111111111001011001111110001111111
11011100111111111101000111110011011011100111110001000111111111010
11111111111111111111111101111111011111111111111110111001110111101
11100011101110100100111000111101111101111111011101011100011100101
11111111011111011110111111111101111101111101111101101110111101111
11100011101110100110111000111000111101111111111101110110011100101
10111111110111111111111111111111101111111111111110111001110111101
00011111111011111001101111000111011111111111111110011001111111110
11011100011011011101000111101001110011100111110011000110111111011
10011100111011111101100111100011111011100110110011010111011111010
11111111011101111111111111001111110111111010111011111111101111111
01111111011111011111111111111111110111111111111110111011110111111
01111111011111011111111111111111110111011111111111111111111011111
11011100111011111001000111110011011011100111110111000111111101010
01001100111111111101000111100011011111000110110111010111111110010
11100011101110100110111110111110101100111101111101111110011100001
00011100110011111101100111100011011111100110110110010011111111001
11100011111110100010111100110111111101111011011101111101011100110
