01001111010000001010001100111111110011111111110010
10110000011111011101101100000101000110000101001111
01001110000100100010000100101100001000011111010011
01000111001000100110000101111010100100111111110010
10100100011111011101101100100001000110010101011111
10111000011111011111101010101101001110001000011101
10110000011111000101101110100000001100000100001111
10010000111001011101101011000001100111100000001100
00000001000000000000010001000000110001100000000000
11001111000000000110001100111010100101111111110110
01011111000000110111001101111010100101111111110010
01101110000010100010000100101100001000011111010011
01001110000100100010000100101100001000011111010010
01001111000000001010001100111111110011111111111010
00110000001110000101000001000000000100000000000001
01001101001000000110100100111010100101110111111110
11001101000001000000100100111111110011110111111010
01011111011000110011001101111010100101111111110110
10110100011111010101101100100001000110011100011111
01001111001000100110000101111010100101111111110010
01001111000000011010001100111111110001111111110010
00000000100000000000000010000000001000000000000000
11001111011001000110100100111010100101111111111110
11111010011111011111101010000111001110001100101101
00000111000000000000010100110010100001110101110010
00010001101000100101000000000000100100000000000000
10111110011111011111101010011111001110001010111111
10010000011001011101101010100001000110100000111111
10110100011111011101101000100101000110010011011111
11100100000111001000100100101001010010010101011011
10010000011001011101101110100001000110010001111111
11001101000001001010100100111110110011111111111010
10010001111001011101101011000001000111100000001100
10000000100001001000100000000101000010000000001000
00100110000110000000010100100000000000010101010010
01011111011000110111001101111010100001111111110110
11001101000001001010000100111111110001111111111010
10000001111001011101101010000001100110100000001100
10010001111001011101101010010001100111000000101100
10111000011111011111101010001111001110001010011101
10110100011111000111101100100001000110010101011111
11111010011111011111101110000101001110001000001101
10110000011111011101101000101001000110010001011111
11111000011111011101101010001111001110001010001101
10010000011001011101101110110011000110100000011111
10111100011111011111101010111111001110011010101111
01001111000001011010001100111111110011111111110010
01001111010000010110001100111010100101111111110010
11111010011111011111101010111111001110001010111101
01101110000100100010000100111110000000011111110010
