0001010000000000001000100
0000100010001010110100001
0001000000010101000100001
1010000000000001000000001
0100000101011100010010110
1000000010000000100001000
0000000001000000000010010
0000100001100000110111001
0100010000000000001000100
0000101100000000000011010
0000000100010100000000001
0010100000100011100100001
0100100000000000000100100
0010100000100001010110001
0100000000010000001000000
0011000000010100000100001
0100010100010000001100000
0100100100000100000110001
1000000010000010100001000
0110000100011101110000000
0000101101000100010001010
0000010101000000001010000
1000100010001000000000010
0000101001000000000010100
0111000100110101010000000
