011110101011101001010011001101110011111011011010110100011010
101100000101110110010100111010111001010101000110111101111111
110110101011111011110111101111111011111011111110111100011111
111000101011110011000011001111111000101011011000110110011111
101000000000001000000100000000001001010000000011000000000110
000000010000000001000000000100000000100000000001000010000000
101100000000010010000100111010001001010110000110001011110111
000001000100000101001000000000000000100000000001000000000000
101100000111110110110111111010101100010101010110111101111111
010000011011100101011011000101110010101001011000110100001000
101100001101111110110110111011001101011101011110111101111111
111100001110110110010110111011111001011101010110111101111111
111100001111011110110111111011111101011101010110101101111111
011100101011100011010011101101110010101011011100110100011001
101010000010100000000101000000001100010000000010110000000110
010000011111100001011011000101110010101001011000110100001000
011100101011110001010011101111110010101011011100110100011001
101101010100010110010100111110001011110100000111001010010111
001000001010100000000001000010001100000000110000111001100100
111000001111110111000111000111111010101001011100110000011011
000000010100000100000000010000000100000100000000000001100000
011010101011101001010011000101110011111011011110110100001000
101100001111110110010101101010111000011100010110111001111111
101100001100111110110110111010001101010101011110111101110111
011000101011110011000011000111110010101011011100110100011001
010000101011100001001001000001110000100111011000110100001000
111100101011110011000011000111110010101011011000110100011101
101101000100010111010100101010001011110000000111001010010111
011100101011100011110011101101110010101011111000111100001001
101100000111110110010100111010111011010101000110001101111111
111100001101110110010110111011011001011101000110111101111111
111100000101110110010110111011101011011101010110111101111111
011110101011101001110011000101110011101011111010111100001000
000000001010101000101001000000000000000000011000110000000000
101000000100010111010100101111011001110000000111001000011111
111010100011100001000101000101111010101010000010110000001110
101101010100010111010100111110001011010100000111001010010111
111010101011101001000111000101110010101010011010110000001110
101100000111110110010110101010111001010100000110111001111111
010000101011100001001011010001110000101011011000110100001000
101100100000010010000100111010001001010100000110001011110111
111100001111110110010101111011111000000100011110110001111111
001000000000000000100000000010001000000000000001001000000100
101100001111110110110111111010011100010101001110111101110111
101100000110010110010101111010001100010101010110110101110111
011000101011110011010111100101110010101011011000110100001001
111010101011101001000111000101111011111011011000110100001110
000011010000000001000000000100000010100000100000000000000000
111100001111111110110111111010111101011101011110011101111111
111100001111011110110111111010111101011101011110101101111111
011000101011100001100011000111111010101010110000110000001100
111100001111110110000101111011111000000100011110110001111111
000101100000000001000000000100000000100010000000000000000000
010000101011100000101011000001110000001011011000110100101000
010000101011100000101011000001110000001011011000110101001000
111100101011110011010011101101110010101011011000110100001001
111100001111110110010110111011111011011101000110111101110111
011110101011101001100011001101110011111011111010111100001000
111110101011101001010011000101110011111011011010110100001000
011100101011110011010011101111110010101011011100110100011000
