00010110001110000010000000000000000100110101000001001000001000000000010100001010
00000000100000000000000000000000000000100010000001001100001000000000100000000010
00000001010000011000000100100001000001000000000010000000010100001001000000000100
10000001010111001000010010001001010011001000010110110001010000001000001010100001
00000100000000000000000100100100100000000000000000001000000000010100000000000000
10001000000011011000010111001100000010001000010100010001000000000001001000000001
10000001010110001000010011001001010011001000010110110101000100001000001010100000
00110010011000000010000000000000000101110101001011000010000010000010010100011110
01000000000000000000000000010100000000000000000000000000010000000000000000000001
00110011001000000010000000000000000101010101001011000010000010000010010100011110
10000001010110011000010011001001000001001000010110010101000100001001001010000000
10010010001000100010000000000000000100110101000001000000001000000000010100000010
10010110001000000110010001001010000100110101101001001010001010100110110101001010
00010100000000000100000000000010000100010101101001000010001010100010110001000111
00000000000100000001001000000000001000000000000000000000100000010000000000000000
00100100001000000100000000100010000000010111100001000000001000100000110101000110
00110110001000000010000100100000100100010101101000000000001001100000010101000100
00000000000011010000000010001001011010001000010110010001000100000000001010000001
10000001010110001000010011001001010011001000010110110001010100001000001010100000
00000000000000100000100000100000100000000010000000000000100000010000000000000000
00000000000000000001000000010000000000000000000000000000000011000010000000011000
00010110001010000010000000001010000100010101101000000010001010100110110101001010
00000000000000100000000000000000100000000010100000000000001000110100000001000000
00101100000000001000000000100000100000000000000000000000000001000000000000000100
00010110001000000110000001000010000110111101101001001011001010100110110101001010
00000110001010000010000010000010000100110101101001001010001010100110110101001010
00101000000000011001000100000000000000000000000000000000000001000001000000000000
00000000100000000000100000000000000000000000000000000000110010001010000010100001
00010110001010000110010000000010000100010101101000000010001010100110110101001010
00001100100000000000000000000000100000000000000000001000000000000000000000000000
00000000000011010000010011001001011010001000010110010001000100000000001010000001
00110010001000000110000000000010000100110101100011000010001010100010110101001110
00001000000000001001001100000100000000000000000000100000000001000001000000000000
00010010000000000110000000000010000100100000001001100010000000000000100000000010
00000000000000100100000000000010000000000010100000000000001000110100100001000000
10000001010111001000010011001001010011001000000110110001010100001000001010100001
00010110000000000110000010000010000100110101101001001010001010100110110101001010
00110011011000000010000000000000000100010101001001000010000010000010010100011110
11000001000110000000000011000001010010001000000011001101000100000000000000000010
10000001010111011000010011001001000011001101010110010001010100001001011010000001
00010110001000000110000010000010000100110101100001001010001010100110110101001010
10000001010111011000010011001001000011011001010110010001010100001001011010000001
01000000000000010001001000000000001000000000010000010100000000000001000000000000
10000001010111011000010011001001000011011100010110010001010000001001011010000001
00000000000011011000011011001001001010001000010110010001000100000001001000000001
00010110001000000110000000000010000000010111101101000000001000100100110101000010
00000001010011001000010011001000010011000000010110110001010100001000001010100001
00010110001000000110000000000010000100010101111001010010001010100110111101001010
00110011011000000110000000000011000100110101101001000010001110100010110101001110
11000001010111010000000011000001010011101000010110010101010100000000001000000001
00010010000000000010000000000000110100000000001000000000000001000000000000100000
00010110001000000110000000000010000100010111101101000000001000100100110101000010
11001000000010000000000011000100000010101000000000000101000000000000000000000000
01000010001000000000000000000000000000100010000001001000001000000100100100000010
00000001010011000000010011001001010011001000000110000001110110001010001010100001
00010110001000000110000010000010000100110101101001001010000010100110110101001010
00000000000000100001000000010000000000000000000000000010000010010010000000010000
00110000100000000010000000010000000100010101001001000010000010000010010000011100
11000000000111011000011011001001001010001000010110010100000100000001001000000001
00100010001000000110000000000010000100110100101011000010001000100000110001000110
00000001010011000000110011011001000011001000000110000011110000001000001010110001
00000000000000001000100100100000100000000000000000100000000000000000000000100000
00000000000011011000011011001001001010001000010110010001000100000001001010000001
00001000000000100001001000000000001000000000000000000000100000000000000000010000
00110010001000000010000000010000000100010101001000000010000010000010010100011100
00001000000010000000011011001000001010001000010100010101000000000000001010000000
00000001010011000000110011011001000011001000000110000011110000001000001010110001
00100100001000000000000000100000100000010111100000000000001000100000010101000100
01000000000011010000010011001001011010001000010110010101000100000000000000000001
10000001010111011000010011001001000011011101010110010001010100001001001010000001
00010110001000000110000000000010000100010101101101000010001010100110010101001010
10000001010110011000010011001001000011001000010110010101000000001001001010000000
00010010001000000110000000010010000100010101001000000010000010100110010101001000
00000000000011011000011011001001001010001000010110010001000100000001001010000001
00010010000000000010000000010000000100000000001000100010000011000010000000011000
00000001010000000000100000000000000001000000000000000000110010011010000000100000
10000001010010000000110011001001000011001000000110000001010000001000001010100001
00100001010001011000000100000001000001000000000010000000010100001001000000000001
11000001010111010000010011001001010011101000010110010101000100000000001000000001
00010100100001000100000000010010000100010101101001000010001010100010110001001110
