01111110001101111111111001011110110
10110111111101111011001111010110110
11011111111111010111110111100111011
11101010110111111010111111111110101
10110101111111111111011111111101101
11101010111100111001111001010110111
11110101111010011111111111111111111
01101010010110101110101110111111111
01111110001101111111111001011110110
01111111001001101111111111111110010
11101110110101101000111000110010110
11111101101011111111111111111101101
00111011000101101110001000111110111
11111000111110111101111001111101111
11011101111111011111110111111011111
11111110100101101110111000110110010
11011111111111110001111111100011111
10101011110111110010001111111011101
11111011110110110100111111111101111
11101110110101101000111000110010110
10110111111101111011001111010110110
10111110111101111011001000010110110
11011111111111011111110111010111111
01111011010100101110101000111111111
01111011010100101110101000111111111
11111110110101101110101000110110110
00111011011111111111000111011111111
11011111111111110111111111101101101
10011011110111100110000110110011111
11111111110111010010111111110011110
11110111111010111101111111101101111
00101011000101101110001110111110101
11011111101111101111111111111111011
11100111111011111011111111101110101
00111111000111101110001110111011110
