010101101111101111010101101111
100111101101101111010101111111
000111111110011011110110110111
111011101111000111111111111111
011100111111111111111110111110
111100101101101111011011111111
111111011111101101110001110111
001010101010010011101111110000
111111110111101110110100011111
111111101001110111111111111010
101110111001111011101111111110
110111101110111011010011101101
110011101111001111010001100111
001010010111001111101110010110
111011101011110111111111111110
110111101100111011010001101011
111111011111111101111111110110
111111110111111110101111111101
001110111110011011011110110111
111111101101101110100011111111
000111010110011011100110110101
111110011110011011101011110101
001111010111011011111100110111
110101110111101111010100001111
111111110111101111111110010110
011111111110011011111110100011
110111001111001101010001000111
111111101011111011111111101011
111111101110111110110011111101
111101101001100101111111011110
