0001000011111111111111110
0000100111111001110111110
0001101011111011101111110
1010100111111111111011111
0111010111111111111111101
0000101101111011101111110
0010010111111110111111011
0101111010111011101111100
1111101101011101110101111
1111111010010111011000101
1111111100001111011111101
1111111111001101010100111
1111111110110110001100111
1001101011111011111011110
1011111101101101110111110
1111110111110110011100111
1111111110000110011101011
1101101011110111101100111
1011111101101101110111110
1110111110111011111011111
1111111100100110001100011
1111111110100110101100011
1111110111111111011100011
1111011010011111111111101
0001101011111001110111110
