0000110000001100001100000011000000000000
0010110101101010001100001100100101010001
0101001111110000110011111100111111010111
0010111111101101001101000101111111011110
1101001010010101010011011011011000101111
1101001110111000111111111110111111010111
0011110101001101001111010101100111001000
0111011010110000110011111100111100010111
0011110101101000001010011100101101010001
0111001010010001110011111100011110111111
0111010110000000110010111000111000010111
0010110101001101001011010101100111001000
1101011010010000110111111110111011010111
1001101000010001000011010001011000001110
0100000000000000110000101010000000100001
0001101001010100000011010001001000101000
0010010101101010011100001100100111000000
0010110101101010101100101100100111010001
1101011010010000110111111010011000000111
1101011000001000111010111010001000000111
0010111111111101001101010101110111011110
0011111101011101001010010101001111001000
0010010101101010011100000100100111000000
0010111111111101001111000101110111011100
0110110111101010111100000110100111010001
0111011111011000110011111000011010000111
1000110000001010001100001000000000000001
1001101000010101000011010000011000001110
0111011110111000110010111000011000010111
0011110101101100001010010101100111011000
0011110111101101001101000101100111011110
0111011111010000110011111000011000010101
0011011001011000110011111100011001000111
0111011010011000110011111000011010000111
0000100001000011000000000000000000001000
0111010111101000010010011000111100000001
0001101001010101000011010001011000100110
0011110101101100001110010101101111001000
0011110101101100001110000101101011001000
0110110111101010011100001110100111010000
