000011111101110101110001100011100101111111100
000011111111111101010101111011100101111111100
000111111111010011111010101110111111111001011
001011111111010011111110101110110111111001011
111101101001111111111111111111111111110111011
111110111101111110111111101011111111110111101
111111010001111110111111111011111111010111111
111101101110101111101111111111111011101111011
111111010011011111111110111110111110011011111
111101010011111111011111111111011110011111111
011100011101110111111011101111111111110111011
111111101110111111111111111111111111110101011
110011110111001100110101110100101101011011100
111111101111001011101110111111111011101001011
010011111101110101110101011111101101111111110
110011111111101001111101011101101101111110110
001111111111010001101010101110100011101011011
111110011111011110101110101111111010101011111
101111111011111111011111111011110110111111111
111111101111101100100101111001101101111111100
001111111111010111100010100110110011101011011
010111111101111101110001100011101101111111101
001111111111010011101000100110110000101011111
110011110111101100110100110101101101011011100
111111111111110011111111011111111111110100011
010010111101111100110001100011101101111111100
011111111111011111110000100110111001101011111
001110011111111111001011101011110010101111111
111111111111011011101110111100111010101010111
110011110111011101110101110100101101011011100
111111111011111111111111111111011110111101111
001111111111010001101010101110100011111011011
001011111111111101010101111011100101111111100
111111101111101100110101110001101001111111110
001111111111010011101000100110110000101011111
111111110011111110011101111001011100011111100
111111010011011111111110111110111110011011111
111111101111101100110101110001111101101111100
111100011100111111111111011111111111110110111
110011110111001100110100110100101101011011100
110011111110101111111111011111011111111101111
111111111111111011111111011101111111110110111
110001101100101101110111011111101111111111011
001110111111011111101010101110110110101011101
001111111111010011101110101110110010101011110
