01101011101111110111111111010101100111110111111111
10011011111111111101111110111111111110111010001111
10011111011111111111111111111111111111110111111111
01101011111111010111111111010101100111110111111011
11110011111111110101110100001111110110111110000111
00100001111010111011011111111010111111100111100101
11111001111111111111111001111011111111100111111111
11111110111010110100010111000101100110111010011011
11011111011111111110111011111111111111111110111110
01111111101111111111111111111110011001111101111110
11111111110111001111111111110101011111011111111111
11111010111010110101010101000100100110011010001011
11111111111101001111111111111111101111111111111110
11111010111010110101010101000100100110011010001011
11101111110101001011101111111111111111111111111101
11111111110101001111101110111111111111111111111111
01100110111010110011011111011110110001111111100001
11111011111111010011111101010101100111111011011001
10110110111010111101011111111110011000001111100111
11111110011111111110111011111111011001111111111110
11111010111010110101010101000100100110011010001011
11111111111111001111101100111111111111111001011111
11110110111010111111010111101110011001001111100110
11111101011111111110111011111011111111110111111111
11110101111010111011001101111010111111101111100101
10110111111111101111101110111011111111101111100111
01100110111010110011011111011110110001111111100001
11110110111010111111010111101110011001001111100110
01101110110010111011011111110100011001011111111001
11111001111111111111111000111011111111101111110111
01101110110010111011011111110100011001011111111001
11111011101010110101010101000100100110111000011111
11111111100111111100110111100101011000111111111111
01101110111000111011011111111110101001111111111000
01100110111010110011011111011110110001111111100001
11111111101111110100110111000101000000111001011111
11111111101111110100110111000101000000111001011111
10110110111010111101011111111110011000001111100111
11111111110010111101010111100101111110011110111111
11111001111111111101110100101011111110101011011111
01001001111111111111111011111111111111110111111111
10111110111010111011001111111110111001101001001101
11111111101111111111101111111110111001111001011111
10110110011010111111011111111110111111011110101110
10110110111010111011001111111110111001101001000101
10110011111010110101010100001111110110111010001111
11110011111111110101110100001011110110111111010111
11101110111010110011011111010101100111111111111001
11111011111111010011111101010101100111111011011001
11111111001101111110110111101111101111111110111110
