00001000101101100010000100101000000010010011110000011000010100000100001100110010
00000000000001000000000000000000001000000000000000000000000000000000100000000001
00001101111110101111110110011111000111100011111101101110011111011111001111111110
00001001101100100110111110011100000110100101100011001001111100100100001111110010
10110100011110101001000100001011000011011001101100111111100110111110001100111111
00101001111110111111110110111111100111100011111101101110011111011111011111111110
00000000100001100010000000101000010010000111110000001000000100000100000000110000
00110100010010011101000010000011101101001000001101100111101010111011010001001101
10110110010011010011000000010011010011011100101100110111100010111011010000011101
00101101101110101111110110011111000111100011111101101010011111011111001111111110
10111100010110101001100100001011000001111001001100111111100110111110001110101101
10111100011010111001000100000011010001111001001100111111110110111111001000101111
00101101111100101111110110011101000111100011111101101010011111011111001111111110
11000010100000000010000000001000010010010001100000011000000100000100000000110001
10111110011110011001000100001011010011111101101100111111110110111111011000111111
00000101100100100110010010111100100110000011110001001000001101000100011101110000
00101101011110100101110110001111000110000011111101101010011100001100001111111110
00110101010010011001010011000111101001101000001101100111101011111011110000001101
10110110110011010001000000001011010011011101101100111111100010111111010000111101
00101101111110101110110110011111000111100011111101101110011111011111001111111110
00110100011010001001000100000011001001101000001100100111100010111010000010001101
00110100010010011101000010000011101101101000001101100111100010111011010001001101
00010000000000000000000001000000001000001100000010000001100000100000100000000001
10111100011110101001100000000011010001111001001100111111100110111110001010101101
00110101010010011101010000000111101100001000001101100111101010111010000001001101
00000000000000000100001000000100000000000000000011000000001001000000100100000000
10000110000000010000000000000000110000010000000000010000000000000000010000000000
00110100110010010001000000000011000111001000101100100111100010111011010001011101
10111110011011111011000000000011010001111101101100110111110110111111011000101101
00110100010010011101000011000011101000001000001101100111101011111010100000001101
00101101111100101111110110011101000110100011111101101010011111001101001111111110
00101101111110101111110110011110000111100011111101101110011111011111001111111010
00000101000000010100010010100100001100000000000001000000001000000000000001000000
00000010100101100010000100101000000010000111110000001000000100000100001000110010
01000001000000000100111010000100100100000000000011000000001000000000100011000000
00110101010010011001010010010011101001001000001101100111101010111011010001001101
10111110110011111011000000010011010001011101101100110111100010111111011000111101
00101101111110100111110100011001000110100011110101001110011110001111001111111110
00110100011110100101110100001011000001001001001101101111111110111110001110101110
10001000101101100010000100101000000010000011110000011000010100000100001100110010
00001001101100100110111110011100000110100101100011001001111100100100001111110010
00010010100000100010001000001000010010001001100010001001100100100100000000110001
10100110010010011001000000000011010001010000011100110110000011011011010000001100
10111110011111111011000100001011010011111100101100110111110110111111011000111111
10111110110011111011000000011011010011011101001100111111100110111111011000111101
10100110010010011001000000000011010001010010001100110110000011011011010000001100
00101101111110101111110110011111000110100011110101101010011111001111001111111010
00101101111110101111110110011111000111100011111001101010011111011111001111111010
00010000000000000000001001000000001000001100000000000001100000100000100000000001
00110101010010011101010011000111101101101000001100100111101011111011110001001101
00101101111110101111110110011111000110100011111101001110011111011111001111111110
10001000101101100010000100101000000010010011110000001000010100000100001100110010
10111110011111111011000100000011010001111100101100110111110110111111011000111111
00101101101100100111110110011101000111100011110001101010011111011111001111111010
00101101111110101111110110011111000111100011111101101100011111011111001111111110
00011001101100100110111110011100000110101101100011001000111100100100001111110010
00011001101100100110111110011100000110101101100011001001011100100100001111110010
10110100010110101001000000001011000001111001001100111111100110111111001100101110
00110101010010011101000011000111101101101000001101100111100011111011110001001101
10111110011111111001000100001011010001111101101100111111110010111111011000101111
00101101111110100111110110011111000111100011111101101110011100011111001111111110
00100100010010010101000001000111000000000010011101100110001000001000000100001100
00011001101100100110111110011100000110101101100011001001111100000100001111110010
00101101111110100111110110011101000110100011110101101110011110001111001111111110
00101101111110101111110110011111000111100011111101101110011111010111001111111110
10111110011111111011000100001011010011111101101100111111110110111011011000111111
00101101111110100111110110011101000111100011111101101110011110011101001111111110
00100101110110100111010000011011000111000011111101101110011110011110001101111110
01000000000000000100001001000100001000000000000011000000001000000000000000000001
00000101100000110110010000111000000110000011110001001000001100000100001101110000
10111100011110111001000100001011010011111001101100111111110110111111010000111111
10111100011010011001000001000011000001111000001100110111110011111011010000001101
00110100011010001001100100000011001001101000001100100111100010111010000000001101
00110101010010011001010010010011101101001000001101100111101010111011010000001101
10111110011111111011000100001011010011111101101100111111110110111111011000011111
10111110110011111011000000010011010011011101101100111111100010111111011000101101
00101101111110101111110110011111000111100011111101101110011111011111001111110110
00101101111110101111110110011110000111100011110001101010011111011111001111111010
10111100010110101001000000000011010001111001001100111111110110111111001000101101
01001001101101100110111110011100000110000101100011001000001100000100101111110010
