0111110111001110111011111001111100111111101111101111011110111011111101
1011000111111111010011000001011100101111011001111111010010011110001011
1101111011011110001111111010011100100111111111111101111101111011101101
1110111101110111111111111111100111011110110111110011111111101111111111
1011001111110001111111011111100111111010111010110011111111000100011011
1011000111111111010011000001011100101111011001111111010010011110001011
0011100101110001111111011111111111011010011011000011011111100100011011
1101111011111011111101111111111111111010111111111000111101111101111111
1110110101111111000111111011011100000111010101011111011111111111101101
1111111110111111111111111110100111111111111111111111111111111011111111
0101111111011110111111111111111111111111111111101110101101111011111111
0111111111100111111111111101111111111100111110101011111110101110111111
1110010111100111010011100001010100111111011101111011010010001111111111
1111010011111011000101010001011100100111001101111101011110010101101111
1111010111111100111111111001111101111111011101111111010010011111101111
0101111111011100111111111011111101111111111111101111101101111011111111
1001101101110011000111011111011110001010111011111001101101100100011011
1101111101111011001111111111011111011011111111111101111101110100111110
1011101101110011010111010111010110011010111011111011101111100100011011
0011101111110111111010101111111111111111111010101010101111101110011011
1111111011111011111101111111101111111010111110111010111111111101111111
1111111111111111111010101111111111111111111111111110110011111110111110
1011000111111011010111010001011100101111011001111111010010011110001011
1011101111110111111010101111100111111111111010111010101111101110011011
1011101111110011110111010111110111111010111010111011101111100100011011
0001101101110000111111011011111100011010111011101011101100100100011011
0011101111100001111111011101111111111010111010101011111110000100011011
1101111110111111111111111110111011111111111111111101111101111011110111
1001101101110011000111011111011110001010111011111001101101100100011011
1110011110111111111101101111101011111111111111111111111111011111111111
1110011110110111110111100111110111111111011101111111110011001111111111
1111111111111111111111111110101011111111110110110111111111111111111111
0001101101110000111111011011111100011010111011101011101101100100011011
0001101101110011010111011011011100011010111011101011101101100100011011
1110110101111111000111111011011100000111010101111111011111111111101111
1001101101111011011111011111011111001011111011111101101101110100000011
1101111101111011111111111111111111010011111111111100101101110100110111
1111010011111111000101110001011100100011001101011101011110010101101101
1111111111101111111111111111111111111101111111111111111111111110110110
1110010011101111010101110001011100111110001101111011011110011111111111
1011100101110001111111011111110111011010011001010011111111100100011011
0111111111111011111111111111111111111010101110101010101111110101111111
1110111101111111111111111111111011011111110111110111111111111111110111
1011000111111111010011000001011100101111011001011111010010011111001001
1011101101110001111111011111110111011010011001010011111111100100011011
1111011111101111111001100101111011111111101110111111111110011111111111
1111110101111111111111111111111111111011011001010111011111111111111001
0111110111001110111011111001111100111111101111101111011110111011111101
1110010111111111111111111111111011111111010101010111010011111111111111
1110010011100111010001100001011100111110001101111011011110001111111111
1101111011111011001111111110011111100011111111111101111101111101101111
1111111011011111111000101111111111110111101111111110111111111111111111
0011100101110001111111011111111111011010111011000011001111100100011011
1111111111011110010011100011011100100111101111111111001110111111101101
1011101111110101111110011111110111111111111011110111110011101110011011
1011101111110101111110011111110111111111111011110111110011101110011011
1101111011011110001111111010011100100111111111111101111101111011101101
0011101111100001111111011001111111111010111010101011101110100100011011
1011001111110001111111011101100111111010111010111011111111000100011011
1110010111100111010011100001010100111111011101111011010010001111111111
1111010111111011000111110001011100100011001101111111011110010101101111
0101111110011110111111111110111111111111111111101111111101111011111111
1111010011111011000101110001011100100011001101111101011110010101101111
1011000111101111000010000001011100100101011101111111010010011110001110
1011000111111111010011000001011100101111011001111111010010011110001011
1001101101111001111111011111111111001011111011111101101101110100000011
1111111111111111111111111110111111100101110111111111111111111111100111
1011000111111111010011000001011100101111011001011111010010011111001001
0101111101111111111111111111111111111011111011001111101101111111111001
1111111111111111101110111111111111111101111111111111111111111110111110
