010110111111111011101110011111110100101110101
101010111111111111011110011101011110111010110
010110111011111110111111111111111001011110111
101001111011111110111111101111101011011001111
111001001100010110111111111111111111111011011
000110111011111110111111010111111001011110111
111101010111110101110011101110101111100111111
111101100111101101110001101110101111100101111
111111000101110111011111111001111111111111111
110010111011111110011110011101011111111010001
111101110101101111111101111110110111101101111
111101111110101101110001101110101011011101111
111101111111001111111101111110110111111101011
111111101100001011111111111010111110111001010
111101010111110101110001101110101111100101111
011111111111101001111001111110100100000101111
111111001110110001101110111011101110111111110
110000111011111110111111111111111011011010111
101111110011111111010111110101011111011111111
011111111111111101100110111111101111101111101
111111001110110111000110111001011111111011000
111111001110110011111010111001111110110011110
111111101100010011111101111101111110111011010
001111111011111101100010000111001111000111101
001110111011111111111110010111111111011110111
111011001110110111111110101101111111111011011
111110111111111111011110010001011110111010110
111111110111101101110011110010101011111101111
101111110011111111010001100100011011011101111
111111001100000011111111111000111110111011010
101111111011111111010110110101011111011111111
111011001110110001101110111011101110110011100
011111111101011011111111111111110100111111111
110010111110111110111111111001111011111010010
010110111111111011111111111111110100011110111
001111111111101001111001110110100100000101111
110010111110111010011110011101011100011010111
011111001101110011101110111111111110100111101
111111001111110011111010111111101110100111111
101001111011101110110001100110101011011001111
111011101100000011111111111001111110111001010
000110111011111110111111010111111001011110111
111101111011001111110101101110111011111101011
011111111011111111100110111111101111101111101
101111111111101101110001110110101011111101110
