0000000011000010101000100
0001000100110010100000100
0001000100010000000000100
0110000000000100000011010
0000010001000000001100100
0000100000000000010100000
0000000100100000010000001
0110001000001100000010011
1000000000000010010010000
1000100000001101000001011
0100001000000101000011011
0110000000000001000011000
0000000101000000101000100
0001000101100000101000100
1100000010000001000011010
0000000001110010100000000
1100000000001101000010010
0000011010000000000110000
1000100000001100000000110
0000110000000000010010000
0001000110110010110100000
0001000001110010000000100
1110100000001100001001010
0001000101100010101000100
0000001101100000000000000
