000000001100000010000000000000000000001000100000000000000001000000000010000
000010110010000000001000000010000000000000001001010100010100000100000100100
000011100010100101011000000000011100000001011001000101010100010101010100100
000011100010101000110000000010000001000000101011010110010100010111110100100
011100001000011100000010100000001010000101000100000010000001000000100001000
001100000101011100010010000000101000101110000100000000000000001001101001010
011100011001011100000010001000101010000101001100000000100001001000101001110
010000100000011000000000000000100000000100000000000000100001001000000000101
100010100000100001000000000001010100000001111010010101010000100110010110100
100001000000000001110000010001010101000000110010100000000000010011000000001
011100000001011100000010000000101000010110000100000000000000001000100001010
000001100010000000010000011001000000010000000001100000000110010001000000100
001100001000011100000110000000001010101101000100000000001001000000100001000
000011110010100001110000000000010100000101111011010101010100010111010100101
000111110010100000110000000010000001000000101011010110010100010111110100101
001011100010100001011000000000011100100001011001010101010100010111010100100
100000000000000000000001000000000000000000100011000000000001000000010110100
001000001100010100000110000100111110000101010100000000000001001000001001010
000100000100011000000010000100100010001100000100000010000000001000101001010
001101000101011100000010000000101000101110000100000000000000001001101001010
011000000000000100000001100000001000100000000000000000100000000000000000000
000000000000100001000000000000010101000000010000100001001000100000010000000
000011100010100001110000000001010110000001111111010101010100010111010101100
000000000000000010001000000000000000000000000001000000000000000000010110100
000010000000000000001000000010000000000000000001000010000010000000000010000
000000000101000000000000000000100000010010000000000000000010001000001000010
000000100001000000000000000001000000000000000000100000100000100000000000100
000000000000000001100000000001010101000000110010100001000000100010000000001
010100000000001000000000100000000001000000000000000010101000000000100000000
000000001101000000000010001100000010001000000100000000000000000000001001010
000001110010000001110000010000010100010010111010010101010100011111000100101
001000001100010101000110000100101110000101010100000000000001001000001001010
001011100010100101011000000000010100000001011001000101010100010101010100100
001000001100010101000110000100111010000101010100000000000001001000001001010
000010100000100001100010000001010100000001111110010101010000100110010101100
000100000100001000000100000110000000000000000000000010000000000000100000000
000001000000100100011000000000000000001000010000010100010000000010000000000
000000000011000000000000010000100000000010000000000000000010001000000000010
100001000000100000110000000001000000100000110010010100010000000010000000000
000011110010110001110000000000010100000000011001010101010100010111010100101
000001000010000000010000010000100000010000000000001001000100001101000100010
001010101000110101000010000000011110000000011100000101010000000100010101100
100100001100011010000010000100100010001000000110000000000001001000101001010
001000001100010101000110000100111110101101000100000000000001001000001001010
011100101000011100000010000000101010000101000100000100010001001100101001110
000011100010100001110010000001010110000001111011010101010100010111010101100
000100001100011010000010000100100010001000100100000000000001001000101001010
011100000001011110000011100000001000000100000100000010000001000000100001000
000000000101000000000100001100000000000000000000000000000010000000001000010
010100001000011100000010000000100010101100000100000100010001001010101001010
000000000000000000000000000000000000000010000000000001000000100100000110000
011100001000011100000010000000101010101101001100010000010001001000101001010
000110000000001000100000100010000001000000000001000000000000000000100000000
001000001000010100000110000100101010000111000100001000000001001000001001010
000000110000000000001000001010000000000000000000000000000000000000000000100
011100001000011100000010000000101010101101001100010100000001001000101001010
000000000000100000000100000010000000000000000000000000000010000000010000000
011100000001011100000010000000101000000110000100000000000000001001101001010
000000000001000000000000110000000000010000000000100000001000000000000000000
100010110000100011000000000000010100000000111011010101010000010110010110101
000000001000000000000100001100000010000000000000001000000000000000000000000
001100000101011100000010000000101000000100000100000000000001001000101001010
000001110010000001110000010000110100010010111010010101010100010111000100101
011100001000011100000010000000101010000111001100001000000001001000101001010
000100001100011100000010000100100010101100000100010000000001001000101001010
001101000101011100010010000000101000000110000100000000000100001000101001010
000111100010101000110000000010000001000000101011010110010100010111010100100
001100001000011110000111000000001010000101000100000000001001000000100001000
000001100000000001110000010001010100000000111010110101010100010111000100100
011100001000011110000011000000101010000111000100001000000001001000101001010
100000001000000010000001100000000000000000000000001000000001000000000000000
000011100010100001110010000001010110000001111111010101010100010111010100100
011100111001011110000011001000101010000101001100000000100001001000101001010
000001100010000001110000010001010100010010111010110101010100010111000100100
000000010100011000000000000100100000000100000000000000000001001000000000000
