000000001000000100000100000000100000000110000000000000000000000001000001001
000110000011011010111000110111001000100011001111001101110111010110000110110
000000000000000011000000100100000000000000000000101010000000000000001000000
010010111111111110011111100111101110111110111111011000100111111111110111010
010100100011111011111011111101011010101001001111011101110101111110010100110
000000010000000000000000000000000000000000000000000001010000000000001000100
000110000011111011111011111101011010101001001111011101010101011110010100100
000101000011011000101000010001011001100001001011000101010000000111000101100
100100000111011110111101110101011010100011001011011101010000100111000101100
000100001011011010101111110101011010100001001011111100100000100110010100010
010110111101111110011111100111101110111110111111011001110111111111110111110
010110111110111000101111010011101011101111101111010100100111111011010111010
000110100011011011111011110101001010101001001111011101010101111110010100100
010110111111101110011111100111101110111110111111011000100111111111110111010
010110111111110000101111010011101011101111101111010100100111111011010111010
100100001010010000001100000000001100000110010011000000000000000111100101000
011110101110110000010111100110001110001010110110111000100111111011110111010
001010100000100000000000001010000100001000110100000000000111011000100010000
010010111101101000000111011011110011101111101100010100100111111001010011011
010110101010110010001111100110001110001010010111011001110111111111110111110
010110111111111100010111000011101111111110111111010000100111111111110111010
100100001111011110111001110101011010100011001011011101010000100111000101100
000110100111111010111001110101011010101001001011011101010000100111010101100
000110101111111010111110110101011010101011001111011101110101110111010101110
011110101110110010010111000110001110001010110110111000100111111011110111010
010010111101101000100111001011110011101111101100010100100111111001010011011
000010100000000001100000010010000000001001100100000100000111011000000010001
011110101110110010010111100010001110001010110110111000100111111011110111010
010100000011011011111000111101001001100001101011001111010010001110000110100
010110111111111000101111010010101011101111101111010100100111111011010111010
100100000011011000101000010001011001100101001011000100001000000111000101000
000010111100000000100111010000100010001111000100010100100101110001010001011
010110111111111110011111100111100110111110111111011001110111111111110111110
000100000010010111011000100100001000010000010011001001010000000110100100100
000110101111111010111111110101011000101011001111011101110101110111010101110
000000010001001000101000010011100000100101101001000110000010000001000011000
010110111111111000101111010011101011001111101111010100100111111011010111010
000100000010010000001000000000001100000100010011000000001000000110100100000
000110100011111011111011111101011010100001001111011101010101111110010100100
100100000011011100101000010001111001110001001011000100001000000110000100000
110100001011011110111101110101011010100001001011011101110000100110000100110
010010111101101000100111011011110011101110101100010100100111111001010011011
000100000011011011101000111111001001100001001011001111000010000010000110100
000100000010010111011000100100001100010000000011001001010000000110100100100
010110111111111000101111010011101011101111100111010100100111111011010111010
010110100011111011111001111101011010101001001011011101010101111110000100100
010110111111111110011111100111101110111110111101011001110111111111110111110
010110111111111100011111000011101111111110111110010000100111111111110111010
001000000100000010000000100100000000000000000000001000000000000000001000000
000110101111111010111111110101011010101011001111001101110101110111010101110
011110101110110010010111100110001110001010110110110000100111111011110111010
010010111101101000100111011011110011101111101100010000100111111001010011011
001000000000000000000000000010000001000000100000000000000010000001000011000
010011111010100000010111000010001110001010110110010000100111111011110011110
010110000111011010111001110101011010100011001011011101010000100110000100110
010011111010100000010111000010001110001010010110010000100111111111110011010
000000000000000000000000000000100000010100000000000000000000000000001000001
010110100011111011111001111101011010101001001111011101010001111110000100100
010100000011011011111000111111001001100001101011001111010000001110000110100
010110100011111011111001111101011010101001001111011101010100111110000100100
000110001111111010111111110101011010101011001111011101110101010111010101110
010110100011111011111001111101011010101001001111011101010101101110000100100
000110100011111011111000111111001000101001001111001101010111010110000110100
010110111110110100011111000010101110011110010111010000110111111011110111010
010110111111111110011111100111101110111110111111011001110111111101110111110
100100011011011110111111110101111011100001001011011111010000100110010101100
000100000010010111011000100100001100010000010011001001010000000110000100100
000110100111111010111011110101011010101001001011011101010000100111000101100
001001000000000000000000000000000000000000000000100000001000000000000000000
010110111111111110011111100111101110111110111111011000100111111111110011010
010100000011011011111000111111001001100001101011001111010010001110000100100
100100011011011110111111110101111011100001001011011111010000100111010100100
010011111010100000010111000010001110001010110110010001100111111011110011010
010110000111011010111001110101011010100011001011011101110000100110000100100
100000000000000000100000011000010000000001000000000100001000000000000000000
