011111111000101111111111110111
101111111101111100011101110011
110110001111101111101011111111
111011111111010100011101010011
111101111000111110011111110101
110110111111110100110101111011
110111011101011110111111111011
110111101101101111110111111101
111111110101010100011101111011
011101111010111011111111101100
001101000101101011111111111101
011101111010111011111110101100
111011010111011011101011101110
010111101101101111110111110101
111010110111110111101011011111
111111111000011010111100100011
101010110111111101101011011111
101000010111111010111111111111
101001110111111111011111011101
110111111111010101100100101111
111110101111101111100011111111
110111111111010101110010101011
101010110111111011101101011111
111111111110111011101010101110
111011111111110101011101010011
111111111010011011101010101110
001001111111101011111111010100
101010010111111011111011011010
111101101000101111011111110101
111111111010011111111110100010
