0100110010101001000111111000101001100000111100000110001
1000010010000001000111100100001001000010110100000000000
0000000000000000100000010001000000000000000000011001000
0000000011101111010010000000000100000000010000100110011
1000000000100000001101100001000100000010001101000000000
1100000000000000000000000100010001101110101001000001100
0000000001000001000000111000000000000000010000101100000
0000000000000100000000000100010000000000000000000000000
1101000000000000010010000011001111000011100010010000000
0001001000010000110000000011000110000001000010001000000
1001100000010000011000000011000100100110001011000000110
0000000001100010000000011000000000010000000000101100000
1001000000000000010000000011000100100110001011010000111
0001000100000000110000000000000100000001000000000000010
0001000000010000111000000010000100001000000010100000000
1101001000000000010000000011000111100011111011000000000
0010000001000110000000010000000000000000000000101001000
0001000011101111000010010000000100000000010000100110011
0000100000100010000000000000000000010000000000000000000
1100100000000000000001000001000111100011101101010000000
1101000010000000010000000011000111100011101011010000000
1100100000000000000100000001000111100010101101010000000
1100101000000000000000000001000111100011101001000000000
1010001000010000110000000011000110101011001011011001100
1000001000010000000000000011010010100110001011000000100
0100010100000000000000000000001001010000100000000000000
0000000011101011000010011000001000000000010010100110001
0010100011101001000111111000001000000000010100001010001
1000000000000000000000000000010000101110001001010001100
0000010100000000000000001000100000010000000000000000100
1100000010000000000000000111000011000010110010000000000
0001100011101111010111110000000000000001010100100110011
0000000011000001000111111000001000000001010100100110000
1100010010000001000111100100001000000010110100000000000
1000010000101001000111111000100000000010001101000110101
0000000000010000001000000100010000001100000000000000100
0000010000000010000000010000100000010000000000100101000
0000010000101000000000001000100000010000000000000100011
0100110010101001000111111000101001100000110100000110001
0000000011000101000110110000000110000000010000100110000
1100010010000001000111100100001001000010010100000000000
1101001000000001010000000011001111000011100010000000000
1000110000101001000111111000100000100000000101000110001
1100100000000000000101000001000111100010101001010000000
0000000011101011000010011010001000000000010000100110001
0000110000101001000111111000100000100000001100000110001
0001001000010010110000000010000110001001000010000000000
0010000010001000000111010000100000000000000100000010001
0010001001010000100000010001000000000000000000000000000
1001001000010000010000000010000110101111001011000000110
1001000000000000010000000011000110100011001011010000100
0010010000000000100000010000100000001000000000000000000
0000010000101000000000011000110000110000000000000110001
0001000000101100010000000000000100000100000000000100001
1001000000001000010000000011000100100110001011010000110
