001101000010110001000101100001001101000110010010111000001010000100000000100
001101010000011000001101100000000001000110111010110101001010101000000010101
110001010000000000111001001001110011111000100100000011100100010010010000101
110000010000010000111010000000110010011000100000000001110000010010100000001
000000000000000000010010000010010000011000000000000000010000010000100000000
111000010000010000111001101001110011111000110110000011110100010010010000101
000000000100000000000000010010000000000000000000001100000000000000000110000
011101000000011000000101100000000001000110111010110101001010101000000010101
000000000100101001000100010100000000000100000000111000001010101000000010000
000000101000000100000000001000000000000001000001000010100100000010000000000
100000000000000000000000000000000110010001000001000000110000010000010000000
000000000000000000011010000000010000000000100000000001000001000000000100000
100000001000000100000000001000100010000001000101000010100100010010000000000
110101010000000000111001000000110010111100100010010011110110010010010000101
010000011000000100101000000000000010111000100000000011010101111000010000001
000000000100101001000000000000000000000000000000000000000001101000000000000
000000000000000000010000000100110010001000000100000001000000000000000000000
100000001000000100000000001001000000000000000101000000000000000000000000000
001101000000011000000101100000000001000110011010111000001010101101000000110
001111000001010010000001100001011001000010011010000000000000000000000000100
011101000001011000000101100000000001000110111010110101001010101000000110100
110000011000000000101000001100100010111001100101100011101100010010010000001
000110000001000000000000000000000000000010000000000000000000000000100001000
111001010000010000111000101001110011111000110110000011110100010010010000101
110001010000000000111001001001111001101000110100000011010100000010000000101
000000101000000000000000001000100010100001000000000010000100000000010001000
001001000100100001000101110001000001000000010000101000001000000000000010100
000000001000000010000100000000100010001001000101100001001000000000000000000
000010100000000000000000000000000000000000000000000100000000000100001001000
101001000000000001010001101000011001000000010100000000000000000000000000100
001101000000110010000101110100000001000110010010110100001010000001000001100
001111000001010010010001100001001001000010011010000000000000000000000000100
100000000000000000010000100001010100000000010000000000010000000000000000000
100000000010000000000000000000001000000001000000000000000000000000001000000
001101000010111010000101010100000001000110000000110100001010101000000001100
111001010000000000111001101001110010111000100110000011110100010010010000101
001001000000011000000101110000000001000100011010111010001110101000000010100
001111000010011000000101000000000001000110001000110100001010111000000000100
001111000000011010000101100100000001000110011010110100001010101000000000100
110000011000010000101000000000100010111000100001010011110110010010010000001
110000010000000000111010000000110010011000100100000001100000010010100000001
000000000110100000000100010100000100000000000000101000001000000000000110000
011101010001011000001101100000000001000110011010110101001010101000000110101
110001010000000000111001101001111000101000100110000011010100000010000000101
010000010000000000111000000000010000111000100000000001010001000000010000001
001001000000100011000101100101000001000010010000101000001000000100000000100
110001010000010000111001000000110001101000110000000011010100000010000000101
000000000110100001000100000100000000000100000000110100001010000001000110000
110000011000000000101100001100100010111001100101000011101100010010010000001
110000011000010000101000000000100010111100100001000011110110010010010000001
100000101000000000100000001000000000100001000100000010000100000100001000000
010000110000000000001000000010100010011000100001000001110000010010000000001
001001000100111000000101110000000001100100010010111000001110101000000010100
011101010001011010001101100100000001000110111010110100001010101000000110101
001101000110110000000101000000000001000110000000110100001010000001000010100
000111000010011000000001100000001001000100011010010100000010101000000000100
110000011000000000101100001100100010111001100101100011100100010010010000001
001001000100111000000101110000000001100100010010111010001010101000000010100
110000011000010000101000000000100010111100100001010011110100010010010000001
000000000001001100000000000000000000000000001000000000000000101000000000010
010000011000001100101000000000000010111000100000000011010101010000010000001
001111000010111000000101000000000001010110000000110100001010101000000000100
010000011000001100101000000000000010111000100000000011010101010000010000001
100000000000000000100000000010000000000000000100001000000000000000101000010
001101000100110000000101100000000001000110010010110100001010000001000010100
000000000000000000100000000000100000000000000001000000100000000010100000010
000110000000000000000010000000000000000010000000000000000000000101000001000
001001000010011000000101010000000001000100001000110000001010101000000010100
000000000000000000000000000010000100000000000000001000000000000100000000010
000000100001000000001000000000000000000001100001000001000000000000000010000
010000111000000000001000001000000000100001100001000011100100000010010100001
000000000000000000000010010010100010000000000000000000000000000000100000000
111001010000010000111001101001110011111000110110000011110100010010010000001
000000000000000000100000000000000000000000000000000000000001000101001000000
011101010000011000000101100000000001000110111010110101001010101000000010100
