011010001100110001111000011010111010011000000
101101111111101100001101100101000101110111111
110101000111001000001101100010100001110101111
011010000000110101010010011111110010000100000
100101111111101011001101000000001101111101111
011010001100010011110010011010111110011000000
010010001000000101010010000101011100001000100
010010001100110011110010011010111110001000000
110011110111001000011101000000000001111101111
111011011010111011111111011010111111111000011
011010001100110001110110011010111110011100000
011010001000110001110010011010110110011100100
110110010111010000011101000010100011110101111
100101010111101010001101110010100001110111111
011010001100010001111110011010111011011000000
010100100000000000000000100100000000000111100
000011010100010001110011011010101010111000010
100111110111001010001101000000000101110100110
100001010111001010001101100010000001110111111
100101111111101010001101100001001111110101111
111010001100111001110010011010111011011000000
011010001110111001110010011010111110011000000
000101110111001010001101100101000101110111111
011010001100110011110010011010111010011000010
011000000000010100110010010111110010000001000
100101010111011010001101100000000001110101111
100101010111001010001101000000100001110111111
010100100000000100000010100001010000000101100
101101010111111010101101100000100011110111111
010100100000000000010010100100010000010101100
101101010111111010001101101010000011110111111
100101110111001000001101100101000101010111101
100011110110001010011101000000000001111101111
010011110111000001010110000000010001011100100
100101010111101010011101100010100001110101111
011010001100111001111010011010111110011000000
011010001100110011110010011010101010011000010
111011001111111011111111011011111111101000011
100011111111001010001101000000001101110101111
011110001011110101110010011111111110001010000
010000000000010100100010001010110000000101100
011010001000110100110010111111111010001010000
011010101001110101110010011111111110001010000
011010001100110011110011011010101010111000000
011010001100110000110010011010111010011000000
