01111110101110111010110111111111110001001011011111110110110110010111111110111110
10111111111011101111101101110011111111111111110110011111011101101110011001010101
11011011111110011010010111011111110001101010011011110110111110010111101110101111
11101011101110011010010111111111110000101011011111110110110110010111111110111110
11110111111111101101101101110111001111110111110111101101111111101100110011011001
11001011111111111111001101100111001111111111111111101111011111101110111011011111
11111101111111101101101111110101001111110111110110101101111111101000110111011001
01111110111111101101111001110111001111110111111110101101011111101111110101110011
11111111011111011111011111111111111111110111111111111101110111111111111111101111
01101111101011100111101101100001001110111111110110101111001101101110110111011111
11111111110110111111111111111111111111111111101111111111111111111101011111111111
10111111101011111111111111111111111111111101111101111111111101101110111111111110
11111111111101111111111010111111111110111111111111011111111111111111111111111111
01001111110110110111111111101101001110111111111111101111001111111101110111111011
11001111011111010111011111101011111110111111111111111111101101111111111111111111
10110100101111101010110111111110110001001010011001110010111010010111101110101110
11111111101110010010110111111111110001101010011011110110111110010111101110101110
01001111111111100011101101100001001110111111110110001111001101101111110011011001
11110100111111111101111010011110111111011110101011111011111011111111101111111111
01001111111111100110101101101001011110111111110110101111101101101101110001011011
11001011011111011111011111101111111111111111111111111111111111111111111111111111
10110001101111111010100111111110111001001110011001110011111010010111101011011110
01001111111111100111100111100001001110111111110110101111101101101101110101011011
11111110111101111101111011111111111111010111111111111101110111111111111111111111
10110010101111111010111101111110110001001010011001110010111010010111101110111110
11111111111101111101111110111111111111111110111111111111111111111011111111111111
11011111111111111101111111011111111111111101111111111111101101101101101101111011
11111011101110011010010111101111110001101010011011110111111110010111101110101110
10110000101111111011110111110110110001001010011001110010111010010111101110111110
10111111101111011010110111111011110001101010011001110110111110010111101110101110
11111101101110111010110111111100110001101010001111110110111110010011110110101110
11111111111111101101101101110100001111110111110111101101111111111000110111011001
11110000101110111010110111111110010001001010001011100010111010010111101110111110
11110000101110111011110111111110100001001010001011110011111010010111101110111110
01001111111111100111111101100001000111111111110110101111001101101011110111111011
01001111111111100111101101100001001010111011110110101111001101101111110001011011
01001111111111100111101101100001001100111111110110101111101101101101110101011011
11101111101100011010110111111111111000111011011111111111110110110111111111111110
01111111111111101101101001110111001111010111110110111101011111101110110011011011
01001111111111100111101101100001001111101111110110101111101101101001110101011001
11110100011111111111111011111110111111010111101111111011110011111111111111101111
01001111111111100111111101100001001010111011110110101111001101101111110101011011
11111111111011111111111111011111111111111101111111111111101101101111111101111111
11011111111111100101101100100001001111111110110110101111101101101001110111011011
01001111111111100111101101100001001110111111010110101111011101111110110111011011
11111111110111111101111111111101001111110111101111101101011111111001110111111011
10110101101111111010110111111110110001001010010001110011111010010111101110101110
11011111111111100101101101100011001111111111110010101111101101101101110101011001
11111111111011101111101101110011111111111111110100011111011101101110011001010101
10111100101111111010110111111111110001001010011000110010111010010111101110101110
10111111111101111011111111111111111111111111111101011111111111111111011111111101
11110000101110111010110111111110010001101010001011100010111010010111101110111110
01001111111111100111101101100001001111111111110110100111001111101011110001011011
11111111111111101101101101110111001111110111110110101001111111101101110001011011
11110100011111111111111011111110111111011111101111111001110011111111111111101111
01001111111111100111111101110001011111111111111110101110101111101001110101011001
10111010101110111011111111111111110011011011001101110111011110110111011110110110
11111111101110011010110111011111110001101000111011110110101111110111101110101110
01101111011111111111111011111111111110110111111111111101110111111111111111111111
11111111111111101101101101110111001111110111110110101101111011101101110001011001
10111111101011011010110111011111110001101000011001111111111100010111101110101110
01001111111111100111101101100001001110111111110110101111011100101110110011011011
01001111111111100111101101100001001111111111110110101111111101011000110011011001
10110000101011111010110111011111110001001000111001110010111010100111101110111110
01001111111111100111101101100001001110111111110110101111001101100111110101010011
11111101111111111111111110111100110111101110101111110110111111011011111110101111
11110101110110111110110111011110111101101110101011111010111011011101101111101011
10110001101011111111111111111110111111011111011101111111111110011110111111111110
10111111110111111111111111111111111111111111111101011111011111111111011111110111
11011111111111100101101101000011001111111111110110101111101101101101100001011001
11110100101110111010110111111100110001001010001011110010111010010111100110101110
10110011111111111010101111111111111011011111111101110011111010011111101011011111
10111110111111111110110111011111111001101001111001110010111011110111101100100110
01001111111111100111111101100001001111111111110110101111001101101011110100011011
10110001101111111010100111111110111001001010011001110010111010010111101010011110
11011111011111100111111111101001111111110111110110111101101101111001110101101001
10111110111111111111111111111111111111111111111101111111011111110111011101110111
11110100111110111010110111011110110001001010001011110010111010010101101110101011
10110101111111111011111111111110111111101111111001011110111011011111101111101101
01101111111011100111101101100001001110111111110110101111001101101110110101011110
