01101101101010001110111111101101010010111101010111101110111000111
10011110011101111011010010111111111101110010101111010111010111101
10010101111011011111101111110101010010111101010110101110111011011
01101111110101101111111111001111111111111111111111111111101111111
11010111010101110111110010111111111101100010111111010001010111100
11111011111110111100111110111111111111111111111111111011111111111
01011101010101010111010010111111101100110110101111010101110111101
10111110111111111111111111111111111111111000011101101111011111111
10110101001010011110111111111101010010111101010010111110111010111
01111111000101111011110010011111101101101110101111110011111111111
11100101100011001111101111101101110010111111010110101110111000111
01011111010011110011110010011111101101110110101111110111110111111
10100101101100001111111111101101011010111101010110101110111000111
01111011011100111111110010111111101111101111111111010001111111100
01011101010101010011010010111111101001110110101111010100110110100
01101111110101101011111111011111111101101110111111110111111111111
11110101111011010111101111100101010010111101010110101110111000011
10111111101011001010111111111111011010111101010011100110111111111
11111011111111111101101111110110111111111111111101111111111111111
01111011011111111010010010111111101111101110111111010001111111100
10111101111111011110011101111001011010111101110111111110111100111
11011111110111110101101110011111111101110111111111111111010111111
10110101101010011110110111111101010010111101010010101110111010111
10110101101010011110111011111101010010111101010010101110111010111
11111111111111111111011101111110111111111111101111011100111111100
10110001101010011110101110111101010010111101110110101110111010111
11101111101011101111101111001110111111111111111111111111111111111
01101111110101110111111111001111111111111111111111111111101101111
11011111111111110101111111110111111111110111101111111011100111011
11111111111111111111011111111010111111111011101111011111111111111
01011111010101110111010010111101101101110111101111010101110111100
11111111111111111101111101011010111111111111101111111111111111111
01011111011101110011010010111111011101111010101111010111010111100
11111101101010011110111111111101101010011111110010111111111010111
01011111010111110111110010111111110101110010101111010101010111100
01011111010101010011010010111111101000110110101111010101110111100
10110101101011001111101111111101010000111101010011101110111110111
01011101010101110011010010111111101000110110101111010101110111100
11111111111111111111111111111111101111011111111000111111101011111
11110111101110101110111111111111111111101111111011111011111111011
10110101111011011111101111110101110010110101010110101110111010011
10110110111111111111111111111011010111111001011111101111011111111
01011110011101110011010010111111111101110000101111010111010111101
10110100101011001110111111111111010010111100010111101110111110011
01011110010101110011110011111111111101110010001111010101010111100
10111101101011011111111101110000010010111101000111111110111010011
01011111010101110011010010111111101101110110100111010101110111100
11111111011111111011110011111111101101001111111011110101011111100
11111110111111111101111111111111111111011111111101111111001111111
11011111010101110111110010111111101111010111111110011101101111100
10110101111110011110111101111001010010111101010110001110111001111
01011110110101110011110010111111111101110010111111000101010111100
10110101101010001010111111111101010010111101010011100110111110111
11110011101110111110111111110111111111101111111111111011111111011
11110101111110011110111101111101110010111111010010101100111010111
01011111010101010011010000111111111101110110101111010100110111100
10110110111111111111101111111111010111111001011001101111011111111
11101111111111111111111111100111111111011111111100111111101001111
10110101111011011111101111110101010010111101010111101110110010011
01011111010101110111110010111111101111010111101111011101100011101
01111111110101110111011111101111111111111111111111011111101101111
01111111010101010111010010111111101101110110101111110101110110100
11011111111111110111111111110111111111100110101111111011110111011
10110101111110011110111101111101010010111101010010101110111010100
11110111111110011110111101111101010010111111010010101110111110100
