========================
TIME_LIMIT_SECONDS: 900
ODD_HOLE_TERMINATION_PERCENTAGE: 999
N_THREADS: 24
IS_RUNNING_HEURISTIC_ON_CANDIDATE: 1
IS_RUNNING_HEURISTIC_ON_RELAXATION: 0
ADD_ALL_AT_START: 0
========================
Wall-Clock Runtime (ms): 900553
Calculated Odd Hole Termination Batch Size: 0
Total Time of All Workers in OddHoleAlg (nano): 321932825
Total Time of All Workers in OddHoleAlg (ms): 321
OddHoleAlg calls: 122
Number of Found Odd-Holes: 113663
Number of Found Odd Anti-Holes: 109
Is Optimal? (1e-6): 0
Optimality Gap: 0.439076
Objective Value: 66
Number of Feasible Solutions Found: 61
Number of Times Heuristic is Called: 56
Total number of added OH and OHbar Cuts: 113772
Number of Explored B&C tree nodes: 37924
Number of Unexplored B&C tree nodes: 24708
========================
Input Graph:
Number of Vertices: 35
Erdos Renyi p Parameter: 0.25
Number of Edges: 171
Expected No of Odd Holes: 6448
Expected No of Odd Anti Holes: 1
ODD_HOLE_TERMINATION_BATCH_SIZE: 0
Graph Density: 0.287395
0,0,0,0,1,0,0,1,1,1,0,0,0,0,0,0,1,1,1,1,0,0,0,0,1,0,0,0,0,0,0,1,1,0,0,
0,0,0,1,0,0,0,0,1,1,0,1,0,0,0,0,1,1,0,0,1,1,0,0,0,1,0,0,1,1,0,0,1,1,0,
0,0,0,0,0,1,1,0,1,1,1,1,0,1,0,0,0,0,0,0,0,1,1,1,0,0,0,0,0,1,0,0,1,1,1,
0,1,0,0,0,0,0,1,0,0,0,1,0,0,1,0,0,0,1,0,0,1,0,0,0,0,1,0,1,0,1,0,0,0,1,
1,0,0,0,0,1,0,0,0,1,0,1,0,0,0,0,0,0,1,0,0,0,0,0,0,0,0,1,1,0,1,0,0,1,0,
0,0,1,0,1,0,1,1,0,0,0,0,0,0,0,0,0,1,0,1,0,0,0,0,1,0,0,0,0,1,1,0,0,0,0,
0,0,1,0,0,1,0,0,1,0,0,0,0,0,0,1,0,0,1,0,0,0,0,1,0,1,0,0,0,0,0,1,0,1,0,
1,0,0,1,0,1,0,0,0,0,0,0,0,0,1,0,0,0,1,0,0,0,1,0,0,0,0,0,0,0,0,0,0,0,0,
1,1,1,0,0,0,1,0,0,0,0,1,0,0,1,0,0,1,1,0,0,0,1,0,0,1,1,1,1,0,1,0,0,0,0,
1,1,1,0,1,0,0,0,0,0,0,0,0,1,1,0,1,0,0,0,0,0,0,0,0,1,1,0,0,0,0,0,0,0,0,
0,0,1,0,0,0,0,0,0,0,0,1,0,0,1,1,0,1,0,1,0,0,1,0,0,0,0,0,1,0,0,0,0,1,1,
0,1,1,1,1,0,0,0,1,0,1,0,0,0,0,0,0,0,0,1,0,1,0,1,0,0,0,0,0,0,0,0,0,0,0,
0,0,0,0,0,0,0,0,0,0,0,0,0,1,0,0,0,0,1,0,0,0,0,0,0,0,0,1,0,0,0,0,0,0,0,
0,0,1,0,0,0,0,0,0,1,0,0,1,0,0,0,0,0,0,1,1,0,1,0,0,1,0,0,0,0,0,1,0,0,0,
0,0,0,1,0,0,0,1,1,1,1,0,0,0,0,1,0,0,0,0,0,1,0,1,0,0,0,0,0,0,0,0,0,0,0,
0,0,0,0,0,0,1,0,0,0,1,0,0,0,1,0,0,1,0,1,0,0,0,0,0,0,1,0,1,0,0,0,0,0,1,
1,1,0,0,0,0,0,0,0,1,0,0,0,0,0,0,0,0,1,0,1,0,0,1,1,1,0,0,0,0,0,0,1,0,0,
1,1,0,0,0,1,0,0,1,0,1,0,0,0,0,1,0,0,0,0,0,1,0,0,1,0,0,1,0,0,0,1,0,0,0,
1,0,0,1,1,0,1,1,1,0,0,0,1,0,0,0,1,0,0,0,1,0,0,0,1,0,0,0,0,1,1,0,0,1,0,
1,0,0,0,0,1,0,0,0,0,1,1,0,1,0,1,0,0,0,0,0,1,1,0,0,0,1,0,1,1,0,0,0,0,0,
0,1,0,0,0,0,0,0,0,0,0,0,0,1,0,0,1,0,1,0,0,0,0,0,0,0,0,0,1,0,1,0,0,1,0,
0,1,1,1,0,0,0,0,0,0,0,1,0,0,1,0,0,1,0,1,0,0,0,0,0,1,1,1,0,1,0,1,1,0,1,
0,0,1,0,0,0,0,1,1,0,1,0,0,1,0,0,0,0,0,1,0,0,0,0,0,0,0,0,0,0,1,0,1,0,0,
0,0,1,0,0,0,1,0,0,0,0,1,0,0,1,0,1,0,0,0,0,0,0,0,1,0,1,1,1,0,1,0,0,1,1,
1,0,0,0,0,1,0,0,0,0,0,0,0,0,0,0,1,1,1,0,0,0,0,1,0,1,1,0,1,1,0,0,0,0,1,
0,1,0,0,0,0,1,0,1,1,0,0,0,1,0,0,1,0,0,0,0,1,0,0,1,0,0,1,0,0,1,1,0,0,0,
0,0,0,1,0,0,0,0,1,1,0,0,0,0,0,1,0,0,0,1,0,1,0,1,1,0,0,1,1,0,0,0,0,1,0,
0,0,0,0,1,0,0,0,1,0,0,0,1,0,0,0,0,1,0,0,0,1,0,1,0,1,1,0,0,0,0,0,0,0,0,
0,1,0,1,1,0,0,0,1,0,1,0,0,0,0,1,0,0,0,1,1,0,0,1,1,0,1,0,0,1,1,0,0,0,1,
0,1,1,0,0,1,0,0,0,0,0,0,0,0,0,0,0,0,1,1,0,1,0,0,1,0,0,0,1,0,0,0,1,0,0,
0,0,0,1,1,1,0,0,1,0,0,0,0,0,0,0,0,0,1,0,1,0,1,1,0,1,0,0,1,0,0,0,1,0,0,
1,0,0,0,0,0,1,0,0,0,0,0,0,1,0,0,0,1,0,0,0,1,0,0,0,1,0,0,0,0,0,0,0,0,0,
1,1,1,0,0,0,0,0,0,0,0,0,0,0,0,0,1,0,0,0,0,1,1,0,0,0,0,0,0,1,1,0,0,0,1,
0,1,1,0,1,0,1,0,0,0,1,0,0,0,0,0,0,0,1,0,1,0,0,1,0,0,1,0,0,0,0,0,0,0,0,
0,0,1,1,0,0,0,0,0,0,1,0,0,0,0,1,0,0,0,0,0,1,0,1,1,0,0,0,1,0,0,0,1,0,0,
========================
Output Graph: 
Number of Vertices: 35
Number of Edges: 123
Graph Density: 0.206723
0,0,0,0,1,0,0,1,1,1,0,0,0,0,0,0,1,0,0,1,1,0,0,0,1,1,0,0,0,0,0,1,1,0,0,
0,0,0,1,0,0,0,0,1,1,0,0,0,0,0,0,0,0,0,0,1,1,0,0,0,1,0,0,0,0,0,0,1,0,0,
0,0,0,0,0,0,1,0,1,0,1,0,0,0,0,0,0,0,0,0,0,0,0,1,0,0,0,0,0,0,0,0,0,1,0,
0,1,0,0,0,0,0,0,0,0,0,1,0,0,1,0,0,0,1,0,0,0,0,0,0,0,1,0,1,0,1,0,0,0,1,
1,0,0,0,0,1,0,0,0,0,0,1,0,0,0,0,0,0,1,0,0,0,0,0,0,0,0,1,1,0,1,0,0,0,0,
0,0,0,0,1,0,0,1,0,0,0,0,0,0,0,0,0,0,0,1,0,0,0,0,0,0,0,0,0,0,1,0,0,0,0,
0,0,1,0,0,0,0,0,1,0,1,0,0,0,0,1,0,0,0,0,0,0,0,1,0,1,0,0,0,0,0,1,0,1,0,
1,0,0,0,0,1,0,0,0,0,0,0,0,0,1,0,0,0,1,0,0,0,1,0,0,0,0,0,0,0,1,0,0,0,0,
1,1,1,0,0,0,1,0,0,0,0,1,0,0,1,0,0,1,1,0,0,1,1,0,0,0,1,1,1,0,1,0,0,0,0,
1,1,0,0,0,0,0,0,0,0,0,0,0,1,0,0,1,0,0,0,0,0,0,0,0,1,0,0,0,0,0,0,0,0,0,
0,0,1,0,0,0,1,0,0,0,0,1,0,0,1,1,0,1,0,0,0,0,0,0,0,0,1,1,1,0,0,0,0,1,1,
0,0,0,1,1,0,0,0,1,0,1,0,0,0,0,0,0,0,0,0,0,1,0,1,0,0,0,0,0,0,0,0,0,0,0,
0,0,0,0,0,0,0,0,0,0,0,0,0,1,0,0,0,0,1,0,0,0,0,0,0,0,0,1,0,0,0,0,0,0,0,
0,0,0,0,0,0,0,0,0,1,0,0,1,0,0,0,0,0,0,1,0,0,0,0,0,1,0,0,0,0,0,1,0,0,0,
0,0,0,1,0,0,0,1,1,0,1,0,0,0,0,1,0,0,0,0,0,1,0,1,0,0,0,0,0,0,0,0,0,0,0,
0,0,0,0,0,0,1,0,0,0,1,0,0,0,1,0,0,1,0,0,0,0,0,0,0,0,1,1,1,0,0,0,0,0,1,
1,0,0,0,0,0,0,0,0,1,0,0,0,0,0,0,0,0,0,0,1,0,0,0,1,1,0,0,0,0,0,0,1,0,0,
0,0,0,0,0,0,0,0,1,0,1,0,0,0,0,1,0,0,0,0,0,1,0,0,0,0,0,1,0,0,0,0,0,0,0,
0,0,0,1,1,0,0,1,1,0,0,0,1,0,0,0,0,0,0,0,1,0,0,0,1,0,0,0,0,1,0,0,0,0,0,
1,0,0,0,0,1,0,0,0,0,0,0,0,1,0,0,0,0,0,0,0,0,1,0,0,0,1,0,1,0,1,0,0,0,0,
1,1,0,0,0,0,0,0,0,0,0,0,0,0,0,0,1,0,1,0,0,0,0,0,0,0,0,0,1,0,1,0,0,0,0,
0,1,0,0,0,0,0,0,1,0,0,1,0,0,1,0,0,1,0,0,0,0,0,0,0,0,1,1,0,0,0,0,0,0,0,
0,0,0,0,0,0,0,1,1,0,0,0,0,0,0,0,0,0,0,1,0,0,0,0,0,0,0,0,0,0,1,0,1,0,0,
0,0,1,0,0,0,1,0,0,0,0,1,0,0,1,0,0,0,0,0,0,0,0,0,0,0,1,1,1,0,0,0,0,1,1,
1,0,0,0,0,0,0,0,0,0,0,0,0,0,0,0,1,0,1,0,0,0,0,0,0,0,1,0,1,1,0,0,0,0,1,
1,1,0,0,0,0,1,0,0,1,0,0,0,1,0,0,1,0,0,0,0,0,0,0,0,0,0,1,0,0,1,1,0,0,0,
0,0,0,1,0,0,0,0,1,0,1,0,0,0,0,1,0,0,0,1,0,1,0,1,1,0,0,0,0,0,0,0,0,1,0,
0,0,0,0,1,0,0,0,1,0,1,0,1,0,0,1,0,1,0,0,0,1,0,1,0,1,0,0,0,0,0,0,0,0,0,
0,0,0,1,1,0,0,0,1,0,1,0,0,0,0,1,0,0,0,1,1,0,0,1,1,0,0,0,0,1,0,0,0,0,1,
0,0,0,0,0,0,0,0,0,0,0,0,0,0,0,0,0,0,1,0,0,0,0,0,1,0,0,0,1,0,0,0,0,0,0,
0,0,0,1,1,1,0,1,1,0,0,0,0,0,0,0,0,0,0,1,1,0,1,0,0,1,0,0,0,0,0,0,1,0,0,
1,0,0,0,0,0,1,0,0,0,0,0,0,1,0,0,0,0,0,0,0,0,0,0,0,1,0,0,0,0,0,0,0,0,0,
1,1,0,0,0,0,0,0,0,0,0,0,0,0,0,0,1,0,0,0,0,0,1,0,0,0,0,0,0,0,1,0,0,0,0,
0,0,1,0,0,0,1,0,0,0,1,0,0,0,0,0,0,0,0,0,0,0,0,1,0,0,1,0,0,0,0,0,0,0,0,
0,0,0,1,0,0,0,0,0,0,1,0,0,0,0,1,0,0,0,0,0,0,0,1,1,0,0,0,1,0,0,0,0,0,0,
Is Output Graph Empty or Complete?: 0
Ratio of Added Edges Over Added + Removed Edges: 0.136364
Changes from Input to Output: 
Removed Edge: (0, 17)
Removed Edge: (0, 18)
Added Edge: (0, 20)
Added Edge: (0, 25)
Removed Edge: (1, 11)
Removed Edge: (1, 16)
Removed Edge: (1, 17)
Removed Edge: (1, 28)
Removed Edge: (1, 29)
Removed Edge: (1, 33)
Removed Edge: (2, 5)
Removed Edge: (2, 9)
Removed Edge: (2, 11)
Removed Edge: (2, 13)
Removed Edge: (2, 21)
Removed Edge: (2, 22)
Removed Edge: (2, 29)
Removed Edge: (2, 32)
Removed Edge: (2, 34)
Removed Edge: (3, 7)
Removed Edge: (3, 21)
Removed Edge: (4, 9)
Removed Edge: (4, 33)
Removed Edge: (5, 6)
Removed Edge: (5, 17)
Removed Edge: (5, 24)
Removed Edge: (5, 29)
Added Edge: (6, 10)
Removed Edge: (6, 18)
Added Edge: (7, 30)
Added Edge: (8, 21)
Removed Edge: (8, 25)
Removed Edge: (9, 14)
Removed Edge: (9, 26)
Removed Edge: (10, 19)
Removed Edge: (10, 22)
Added Edge: (10, 26)
Added Edge: (10, 27)
Removed Edge: (11, 19)
Removed Edge: (13, 20)
Removed Edge: (13, 22)
Removed Edge: (15, 19)
Added Edge: (15, 27)
Removed Edge: (16, 18)
Removed Edge: (16, 23)
Removed Edge: (17, 24)
Removed Edge: (17, 31)
Removed Edge: (18, 30)
Removed Edge: (18, 33)
Removed Edge: (19, 21)
Removed Edge: (19, 29)
Added Edge: (19, 30)
Removed Edge: (20, 33)
Removed Edge: (21, 25)
Removed Edge: (21, 29)
Removed Edge: (21, 31)
Removed Edge: (21, 32)
Removed Edge: (21, 34)
Removed Edge: (23, 24)
Removed Edge: (23, 30)
Removed Edge: (24, 25)
Removed Edge: (26, 27)
Removed Edge: (26, 28)
Removed Edge: (28, 30)
Removed Edge: (29, 32)
Removed Edge: (32, 34)
========================
