========================
TIME_LIMIT_SECONDS: 900
ODD_HOLE_TERMINATION_PERCENTAGE: 999
N_THREADS: 24
IS_RUNNING_HEURISTIC_ON_CANDIDATE: 1
IS_RUNNING_HEURISTIC_ON_RELAXATION: 1
ADD_ALL_AT_START: 1
========================
Wall-Clock Runtime (ms): 901171
Calculated Odd Hole Termination Batch Size: 0
Total Time of All Workers in OddHoleAlg (nano): 20014396
Total Time of All Workers in OddHoleAlg (ms): 20
OddHoleAlg calls: 52
Number of Found Odd-Holes: 1145
Number of Found Odd Anti-Holes: 1572
Is Optimal? (1e-6): 0
Optimality Gap: 0.17236
Objective Value: 51
Number of Feasible Solutions Found: 44292
Number of Times Heuristic is Called: 44290
Total number of added OH and OHbar Cuts: 2717
Number of Explored B&C tree nodes: 236164
Number of Unexplored B&C tree nodes: 195880
========================
Input Graph:
Number of Vertices: 30
Erdos Renyi p Parameter: 0.5
Number of Edges: 220
Expected No of Odd Holes: 2023
Expected No of Odd Anti Holes: 353
ODD_HOLE_TERMINATION_BATCH_SIZE: 0
Graph Density: 0.505747
0,0,1,1,1,0,1,1,0,0,1,1,0,1,0,0,0,0,1,0,0,0,0,1,1,1,0,0,0,0,
0,0,0,0,0,1,0,1,1,0,1,0,1,0,1,1,0,1,0,1,1,0,1,0,0,0,1,0,1,0,
1,0,0,0,1,0,0,1,1,1,0,1,0,0,0,1,1,0,0,0,1,1,0,1,1,1,1,1,0,0,
1,0,0,0,1,1,1,1,1,0,1,0,1,1,0,1,0,1,1,1,1,1,0,1,1,1,1,1,0,0,
1,0,1,1,0,1,0,0,1,0,0,1,1,1,1,0,1,0,1,1,1,1,0,0,0,1,1,1,0,0,
0,1,0,1,1,0,0,1,0,1,1,0,0,1,0,0,0,0,0,1,0,0,1,1,1,1,1,1,0,0,
1,0,0,1,0,0,0,0,1,1,1,1,1,0,1,1,0,1,0,1,1,1,0,1,1,1,0,0,0,1,
1,1,1,1,0,1,0,0,0,1,1,0,1,0,0,1,0,1,1,1,0,0,0,1,0,1,1,0,1,1,
0,1,1,1,1,0,1,0,0,0,0,0,1,0,1,0,0,0,0,0,0,1,0,0,0,1,1,1,0,0,
0,0,1,0,0,1,1,1,0,0,0,0,0,0,1,1,0,0,1,0,1,1,1,0,0,1,1,1,1,1,
1,1,0,1,0,1,1,1,0,0,0,0,0,1,0,0,0,1,1,0,1,0,1,1,0,1,0,0,0,0,
1,0,1,0,1,0,1,0,0,0,0,0,0,1,0,0,0,1,0,0,1,1,1,0,1,0,0,1,0,1,
0,1,0,1,1,0,1,1,1,0,0,0,0,0,1,0,0,1,0,1,1,0,1,1,0,1,1,0,1,0,
1,0,0,1,1,1,0,0,0,0,1,1,0,0,1,0,0,1,0,1,1,1,1,0,1,0,0,0,1,0,
0,1,0,0,1,0,1,0,1,1,0,0,1,1,0,1,0,1,0,0,1,0,0,0,0,1,0,0,1,1,
0,1,1,1,0,0,1,1,0,1,0,0,0,0,1,0,1,1,0,0,1,0,1,1,1,0,0,0,0,0,
0,0,1,0,1,0,0,0,0,0,0,0,0,0,0,1,0,1,1,0,1,0,1,0,1,1,1,1,0,0,
0,1,0,1,0,0,1,1,0,0,1,1,1,1,1,1,1,0,0,0,0,1,0,0,0,0,1,0,0,0,
1,0,0,1,1,0,0,1,0,1,1,0,0,0,0,0,1,0,0,1,0,0,0,1,1,0,0,0,0,0,
0,1,0,1,1,1,1,1,0,0,0,0,1,1,0,0,0,0,1,0,0,1,1,0,0,1,1,1,0,1,
0,1,1,1,1,0,1,0,0,1,1,1,1,1,1,1,1,0,0,0,0,0,0,1,0,1,0,0,1,1,
0,0,1,1,1,0,1,0,1,1,0,1,0,1,0,0,0,1,0,1,0,0,1,1,1,0,1,0,1,1,
0,1,0,0,0,1,0,0,0,1,1,1,1,1,0,1,1,0,0,1,0,1,0,1,1,0,0,1,1,0,
1,0,1,1,0,1,1,1,0,0,1,0,1,0,0,1,0,0,1,0,1,1,1,0,1,1,1,0,1,1,
1,0,1,1,0,1,1,0,0,0,0,1,0,1,0,1,1,0,1,0,0,1,1,1,0,0,1,1,0,1,
1,0,1,1,1,1,1,1,1,1,1,0,1,0,1,0,1,0,0,1,1,0,0,1,0,0,1,1,1,1,
0,1,1,1,1,1,0,1,1,1,0,0,1,0,0,0,1,1,0,1,0,1,0,1,1,1,0,0,1,1,
0,0,1,1,1,1,0,0,1,1,0,1,0,0,0,0,1,0,0,1,0,0,1,0,1,1,0,0,1,1,
0,1,0,0,0,0,0,1,0,1,0,0,1,1,1,0,0,0,0,0,1,1,1,1,0,1,1,1,0,0,
0,0,0,0,0,0,1,1,0,1,0,1,0,0,1,0,0,0,0,1,1,1,0,1,1,1,1,1,0,0,
========================
Output Graph: 
Number of Vertices: 30
Number of Edges: 223
Graph Density: 0.512644
0,0,0,1,1,0,1,1,0,0,1,0,0,0,0,0,0,0,1,0,0,0,0,1,1,1,0,0,0,0,
0,0,0,0,0,0,0,1,1,0,0,0,1,0,1,0,0,1,0,1,1,0,1,0,0,0,1,0,0,0,
0,0,0,0,1,0,0,1,1,1,0,1,0,0,0,1,1,0,0,0,1,1,1,1,1,1,1,1,0,0,
1,0,0,0,1,1,1,1,1,1,1,0,1,1,0,1,0,1,1,1,1,1,1,1,1,1,1,1,0,0,
1,0,1,1,0,1,1,1,1,0,0,1,1,1,1,0,1,0,1,1,1,1,1,1,0,1,1,1,0,1,
0,0,0,1,1,0,0,1,0,1,1,0,0,1,0,0,0,0,0,1,0,0,1,1,1,1,1,1,0,0,
1,0,0,1,1,0,0,1,1,1,1,1,1,0,1,1,0,1,0,1,1,1,1,1,1,1,1,1,0,1,
1,1,1,1,1,1,1,0,1,1,1,0,1,0,0,1,0,1,1,1,1,0,1,1,1,1,1,0,1,1,
0,1,1,1,1,0,1,1,0,0,0,0,1,0,1,0,0,0,0,0,0,1,0,0,0,1,1,1,0,0,
0,0,1,1,0,1,1,1,0,0,0,0,1,0,0,1,0,0,1,0,1,1,1,0,0,1,1,1,1,1,
1,0,0,1,0,1,1,1,0,0,0,0,0,1,0,0,0,0,1,0,1,0,1,1,0,1,0,0,0,0,
0,0,1,0,1,0,1,0,0,0,0,0,0,0,0,0,0,0,0,0,1,1,1,0,1,0,0,1,0,1,
0,1,0,1,1,0,1,1,1,1,0,0,0,0,1,0,0,1,0,1,1,0,1,1,0,1,1,0,1,0,
0,0,0,1,1,1,0,0,0,0,1,0,0,0,0,0,0,0,0,0,1,0,1,0,1,0,0,0,0,0,
0,1,0,0,1,0,1,0,1,0,0,0,1,0,0,0,0,1,0,0,1,0,0,0,0,1,0,0,0,0,
0,0,1,1,0,0,1,1,0,1,0,0,0,0,0,0,0,0,0,0,1,0,1,1,1,0,0,0,0,0,
0,0,1,0,1,0,0,0,0,0,0,0,0,0,0,0,0,0,0,0,1,0,1,0,1,1,1,1,0,0,
0,1,0,1,0,0,1,1,0,0,0,0,1,0,1,0,0,0,0,0,0,1,0,0,0,0,1,0,0,0,
1,0,0,1,1,0,0,1,0,1,1,0,0,0,0,0,0,0,0,1,0,0,0,1,1,0,0,0,0,0,
0,1,0,1,1,1,1,1,0,0,0,0,1,0,0,0,0,0,1,0,1,1,1,0,0,1,1,1,0,1,
0,1,1,1,1,0,1,1,0,1,1,1,1,1,1,1,1,0,0,1,0,1,0,1,1,1,1,1,1,1,
0,0,1,1,1,0,1,0,1,1,0,1,0,0,0,0,0,1,0,1,1,0,1,1,1,1,0,0,1,1,
0,1,1,1,1,1,1,1,0,1,1,1,1,1,0,1,1,0,0,1,0,1,0,1,1,1,1,1,1,0,
1,0,1,1,1,1,1,1,0,0,1,0,1,0,0,1,0,0,1,0,1,1,1,0,1,1,1,1,1,1,
1,0,1,1,0,1,1,1,0,0,0,1,0,1,0,1,1,0,1,0,1,1,1,1,0,1,1,1,0,1,
1,0,1,1,1,1,1,1,1,1,1,0,1,0,1,0,1,0,0,1,1,1,1,1,1,0,1,1,1,1,
0,1,1,1,1,1,1,1,1,1,0,0,1,0,0,0,1,1,0,1,1,0,1,1,1,1,0,0,1,1,
0,0,1,1,1,1,1,0,1,1,0,1,0,0,0,0,1,0,0,1,1,0,1,1,1,1,0,0,1,1,
0,0,0,0,0,0,0,1,0,1,0,0,1,0,0,0,0,0,0,0,1,1,1,1,0,1,1,1,0,0,
0,0,0,0,1,0,1,1,0,1,0,1,0,0,0,0,0,0,0,1,1,1,0,1,1,1,1,1,0,0,
Is Output Graph Empty or Complete?: 0
Ratio of Added Edges Over Added + Removed Edges: 0.529412
Changes from Input to Output: 
Removed Edge: (0, 2)
Removed Edge: (0, 11)
Removed Edge: (0, 13)
Removed Edge: (1, 5)
Removed Edge: (1, 10)
Removed Edge: (1, 15)
Removed Edge: (1, 28)
Added Edge: (2, 22)
Added Edge: (3, 9)
Added Edge: (3, 22)
Added Edge: (4, 6)
Added Edge: (4, 7)
Added Edge: (4, 22)
Added Edge: (4, 23)
Added Edge: (4, 29)
Added Edge: (6, 7)
Added Edge: (6, 22)
Added Edge: (6, 26)
Added Edge: (6, 27)
Added Edge: (7, 8)
Added Edge: (7, 20)
Added Edge: (7, 22)
Added Edge: (7, 24)
Added Edge: (9, 12)
Removed Edge: (9, 14)
Removed Edge: (10, 17)
Removed Edge: (11, 13)
Removed Edge: (11, 17)
Removed Edge: (13, 14)
Removed Edge: (13, 17)
Removed Edge: (13, 19)
Removed Edge: (13, 21)
Removed Edge: (13, 28)
Removed Edge: (14, 15)
Removed Edge: (14, 28)
Removed Edge: (14, 29)
Removed Edge: (15, 16)
Removed Edge: (15, 17)
Removed Edge: (16, 17)
Removed Edge: (16, 18)
Added Edge: (19, 20)
Added Edge: (20, 21)
Added Edge: (20, 24)
Added Edge: (20, 26)
Added Edge: (20, 27)
Added Edge: (21, 25)
Removed Edge: (21, 26)
Added Edge: (22, 25)
Added Edge: (22, 26)
Added Edge: (23, 27)
Added Edge: (24, 25)
========================
