========================
TIME_LIMIT_SECONDS: 900
ODD_HOLE_TERMINATION_PERCENTAGE: 999
N_THREADS: 24
IS_RUNNING_HEURISTIC_ON_CANDIDATE: 0
IS_RUNNING_HEURISTIC_ON_RELAXATION: 1
ADD_ALL_AT_START: 0
========================
Wall-Clock Runtime (ms): 901643
Calculated Odd Hole Termination Batch Size: 0
Total Time of All Workers in OddHoleAlg (nano): 45259366
Total Time of All Workers in OddHoleAlg (ms): 45
OddHoleAlg calls: 110
Number of Found Odd-Holes: 7987
Number of Found Odd Anti-Holes: 1842
Is Optimal? (1e-6): 0
Optimality Gap: 0.0749788
Objective Value: 30
Number of Feasible Solutions Found: 236716
Number of Times Heuristic is Called: 236712
Total number of added OH and OHbar Cuts: 9829
Number of Explored B&C tree nodes: 1514214
Number of Unexplored B&C tree nodes: 758823
========================
Input Graph:
Number of Vertices: 25
Erdos Renyi p Parameter: 0.5
Number of Edges: 158
Expected No of Odd Holes: 705
Expected No of Odd Anti Holes: 83
ODD_HOLE_TERMINATION_BATCH_SIZE: 0
Graph Density: 0.526667
0,1,1,1,1,1,1,1,1,0,0,1,1,1,1,1,0,0,1,1,0,0,1,0,1,
1,0,1,0,1,0,0,0,0,1,0,1,1,0,0,1,1,1,1,0,1,0,1,1,1,
1,1,0,0,1,0,1,1,1,1,1,1,0,1,1,1,1,0,0,0,1,0,1,0,0,
1,0,0,0,0,1,1,0,0,1,0,0,0,1,1,0,1,0,1,1,0,0,0,0,0,
1,1,1,0,0,1,0,1,0,1,0,0,1,0,0,1,1,0,1,1,0,1,0,1,0,
1,0,0,1,1,0,0,1,0,0,0,0,1,1,0,0,0,0,0,0,1,0,0,0,1,
1,0,1,1,0,0,0,1,0,1,1,1,0,1,1,1,0,1,1,0,0,0,0,1,0,
1,0,1,0,1,1,1,0,1,0,1,0,0,0,0,1,1,0,0,0,0,1,0,1,0,
1,0,1,0,0,0,0,1,0,0,0,0,1,1,1,0,1,1,1,0,0,0,1,1,0,
0,1,1,1,1,0,1,0,0,0,1,0,1,0,1,1,1,1,1,0,0,1,0,0,1,
0,0,1,0,0,0,1,1,0,1,0,1,1,0,0,0,1,1,1,1,0,0,1,0,0,
1,1,1,0,0,0,1,0,0,0,1,0,1,0,0,1,1,0,0,1,0,1,1,0,1,
1,1,0,0,1,1,0,0,1,1,1,1,0,1,0,1,0,1,0,0,1,1,0,0,0,
1,0,1,1,0,1,1,0,1,0,0,0,1,0,1,0,1,1,0,1,0,1,1,1,1,
1,0,1,1,0,0,1,0,1,1,0,0,0,1,0,1,0,1,0,1,0,1,1,0,0,
1,1,1,0,1,0,1,1,0,1,0,1,1,0,1,0,1,1,0,1,1,1,0,1,1,
0,1,1,1,1,0,0,1,1,1,1,1,0,1,0,1,0,1,1,1,1,1,0,1,1,
0,1,0,0,0,0,1,0,1,1,1,0,1,1,1,1,1,0,0,1,1,1,0,0,0,
1,1,0,1,1,0,1,0,1,1,1,0,0,0,0,0,1,0,0,0,1,1,1,0,0,
1,0,0,1,1,0,0,0,0,0,1,1,0,1,1,1,1,1,0,0,1,0,0,1,1,
0,1,1,0,0,1,0,0,0,0,0,0,1,0,0,1,1,1,1,1,0,1,0,0,1,
0,0,0,0,1,0,0,1,0,1,0,1,1,1,1,1,1,1,1,0,1,0,1,0,0,
1,1,1,0,0,0,0,0,1,0,1,1,0,1,1,0,0,0,1,0,0,1,0,0,1,
0,1,0,0,1,0,1,1,1,0,0,0,0,1,0,1,1,0,0,1,0,0,0,0,0,
1,1,0,0,0,1,0,0,0,1,0,1,0,1,0,1,1,0,0,1,1,0,1,0,0,
========================
Output Graph: 
Number of Vertices: 25
Number of Edges: 156
Graph Density: 0.52
0,1,1,1,1,1,1,1,1,0,0,1,1,1,1,1,1,1,1,1,0,1,1,0,1,
1,0,1,0,1,0,0,0,0,1,0,1,1,1,0,1,1,1,1,0,1,0,0,1,1,
1,1,0,0,1,0,1,1,1,1,1,1,0,1,1,1,1,0,0,0,1,1,1,0,0,
1,0,0,0,0,0,1,0,0,1,0,0,0,1,1,0,1,0,1,0,0,0,0,0,0,
1,1,1,0,0,1,0,1,0,1,0,0,1,1,0,1,1,1,1,1,0,1,0,1,0,
1,0,0,0,1,0,0,1,0,0,0,0,0,1,0,0,0,0,0,0,0,0,0,0,0,
1,0,1,1,0,0,0,1,0,1,0,0,0,1,1,1,0,1,1,0,0,0,0,1,0,
1,0,1,0,1,1,1,0,1,0,0,0,0,0,0,1,1,0,0,0,0,1,0,1,0,
1,0,1,0,0,0,0,1,0,1,0,0,1,1,1,0,1,1,1,0,0,0,1,1,0,
0,1,1,1,1,0,1,0,1,0,1,0,1,0,1,1,1,1,1,0,0,1,0,0,1,
0,0,1,0,0,0,0,0,0,1,0,0,1,0,0,0,1,1,1,0,0,0,0,0,0,
1,1,1,0,0,0,0,0,0,0,0,0,1,0,0,1,1,1,0,1,0,1,0,0,1,
1,1,0,0,1,0,0,0,1,1,1,1,0,1,0,1,0,1,0,0,1,1,0,0,0,
1,1,1,1,1,1,1,0,1,0,0,0,1,0,1,1,1,1,1,1,0,1,1,1,1,
1,0,1,1,0,0,1,0,1,1,0,0,0,1,0,1,0,1,1,0,0,1,1,0,0,
1,1,1,0,1,0,1,1,0,1,0,1,1,1,1,0,1,1,1,1,1,1,0,1,1,
1,1,1,1,1,0,0,1,1,1,1,1,0,1,0,1,0,1,1,1,1,1,0,1,1,
1,1,0,0,1,0,1,0,1,1,1,1,1,1,1,1,1,0,0,1,1,1,0,0,0,
1,1,0,1,1,0,1,0,1,1,1,0,0,1,1,1,1,0,0,0,1,1,1,0,0,
1,0,0,0,1,0,0,0,0,0,0,1,0,1,0,1,1,1,0,0,1,0,0,0,1,
0,1,1,0,0,0,0,0,0,0,0,0,1,0,0,1,1,1,1,1,0,1,0,0,1,
1,0,1,0,1,0,0,1,0,1,0,1,1,1,1,1,1,1,1,0,1,0,1,1,0,
1,0,1,0,0,0,0,0,1,0,0,0,0,1,1,0,0,0,1,0,0,1,0,0,0,
0,1,0,0,1,0,1,1,1,0,0,0,0,1,0,1,1,0,0,0,0,1,0,0,0,
1,1,0,0,0,0,0,0,0,1,0,1,0,1,0,1,1,0,0,1,1,0,0,0,0,
Is Output Graph Empty or Complete?: 0
Ratio of Added Edges Over Added + Removed Edges: 0.466667
Changes from Input to Output: 
Added Edge: (0, 16)
Added Edge: (0, 17)
Added Edge: (0, 21)
Added Edge: (1, 13)
Removed Edge: (1, 22)
Added Edge: (2, 21)
Removed Edge: (3, 5)
Removed Edge: (3, 19)
Added Edge: (4, 13)
Added Edge: (4, 17)
Removed Edge: (5, 12)
Removed Edge: (5, 20)
Removed Edge: (5, 24)
Removed Edge: (6, 10)
Removed Edge: (6, 11)
Removed Edge: (7, 10)
Added Edge: (8, 9)
Removed Edge: (10, 11)
Removed Edge: (10, 19)
Removed Edge: (10, 22)
Added Edge: (11, 17)
Removed Edge: (11, 22)
Added Edge: (13, 15)
Added Edge: (13, 18)
Added Edge: (14, 18)
Removed Edge: (14, 19)
Added Edge: (15, 18)
Removed Edge: (19, 23)
Added Edge: (21, 23)
Removed Edge: (22, 24)
========================
