========================
TIME_LIMIT_SECONDS: 900
ODD_HOLE_TERMINATION_PERCENTAGE: 999
N_THREADS: 24
IS_RUNNING_HEURISTIC_ON_CANDIDATE: 1
IS_RUNNING_HEURISTIC_ON_RELAXATION: 1
ADD_ALL_AT_START: 1
========================
Wall-Clock Runtime (ms): 444337
Calculated Odd Hole Termination Batch Size: 0
Total Time of All Workers in OddHoleAlg (nano): 90361136
Total Time of All Workers in OddHoleAlg (ms): 90
OddHoleAlg calls: 134
Number of Found Odd-Holes: 6225
Number of Found Odd Anti-Holes: 12602
Is Optimal? (1e-6): 1
Optimality Gap: 0
Objective Value: 32
Number of Feasible Solutions Found: 23260
Number of Times Heuristic is Called: 23253
Total number of added OH and OHbar Cuts: 18827
Number of Explored B&C tree nodes: 200998
Number of Unexplored B&C tree nodes: 0
========================
Input Graph:
Number of Vertices: 30
Erdos Renyi p Parameter: 0.75
Number of Edges: 314
Expected No of Odd Holes: 396
Expected No of Odd Anti Holes: 1341
ODD_HOLE_TERMINATION_BATCH_SIZE: 0
Graph Density: 0.721839
0,1,1,1,1,0,1,1,1,1,1,1,1,1,0,1,1,1,1,1,0,1,1,1,1,1,1,0,1,1,
1,0,0,0,1,1,1,0,1,0,0,0,1,1,1,1,1,0,0,1,0,1,0,1,1,1,1,0,1,1,
1,0,0,1,1,1,1,1,0,1,1,1,1,1,0,1,1,1,1,1,1,1,1,0,1,1,1,1,0,0,
1,0,1,0,1,1,1,1,0,0,0,1,1,1,1,1,0,0,0,1,1,1,1,1,1,0,1,0,1,1,
1,1,1,1,0,1,1,1,0,1,1,1,1,0,1,1,1,1,1,1,1,0,1,1,0,0,1,1,1,1,
0,1,1,1,1,0,1,0,1,1,1,1,1,0,0,1,1,1,1,0,1,1,0,0,1,1,1,1,1,1,
1,1,1,1,1,1,0,1,1,1,1,1,0,1,1,1,1,1,0,1,1,1,1,1,0,1,1,1,1,1,
1,0,1,1,1,0,1,0,0,1,1,1,1,1,1,1,1,1,1,1,0,0,0,0,1,1,0,1,0,1,
1,1,0,0,0,1,1,0,0,0,1,1,1,0,1,1,1,0,1,1,1,1,1,1,1,0,1,1,1,1,
1,0,1,0,1,1,1,1,0,0,0,1,0,0,1,1,0,1,1,0,1,1,1,1,0,0,0,1,1,1,
1,0,1,0,1,1,1,1,1,0,0,1,0,1,0,1,1,1,1,1,1,1,0,1,0,1,1,1,0,1,
1,0,1,1,1,1,1,1,1,1,1,0,0,1,1,1,1,1,1,1,1,1,1,0,1,1,0,1,0,1,
1,1,1,1,1,1,0,1,1,0,0,0,0,1,1,1,1,1,0,1,0,0,0,1,0,1,1,1,1,1,
1,1,1,1,0,0,1,1,0,0,1,1,1,0,0,0,0,0,0,1,0,1,1,1,1,0,1,1,0,1,
0,1,0,1,1,0,1,1,1,1,0,1,1,0,0,0,1,1,1,1,0,0,1,0,0,1,0,1,1,1,
1,1,1,1,1,1,1,1,1,1,1,1,1,0,0,0,0,0,1,1,1,0,1,0,1,1,1,1,0,1,
1,1,1,0,1,1,1,1,1,0,1,1,1,0,1,0,0,1,1,0,1,0,1,1,1,1,0,0,1,1,
1,0,1,0,1,1,1,1,0,1,1,1,1,0,1,0,1,0,1,1,1,0,1,1,1,0,1,0,0,1,
1,0,1,0,1,1,0,1,1,1,1,1,0,0,1,1,1,1,0,0,0,1,1,0,1,1,1,1,1,0,
1,1,1,1,1,0,1,1,1,0,1,1,1,1,1,1,0,1,0,0,1,1,0,1,1,1,0,0,1,0,
0,0,1,1,1,1,1,0,1,1,1,1,0,0,0,1,1,1,0,1,0,1,1,1,0,1,1,1,1,1,
1,1,1,1,0,1,1,0,1,1,1,1,0,1,0,0,0,0,1,1,1,0,1,1,1,0,1,1,0,1,
1,0,1,1,1,0,1,0,1,1,0,1,0,1,1,1,1,1,1,0,1,1,0,1,1,1,1,0,0,1,
1,1,0,1,1,0,1,0,1,1,1,0,1,1,0,0,1,1,0,1,1,1,1,0,0,1,1,1,1,0,
1,1,1,1,0,1,0,1,1,0,0,1,0,1,0,1,1,1,1,1,0,1,1,0,0,1,1,1,0,1,
1,1,1,0,0,1,1,1,0,0,1,1,1,0,1,1,1,0,1,1,1,0,1,1,1,0,1,1,1,0,
1,1,1,1,1,1,1,0,1,0,1,0,1,1,0,1,0,1,1,0,1,1,1,1,1,1,0,1,1,1,
0,0,1,0,1,1,1,1,1,1,1,1,1,1,1,1,0,0,1,0,1,1,0,1,1,1,1,0,1,0,
1,1,0,1,1,1,1,0,1,1,0,0,1,0,1,0,1,0,1,1,1,0,0,1,0,1,1,1,0,0,
1,1,0,1,1,1,1,1,1,1,1,1,1,1,1,1,1,1,0,0,1,1,1,0,1,0,1,0,0,0,
========================
Output Graph: 
Number of Vertices: 30
Number of Edges: 332
Graph Density: 0.763218
0,1,1,1,1,0,1,1,1,1,1,1,1,1,0,1,1,1,1,1,1,1,1,1,1,1,1,1,1,1,
1,0,0,1,1,1,1,0,1,0,0,0,1,1,0,1,1,0,0,1,0,1,0,1,1,1,1,0,1,0,
1,0,0,1,1,1,1,1,1,1,1,1,1,1,0,1,1,1,1,1,1,1,1,0,1,1,1,1,0,0,
1,1,1,0,1,1,1,1,1,0,1,1,1,1,1,1,0,0,0,1,1,1,1,1,1,0,1,1,1,1,
1,1,1,1,0,1,1,1,0,1,1,1,1,0,1,1,1,1,1,1,1,0,1,1,1,0,1,1,1,1,
0,1,1,1,1,0,1,0,1,1,1,1,1,0,0,1,1,1,1,1,1,1,1,0,1,1,1,1,1,1,
1,1,1,1,1,1,0,1,1,1,1,1,0,1,1,1,1,1,1,1,1,1,1,1,0,1,1,1,1,1,
1,0,1,1,1,0,1,0,0,1,1,1,1,0,1,1,1,1,1,1,0,0,1,0,1,1,0,1,0,1,
1,1,1,1,0,1,1,0,0,0,1,1,1,0,1,1,1,0,1,1,1,1,1,1,1,0,1,1,1,1,
1,0,1,0,1,1,1,1,0,0,0,1,0,0,1,1,0,1,1,0,1,0,1,1,0,0,0,1,0,1,
1,0,1,1,1,1,1,1,1,0,0,1,0,1,0,1,1,1,1,1,1,1,0,1,0,1,1,1,0,1,
1,0,1,1,1,1,1,1,1,1,1,0,0,1,1,1,1,1,1,1,1,1,1,0,1,1,0,1,0,1,
1,1,1,1,1,1,0,1,1,0,0,0,0,1,0,1,1,1,0,1,1,1,0,1,0,1,1,1,1,1,
1,1,1,1,0,0,1,0,0,0,1,1,1,0,0,0,0,0,0,1,0,1,1,1,1,0,1,1,1,1,
0,0,0,1,1,0,1,1,1,1,0,1,0,0,0,0,1,1,1,1,0,0,1,0,0,1,0,1,0,1,
1,1,1,1,1,1,1,1,1,1,1,1,1,0,0,0,1,0,1,1,1,0,1,1,1,1,1,1,0,1,
1,1,1,0,1,1,1,1,1,0,1,1,1,0,1,1,0,1,1,0,1,0,1,1,1,1,0,1,1,1,
1,0,1,0,1,1,1,1,0,1,1,1,1,0,1,0,1,0,1,1,1,0,1,1,1,0,1,0,0,1,
1,0,1,0,1,1,1,1,1,1,1,1,0,0,1,1,1,1,0,0,0,1,1,0,1,1,1,1,1,1,
1,1,1,1,1,1,1,1,1,0,1,1,1,1,1,1,0,1,0,0,1,1,0,1,1,1,1,1,1,0,
1,0,1,1,1,1,1,0,1,1,1,1,1,0,0,1,1,1,0,1,0,1,1,1,1,1,1,1,1,1,
1,1,1,1,0,1,1,0,1,0,1,1,1,1,0,0,0,0,1,1,1,0,1,1,1,0,1,1,1,1,
1,0,1,1,1,1,1,1,1,1,0,1,0,1,1,1,1,1,1,0,1,1,0,1,1,1,1,0,0,1,
1,1,0,1,1,0,1,0,1,1,1,0,1,1,0,1,1,1,0,1,1,1,1,0,1,1,1,1,1,0,
1,1,1,1,1,1,0,1,1,0,0,1,0,1,0,1,1,1,1,1,1,1,1,1,0,1,1,1,0,1,
1,1,1,0,0,1,1,1,0,0,1,1,1,0,1,1,1,0,1,1,1,0,1,1,1,0,1,1,1,1,
1,1,1,1,1,1,1,0,1,0,1,0,1,1,0,1,0,1,1,1,1,1,1,1,1,1,0,1,1,1,
1,0,1,1,1,1,1,1,1,1,1,1,1,1,1,1,1,0,1,1,1,1,0,1,1,1,1,0,1,0,
1,1,0,1,1,1,1,0,1,0,0,0,1,1,0,0,1,0,1,1,1,1,0,1,0,1,1,1,0,0,
1,0,0,1,1,1,1,1,1,1,1,1,1,1,1,1,1,1,1,0,1,1,1,0,1,1,1,0,0,0,
Is Output Graph Empty or Complete?: 0
Ratio of Added Edges Over Added + Removed Edges: 0.78125
Changes from Input to Output: 
Added Edge: (0, 20)
Added Edge: (0, 27)
Added Edge: (1, 3)
Removed Edge: (1, 14)
Removed Edge: (1, 29)
Added Edge: (2, 8)
Added Edge: (3, 8)
Added Edge: (3, 10)
Added Edge: (3, 27)
Added Edge: (4, 24)
Added Edge: (5, 19)
Added Edge: (5, 22)
Added Edge: (6, 18)
Removed Edge: (7, 13)
Added Edge: (7, 22)
Removed Edge: (9, 21)
Removed Edge: (9, 28)
Removed Edge: (12, 14)
Added Edge: (12, 20)
Added Edge: (12, 21)
Added Edge: (13, 28)
Removed Edge: (14, 28)
Added Edge: (15, 16)
Added Edge: (15, 23)
Added Edge: (16, 27)
Added Edge: (18, 29)
Added Edge: (19, 26)
Added Edge: (19, 27)
Added Edge: (20, 24)
Added Edge: (21, 28)
Added Edge: (23, 24)
Added Edge: (25, 29)
========================
