========================
TIME_LIMIT_SECONDS: 900
ODD_HOLE_TERMINATION_PERCENTAGE: 999
N_THREADS: 24
IS_RUNNING_HEURISTIC_ON_CANDIDATE: 1
IS_RUNNING_HEURISTIC_ON_RELAXATION: 0
ADD_ALL_AT_START: 0
========================
Wall-Clock Runtime (ms): 103476
Calculated Odd Hole Termination Batch Size: 0
Total Time of All Workers in OddHoleAlg (nano): 112840964
Total Time of All Workers in OddHoleAlg (ms): 112
OddHoleAlg calls: 136
Number of Found Odd-Holes: 17278
Number of Found Odd Anti-Holes: 2
Is Optimal? (1e-6): 1
Optimality Gap: 0
Objective Value: 26
Number of Feasible Solutions Found: 68
Number of Times Heuristic is Called: 57
Total number of added OH and OHbar Cuts: 17280
Number of Explored B&C tree nodes: 104645
Number of Unexplored B&C tree nodes: 0
========================
Input Graph:
Number of Vertices: 30
Erdos Renyi p Parameter: 0.25
Number of Edges: 104
Expected No of Odd Holes: 1737
Expected No of Odd Anti Holes: 0
ODD_HOLE_TERMINATION_BATCH_SIZE: 0
Graph Density: 0.23908
0,0,1,0,1,0,0,0,0,0,0,0,0,0,1,0,0,0,0,0,0,0,0,0,0,0,1,0,0,1,
0,0,1,0,0,0,0,1,0,0,0,0,0,0,1,0,0,0,0,0,0,0,0,1,0,0,0,0,0,0,
1,1,0,0,0,0,0,1,0,0,0,0,0,0,1,0,1,1,1,0,0,0,0,0,0,1,0,1,0,1,
0,0,0,0,0,0,0,0,0,0,0,0,1,1,1,0,0,0,0,1,0,0,0,0,0,0,1,0,0,0,
1,0,0,0,0,0,1,1,0,0,0,0,0,0,1,0,0,0,1,0,0,0,1,0,1,1,0,0,0,0,
0,0,0,0,0,0,0,0,1,0,0,1,1,0,1,0,0,1,0,0,1,0,0,0,1,0,0,0,1,0,
0,0,0,0,1,0,0,0,0,0,0,0,1,0,1,0,0,0,0,0,0,0,0,0,0,0,0,0,1,0,
0,1,1,0,1,0,0,0,1,0,0,0,1,0,0,0,0,0,0,0,1,0,0,0,0,0,0,0,0,0,
0,0,0,0,0,1,0,1,0,1,0,0,1,1,0,0,0,0,0,0,0,0,0,0,0,1,0,1,0,1,
0,0,0,0,0,0,0,0,1,0,1,1,1,0,0,0,1,0,0,0,0,0,0,1,0,1,0,1,0,1,
0,0,0,0,0,0,0,0,0,1,0,1,0,0,0,0,0,1,0,1,1,0,0,0,0,0,0,0,1,0,
0,0,0,0,0,1,0,0,0,1,1,0,0,1,1,1,1,0,1,0,0,0,0,0,0,0,0,1,0,0,
0,0,0,1,0,1,1,1,1,1,0,0,0,0,0,0,0,0,1,0,0,1,0,0,0,0,0,0,1,0,
0,0,0,1,0,0,0,0,1,0,0,1,0,0,1,0,0,0,1,1,0,0,0,0,0,1,0,1,0,0,
1,1,1,1,1,1,1,0,0,0,0,1,0,1,0,0,0,1,0,1,0,1,0,1,0,0,0,0,0,0,
0,0,0,0,0,0,0,0,0,0,0,1,0,0,0,0,1,0,0,0,0,0,1,1,0,0,0,0,1,1,
0,0,1,0,0,0,0,0,0,1,0,1,0,0,0,1,0,0,0,0,0,0,0,1,0,0,0,1,0,0,
0,0,1,0,0,1,0,0,0,0,1,0,0,0,1,0,0,0,0,0,0,1,0,0,0,1,0,0,0,0,
0,0,1,0,1,0,0,0,0,0,0,1,1,1,0,0,0,0,0,0,0,0,0,0,0,0,0,0,0,0,
0,0,0,1,0,0,0,0,0,0,1,0,0,1,1,0,0,0,0,0,0,1,0,0,0,1,0,0,1,1,
0,0,0,0,0,1,0,1,0,0,1,0,0,0,0,0,0,0,0,0,0,0,0,0,0,1,0,0,1,0,
0,0,0,0,0,0,0,0,0,0,0,0,1,0,1,0,0,1,0,1,0,0,1,0,1,0,0,1,0,0,
0,0,0,0,1,0,0,0,0,0,0,0,0,0,0,1,0,0,0,0,0,1,0,1,0,0,0,0,0,1,
0,1,0,0,0,0,0,0,0,1,0,0,0,0,1,1,1,0,0,0,0,0,1,0,0,0,0,0,0,0,
0,0,0,0,1,1,0,0,0,0,0,0,0,0,0,0,0,0,0,0,0,1,0,0,0,0,0,0,1,0,
0,0,1,0,1,0,0,0,1,1,0,0,0,1,0,0,0,1,0,1,1,0,0,0,0,0,0,0,1,0,
1,0,0,1,0,0,0,0,0,0,0,0,0,0,0,0,0,0,0,0,0,0,0,0,0,0,0,1,0,0,
0,0,1,0,0,0,0,0,1,1,0,1,0,1,0,0,1,0,0,0,0,1,0,0,0,0,1,0,1,0,
0,0,0,0,0,1,1,0,0,0,1,0,1,0,0,1,0,0,0,1,1,0,0,0,1,1,0,1,0,0,
1,0,1,0,0,0,0,0,1,1,0,0,0,0,0,1,0,0,0,1,0,0,1,0,0,0,0,0,0,0,
========================
Output Graph: 
Number of Vertices: 30
Number of Edges: 90
Graph Density: 0.206897
0,0,1,0,1,0,0,0,0,0,0,0,0,0,1,0,0,0,0,0,0,0,0,0,0,0,1,0,0,0,
0,0,1,0,0,0,0,1,0,0,0,0,0,0,1,0,0,0,0,0,0,0,0,0,0,0,0,0,0,0,
1,1,0,0,0,0,0,1,0,0,0,0,0,0,1,0,1,0,1,0,0,0,0,0,0,1,0,1,0,1,
0,0,0,0,0,0,0,0,0,0,0,1,1,1,1,0,0,0,0,1,0,0,0,0,0,0,1,0,0,0,
1,0,0,0,0,0,1,1,0,0,0,0,0,0,1,0,0,0,1,0,0,0,0,0,0,1,0,0,0,0,
0,0,0,0,0,0,0,0,1,0,0,1,1,0,0,0,0,1,0,1,1,0,0,0,1,0,0,0,1,0,
0,0,0,0,1,0,0,0,0,0,0,0,1,0,1,0,0,0,0,0,0,0,0,0,0,0,0,0,0,0,
0,1,1,0,1,0,0,0,1,0,0,0,1,0,0,0,0,0,0,0,1,0,0,0,0,0,0,0,0,0,
0,0,0,0,0,1,0,1,0,0,0,0,0,0,0,0,0,0,0,0,0,0,0,0,0,1,0,1,0,1,
0,0,0,0,0,0,0,0,0,0,1,1,0,0,0,0,1,0,0,0,0,0,0,1,0,1,0,1,0,1,
0,0,0,0,0,0,0,0,0,1,0,1,0,0,0,0,0,1,0,1,1,0,0,0,0,0,0,0,1,0,
0,0,0,1,0,1,0,0,0,1,1,0,0,1,1,1,1,0,1,0,0,0,0,0,0,1,0,1,0,1,
0,0,0,1,0,1,1,1,0,0,0,0,0,0,1,0,0,0,1,0,0,1,0,0,0,0,0,0,0,0,
0,0,0,1,0,0,0,0,0,0,0,1,0,0,1,0,0,0,1,0,0,0,0,0,0,1,0,1,0,0,
1,1,1,1,1,0,1,0,0,0,0,1,1,1,0,0,0,1,0,1,0,1,0,0,0,0,0,0,0,0,
0,0,0,0,0,0,0,0,0,0,0,1,0,0,0,0,1,0,0,0,0,0,1,1,0,0,0,0,0,1,
0,0,1,0,0,0,0,0,0,1,0,1,0,0,0,1,0,0,0,0,0,0,0,1,0,0,0,1,0,1,
0,0,0,0,0,1,0,0,0,0,1,0,0,0,1,0,0,0,0,0,0,1,0,0,0,1,0,0,0,0,
0,0,1,0,1,0,0,0,0,0,0,1,1,1,0,0,0,0,0,0,0,0,0,0,0,0,0,0,0,0,
0,0,0,1,0,1,0,0,0,0,1,0,0,0,1,0,0,0,0,0,0,1,0,0,0,1,0,0,1,1,
0,0,0,0,0,1,0,1,0,0,1,0,0,0,0,0,0,0,0,0,0,0,0,0,0,1,0,0,1,0,
0,0,0,0,0,0,0,0,0,0,0,0,1,0,1,0,0,1,0,1,0,0,0,0,0,0,0,0,0,0,
0,0,0,0,0,0,0,0,0,0,0,0,0,0,0,1,0,0,0,0,0,0,0,1,0,0,0,0,0,1,
0,0,0,0,0,0,0,0,0,1,0,0,0,0,0,1,1,0,0,0,0,0,1,0,0,0,0,0,0,0,
0,0,0,0,0,1,0,0,0,0,0,0,0,0,0,0,0,0,0,0,0,0,0,0,0,0,0,0,1,0,
0,0,1,0,1,0,0,0,1,1,0,1,0,1,0,0,0,1,0,1,1,0,0,0,0,0,0,0,1,0,
1,0,0,1,0,0,0,0,0,0,0,0,0,0,0,0,0,0,0,0,0,0,0,0,0,0,0,0,0,0,
0,0,1,0,0,0,0,0,1,1,0,1,0,1,0,0,1,0,0,0,0,0,0,0,0,0,0,0,0,0,
0,0,0,0,0,1,0,0,0,0,1,0,0,0,0,0,0,0,0,1,1,0,0,0,1,1,0,0,0,0,
0,0,1,0,0,0,0,0,1,1,0,1,0,0,0,1,1,0,0,1,0,0,1,0,0,0,0,0,0,0,
Is Output Graph Empty or Complete?: 0
Ratio of Added Edges Over Added + Removed Edges: 0.230769
Changes from Input to Output: 
Removed Edge: (0, 29)
Removed Edge: (1, 23)
Removed Edge: (2, 17)
Added Edge: (3, 11)
Removed Edge: (4, 22)
Removed Edge: (4, 24)
Removed Edge: (5, 14)
Added Edge: (5, 19)
Removed Edge: (6, 28)
Removed Edge: (8, 9)
Removed Edge: (8, 12)
Removed Edge: (8, 13)
Removed Edge: (9, 12)
Added Edge: (11, 25)
Added Edge: (11, 29)
Added Edge: (12, 14)
Removed Edge: (12, 28)
Removed Edge: (13, 19)
Removed Edge: (14, 23)
Removed Edge: (15, 28)
Added Edge: (16, 29)
Removed Edge: (21, 22)
Removed Edge: (21, 24)
Removed Edge: (21, 27)
Removed Edge: (26, 27)
Removed Edge: (27, 28)
========================
