========================
TIME_LIMIT_SECONDS: 900
ODD_HOLE_TERMINATION_PERCENTAGE: 999
N_THREADS: 24
IS_RUNNING_HEURISTIC_ON_CANDIDATE: 1
IS_RUNNING_HEURISTIC_ON_RELAXATION: 0
ADD_ALL_AT_START: 1
========================
Wall-Clock Runtime (ms): 970
Calculated Odd Hole Termination Batch Size: 0
Total Time of All Workers in OddHoleAlg (nano): 6862719
Total Time of All Workers in OddHoleAlg (ms): 6
OddHoleAlg calls: 26
Number of Found Odd-Holes: 170
Number of Found Odd Anti-Holes: 722
Is Optimal? (1e-6): 1
Optimality Gap: 0
Objective Value: 22
Number of Feasible Solutions Found: 13
Number of Times Heuristic is Called: 10
Total number of added OH and OHbar Cuts: 892
Number of Explored B&C tree nodes: 837
Number of Unexplored B&C tree nodes: 0
========================
Input Graph:
Number of Vertices: 30
Erdos Renyi p Parameter: 0.75
Number of Edges: 330
Expected No of Odd Holes: 396
Expected No of Odd Anti Holes: 1341
ODD_HOLE_TERMINATION_BATCH_SIZE: 0
Graph Density: 0.758621
0,1,1,0,1,1,1,1,1,0,0,1,1,1,1,1,1,1,1,1,1,1,0,0,1,0,1,1,1,1,
1,0,1,1,1,1,0,1,1,1,0,1,1,1,1,1,1,0,1,1,1,0,1,1,1,1,0,1,0,1,
1,1,0,1,1,1,1,1,1,0,0,1,1,1,1,1,1,1,0,0,1,0,1,0,1,1,1,1,1,1,
0,1,1,0,1,1,1,1,1,1,1,0,1,1,1,1,1,1,0,1,1,0,1,0,1,1,1,1,0,1,
1,1,1,1,0,1,1,1,1,1,1,1,1,0,1,1,1,1,1,1,1,1,1,1,1,1,1,0,1,1,
1,1,1,1,1,0,1,1,0,0,1,1,1,1,1,1,1,0,1,0,0,0,1,0,0,1,1,1,1,0,
1,0,1,1,1,1,0,1,1,1,0,1,1,0,1,1,1,1,1,1,0,0,1,1,1,1,1,0,1,1,
1,1,1,1,1,1,1,0,1,1,1,0,0,0,0,1,1,1,0,1,0,0,1,0,1,1,1,0,1,1,
1,1,1,1,1,0,1,1,0,0,0,1,1,1,1,1,1,0,1,0,0,1,1,1,1,1,1,1,1,1,
0,1,0,1,1,0,1,1,0,0,0,1,0,1,0,0,1,1,1,1,0,1,1,0,0,0,1,1,1,1,
0,0,0,1,1,1,0,1,0,0,0,0,1,0,0,1,1,1,0,0,1,1,1,0,1,1,1,0,0,1,
1,1,1,0,1,1,1,0,1,1,0,0,1,0,0,1,0,1,0,1,1,1,1,1,1,1,1,0,1,1,
1,1,1,1,1,1,1,0,1,0,1,1,0,1,1,1,1,1,1,1,1,0,1,1,1,0,1,1,1,1,
1,1,1,1,0,1,0,0,1,1,0,0,1,0,0,1,1,1,0,1,0,0,0,1,1,1,1,1,1,0,
1,1,1,1,1,1,1,0,1,0,0,0,1,0,0,0,1,1,1,1,1,1,1,0,0,0,0,1,1,1,
1,1,1,1,1,1,1,1,1,0,1,1,1,1,0,0,1,1,1,1,1,1,0,0,1,1,1,1,1,1,
1,1,1,1,1,1,1,1,1,1,1,0,1,1,1,1,0,1,1,1,1,1,1,0,0,1,1,1,1,0,
1,0,1,1,1,0,1,1,0,1,1,1,1,1,1,1,1,0,0,1,0,1,1,1,1,1,1,0,1,0,
1,1,0,0,1,1,1,0,1,1,0,0,1,0,1,1,1,0,0,1,1,1,1,1,1,1,1,1,0,1,
1,1,0,1,1,0,1,1,0,1,0,1,1,1,1,1,1,1,1,0,1,1,1,1,1,1,1,1,1,1,
1,1,1,1,1,0,0,0,0,0,1,1,1,0,1,1,1,0,1,1,0,1,1,1,1,0,0,1,1,1,
1,0,0,0,1,0,0,0,1,1,1,1,0,0,1,1,1,1,1,1,1,0,1,1,1,0,1,1,1,1,
0,1,1,1,1,1,1,1,1,1,1,1,1,0,1,0,1,1,1,1,1,1,0,1,1,0,0,1,0,1,
0,1,0,0,1,0,1,0,1,0,0,1,1,1,0,0,0,1,1,1,1,1,1,0,1,1,1,1,1,1,
1,1,1,1,1,0,1,1,1,0,1,1,1,1,0,1,0,1,1,1,1,1,1,1,0,1,1,1,1,1,
0,1,1,1,1,1,1,1,1,0,1,1,0,1,0,1,1,1,1,1,0,0,0,1,1,0,1,1,0,1,
1,0,1,1,1,1,1,1,1,1,1,1,1,1,0,1,1,1,1,1,0,1,0,1,1,1,0,1,1,1,
1,1,1,1,0,1,0,0,1,1,0,0,1,1,1,1,1,0,1,1,1,1,1,1,1,1,1,0,1,0,
1,0,1,0,1,1,1,1,1,1,0,1,1,1,1,1,1,1,0,1,1,1,0,1,1,0,1,1,0,1,
1,1,1,1,1,0,1,1,1,1,1,1,1,0,1,1,0,0,1,1,1,1,1,1,1,1,1,0,1,0,
========================
Output Graph: 
Number of Vertices: 30
Number of Edges: 342
Graph Density: 0.786207
0,1,1,0,1,1,1,1,1,0,0,1,1,1,1,1,1,1,1,1,1,1,0,0,1,0,1,1,1,1,
1,0,1,1,1,1,0,1,1,1,0,1,1,1,1,1,1,0,1,1,1,1,1,1,1,1,1,1,1,1,
1,1,0,1,1,1,1,1,1,0,0,1,1,1,1,1,1,1,1,0,1,0,1,0,1,1,1,1,1,1,
0,1,1,0,1,1,1,1,1,1,1,1,1,1,1,1,1,1,0,1,1,0,1,0,1,1,1,1,0,1,
1,1,1,1,0,1,1,1,1,1,1,1,1,0,1,1,1,1,1,1,1,1,1,1,1,1,1,0,1,1,
1,1,1,1,1,0,1,1,0,0,1,1,1,1,1,1,1,1,1,0,0,0,1,0,0,1,1,1,1,1,
1,0,1,1,1,1,0,1,1,1,0,1,1,0,1,1,1,1,1,1,0,0,1,1,1,1,1,0,1,1,
1,1,1,1,1,1,1,0,1,1,1,0,1,0,0,1,1,1,0,1,0,0,1,0,1,1,1,0,1,1,
1,1,1,1,1,0,1,1,0,0,0,1,1,1,1,1,1,1,1,0,0,1,1,1,1,1,1,1,1,1,
0,1,0,1,1,0,1,1,0,0,0,1,0,1,0,0,1,1,1,1,0,0,1,0,0,0,1,1,1,1,
0,0,0,1,1,1,0,1,0,0,0,0,1,0,0,1,1,1,0,0,0,0,1,0,1,1,1,0,0,1,
1,1,1,1,1,1,1,0,1,1,0,0,1,0,0,1,1,1,0,1,1,1,1,1,1,1,1,0,1,1,
1,1,1,1,1,1,1,1,1,0,1,1,0,1,1,1,1,1,1,1,1,0,1,1,1,0,1,1,1,1,
1,1,1,1,0,1,0,0,1,1,0,0,1,0,0,1,1,0,0,1,0,0,1,1,1,1,1,1,1,0,
1,1,1,1,1,1,1,0,1,0,0,0,1,0,0,0,1,1,1,1,1,1,1,1,1,0,0,1,1,1,
1,1,1,1,1,1,1,1,1,0,1,1,1,1,0,0,1,1,1,1,1,1,1,0,1,1,1,1,1,1,
1,1,1,1,1,1,1,1,1,1,1,1,1,1,1,1,0,1,1,1,1,1,1,0,0,1,1,1,1,1,
1,0,1,1,1,1,1,1,1,1,1,1,1,0,1,1,1,0,0,1,0,1,1,1,1,1,1,0,1,0,
1,1,1,0,1,1,1,0,1,1,0,0,1,0,1,1,1,0,0,1,1,1,1,1,1,1,1,1,1,1,
1,1,0,1,1,0,1,1,0,1,0,1,1,1,1,1,1,1,1,0,1,1,1,1,1,1,1,1,1,1,
1,1,1,1,1,0,0,0,0,0,0,1,1,0,1,1,1,0,1,1,0,1,1,1,1,0,0,1,1,1,
1,1,0,0,1,0,0,0,1,0,0,1,0,0,1,1,1,1,1,1,1,0,1,1,1,0,1,1,1,1,
0,1,1,1,1,1,1,1,1,1,1,1,1,1,1,1,1,1,1,1,1,1,0,1,1,0,1,1,0,1,
0,1,0,0,1,0,1,0,1,0,0,1,1,1,1,0,0,1,1,1,1,1,1,0,1,0,1,1,1,1,
1,1,1,1,1,0,1,1,1,0,1,1,1,1,1,1,0,1,1,1,1,1,1,1,0,1,1,1,1,1,
0,1,1,1,1,1,1,1,1,0,1,1,0,1,0,1,1,1,1,1,0,0,0,0,1,0,1,1,0,1,
1,1,1,1,1,1,1,1,1,1,1,1,1,1,0,1,1,1,1,1,0,1,1,1,1,1,0,1,1,1,
1,1,1,1,0,1,0,0,1,1,0,0,1,1,1,1,1,0,1,1,1,1,1,1,1,1,1,0,1,0,
1,1,1,0,1,1,1,1,1,1,0,1,1,1,1,1,1,1,1,1,1,1,0,1,1,0,1,1,0,1,
1,1,1,1,1,1,1,1,1,1,1,1,1,0,1,1,1,0,1,1,1,1,1,1,1,1,1,0,1,0,
Is Output Graph Empty or Complete?: 0
Ratio of Added Edges Over Added + Removed Edges: 0.772727
Changes from Input to Output: 
Added Edge: (1, 21)
Added Edge: (1, 26)
Added Edge: (1, 28)
Added Edge: (2, 18)
Added Edge: (3, 11)
Added Edge: (5, 17)
Added Edge: (5, 29)
Added Edge: (7, 12)
Added Edge: (8, 17)
Removed Edge: (9, 21)
Removed Edge: (10, 20)
Removed Edge: (10, 21)
Added Edge: (11, 16)
Removed Edge: (13, 17)
Added Edge: (13, 22)
Added Edge: (14, 23)
Added Edge: (14, 24)
Added Edge: (15, 22)
Added Edge: (16, 29)
Added Edge: (18, 28)
Added Edge: (22, 26)
Removed Edge: (23, 25)
========================
