========================
TIME_LIMIT_SECONDS: 900
ODD_HOLE_TERMINATION_PERCENTAGE: 999
N_THREADS: 24
IS_RUNNING_HEURISTIC_ON_CANDIDATE: 0
IS_RUNNING_HEURISTIC_ON_RELAXATION: 0
ADD_ALL_AT_START: 1
========================
Wall-Clock Runtime (ms): 800
Calculated Odd Hole Termination Batch Size: 0
Total Time of All Workers in OddHoleAlg (nano): 11256705
Total Time of All Workers in OddHoleAlg (ms): 11
OddHoleAlg calls: 62
Number of Found Odd-Holes: 314
Number of Found Odd Anti-Holes: 1161
Is Optimal? (1e-6): 1
Optimality Gap: 0
Objective Value: 21
Number of Feasible Solutions Found: 4
Number of Times Heuristic is Called: 0
Total number of added OH and OHbar Cuts: 1475
Number of Explored B&C tree nodes: 2019
Number of Unexplored B&C tree nodes: 0
========================
Input Graph:
Number of Vertices: 25
Erdos Renyi p Parameter: 0.75
Number of Edges: 209
Expected No of Odd Holes: 147
Expected No of Odd Anti Holes: 260
ODD_HOLE_TERMINATION_BATCH_SIZE: 0
Graph Density: 0.696667
0,1,1,1,1,1,1,1,1,1,1,0,1,1,1,1,0,1,0,1,0,0,0,0,0,
1,0,0,1,1,1,1,0,1,1,1,1,1,1,1,1,0,1,0,1,1,0,1,1,1,
1,0,0,1,1,0,1,1,1,1,1,1,1,1,1,0,1,1,1,0,1,0,1,1,0,
1,1,1,0,1,1,1,1,0,0,0,0,1,1,1,1,0,1,1,1,1,1,1,1,1,
1,1,1,1,0,0,1,1,1,1,0,1,1,1,1,1,1,1,0,1,1,0,1,1,1,
1,1,0,1,0,0,1,1,1,1,0,1,0,1,0,1,1,1,1,1,1,1,0,1,1,
1,1,1,1,1,1,0,1,1,1,0,0,0,1,1,0,0,1,0,1,1,1,1,1,0,
1,0,1,1,1,1,1,0,1,1,1,1,1,0,0,0,1,1,1,1,0,1,1,0,1,
1,1,1,0,1,1,1,1,0,1,1,1,1,0,0,1,1,1,1,1,1,1,1,1,0,
1,1,1,0,1,1,1,1,1,0,1,0,1,1,0,0,0,0,1,1,1,0,0,1,1,
1,1,1,0,0,0,0,1,1,1,0,1,0,0,0,1,0,1,1,1,0,1,0,0,1,
0,1,1,0,1,1,0,1,1,0,1,0,1,0,1,1,1,1,0,1,1,1,1,1,1,
1,1,1,1,1,0,0,1,1,1,0,1,0,1,1,0,1,1,0,1,0,1,1,1,1,
1,1,1,1,1,1,1,0,0,1,0,0,1,0,1,1,0,1,1,0,1,0,1,1,1,
1,1,1,1,1,0,1,0,0,0,0,1,1,1,0,1,1,0,1,1,0,1,1,1,0,
1,1,0,1,1,1,0,0,1,0,1,1,0,1,1,0,0,1,0,1,0,1,1,1,0,
0,0,1,0,1,1,0,1,1,0,0,1,1,0,1,0,0,0,1,0,0,1,1,1,0,
1,1,1,1,1,1,1,1,1,0,1,1,1,1,0,1,0,0,1,0,1,0,1,1,0,
0,0,1,1,0,1,0,1,1,1,1,0,0,1,1,0,1,1,0,0,1,0,1,0,0,
1,1,0,1,1,1,1,1,1,1,1,1,1,0,1,1,0,0,0,0,0,1,1,0,1,
0,1,1,1,1,1,1,0,1,1,0,1,0,1,0,0,0,1,1,0,0,0,0,1,1,
0,0,0,1,0,1,1,1,1,0,1,1,1,0,1,1,1,0,0,1,0,0,1,1,0,
0,1,1,1,1,0,1,1,1,0,0,1,1,1,1,1,1,1,1,1,0,1,0,1,1,
0,1,1,1,1,1,1,0,1,1,0,1,1,1,1,1,1,1,0,0,1,1,1,0,1,
0,1,0,1,1,1,0,1,0,1,1,1,1,1,0,0,0,0,0,1,1,0,1,1,0,
========================
Output Graph: 
Number of Vertices: 25
Number of Edges: 220
Graph Density: 0.733333
0,1,1,1,1,1,1,1,1,1,1,1,1,1,1,1,0,1,0,1,0,0,1,1,0,
1,0,0,1,1,1,1,1,1,1,1,1,1,1,1,1,0,1,0,1,1,0,1,1,1,
1,0,0,1,1,1,1,1,1,1,1,1,1,1,1,0,1,1,1,0,1,0,1,1,1,
1,1,1,0,1,1,1,1,1,0,0,0,1,1,1,1,0,1,1,1,1,1,1,1,1,
1,1,1,1,0,1,1,1,1,1,0,1,1,1,1,1,1,1,0,1,1,0,1,1,1,
1,1,1,1,1,0,1,1,1,1,0,1,1,1,0,1,1,1,1,1,1,1,0,1,1,
1,1,1,1,1,1,0,1,1,1,0,0,0,1,1,0,0,1,0,1,1,1,1,1,1,
1,1,1,1,1,1,1,0,1,1,1,1,1,1,0,0,1,1,1,1,0,1,1,1,1,
1,1,1,1,1,1,1,1,0,1,1,1,1,1,0,1,1,1,1,1,1,1,1,1,0,
1,1,1,0,1,1,1,1,1,0,0,0,1,1,0,0,0,0,1,1,1,0,0,1,1,
1,1,1,0,0,0,0,1,1,0,0,1,0,0,1,1,0,1,0,1,0,1,0,0,1,
1,1,1,0,1,1,0,1,1,0,1,0,1,0,1,1,1,1,0,1,1,1,1,1,1,
1,1,1,1,1,1,0,1,1,1,0,1,0,1,1,0,1,1,0,1,0,1,1,1,1,
1,1,1,1,1,1,1,1,1,1,0,0,1,0,1,1,0,1,1,0,1,0,1,1,1,
1,1,1,1,1,0,1,0,0,0,1,1,1,1,0,1,0,0,1,1,0,1,1,1,0,
1,1,0,1,1,1,0,0,1,0,1,1,0,1,1,0,0,1,0,1,0,1,1,1,0,
0,0,1,0,1,1,0,1,1,0,0,1,1,0,0,0,0,0,0,0,0,0,1,1,0,
1,1,1,1,1,1,1,1,1,0,1,1,1,1,0,1,0,0,1,1,1,0,1,1,0,
0,0,1,1,0,1,0,1,1,1,0,0,0,1,1,0,0,1,0,0,1,0,1,0,1,
1,1,0,1,1,1,1,1,1,1,1,1,1,0,1,1,0,1,0,0,0,1,1,0,1,
0,1,1,1,1,1,1,0,1,1,0,1,0,1,0,0,0,1,1,0,0,0,0,1,1,
0,0,0,1,0,1,1,1,1,0,1,1,1,0,1,1,0,0,0,1,0,0,1,1,0,
1,1,1,1,1,0,1,1,1,0,0,1,1,1,1,1,1,1,1,1,0,1,0,1,1,
1,1,1,1,1,1,1,1,1,1,0,1,1,1,1,1,1,1,0,0,1,1,1,0,1,
0,1,1,1,1,1,1,1,0,1,1,1,1,1,0,0,0,0,1,1,1,0,1,1,0,
Is Output Graph Empty or Complete?: 0
Ratio of Added Edges Over Added + Removed Edges: 0.727273
Changes from Input to Output: 
Added Edge: (0, 11)
Added Edge: (0, 22)
Added Edge: (0, 23)
Added Edge: (1, 7)
Added Edge: (2, 5)
Added Edge: (2, 24)
Added Edge: (3, 8)
Added Edge: (4, 5)
Added Edge: (5, 12)
Added Edge: (6, 24)
Added Edge: (7, 13)
Added Edge: (7, 23)
Added Edge: (8, 13)
Removed Edge: (9, 10)
Added Edge: (10, 14)
Removed Edge: (10, 18)
Removed Edge: (14, 16)
Removed Edge: (15, 17)
Removed Edge: (16, 18)
Removed Edge: (16, 21)
Added Edge: (17, 19)
Added Edge: (18, 24)
========================
