========================
TIME_LIMIT_SECONDS: 900
ODD_HOLE_TERMINATION_PERCENTAGE: 999
N_THREADS: 24
IS_RUNNING_HEURISTIC_ON_CANDIDATE: 1
IS_RUNNING_HEURISTIC_ON_RELAXATION: 1
ADD_ALL_AT_START: 0
========================
Wall-Clock Runtime (ms): 901134
Calculated Odd Hole Termination Batch Size: 0
Total Time of All Workers in OddHoleAlg (nano): 58028691
Total Time of All Workers in OddHoleAlg (ms): 58
OddHoleAlg calls: 42
Number of Found Odd-Holes: 17045
Number of Found Odd Anti-Holes: 2868
Is Optimal? (1e-6): 0
Optimality Gap: 0.228487
Objective Value: 51
Number of Feasible Solutions Found: 51543
Number of Times Heuristic is Called: 51540
Total number of added OH and OHbar Cuts: 19913
Number of Explored B&C tree nodes: 267701
Number of Unexplored B&C tree nodes: 151805
========================
Input Graph:
Number of Vertices: 30
Erdos Renyi p Parameter: 0.5
Number of Edges: 220
Expected No of Odd Holes: 2023
Expected No of Odd Anti Holes: 353
ODD_HOLE_TERMINATION_BATCH_SIZE: 0
Graph Density: 0.505747
0,0,1,1,1,0,1,1,0,0,1,1,0,1,0,0,0,0,1,0,0,0,0,1,1,1,0,0,0,0,
0,0,0,0,0,1,0,1,1,0,1,0,1,0,1,1,0,1,0,1,1,0,1,0,0,0,1,0,1,0,
1,0,0,0,1,0,0,1,1,1,0,1,0,0,0,1,1,0,0,0,1,1,0,1,1,1,1,1,0,0,
1,0,0,0,1,1,1,1,1,0,1,0,1,1,0,1,0,1,1,1,1,1,0,1,1,1,1,1,0,0,
1,0,1,1,0,1,0,0,1,0,0,1,1,1,1,0,1,0,1,1,1,1,0,0,0,1,1,1,0,0,
0,1,0,1,1,0,0,1,0,1,1,0,0,1,0,0,0,0,0,1,0,0,1,1,1,1,1,1,0,0,
1,0,0,1,0,0,0,0,1,1,1,1,1,0,1,1,0,1,0,1,1,1,0,1,1,1,0,0,0,1,
1,1,1,1,0,1,0,0,0,1,1,0,1,0,0,1,0,1,1,1,0,0,0,1,0,1,1,0,1,1,
0,1,1,1,1,0,1,0,0,0,0,0,1,0,1,0,0,0,0,0,0,1,0,0,0,1,1,1,0,0,
0,0,1,0,0,1,1,1,0,0,0,0,0,0,1,1,0,0,1,0,1,1,1,0,0,1,1,1,1,1,
1,1,0,1,0,1,1,1,0,0,0,0,0,1,0,0,0,1,1,0,1,0,1,1,0,1,0,0,0,0,
1,0,1,0,1,0,1,0,0,0,0,0,0,1,0,0,0,1,0,0,1,1,1,0,1,0,0,1,0,1,
0,1,0,1,1,0,1,1,1,0,0,0,0,0,1,0,0,1,0,1,1,0,1,1,0,1,1,0,1,0,
1,0,0,1,1,1,0,0,0,0,1,1,0,0,1,0,0,1,0,1,1,1,1,0,1,0,0,0,1,0,
0,1,0,0,1,0,1,0,1,1,0,0,1,1,0,1,0,1,0,0,1,0,0,0,0,1,0,0,1,1,
0,1,1,1,0,0,1,1,0,1,0,0,0,0,1,0,1,1,0,0,1,0,1,1,1,0,0,0,0,0,
0,0,1,0,1,0,0,0,0,0,0,0,0,0,0,1,0,1,1,0,1,0,1,0,1,1,1,1,0,0,
0,1,0,1,0,0,1,1,0,0,1,1,1,1,1,1,1,0,0,0,0,1,0,0,0,0,1,0,0,0,
1,0,0,1,1,0,0,1,0,1,1,0,0,0,0,0,1,0,0,1,0,0,0,1,1,0,0,0,0,0,
0,1,0,1,1,1,1,1,0,0,0,0,1,1,0,0,0,0,1,0,0,1,1,0,0,1,1,1,0,1,
0,1,1,1,1,0,1,0,0,1,1,1,1,1,1,1,1,0,0,0,0,0,0,1,0,1,0,0,1,1,
0,0,1,1,1,0,1,0,1,1,0,1,0,1,0,0,0,1,0,1,0,0,1,1,1,0,1,0,1,1,
0,1,0,0,0,1,0,0,0,1,1,1,1,1,0,1,1,0,0,1,0,1,0,1,1,0,0,1,1,0,
1,0,1,1,0,1,1,1,0,0,1,0,1,0,0,1,0,0,1,0,1,1,1,0,1,1,1,0,1,1,
1,0,1,1,0,1,1,0,0,0,0,1,0,1,0,1,1,0,1,0,0,1,1,1,0,0,1,1,0,1,
1,0,1,1,1,1,1,1,1,1,1,0,1,0,1,0,1,0,0,1,1,0,0,1,0,0,1,1,1,1,
0,1,1,1,1,1,0,1,1,1,0,0,1,0,0,0,1,1,0,1,0,1,0,1,1,1,0,0,1,1,
0,0,1,1,1,1,0,0,1,1,0,1,0,0,0,0,1,0,0,1,0,0,1,0,1,1,0,0,1,1,
0,1,0,0,0,0,0,1,0,1,0,0,1,1,1,0,0,0,0,0,1,1,1,1,0,1,1,1,0,0,
0,0,0,0,0,0,1,1,0,1,0,1,0,0,1,0,0,0,0,1,1,1,0,1,1,1,1,1,0,0,
========================
Output Graph: 
Number of Vertices: 30
Number of Edges: 221
Graph Density: 0.508046
0,0,0,1,1,0,1,1,0,0,1,0,0,0,0,0,0,0,1,0,0,0,0,1,1,1,0,0,0,0,
0,0,0,0,0,0,0,1,1,0,0,0,1,0,1,0,0,1,0,1,1,0,0,0,0,0,1,0,0,0,
0,0,0,0,1,0,0,1,0,1,0,1,0,0,0,1,1,0,0,0,1,1,0,1,1,1,1,1,0,0,
1,0,0,0,1,1,1,1,1,1,1,0,1,1,0,1,0,1,1,1,1,1,1,1,1,1,1,1,0,0,
1,0,1,1,0,1,1,1,1,0,0,1,1,1,1,0,1,0,1,1,1,1,1,0,0,1,1,1,0,1,
0,0,0,1,1,0,0,1,0,1,1,0,0,1,0,0,0,0,0,1,0,1,1,1,1,1,1,1,0,0,
1,0,0,1,1,0,0,1,1,1,1,1,1,0,1,1,0,1,0,1,1,1,0,1,1,1,1,1,0,1,
1,1,1,1,1,1,1,0,1,1,1,0,1,0,0,1,0,1,1,1,1,0,1,1,1,1,1,0,1,1,
0,1,0,1,1,0,1,1,0,0,0,0,1,0,1,0,0,0,0,0,0,1,0,0,0,1,1,1,0,0,
0,0,1,1,0,1,1,1,0,0,0,0,1,0,1,1,0,0,1,0,1,1,1,0,0,1,1,1,1,1,
1,0,0,1,0,1,1,1,0,0,0,0,0,0,0,0,0,0,1,0,1,0,1,1,0,1,0,0,0,0,
0,0,1,0,1,0,1,0,0,0,0,0,0,0,0,0,0,0,0,0,1,0,1,0,1,0,0,1,0,1,
0,1,0,1,1,0,1,1,1,1,0,0,0,0,1,0,0,1,0,1,1,0,1,1,0,1,1,0,1,0,
0,0,0,1,1,1,0,0,0,0,0,0,0,0,0,0,0,0,0,1,1,1,1,0,1,0,0,0,0,0,
0,1,0,0,1,0,1,0,1,1,0,0,1,0,0,0,0,1,0,1,1,0,0,0,0,1,0,0,0,0,
0,0,1,1,0,0,1,1,0,1,0,0,0,0,0,0,0,0,0,0,1,0,1,1,1,0,0,0,0,0,
0,0,1,0,1,0,0,0,0,0,0,0,0,0,0,0,0,0,0,0,1,0,1,0,1,1,1,1,0,0,
0,1,0,1,0,0,1,1,0,0,0,0,1,0,1,0,0,0,0,0,0,1,0,0,0,0,1,0,0,0,
1,0,0,1,1,0,0,1,0,1,1,0,0,0,0,0,0,0,0,1,0,0,0,1,1,0,0,0,0,0,
0,1,0,1,1,1,1,1,0,0,0,0,1,1,1,0,0,0,1,0,1,1,1,0,0,1,1,1,0,1,
0,1,1,1,1,0,1,1,0,1,1,1,1,1,1,1,1,0,0,1,0,1,0,1,1,1,1,1,1,1,
0,0,1,1,1,1,1,0,1,1,0,0,0,1,0,0,0,1,0,1,1,0,1,1,1,1,1,0,1,1,
0,0,0,1,1,1,0,1,0,1,1,1,1,1,0,1,1,0,0,1,0,1,0,1,1,1,1,1,1,0,
1,0,1,1,0,1,1,1,0,0,1,0,1,0,0,1,0,0,1,0,1,1,1,0,0,1,1,1,1,1,
1,0,1,1,0,1,1,1,0,0,0,1,0,1,0,1,1,0,1,0,1,1,1,0,0,1,1,1,0,1,
1,0,1,1,1,1,1,1,1,1,1,0,1,0,1,0,1,0,0,1,1,1,1,1,1,0,1,1,1,1,
0,1,1,1,1,1,1,1,1,1,0,0,1,0,0,0,1,1,0,1,1,1,1,1,1,1,0,0,1,1,
0,0,1,1,1,1,1,0,1,1,0,1,0,0,0,0,1,0,0,1,1,0,1,1,1,1,0,0,1,1,
0,0,0,0,0,0,0,1,0,1,0,0,1,0,0,0,0,0,0,0,1,1,1,1,0,1,1,1,0,0,
0,0,0,0,1,0,1,1,0,1,0,1,0,0,0,0,0,0,0,1,1,1,0,1,1,1,1,1,0,0,
Is Output Graph Empty or Complete?: 0
Ratio of Added Edges Over Added + Removed Edges: 0.509804
Changes from Input to Output: 
Removed Edge: (0, 2)
Removed Edge: (0, 11)
Removed Edge: (0, 13)
Removed Edge: (1, 5)
Removed Edge: (1, 10)
Removed Edge: (1, 15)
Removed Edge: (1, 22)
Removed Edge: (1, 28)
Removed Edge: (2, 8)
Added Edge: (3, 9)
Added Edge: (3, 22)
Added Edge: (4, 6)
Added Edge: (4, 7)
Added Edge: (4, 22)
Added Edge: (4, 29)
Added Edge: (5, 21)
Added Edge: (6, 7)
Added Edge: (6, 26)
Added Edge: (6, 27)
Added Edge: (7, 8)
Added Edge: (7, 20)
Added Edge: (7, 22)
Added Edge: (7, 24)
Added Edge: (9, 12)
Removed Edge: (10, 13)
Removed Edge: (10, 17)
Removed Edge: (11, 13)
Removed Edge: (11, 17)
Removed Edge: (11, 21)
Removed Edge: (13, 14)
Removed Edge: (13, 17)
Removed Edge: (13, 28)
Removed Edge: (14, 15)
Added Edge: (14, 19)
Removed Edge: (14, 28)
Removed Edge: (14, 29)
Removed Edge: (15, 16)
Removed Edge: (15, 17)
Removed Edge: (16, 17)
Removed Edge: (16, 18)
Added Edge: (19, 20)
Added Edge: (20, 21)
Added Edge: (20, 24)
Added Edge: (20, 26)
Added Edge: (20, 27)
Added Edge: (21, 25)
Added Edge: (22, 25)
Added Edge: (22, 26)
Removed Edge: (23, 24)
Added Edge: (23, 27)
Added Edge: (24, 25)
========================
