========================
TIME_LIMIT_SECONDS: 900
ODD_HOLE_TERMINATION_PERCENTAGE: 999
N_THREADS: 24
IS_RUNNING_HEURISTIC_ON_CANDIDATE: 0
IS_RUNNING_HEURISTIC_ON_RELAXATION: 1
ADD_ALL_AT_START: 1
========================
Wall-Clock Runtime (ms): 900988
Calculated Odd Hole Termination Batch Size: 0
Total Time of All Workers in OddHoleAlg (nano): 50421381
Total Time of All Workers in OddHoleAlg (ms): 50
OddHoleAlg calls: 146
Number of Found Odd-Holes: 4027
Number of Found Odd Anti-Holes: 2328
Is Optimal? (1e-6): 0
Optimality Gap: 0.174248
Objective Value: 51
Number of Feasible Solutions Found: 43872
Number of Times Heuristic is Called: 43869
Total number of added OH and OHbar Cuts: 6355
Number of Explored B&C tree nodes: 232993
Number of Unexplored B&C tree nodes: 115251
========================
Input Graph:
Number of Vertices: 30
Erdos Renyi p Parameter: 0.5
Number of Edges: 219
Expected No of Odd Holes: 2023
Expected No of Odd Anti Holes: 353
ODD_HOLE_TERMINATION_BATCH_SIZE: 0
Graph Density: 0.503448
0,1,1,1,1,0,0,0,1,0,0,0,1,0,0,0,1,1,0,0,1,0,1,0,0,1,0,0,1,0,
1,0,0,1,0,0,1,1,1,0,1,1,0,0,0,1,1,1,0,0,0,1,1,1,1,1,1,0,0,0,
1,0,0,1,1,1,1,0,0,0,1,1,1,0,1,1,1,0,1,1,0,0,0,1,0,0,0,0,0,0,
1,1,1,0,1,0,0,0,0,1,0,1,1,0,0,0,1,1,0,1,0,1,0,0,0,0,0,1,1,0,
1,0,1,1,0,0,0,1,0,0,0,1,1,1,0,0,1,0,0,0,0,0,0,1,0,0,1,1,0,0,
0,0,1,0,0,0,1,0,1,0,0,0,0,1,1,0,1,1,0,1,1,1,1,0,0,0,1,1,0,0,
0,1,1,0,0,1,0,0,1,0,1,1,1,1,0,1,1,1,1,0,1,1,0,1,1,1,0,0,1,1,
0,1,0,0,1,0,0,0,1,1,0,0,0,0,0,1,1,1,0,1,0,1,1,1,1,0,1,0,1,0,
1,1,0,0,0,1,1,1,0,0,1,1,0,0,0,0,0,1,1,1,0,0,0,0,1,1,1,0,1,0,
0,0,0,1,0,0,0,1,0,0,0,1,0,0,1,0,0,0,0,0,1,1,1,1,0,0,0,0,0,1,
0,1,1,0,0,0,1,0,1,0,0,0,0,0,1,1,0,0,0,1,1,1,0,1,0,1,1,1,1,0,
0,1,1,1,1,0,1,0,1,1,0,0,1,1,0,1,1,0,1,1,0,1,0,0,0,0,1,0,1,0,
1,0,1,1,1,0,1,0,0,0,0,1,0,0,0,0,0,0,1,1,0,0,1,0,1,1,1,0,0,0,
0,0,0,0,1,1,1,0,0,0,0,1,0,0,1,1,1,1,1,1,1,0,0,0,1,0,0,0,1,0,
0,0,1,0,0,1,0,0,0,1,1,0,0,1,0,1,1,1,1,0,0,1,0,0,0,0,1,1,1,1,
0,1,1,0,0,0,1,1,0,0,1,1,0,1,1,0,1,1,0,1,0,0,1,0,0,0,1,1,1,1,
1,1,1,1,1,1,1,1,0,0,0,1,0,1,1,1,0,0,1,0,0,1,0,1,0,1,0,0,1,1,
1,1,0,1,0,1,1,1,1,0,0,0,0,1,1,1,0,0,1,1,1,1,1,0,0,1,0,1,1,0,
0,0,1,0,0,0,1,0,1,0,0,1,1,1,1,0,1,1,0,1,0,1,0,1,1,0,0,1,1,1,
0,0,1,1,0,1,0,1,1,0,1,1,1,1,0,1,0,1,1,0,1,0,1,1,1,1,0,1,1,1,
1,0,0,0,0,1,1,0,0,1,1,0,0,1,0,0,0,1,0,1,0,0,1,0,1,1,0,1,0,1,
0,1,0,1,0,1,1,1,0,1,1,1,0,0,1,0,1,1,1,0,0,0,1,0,0,1,1,1,0,1,
1,1,0,0,0,1,0,1,0,1,0,0,1,0,0,1,0,1,0,1,1,1,0,0,1,1,1,1,1,1,
0,1,1,0,1,0,1,1,0,1,1,0,0,0,0,0,1,0,1,1,0,0,0,0,1,0,1,0,0,0,
0,1,0,0,0,0,1,1,1,0,0,0,1,1,0,0,0,0,1,1,1,0,1,1,0,1,0,0,1,1,
1,1,0,0,0,0,1,0,1,0,1,0,1,0,0,0,1,1,0,1,1,1,1,0,1,0,1,0,0,1,
0,1,0,0,1,1,0,1,1,0,1,1,1,0,1,1,0,0,0,0,0,1,1,1,0,1,0,0,0,1,
0,0,0,1,1,1,0,0,0,0,1,0,0,0,1,1,0,1,1,1,1,1,1,0,0,0,0,0,1,0,
1,0,0,1,0,0,1,1,1,0,1,1,0,1,1,1,1,1,1,1,0,0,1,0,1,0,0,1,0,0,
0,0,0,0,0,0,1,0,0,1,0,0,0,0,1,1,1,0,1,1,1,1,1,0,1,1,1,0,0,0,
========================
Output Graph: 
Number of Vertices: 30
Number of Edges: 210
Graph Density: 0.482759
0,1,1,1,1,0,0,0,0,0,0,0,1,0,0,0,1,1,0,0,0,0,1,0,0,0,0,0,1,0,
1,0,0,1,0,0,1,1,1,0,0,1,0,0,0,1,1,1,1,1,0,1,1,1,1,1,1,0,0,0,
1,0,0,1,1,0,1,0,0,0,0,1,1,0,0,1,1,0,1,1,0,0,0,0,0,0,0,0,0,0,
1,1,1,0,1,0,0,0,0,0,0,1,1,0,0,0,1,1,0,1,0,1,0,0,0,0,0,0,1,0,
1,0,1,1,0,0,0,1,0,0,0,1,1,0,0,0,1,0,0,0,0,0,0,0,0,0,0,0,0,0,
0,0,0,0,0,0,1,0,0,0,1,0,0,1,1,0,1,1,0,1,1,1,1,0,0,0,1,1,0,0,
0,1,1,0,0,1,0,1,1,0,1,1,1,1,1,1,1,1,1,0,1,1,1,1,1,1,0,0,1,1,
0,1,0,0,1,0,1,0,1,1,0,0,0,0,0,1,1,1,1,1,0,1,1,1,1,0,1,0,1,0,
0,1,0,0,0,0,1,1,0,0,0,1,0,0,0,0,0,1,1,1,0,0,0,0,1,1,1,0,1,0,
0,0,0,0,0,0,0,1,0,0,0,1,0,0,1,0,0,0,0,0,0,1,1,0,0,0,0,0,0,1,
0,0,0,0,0,1,1,0,0,0,0,0,0,0,1,1,0,0,0,1,1,1,0,0,0,0,1,1,1,0,
0,1,1,1,1,0,1,0,1,1,0,0,1,1,0,1,1,1,1,1,0,1,1,0,0,0,1,0,1,0,
1,0,1,1,1,0,1,0,0,0,0,1,0,0,0,0,0,0,1,1,0,0,1,0,0,0,1,0,0,0,
0,0,0,0,0,1,1,0,0,0,0,1,0,0,1,1,1,1,1,1,0,0,0,0,0,0,0,0,1,0,
0,0,0,0,0,1,1,0,0,1,1,0,0,1,0,1,1,1,1,1,0,1,1,0,0,0,1,1,1,1,
0,1,1,0,0,0,1,1,0,0,1,1,0,1,1,0,1,1,0,1,0,1,1,0,0,0,1,1,1,1,
1,1,1,1,1,1,1,1,0,0,0,1,0,1,1,1,0,0,1,1,0,1,1,1,0,1,1,0,1,1,
1,1,0,1,0,1,1,1,1,0,0,1,0,1,1,1,0,0,1,1,1,1,1,0,0,1,1,1,1,0,
0,1,1,0,0,0,1,1,1,0,0,1,1,1,1,0,1,1,0,1,0,1,1,1,1,0,1,1,1,1,
0,1,1,1,0,1,0,1,1,0,1,1,1,1,1,1,1,1,1,0,1,1,1,1,1,1,0,1,1,1,
0,0,0,0,0,1,1,0,0,0,1,0,0,0,0,0,0,1,0,1,0,0,1,0,0,0,0,1,0,0,
0,1,0,1,0,1,1,1,0,1,1,1,0,0,1,1,1,1,1,1,0,0,1,0,0,1,1,1,1,1,
1,1,0,0,0,1,1,1,0,1,0,1,1,0,1,1,1,1,1,1,1,1,0,0,1,1,1,1,1,1,
0,1,0,0,0,0,1,1,0,0,0,0,0,0,0,0,1,0,1,1,0,0,0,0,0,0,1,0,0,0,
0,1,0,0,0,0,1,1,1,0,0,0,0,0,0,0,0,0,1,1,0,0,1,0,0,1,0,0,1,0,
0,1,0,0,0,0,1,0,1,0,0,0,0,0,0,0,1,1,0,1,0,1,1,0,1,0,1,0,0,0,
0,1,0,0,0,1,0,1,1,0,1,1,1,0,1,1,1,1,1,0,0,1,1,1,0,1,0,0,1,1,
0,0,0,0,0,1,0,0,0,0,1,0,0,0,1,1,0,1,1,1,1,1,1,0,0,0,0,0,1,0,
1,0,0,1,0,0,1,1,1,0,1,1,0,1,1,1,1,1,1,1,0,1,1,0,1,0,1,1,0,0,
0,0,0,0,0,0,1,0,0,1,0,0,0,0,1,1,1,0,1,1,0,1,1,0,0,0,1,0,0,0,
Is Output Graph Empty or Complete?: 0
Ratio of Added Edges Over Added + Removed Edges: 0.411765
Changes from Input to Output: 
Removed Edge: (0, 8)
Removed Edge: (0, 20)
Removed Edge: (0, 25)
Removed Edge: (1, 10)
Added Edge: (1, 18)
Added Edge: (1, 19)
Removed Edge: (2, 5)
Removed Edge: (2, 10)
Removed Edge: (2, 14)
Removed Edge: (2, 23)
Removed Edge: (3, 9)
Removed Edge: (3, 27)
Removed Edge: (4, 13)
Removed Edge: (4, 23)
Removed Edge: (4, 26)
Removed Edge: (4, 27)
Removed Edge: (5, 8)
Added Edge: (5, 10)
Added Edge: (6, 7)
Added Edge: (6, 14)
Added Edge: (6, 22)
Added Edge: (7, 18)
Removed Edge: (8, 10)
Removed Edge: (9, 20)
Removed Edge: (9, 23)
Removed Edge: (10, 23)
Removed Edge: (10, 25)
Added Edge: (11, 17)
Added Edge: (11, 22)
Removed Edge: (12, 24)
Removed Edge: (12, 25)
Removed Edge: (13, 20)
Removed Edge: (13, 24)
Added Edge: (14, 19)
Added Edge: (14, 22)
Added Edge: (15, 21)
Added Edge: (16, 19)
Added Edge: (16, 22)
Added Edge: (16, 26)
Added Edge: (17, 26)
Added Edge: (18, 22)
Added Edge: (18, 26)
Added Edge: (19, 21)
Removed Edge: (20, 24)
Removed Edge: (20, 25)
Removed Edge: (20, 29)
Added Edge: (21, 28)
Removed Edge: (23, 24)
Removed Edge: (24, 29)
Removed Edge: (25, 29)
Added Edge: (26, 28)
========================
