========================
TIME_LIMIT_SECONDS: 900
ODD_HOLE_TERMINATION_PERCENTAGE: 999
N_THREADS: 24
IS_RUNNING_HEURISTIC_ON_CANDIDATE: 1
IS_RUNNING_HEURISTIC_ON_RELAXATION: 0
ADD_ALL_AT_START: 0
========================
Wall-Clock Runtime (ms): 900924
Calculated Odd Hole Termination Batch Size: 0
Total Time of All Workers in OddHoleAlg (nano): 272911682
Total Time of All Workers in OddHoleAlg (ms): 272
OddHoleAlg calls: 120
Number of Found Odd-Holes: 76504
Number of Found Odd Anti-Holes: 79
Is Optimal? (1e-6): 0
Optimality Gap: 0.344677
Objective Value: 56
Number of Feasible Solutions Found: 60
Number of Times Heuristic is Called: 57
Total number of added OH and OHbar Cuts: 76583
Number of Explored B&C tree nodes: 96407
Number of Unexplored B&C tree nodes: 78168
========================
Input Graph:
Number of Vertices: 35
Erdos Renyi p Parameter: 0.25
Number of Edges: 162
Expected No of Odd Holes: 6448
Expected No of Odd Anti Holes: 1
ODD_HOLE_TERMINATION_BATCH_SIZE: 0
Graph Density: 0.272269
0,0,0,0,0,0,0,0,1,1,0,1,0,0,0,0,0,1,0,0,0,0,0,1,0,0,0,1,0,0,0,0,1,1,0,
0,0,1,0,0,1,1,1,1,0,0,1,0,0,0,0,1,1,1,1,1,0,0,0,0,0,1,1,0,1,0,1,1,0,0,
0,1,0,0,0,1,1,0,1,1,1,1,0,0,0,0,0,0,1,0,0,0,0,1,0,0,0,0,0,1,0,0,0,0,0,
0,0,0,0,1,1,0,0,1,0,0,0,1,0,0,0,0,0,0,0,1,0,1,0,0,0,0,0,0,0,1,0,0,0,0,
0,0,0,1,0,0,0,1,0,0,0,0,0,0,0,0,1,0,0,0,0,0,0,0,0,0,0,0,0,0,1,0,0,0,1,
0,1,1,1,0,0,0,0,0,0,0,1,1,0,0,1,0,0,0,0,1,0,0,1,0,0,1,1,0,0,0,0,0,0,0,
0,1,1,0,0,0,0,0,0,0,0,0,0,0,0,0,1,1,0,0,0,0,0,0,0,0,1,0,1,0,1,0,0,1,0,
0,1,0,0,1,0,0,0,1,0,0,0,0,1,0,0,0,0,1,0,0,0,0,0,1,0,1,0,0,0,0,1,0,0,1,
1,1,1,1,0,0,0,1,0,0,0,1,0,0,1,0,0,1,0,0,0,1,1,0,0,1,1,0,1,0,0,0,0,0,0,
1,0,1,0,0,0,0,0,0,0,0,0,0,0,0,0,0,1,0,1,1,1,0,0,0,0,1,0,0,1,0,0,0,0,0,
0,0,1,0,0,0,0,0,0,0,0,0,0,1,0,0,0,0,0,1,0,0,0,0,0,1,0,0,0,1,0,0,0,1,0,
1,1,1,0,0,1,0,0,1,0,0,0,0,0,0,1,0,1,0,0,1,1,0,0,1,0,0,0,1,1,1,1,0,0,0,
0,0,0,1,0,1,0,0,0,0,0,0,0,0,0,0,0,0,0,0,0,0,0,0,1,1,0,0,1,0,0,1,0,0,0,
0,0,0,0,0,0,0,1,0,0,1,0,0,0,0,0,0,0,1,0,0,0,0,0,0,0,0,1,0,0,0,0,0,0,0,
0,0,0,0,0,0,0,0,1,0,0,0,0,0,0,1,0,1,1,0,1,1,1,0,0,1,1,0,0,0,0,0,0,1,1,
0,0,0,0,0,1,0,0,0,0,0,1,0,0,1,0,0,0,1,1,0,0,1,0,1,0,1,0,0,0,1,0,0,0,1,
0,1,0,0,1,0,1,0,0,0,0,0,0,0,0,0,0,0,0,1,0,0,0,0,0,0,0,0,0,1,1,0,0,1,1,
1,1,0,0,0,0,1,0,1,1,0,1,0,0,1,0,0,0,0,0,0,1,0,1,0,0,0,0,0,0,0,0,0,0,1,
0,1,1,0,0,0,0,1,0,0,0,0,0,1,1,1,0,0,0,1,0,0,1,0,0,0,0,0,1,0,0,0,1,0,0,
0,1,0,0,0,0,0,0,0,1,1,0,0,0,0,1,1,0,1,0,0,0,1,0,0,1,1,0,0,1,1,1,0,0,1,
0,1,0,1,0,1,0,0,0,1,0,1,0,0,1,0,0,0,0,0,0,0,0,0,1,0,0,1,1,1,0,0,0,0,0,
0,0,0,0,0,0,0,0,1,1,0,1,0,0,1,0,0,1,0,0,0,0,0,1,1,1,0,1,0,0,0,0,0,0,0,
0,0,0,1,0,0,0,0,1,0,0,0,0,0,1,1,0,0,1,1,0,0,0,0,0,0,0,0,0,0,1,1,1,1,0,
1,0,1,0,0,1,0,0,0,0,0,0,0,0,0,0,0,1,0,0,0,1,0,0,0,0,1,0,0,0,0,0,0,0,1,
0,0,0,0,0,0,0,1,0,0,0,1,1,0,0,1,0,0,0,0,1,1,0,0,0,0,0,0,0,0,0,0,0,0,0,
0,0,0,0,0,0,0,0,1,0,1,0,1,0,1,0,0,0,0,1,0,1,0,0,0,0,0,0,0,1,0,0,0,0,0,
0,1,0,0,0,1,1,1,1,1,0,0,0,0,1,1,0,0,0,1,0,0,0,1,0,0,0,0,0,1,1,1,1,0,0,
1,1,0,0,0,1,0,0,0,0,0,0,0,1,0,0,0,0,0,0,1,1,0,0,0,0,0,0,1,0,0,0,1,0,0,
0,0,0,0,0,0,1,0,1,0,0,1,1,0,0,0,0,0,1,0,1,0,0,0,0,0,0,1,0,0,1,0,1,1,1,
0,1,1,0,0,0,0,0,0,1,1,1,0,0,0,0,1,0,0,1,1,0,0,0,0,1,1,0,0,0,0,0,0,0,0,
0,0,0,1,1,0,1,0,0,0,0,1,0,0,0,1,1,0,0,1,0,0,1,0,0,0,1,0,1,0,0,0,1,1,0,
0,1,0,0,0,0,0,1,0,0,0,1,1,0,0,0,0,0,0,1,0,0,1,0,0,0,1,0,0,0,0,0,1,0,0,
1,1,0,0,0,0,0,0,0,0,0,0,0,0,0,0,0,0,1,0,0,0,1,0,0,0,1,1,1,0,1,1,0,0,0,
1,0,0,0,0,0,1,0,0,0,1,0,0,0,1,0,1,0,0,0,0,0,1,0,0,0,0,0,1,0,1,0,0,0,0,
0,0,0,0,1,0,0,1,0,0,0,0,0,0,1,1,1,1,0,1,0,0,0,1,0,0,0,0,1,0,0,0,0,0,0,
========================
Output Graph: 
Number of Vertices: 35
Number of Edges: 148
Graph Density: 0.248739
0,0,0,0,0,0,0,0,1,1,0,1,0,0,0,0,0,1,0,0,0,0,0,1,0,0,0,0,0,0,0,0,0,0,0,
0,0,1,0,0,1,1,1,1,0,0,1,0,0,1,0,1,1,1,1,1,1,0,0,0,0,1,1,0,1,1,1,1,0,0,
0,1,0,0,0,1,1,0,1,1,1,1,0,0,1,0,0,0,0,1,0,0,0,1,0,0,0,0,0,1,1,0,0,0,0,
0,0,0,0,0,1,0,0,1,0,0,0,1,0,0,0,0,0,0,0,1,0,0,0,1,0,0,0,0,0,0,0,0,0,0,
0,0,0,0,0,0,0,1,0,0,0,0,0,0,0,0,1,0,0,0,0,0,0,0,0,0,0,0,0,0,1,0,0,0,1,
0,1,1,1,0,0,0,0,0,0,0,1,1,0,0,0,0,0,0,0,1,0,0,0,0,0,1,0,1,0,0,0,0,0,0,
0,1,1,0,0,0,0,0,1,0,0,0,0,0,0,0,1,1,0,0,0,0,0,0,0,0,1,0,1,0,1,0,0,1,0,
0,1,0,0,1,0,0,0,1,0,0,0,0,1,0,0,1,0,1,0,0,0,0,0,0,0,1,0,1,0,1,1,0,0,1,
1,1,1,1,0,0,1,1,0,0,0,1,0,0,1,0,0,1,0,1,0,1,1,0,0,1,1,0,1,0,0,0,0,0,0,
1,0,1,0,0,0,0,0,0,0,0,0,0,0,0,0,0,1,0,0,0,1,0,0,0,0,1,0,0,0,0,0,0,0,0,
0,0,1,0,0,0,0,0,0,0,0,0,0,0,0,0,0,0,0,1,0,0,0,0,0,1,0,0,0,1,0,0,0,0,0,
1,1,1,0,0,1,0,0,1,0,0,0,0,0,0,0,0,1,0,0,1,1,0,0,1,0,1,0,1,1,1,1,0,0,0,
0,0,0,1,0,1,0,0,0,0,0,0,0,0,0,0,0,0,0,0,0,0,0,0,1,0,0,0,1,0,0,0,0,0,0,
0,0,0,0,0,0,0,1,0,0,0,0,0,0,0,0,0,0,1,0,0,0,0,0,0,0,0,0,0,0,0,0,0,0,0,
0,1,1,0,0,0,0,0,1,0,0,0,0,0,0,1,1,1,1,0,1,1,1,0,0,1,1,0,1,1,1,0,0,1,1,
0,0,0,0,0,0,0,0,0,0,0,0,0,0,1,0,0,0,0,1,0,0,1,0,0,0,1,0,0,0,1,0,0,0,0,
0,1,0,0,1,0,1,1,0,0,0,0,0,0,1,0,0,0,0,1,0,0,0,0,0,0,0,0,1,0,1,0,0,1,1,
1,1,0,0,0,0,1,0,1,1,0,1,0,0,1,0,0,0,0,0,0,1,0,1,0,0,0,0,0,0,0,0,0,0,0,
0,1,0,0,0,0,0,1,0,0,0,0,0,1,1,0,0,0,0,1,0,0,1,0,0,0,1,0,1,0,0,0,0,0,0,
0,1,1,0,0,0,0,0,1,0,1,0,0,0,0,1,1,0,1,0,0,0,1,0,0,1,1,0,1,1,1,1,0,0,1,
0,1,0,1,0,1,0,0,0,0,0,1,0,0,1,0,0,0,0,0,0,0,0,0,1,0,0,0,1,0,0,0,0,0,0,
0,1,0,0,0,0,0,0,1,1,0,1,0,0,1,0,0,1,0,0,0,0,0,1,0,0,0,0,0,0,0,0,0,0,0,
0,0,0,0,0,0,0,0,1,0,0,0,0,0,1,1,0,0,1,1,0,0,0,0,0,0,0,0,0,0,1,0,0,0,0,
1,0,1,0,0,0,0,0,0,0,0,0,0,0,0,0,0,1,0,0,0,1,0,0,0,0,1,0,0,0,0,0,0,0,0,
0,0,0,1,0,0,0,0,0,0,0,1,1,0,0,0,0,0,0,0,1,0,0,0,0,0,0,0,0,0,0,0,0,0,0,
0,0,0,0,0,0,0,0,1,0,1,0,0,0,1,0,0,0,0,1,0,0,0,0,0,0,0,0,0,1,0,0,0,0,0,
0,1,0,0,0,1,1,1,1,1,0,1,0,0,1,1,0,0,1,1,0,0,0,1,0,0,0,0,0,1,1,1,1,0,0,
0,1,0,0,0,0,0,0,0,0,0,0,0,0,0,0,0,0,0,0,0,0,0,0,0,0,0,0,1,0,0,0,1,0,0,
0,0,0,0,0,1,1,1,1,0,0,1,1,0,1,0,1,0,1,1,1,0,0,0,0,0,0,1,0,0,1,0,1,1,1,
0,1,1,0,0,0,0,0,0,0,1,1,0,0,1,0,0,0,0,1,0,0,0,0,0,1,1,0,0,0,0,0,0,0,0,
0,1,1,0,1,0,1,1,0,0,0,1,0,0,1,1,1,0,0,1,0,0,1,0,0,0,1,0,1,0,0,0,1,1,0,
0,1,0,0,0,0,0,1,0,0,0,1,0,0,0,0,0,0,0,1,0,0,0,0,0,0,1,0,0,0,0,0,1,0,0,
0,1,0,0,0,0,0,0,0,0,0,0,0,0,0,0,0,0,0,0,0,0,0,0,0,0,1,1,1,0,1,1,0,0,0,
0,0,0,0,0,0,1,0,0,0,0,0,0,0,1,0,1,0,0,0,0,0,0,0,0,0,0,0,1,0,1,0,0,0,0,
0,0,0,0,1,0,0,1,0,0,0,0,0,0,1,0,1,0,0,1,0,0,0,0,0,0,0,0,1,0,0,0,0,0,0,
Is Output Graph Empty or Complete?: 0
Ratio of Added Edges Over Added + Removed Edges: 0.375
Changes from Input to Output: 
Removed Edge: (0, 27)
Removed Edge: (0, 32)
Removed Edge: (0, 33)
Added Edge: (1, 14)
Added Edge: (1, 21)
Added Edge: (1, 30)
Added Edge: (2, 14)
Removed Edge: (2, 18)
Added Edge: (2, 19)
Added Edge: (2, 30)
Removed Edge: (3, 4)
Removed Edge: (3, 22)
Added Edge: (3, 24)
Removed Edge: (3, 30)
Removed Edge: (5, 15)
Removed Edge: (5, 23)
Removed Edge: (5, 27)
Added Edge: (5, 28)
Added Edge: (6, 8)
Added Edge: (7, 16)
Removed Edge: (7, 24)
Added Edge: (7, 28)
Added Edge: (7, 30)
Added Edge: (8, 19)
Removed Edge: (9, 19)
Removed Edge: (9, 20)
Removed Edge: (9, 29)
Removed Edge: (10, 13)
Removed Edge: (10, 33)
Removed Edge: (11, 15)
Added Edge: (11, 26)
Removed Edge: (12, 25)
Removed Edge: (12, 31)
Removed Edge: (13, 27)
Added Edge: (14, 16)
Added Edge: (14, 28)
Added Edge: (14, 29)
Added Edge: (14, 30)
Removed Edge: (15, 18)
Removed Edge: (15, 24)
Removed Edge: (15, 34)
Added Edge: (16, 28)
Removed Edge: (16, 29)
Removed Edge: (17, 34)
Added Edge: (18, 26)
Removed Edge: (18, 32)
Added Edge: (19, 28)
Removed Edge: (20, 27)
Removed Edge: (20, 29)
Removed Edge: (21, 24)
Removed Edge: (21, 25)
Removed Edge: (21, 27)
Removed Edge: (22, 31)
Removed Edge: (22, 32)
Removed Edge: (22, 33)
Removed Edge: (23, 34)
========================
