========================
TIME_LIMIT_SECONDS: 900
ODD_HOLE_TERMINATION_PERCENTAGE: 999
N_THREADS: 24
IS_RUNNING_HEURISTIC_ON_CANDIDATE: 0
IS_RUNNING_HEURISTIC_ON_RELAXATION: 0
ADD_ALL_AT_START: 1
========================
Wall-Clock Runtime (ms): 901036
Calculated Odd Hole Termination Batch Size: 0
Total Time of All Workers in OddHoleAlg (nano): 682614910
Total Time of All Workers in OddHoleAlg (ms): 682
OddHoleAlg calls: 218
Number of Found Odd-Holes: 179530
Number of Found Odd Anti-Holes: 25
Is Optimal? (1e-6): 0
Optimality Gap: 0.675618
Objective Value: 134
Number of Feasible Solutions Found: 4
Number of Times Heuristic is Called: 0
Total number of added OH and OHbar Cuts: 179555
Number of Explored B&C tree nodes: 5026
Number of Unexplored B&C tree nodes: 4918
========================
Input Graph:
Number of Vertices: 40
Erdos Renyi p Parameter: 0.25
Number of Edges: 202
Expected No of Odd Holes: 21547
Expected No of Odd Anti Holes: 3
ODD_HOLE_TERMINATION_BATCH_SIZE: 0
Graph Density: 0.258974
0,0,0,1,0,0,0,0,0,0,1,1,0,0,1,0,1,0,1,0,0,0,0,0,0,0,1,0,0,0,1,0,1,0,1,0,0,0,0,1,
0,0,0,0,1,0,1,0,0,0,0,0,1,0,0,1,0,0,0,0,0,0,1,0,0,1,0,0,0,1,0,1,0,0,1,0,0,0,0,0,
0,0,0,0,0,1,0,0,0,0,0,1,0,0,1,0,0,1,0,0,0,0,0,0,0,0,1,0,0,0,0,0,0,0,1,0,0,0,0,0,
1,0,0,0,0,0,0,0,0,0,1,0,0,0,1,0,0,1,1,0,0,1,0,0,0,1,0,0,0,0,0,0,1,1,0,0,0,0,0,0,
0,1,0,0,0,0,0,0,0,0,0,0,0,1,1,0,1,0,0,0,0,0,1,0,0,0,0,0,0,0,0,0,1,0,0,0,0,0,0,1,
0,0,1,0,0,0,0,0,0,0,1,0,1,1,0,0,0,0,0,1,0,0,0,0,0,1,0,1,0,0,0,0,1,1,0,0,0,0,1,0,
0,1,0,0,0,0,0,1,0,0,0,0,0,0,0,0,0,1,0,0,0,0,0,0,0,0,0,0,0,0,0,0,0,0,0,0,0,1,0,0,
0,0,0,0,0,0,1,0,0,0,1,0,1,0,0,1,1,0,1,0,0,1,0,1,0,0,0,1,0,0,0,0,0,0,0,0,0,0,1,0,
0,0,0,0,0,0,0,0,0,1,0,0,0,0,0,0,0,0,1,0,1,1,0,0,0,1,0,1,0,0,0,0,1,1,0,0,1,0,0,1,
0,0,0,0,0,0,0,0,1,0,0,1,0,1,0,0,0,0,0,1,0,0,0,0,0,0,0,1,1,1,0,0,0,1,1,1,1,1,0,0,
1,0,0,1,0,1,0,1,0,0,0,0,0,1,0,0,1,1,1,0,1,1,1,1,0,0,0,0,0,0,1,0,0,0,0,0,1,0,0,0,
1,0,1,0,0,0,0,0,0,1,0,0,0,0,1,0,0,0,0,1,0,0,0,0,0,1,0,1,0,0,0,0,1,0,0,1,0,0,0,0,
0,1,0,0,0,1,0,1,0,0,0,0,0,0,1,0,0,0,0,0,0,1,0,0,0,0,1,0,1,0,0,1,0,0,1,0,1,0,0,1,
0,0,0,0,1,1,0,0,0,1,1,0,0,0,1,0,0,0,0,0,0,1,0,1,1,1,0,1,0,0,0,0,0,0,0,1,0,0,0,1,
1,0,1,1,1,0,0,0,0,0,0,1,1,1,0,0,0,0,0,0,1,0,0,0,0,1,0,1,0,0,0,1,0,0,0,1,1,1,0,0,
0,1,0,0,0,0,0,1,0,0,0,0,0,0,0,0,0,1,0,0,0,1,1,0,1,1,1,0,0,0,0,0,1,0,0,0,1,1,0,0,
1,0,0,0,1,0,0,1,0,0,1,0,0,0,0,0,0,0,1,1,0,0,1,0,0,0,0,0,1,0,0,1,0,1,1,0,0,1,0,0,
0,0,1,1,0,0,1,0,0,0,1,0,0,0,0,1,0,0,0,0,0,0,1,1,0,1,0,0,0,1,0,0,0,0,0,0,0,0,0,0,
1,0,0,1,0,0,0,1,1,0,1,0,0,0,0,0,1,0,0,0,0,0,1,0,0,0,0,0,0,0,1,0,0,1,0,0,1,1,1,1,
0,0,0,0,0,1,0,0,0,1,0,1,0,0,0,0,1,0,0,0,0,0,0,0,1,0,0,0,0,0,1,0,0,0,0,0,1,1,0,0,
0,0,0,0,0,0,0,0,1,0,1,0,0,0,1,0,0,0,0,0,0,0,0,0,0,1,0,0,0,0,0,0,1,1,1,0,0,0,0,0,
0,0,0,1,0,0,0,1,1,0,1,0,1,1,0,1,0,0,0,0,0,0,0,0,0,0,1,0,0,0,0,0,0,1,0,1,0,0,0,0,
0,1,0,0,1,0,0,0,0,0,1,0,0,0,0,1,1,1,1,0,0,0,0,1,1,0,1,0,0,1,0,0,0,1,0,0,1,1,0,0,
0,0,0,0,0,0,0,1,0,0,1,0,0,1,0,0,0,1,0,0,0,0,1,0,0,0,0,1,0,0,1,1,0,1,1,0,0,0,0,0,
0,0,0,0,0,0,0,0,0,0,0,0,0,1,0,1,0,0,0,1,0,0,1,0,0,0,0,0,1,1,0,0,1,0,1,0,0,1,1,0,
0,1,0,1,0,1,0,0,1,0,0,1,0,1,1,1,0,1,0,0,1,0,0,0,0,0,0,0,0,1,0,0,1,0,0,1,0,0,1,0,
1,0,1,0,0,0,0,0,0,0,0,0,1,0,0,1,0,0,0,0,0,1,1,0,0,0,0,0,0,0,0,0,1,0,0,0,0,1,0,0,
0,0,0,0,0,1,0,1,1,1,0,1,0,1,1,0,0,0,0,0,0,0,0,1,0,0,0,0,1,0,0,0,0,1,1,0,1,0,0,1,
0,0,0,0,0,0,0,0,0,1,0,0,1,0,0,0,1,0,0,0,0,0,0,0,1,0,0,1,0,0,0,0,0,1,0,0,0,0,0,0,
0,1,0,0,0,0,0,0,0,1,0,0,0,0,0,0,0,1,0,0,0,0,1,0,1,1,0,0,0,0,0,0,0,1,0,0,0,0,0,1,
1,0,0,0,0,0,0,0,0,0,1,0,0,0,0,0,0,0,1,1,0,0,0,1,0,0,0,0,0,0,0,0,0,1,0,0,0,0,0,1,
0,1,0,0,0,0,0,0,0,0,0,0,1,0,1,0,1,0,0,0,0,0,0,1,0,0,0,0,0,0,0,0,0,0,1,0,0,0,0,1,
1,0,0,1,1,1,0,0,1,0,0,1,0,0,0,1,0,0,0,0,1,0,0,0,1,1,1,0,0,0,0,0,0,0,1,0,0,0,1,0,
0,0,0,1,0,1,0,0,1,1,0,0,0,0,0,0,1,0,1,0,1,1,1,1,0,0,0,1,1,1,1,0,0,0,0,1,0,0,0,1,
1,1,1,0,0,0,0,0,0,1,0,0,1,0,0,0,1,0,0,0,1,0,0,1,1,0,0,1,0,0,0,1,1,0,0,0,0,1,0,0,
0,0,0,0,0,0,0,0,0,1,0,1,0,1,1,0,0,0,0,0,0,1,0,0,0,1,0,0,0,0,0,0,0,1,0,0,0,0,0,0,
0,0,0,0,0,0,0,0,1,1,1,0,1,0,1,1,0,0,1,1,0,0,1,0,0,0,0,1,0,0,0,0,0,0,0,0,0,0,1,0,
0,0,0,0,0,0,1,0,0,1,0,0,0,0,1,1,1,0,1,1,0,0,1,0,1,0,1,0,0,0,0,0,0,0,1,0,0,0,0,0,
0,0,0,0,0,1,0,1,0,0,0,0,0,0,0,0,0,0,1,0,0,0,0,0,1,1,0,0,0,0,0,0,1,0,0,0,1,0,0,0,
1,0,0,0,1,0,0,0,1,0,0,0,1,1,0,0,0,0,1,0,0,0,0,0,0,0,0,1,0,1,1,1,0,1,0,0,0,0,0,0,
========================
Output Graph: 
Number of Vertices: 40
Number of Edges: 144
Graph Density: 0.184615
0,0,0,1,0,0,0,0,0,0,1,0,0,0,0,0,0,0,1,0,0,0,0,0,0,0,0,0,0,0,1,0,0,0,0,0,0,0,0,1,
0,0,0,0,0,0,1,1,0,0,0,0,1,0,0,1,0,1,0,0,0,0,1,0,0,1,1,0,0,1,0,1,0,0,1,0,0,0,0,0,
0,0,0,0,0,0,0,0,0,0,0,0,0,0,0,0,0,1,0,0,0,0,0,0,0,0,1,0,0,0,0,0,0,0,1,0,0,0,0,0,
1,0,0,0,0,0,0,0,0,0,1,0,0,0,0,0,0,0,1,0,0,1,0,0,0,0,0,0,0,0,0,0,1,1,0,0,0,0,1,0,
0,0,0,0,0,0,0,0,0,0,0,0,0,0,0,0,1,0,0,0,0,0,1,0,0,0,0,0,0,0,0,0,1,1,0,0,0,0,0,0,
0,0,0,0,0,0,0,0,0,0,0,0,0,1,0,0,0,0,0,0,0,0,0,0,0,1,0,0,0,0,0,0,1,0,0,0,0,0,0,0,
0,1,0,0,0,0,0,1,0,0,0,0,0,0,0,0,0,1,0,0,0,0,0,0,0,0,0,0,0,0,0,0,0,0,0,0,0,0,0,0,
0,1,0,0,0,0,1,0,0,0,1,0,1,0,0,1,0,0,1,0,0,0,1,1,0,1,0,0,0,0,0,0,1,1,1,0,0,0,0,0,
0,0,0,0,0,0,0,0,0,1,0,0,0,0,0,0,0,0,0,0,0,0,0,0,0,1,0,1,0,0,0,0,0,1,0,0,1,0,0,0,
0,0,0,0,0,0,0,0,1,0,0,1,0,1,0,0,0,0,0,0,0,0,0,1,0,1,0,1,1,0,0,0,0,0,0,1,1,0,0,0,
1,0,0,1,0,0,0,1,0,0,0,0,0,0,0,0,0,1,1,0,1,1,0,1,0,1,0,0,0,0,1,0,1,1,0,0,1,0,0,0,
0,0,0,0,0,0,0,0,0,1,0,0,0,0,0,0,0,0,0,0,0,0,0,0,0,1,0,1,0,0,0,0,0,0,0,1,0,0,0,0,
0,1,0,0,0,0,0,1,0,0,0,0,0,0,0,0,0,0,0,0,0,0,0,0,0,0,1,0,0,0,0,1,1,0,0,0,0,0,0,0,
0,0,0,0,0,1,0,0,0,1,0,0,0,0,1,0,0,0,0,0,0,0,0,0,0,0,0,1,0,0,0,0,0,1,0,1,0,0,0,0,
0,0,0,0,0,0,0,0,0,0,0,0,0,1,0,0,0,0,0,0,0,0,0,0,0,0,0,1,0,0,0,0,0,0,0,1,0,0,0,0,
0,1,0,0,0,0,0,1,0,0,0,0,0,0,0,0,0,1,0,0,0,0,1,0,0,0,1,0,0,0,0,0,1,1,0,0,0,1,0,0,
0,0,0,0,1,0,0,0,0,0,0,0,0,0,0,0,0,0,0,1,0,0,0,0,0,0,0,0,0,1,0,0,1,1,1,0,0,0,0,0,
0,1,1,0,0,0,1,0,0,0,1,0,0,0,0,1,0,0,0,0,0,0,1,0,0,1,0,0,0,1,0,0,1,1,1,0,0,1,0,0,
1,0,0,1,0,0,0,1,0,0,1,0,0,0,0,0,0,0,0,0,0,0,0,0,0,0,0,0,0,0,1,0,0,1,0,0,0,0,1,1,
0,0,0,0,0,0,0,0,0,0,0,0,0,0,0,0,1,0,0,0,0,0,0,0,1,0,0,0,0,0,0,0,0,0,0,0,0,0,0,0,
0,0,0,0,0,0,0,0,0,0,1,0,0,0,0,0,0,0,0,0,0,0,0,0,0,0,0,0,0,0,0,0,1,0,1,0,0,0,0,0,
0,0,0,1,0,0,0,0,0,0,1,0,0,0,0,0,0,0,0,0,0,0,0,0,0,0,0,0,0,0,0,0,0,1,0,0,0,0,0,0,
0,1,0,0,1,0,0,1,0,0,0,0,0,0,0,1,0,1,0,0,0,0,0,0,0,1,1,0,0,1,0,0,1,0,1,0,0,1,0,0,
0,0,0,0,0,0,0,1,0,1,1,0,0,0,0,0,0,0,0,0,0,0,0,0,0,0,0,1,0,0,0,0,0,1,0,0,0,0,0,0,
0,0,0,0,0,0,0,0,0,0,0,0,0,0,0,0,0,0,0,1,0,0,0,0,0,0,0,0,0,1,0,0,1,1,1,0,0,0,0,0,
0,1,0,0,0,1,0,1,1,1,1,1,0,0,0,0,0,1,0,0,0,0,1,0,0,0,0,1,0,1,0,0,1,1,1,1,0,0,1,0,
0,1,1,0,0,0,0,0,0,0,0,0,1,0,0,1,0,0,0,0,0,0,1,0,0,0,0,0,0,0,0,0,1,1,1,0,0,1,0,0,
0,0,0,0,0,0,0,0,1,1,0,1,0,1,1,0,0,0,0,0,0,0,0,1,0,1,0,0,1,0,0,0,0,1,0,0,1,0,0,0,
0,0,0,0,0,0,0,0,0,1,0,0,0,0,0,0,0,0,0,0,0,0,0,0,0,0,0,1,0,0,0,0,0,1,0,0,0,0,0,0,
0,1,0,0,0,0,0,0,0,0,0,0,0,0,0,0,1,1,0,0,0,0,1,0,1,1,0,0,0,0,0,0,1,1,0,0,0,0,0,0,
1,0,0,0,0,0,0,0,0,0,1,0,0,0,0,0,0,0,1,0,0,0,0,0,0,0,0,0,0,0,0,0,0,1,0,0,0,0,0,1,
0,1,0,0,0,0,0,0,0,0,0,0,1,0,0,0,0,0,0,0,0,0,0,0,0,0,0,0,0,0,0,0,0,0,1,0,0,0,0,0,
0,0,0,1,1,1,0,1,0,0,1,0,1,0,0,1,1,1,0,0,1,0,1,0,1,1,1,0,0,1,0,0,0,1,1,0,0,0,0,0,
0,0,0,1,1,0,0,1,1,0,1,0,0,1,0,1,1,1,1,0,0,1,0,1,1,1,1,1,1,1,1,0,1,0,1,1,1,1,0,1,
0,1,1,0,0,0,0,1,0,0,0,0,0,0,0,0,1,1,0,0,1,0,1,0,1,1,1,0,0,0,0,1,1,1,0,0,0,0,0,0,
0,0,0,0,0,0,0,0,0,1,0,1,0,1,1,0,0,0,0,0,0,0,0,0,0,1,0,0,0,0,0,0,0,1,0,0,0,0,0,0,
0,0,0,0,0,0,0,0,1,1,1,0,0,0,0,0,0,0,0,0,0,0,0,0,0,0,0,1,0,0,0,0,0,1,0,0,0,0,0,0,
0,0,0,0,0,0,0,0,0,0,0,0,0,0,0,1,0,1,0,0,0,0,1,0,0,0,1,0,0,0,0,0,0,1,0,0,0,0,0,0,
0,0,0,1,0,0,0,0,0,0,0,0,0,0,0,0,0,0,1,0,0,0,0,0,0,1,0,0,0,0,0,0,0,0,0,0,0,0,0,0,
1,0,0,0,0,0,0,0,0,0,0,0,0,0,0,0,0,0,1,0,0,0,0,0,0,0,0,0,0,0,1,0,0,1,0,0,0,0,0,0,
Is Output Graph Empty or Complete?: 0
Ratio of Added Edges Over Added + Removed Edges: 0.283582
Changes from Input to Output: 
Removed Edge: (0, 11)
Removed Edge: (0, 14)
Removed Edge: (0, 16)
Removed Edge: (0, 26)
Removed Edge: (0, 32)
Removed Edge: (0, 34)
Removed Edge: (1, 4)
Added Edge: (1, 7)
Added Edge: (1, 17)
Added Edge: (1, 26)
Removed Edge: (2, 5)
Removed Edge: (2, 11)
Removed Edge: (2, 14)
Removed Edge: (3, 14)
Removed Edge: (3, 17)
Removed Edge: (3, 25)
Added Edge: (3, 38)
Removed Edge: (4, 13)
Removed Edge: (4, 14)
Added Edge: (4, 33)
Removed Edge: (4, 39)
Removed Edge: (5, 10)
Removed Edge: (5, 12)
Removed Edge: (5, 19)
Removed Edge: (5, 27)
Removed Edge: (5, 33)
Removed Edge: (5, 38)
Removed Edge: (6, 37)
Removed Edge: (7, 16)
Removed Edge: (7, 21)
Added Edge: (7, 22)
Added Edge: (7, 25)
Removed Edge: (7, 27)
Added Edge: (7, 32)
Added Edge: (7, 33)
Added Edge: (7, 34)
Removed Edge: (7, 38)
Removed Edge: (8, 18)
Removed Edge: (8, 20)
Removed Edge: (8, 21)
Removed Edge: (8, 32)
Removed Edge: (8, 39)
Removed Edge: (9, 19)
Added Edge: (9, 23)
Added Edge: (9, 25)
Removed Edge: (9, 29)
Removed Edge: (9, 33)
Removed Edge: (9, 34)
Removed Edge: (9, 37)
Removed Edge: (10, 13)
Removed Edge: (10, 16)
Removed Edge: (10, 22)
Added Edge: (10, 25)
Added Edge: (10, 32)
Added Edge: (10, 33)
Removed Edge: (11, 14)
Removed Edge: (11, 19)
Removed Edge: (11, 32)
Removed Edge: (12, 14)
Removed Edge: (12, 21)
Removed Edge: (12, 28)
Added Edge: (12, 32)
Removed Edge: (12, 34)
Removed Edge: (12, 36)
Removed Edge: (12, 39)
Removed Edge: (13, 21)
Removed Edge: (13, 23)
Removed Edge: (13, 24)
Removed Edge: (13, 25)
Added Edge: (13, 33)
Removed Edge: (13, 39)
Removed Edge: (14, 20)
Removed Edge: (14, 25)
Removed Edge: (14, 31)
Removed Edge: (14, 36)
Removed Edge: (14, 37)
Removed Edge: (15, 21)
Removed Edge: (15, 24)
Removed Edge: (15, 25)
Added Edge: (15, 33)
Removed Edge: (15, 36)
Removed Edge: (16, 18)
Removed Edge: (16, 22)
Removed Edge: (16, 28)
Added Edge: (16, 29)
Removed Edge: (16, 31)
Added Edge: (16, 32)
Removed Edge: (16, 37)
Removed Edge: (17, 23)
Added Edge: (17, 32)
Added Edge: (17, 33)
Added Edge: (17, 34)
Added Edge: (17, 37)
Removed Edge: (18, 22)
Removed Edge: (18, 36)
Removed Edge: (18, 37)
Removed Edge: (19, 30)
Removed Edge: (19, 36)
Removed Edge: (19, 37)
Removed Edge: (20, 25)
Removed Edge: (20, 33)
Removed Edge: (21, 26)
Removed Edge: (21, 35)
Removed Edge: (22, 23)
Removed Edge: (22, 24)
Added Edge: (22, 25)
Added Edge: (22, 32)
Removed Edge: (22, 33)
Added Edge: (22, 34)
Removed Edge: (22, 36)
Removed Edge: (23, 30)
Removed Edge: (23, 31)
Removed Edge: (23, 34)
Removed Edge: (24, 28)
Added Edge: (24, 33)
Removed Edge: (24, 37)
Removed Edge: (24, 38)
Added Edge: (25, 27)
Added Edge: (25, 33)
Added Edge: (25, 34)
Added Edge: (26, 33)
Added Edge: (26, 34)
Removed Edge: (27, 34)
Removed Edge: (27, 39)
Added Edge: (29, 32)
Removed Edge: (29, 39)
Removed Edge: (31, 39)
Added Edge: (32, 33)
Removed Edge: (32, 38)
Added Edge: (33, 34)
Added Edge: (33, 36)
Added Edge: (33, 37)
Removed Edge: (34, 37)
Removed Edge: (36, 38)
========================
