========================
TIME_LIMIT_SECONDS: 900
ODD_HOLE_TERMINATION_PERCENTAGE: 999
N_THREADS: 24
IS_RUNNING_HEURISTIC_ON_CANDIDATE: 0
IS_RUNNING_HEURISTIC_ON_RELAXATION: 1
ADD_ALL_AT_START: 1
========================
Wall-Clock Runtime (ms): 900148
Calculated Odd Hole Termination Batch Size: 0
Total Time of All Workers in OddHoleAlg (nano): 136162989
Total Time of All Workers in OddHoleAlg (ms): 136
OddHoleAlg calls: 66
Number of Found Odd-Holes: 37859
Number of Found Odd Anti-Holes: 33
Is Optimal? (1e-6): 0
Optimality Gap: 0.402429
Objective Value: 125
Number of Feasible Solutions Found: 1032
Number of Times Heuristic is Called: 1028
Total number of added OH and OHbar Cuts: 37892
Number of Explored B&C tree nodes: 5116
Number of Unexplored B&C tree nodes: 43
========================
Input Graph:
Number of Vertices: 40
Erdos Renyi p Parameter: 0.5
Number of Edges: 389
Expected No of Odd Holes: 10991
Expected No of Odd Anti Holes: 3280
ODD_HOLE_TERMINATION_BATCH_SIZE: 0
Graph Density: 0.498718
0,1,0,1,0,1,0,0,1,1,1,0,0,0,0,0,0,1,1,1,0,0,0,0,1,1,1,1,1,1,0,0,1,0,0,0,0,1,0,1,
1,0,0,1,1,0,0,1,1,0,0,1,0,0,1,0,0,0,0,1,0,1,0,1,1,0,0,0,1,0,0,0,1,1,0,1,1,1,1,1,
0,0,0,0,1,0,0,1,0,1,0,0,0,0,1,0,1,1,0,1,0,1,0,1,1,1,1,1,1,0,1,0,1,1,1,0,0,0,1,0,
1,1,0,0,0,0,0,0,1,0,0,1,0,0,0,1,0,1,1,0,1,0,0,0,1,0,0,1,1,1,1,1,1,1,1,1,1,0,1,1,
0,1,1,0,0,1,0,0,1,0,1,1,0,1,1,0,1,0,1,0,1,0,1,1,1,1,0,1,1,0,0,1,1,0,0,1,1,0,0,1,
1,0,0,0,1,0,0,1,0,0,1,0,0,1,1,1,1,0,0,0,0,0,1,1,0,0,1,0,1,1,0,0,0,1,1,1,0,0,1,0,
0,0,0,0,0,0,0,1,1,1,0,0,1,1,0,0,0,1,0,1,1,1,0,0,0,1,1,0,0,1,1,0,1,0,1,1,0,1,0,0,
0,1,1,0,0,1,1,0,0,0,1,1,1,1,0,0,0,0,1,0,1,1,0,0,0,1,0,1,1,0,1,1,0,0,0,0,0,0,1,1,
1,1,0,1,1,0,1,0,0,0,0,1,0,0,0,0,0,0,0,1,1,0,1,0,1,1,1,0,1,1,1,1,1,1,0,1,0,0,1,0,
1,0,1,0,0,0,1,0,0,0,0,0,1,0,0,1,1,1,0,0,0,0,0,0,1,0,0,1,0,0,0,1,0,0,1,1,1,1,0,1,
1,0,0,0,1,1,0,1,0,0,0,1,1,0,0,0,0,1,1,0,1,1,0,1,1,1,1,1,0,1,0,0,0,0,0,1,1,1,0,0,
0,1,0,1,1,0,0,1,1,0,1,0,0,1,1,1,1,0,1,1,1,1,1,0,1,1,1,1,1,1,1,1,1,0,1,0,1,1,0,1,
0,0,0,0,0,0,1,1,0,1,1,0,0,0,0,0,1,1,0,0,0,0,1,1,0,0,0,1,1,0,0,0,1,1,0,1,0,1,1,1,
0,0,0,0,1,1,1,1,0,0,0,1,0,0,0,0,0,0,0,0,1,1,1,1,1,0,1,0,1,1,0,0,1,0,1,0,0,1,1,0,
0,1,1,0,1,1,0,0,0,0,0,1,0,0,0,1,1,0,1,1,0,1,1,0,0,0,1,1,0,0,1,1,0,0,1,0,1,1,1,1,
0,0,0,1,0,1,0,0,0,1,0,1,0,0,1,0,1,1,0,0,1,0,0,1,1,0,0,0,1,1,0,1,0,0,0,1,0,1,1,1,
0,0,1,0,1,1,0,0,0,1,0,1,1,0,1,1,0,1,1,1,1,1,1,0,0,0,0,0,0,0,1,0,0,0,0,0,0,1,1,0,
1,0,1,1,0,0,1,0,0,1,1,0,1,0,0,1,1,0,0,1,1,1,0,0,0,1,1,0,0,1,0,1,0,1,1,0,0,0,0,1,
1,0,0,1,1,0,0,1,0,0,1,1,0,0,1,0,1,0,0,0,1,0,0,0,1,0,1,0,1,1,0,1,0,1,0,1,1,0,1,0,
1,1,1,0,0,0,1,0,1,0,0,1,0,0,1,0,1,1,0,0,1,0,1,1,0,1,0,1,0,1,1,1,1,0,1,1,0,1,1,0,
0,0,0,1,1,0,1,1,1,0,1,1,0,1,0,1,1,1,1,1,0,0,1,0,1,1,0,0,0,0,1,0,0,1,0,0,1,1,0,0,
0,1,1,0,0,0,1,1,0,0,1,1,0,1,1,0,1,1,0,0,0,0,1,0,0,0,1,0,1,1,1,1,1,0,1,1,0,1,1,1,
0,0,0,0,1,1,0,0,1,0,0,1,1,1,1,0,1,0,0,1,1,1,0,1,1,0,1,1,1,0,0,0,0,1,0,1,0,1,0,0,
0,1,1,0,1,1,0,0,0,0,1,0,1,1,0,1,0,0,0,1,0,0,1,0,1,0,0,0,0,1,0,1,0,0,1,1,1,0,1,1,
1,1,1,1,1,0,0,0,1,1,1,1,0,1,0,1,0,0,1,0,1,0,1,1,0,1,0,1,0,0,1,0,0,1,1,1,0,0,1,1,
1,0,1,0,1,0,1,1,1,0,1,1,0,0,0,0,0,1,0,1,1,0,0,0,1,0,1,1,1,0,1,1,0,0,1,0,1,1,0,0,
1,0,1,0,0,1,1,0,1,0,1,1,0,1,1,0,0,1,1,0,0,1,1,0,0,1,0,0,1,1,1,0,0,1,0,0,1,1,0,0,
1,0,1,1,1,0,0,1,0,1,1,1,1,0,1,0,0,0,0,1,0,0,1,0,1,1,0,0,0,0,0,0,0,1,0,0,0,0,0,1,
1,1,1,1,1,1,0,1,1,0,0,1,1,1,0,1,0,0,1,0,0,1,1,0,0,1,1,0,0,0,0,0,1,0,1,0,0,0,1,0,
1,0,0,1,0,1,1,0,1,0,1,1,0,1,0,1,0,1,1,1,0,1,0,1,0,0,1,0,0,0,0,1,1,0,1,0,1,1,0,1,
0,0,1,1,0,0,1,1,1,0,0,1,0,0,1,0,1,0,0,1,1,1,0,0,1,1,1,0,0,0,0,0,0,0,0,0,1,1,0,0,
0,0,0,1,1,0,0,1,1,1,0,1,0,0,1,1,0,1,1,1,0,1,0,1,0,1,0,0,0,1,0,0,1,1,1,1,1,0,1,0,
1,1,1,1,1,0,1,0,1,0,0,1,1,1,0,0,0,0,0,1,0,1,0,0,0,0,0,0,1,1,0,1,0,1,0,1,1,1,0,1,
0,1,1,1,0,1,0,0,1,0,0,0,1,0,0,0,0,1,1,0,1,0,1,0,1,0,1,1,0,0,0,1,1,0,0,1,1,1,0,1,
0,0,1,1,0,1,1,0,0,1,0,1,0,1,1,0,0,1,0,1,0,1,0,1,1,1,0,0,1,1,0,1,0,0,0,0,0,0,1,0,
0,1,0,1,1,1,1,0,1,1,1,0,1,0,0,1,0,0,1,1,0,1,1,1,1,0,0,0,0,0,0,1,1,1,0,0,1,0,1,0,
0,1,0,1,1,0,0,0,0,1,1,1,0,0,1,0,0,0,1,0,1,0,0,1,0,1,1,0,0,1,1,1,1,1,0,1,0,1,1,0,
1,1,0,0,0,0,1,0,0,1,1,1,1,1,1,1,1,0,0,1,1,1,1,0,0,1,1,0,0,1,1,0,1,1,0,0,1,0,0,1,
0,1,1,1,0,1,0,1,1,0,0,0,1,1,1,1,1,0,1,1,0,1,0,1,1,0,0,0,1,0,0,1,0,0,1,1,1,0,0,1,
1,1,0,1,1,0,0,1,0,1,0,1,1,0,1,1,0,1,0,0,0,1,0,1,1,0,0,1,0,1,0,0,1,1,0,0,0,1,1,0,
========================
Output Graph: 
Number of Vertices: 40
Number of Edges: 392
Graph Density: 0.502564
0,0,0,1,0,0,0,0,0,0,1,0,0,0,0,0,0,0,0,1,0,0,0,0,1,1,1,1,0,1,0,0,1,0,0,0,0,1,0,1,
0,0,0,1,1,0,0,0,1,0,0,1,0,0,1,0,0,0,0,1,0,1,0,0,1,1,0,0,1,0,0,0,1,1,0,1,0,1,1,1,
0,0,0,1,1,0,0,1,1,1,0,1,0,0,1,0,1,1,0,1,1,1,0,1,1,1,1,1,1,1,1,0,1,1,1,1,0,1,1,0,
1,1,1,0,1,0,0,0,1,0,0,1,0,0,0,1,0,1,1,1,1,1,1,0,1,0,1,1,1,1,1,1,1,1,1,1,1,1,1,1,
0,1,1,1,0,1,0,0,1,0,1,1,0,1,1,0,1,0,1,1,1,1,1,1,1,1,1,1,1,1,0,1,1,0,0,1,1,1,1,1,
0,0,0,0,1,0,0,0,0,0,0,0,0,1,1,0,0,0,0,0,0,0,1,1,0,0,1,0,0,1,0,0,0,0,1,1,0,0,1,0,
0,0,0,0,0,0,0,1,1,0,0,0,0,0,0,0,0,0,0,1,1,1,0,0,0,1,1,0,0,1,1,0,1,0,0,1,0,1,0,0,
0,0,1,0,0,0,1,0,0,0,0,1,0,0,0,0,0,0,0,0,1,1,0,0,0,1,0,0,0,0,1,1,0,0,0,0,0,0,1,1,
0,1,1,1,1,0,1,0,0,0,0,1,0,0,0,0,0,0,0,1,1,0,1,0,1,1,1,0,0,1,1,1,1,1,0,1,0,0,1,1,
0,0,1,0,0,0,0,0,0,0,0,0,0,0,0,1,0,0,0,0,0,0,0,0,1,0,0,0,0,0,0,1,0,0,0,1,1,1,0,1,
1,0,0,0,1,0,0,0,0,0,0,1,0,0,0,0,0,0,0,0,1,1,0,0,1,1,1,1,0,1,0,0,0,0,0,1,0,1,0,0,
0,1,1,1,1,0,0,1,1,0,1,0,0,1,1,1,1,0,1,1,1,1,1,0,1,1,1,1,1,1,1,1,1,0,1,1,1,1,0,1,
0,0,0,0,0,0,0,0,0,0,0,0,0,0,0,0,0,0,0,0,0,0,1,0,0,0,0,0,1,0,0,0,1,0,0,1,0,1,1,1,
0,0,0,0,1,1,0,0,0,0,0,1,0,0,0,0,0,0,0,0,0,1,1,1,1,0,1,0,0,1,0,0,1,0,1,0,0,1,1,0,
0,1,1,0,1,1,0,0,0,0,0,1,0,0,0,1,1,0,1,1,1,1,1,0,1,0,1,1,0,1,1,1,1,0,1,1,1,1,1,1,
0,0,0,1,0,0,0,0,0,1,0,1,0,0,1,0,0,0,0,0,1,0,0,0,1,0,0,0,0,1,0,1,0,0,0,1,0,1,1,1,
0,0,1,0,1,0,0,0,0,0,0,1,0,0,1,0,0,0,0,1,1,1,1,0,0,0,0,0,0,0,0,0,0,0,0,0,0,1,1,0,
0,0,1,1,0,0,0,0,0,0,0,0,0,0,0,0,0,0,0,1,1,1,0,0,0,1,1,0,0,1,0,1,0,0,0,0,0,0,0,1,
0,0,0,1,1,0,0,0,0,0,0,1,0,0,1,0,0,0,0,0,1,0,0,0,1,0,1,0,0,1,0,1,0,0,0,1,1,0,1,0,
1,1,1,1,1,0,1,0,1,0,0,1,0,0,1,0,1,1,0,0,1,1,1,1,0,1,1,1,0,1,1,1,1,0,1,1,0,1,1,1,
0,0,1,1,1,0,1,1,1,0,1,1,0,0,1,1,1,1,1,1,0,1,1,0,1,1,1,0,0,0,1,1,1,1,0,0,1,1,1,1,
0,1,1,1,1,0,1,1,0,0,1,1,0,1,1,0,1,1,0,1,1,0,1,0,1,1,1,0,1,1,1,1,1,0,1,1,0,1,1,1,
0,0,0,1,1,1,0,0,1,0,0,1,1,1,1,0,1,0,0,1,1,1,0,1,1,1,1,1,1,1,0,0,1,1,1,1,0,1,1,0,
0,0,1,0,1,1,0,0,0,0,0,0,0,1,0,0,0,0,0,1,0,0,1,0,1,0,0,0,0,1,0,1,0,0,1,1,0,0,1,1,
1,1,1,1,1,0,0,0,1,1,1,1,0,1,1,1,0,0,1,0,1,1,1,1,0,1,1,1,0,1,1,1,1,1,1,1,0,1,1,1,
1,1,1,0,1,0,1,1,1,0,1,1,0,0,0,0,0,1,0,1,1,1,1,0,1,0,1,1,1,1,1,1,1,0,1,1,1,1,1,1,
1,0,1,1,1,1,1,0,1,0,1,1,0,1,1,0,0,1,1,1,1,1,1,0,1,1,0,0,1,1,1,1,0,1,0,1,1,1,1,1,
1,0,1,1,1,0,0,0,0,0,1,1,0,0,1,0,0,0,0,1,0,0,1,0,1,1,0,0,0,0,0,0,0,0,0,0,0,0,0,1,
0,1,1,1,1,0,0,0,0,0,0,1,1,0,0,0,0,0,0,0,0,1,1,0,0,1,1,0,0,0,0,0,1,0,0,0,0,0,1,1,
1,0,1,1,1,1,1,0,1,0,1,1,0,1,1,1,0,1,1,1,0,1,1,1,1,1,1,0,0,0,0,1,1,0,1,0,1,1,1,1,
0,0,1,1,0,0,1,1,1,0,0,1,0,0,1,0,0,0,0,1,1,1,0,0,1,1,1,0,0,0,0,0,0,0,0,0,0,1,0,0,
0,0,0,1,1,0,0,1,1,1,0,1,0,0,1,1,0,1,1,1,1,1,0,1,1,1,1,0,0,1,0,0,1,1,1,1,1,1,1,0,
1,1,1,1,1,0,1,0,1,0,0,1,1,1,1,0,0,0,0,1,1,1,1,0,1,1,0,0,1,1,0,1,0,1,0,1,1,1,1,1,
0,1,1,1,0,0,0,0,1,0,0,0,0,0,0,0,0,0,0,0,1,0,1,0,1,0,1,0,0,0,0,1,1,0,0,1,0,1,0,1,
0,0,1,1,0,1,0,0,0,0,0,1,0,1,1,0,0,0,0,1,0,1,1,1,1,1,0,0,0,1,0,1,0,0,0,0,0,0,1,0,
0,1,1,1,1,1,1,0,1,1,1,1,1,0,1,1,0,0,1,1,0,1,1,1,1,1,1,0,0,0,0,1,1,1,0,0,1,1,1,1,
0,0,0,1,1,0,0,0,0,1,0,1,0,0,1,0,0,0,1,0,1,0,0,0,0,1,1,0,0,1,0,1,1,0,0,1,0,1,1,0,
1,1,1,1,1,0,1,0,0,1,1,1,1,1,1,1,1,0,0,1,1,1,1,0,1,1,1,0,0,1,1,1,1,1,0,1,1,0,1,1,
0,1,1,1,1,1,0,1,1,0,0,0,1,1,1,1,1,0,1,1,1,1,1,1,1,1,1,0,1,1,0,1,1,0,1,1,1,1,0,1,
1,1,0,1,1,0,0,1,1,1,0,1,1,0,1,1,0,1,0,1,1,1,0,1,1,1,1,1,1,1,0,0,1,1,0,1,0,1,1,0,
Is Output Graph Empty or Complete?: 0
Ratio of Added Edges Over Added + Removed Edges: 0.512
Changes from Input to Output: 
Removed Edge: (0, 1)
Removed Edge: (0, 5)
Removed Edge: (0, 8)
Removed Edge: (0, 9)
Removed Edge: (0, 17)
Removed Edge: (0, 18)
Removed Edge: (0, 28)
Removed Edge: (1, 7)
Removed Edge: (1, 23)
Added Edge: (1, 25)
Removed Edge: (1, 36)
Added Edge: (2, 3)
Added Edge: (2, 8)
Added Edge: (2, 11)
Added Edge: (2, 20)
Added Edge: (2, 29)
Added Edge: (2, 35)
Added Edge: (2, 37)
Added Edge: (3, 4)
Added Edge: (3, 19)
Added Edge: (3, 21)
Added Edge: (3, 22)
Added Edge: (3, 26)
Added Edge: (3, 37)
Added Edge: (4, 19)
Added Edge: (4, 21)
Added Edge: (4, 26)
Added Edge: (4, 29)
Added Edge: (4, 37)
Added Edge: (4, 38)
Removed Edge: (5, 7)
Removed Edge: (5, 10)
Removed Edge: (5, 15)
Removed Edge: (5, 16)
Removed Edge: (5, 28)
Removed Edge: (5, 33)
Removed Edge: (6, 9)
Removed Edge: (6, 12)
Removed Edge: (6, 13)
Removed Edge: (6, 17)
Removed Edge: (6, 34)
Removed Edge: (7, 10)
Removed Edge: (7, 12)
Removed Edge: (7, 13)
Removed Edge: (7, 18)
Removed Edge: (7, 27)
Removed Edge: (7, 28)
Removed Edge: (8, 28)
Added Edge: (8, 39)
Removed Edge: (9, 12)
Removed Edge: (9, 16)
Removed Edge: (9, 17)
Removed Edge: (9, 27)
Removed Edge: (9, 34)
Removed Edge: (10, 12)
Removed Edge: (10, 17)
Removed Edge: (10, 18)
Removed Edge: (10, 23)
Removed Edge: (10, 36)
Added Edge: (11, 35)
Removed Edge: (12, 16)
Removed Edge: (12, 17)
Removed Edge: (12, 23)
Removed Edge: (12, 27)
Removed Edge: (12, 33)
Removed Edge: (13, 20)
Removed Edge: (13, 28)
Added Edge: (14, 20)
Added Edge: (14, 24)
Added Edge: (14, 29)
Added Edge: (14, 32)
Added Edge: (14, 35)
Removed Edge: (15, 16)
Removed Edge: (15, 17)
Removed Edge: (15, 23)
Removed Edge: (15, 28)
Removed Edge: (16, 17)
Removed Edge: (16, 18)
Removed Edge: (16, 30)
Removed Edge: (17, 33)
Removed Edge: (17, 34)
Removed Edge: (18, 28)
Removed Edge: (18, 33)
Added Edge: (19, 21)
Added Edge: (19, 26)
Added Edge: (19, 39)
Added Edge: (20, 21)
Added Edge: (20, 26)
Added Edge: (20, 31)
Added Edge: (20, 32)
Added Edge: (20, 38)
Added Edge: (20, 39)
Added Edge: (21, 24)
Added Edge: (21, 25)
Added Edge: (22, 25)
Added Edge: (22, 29)
Added Edge: (22, 32)
Added Edge: (22, 34)
Added Edge: (22, 38)
Removed Edge: (23, 36)
Added Edge: (24, 26)
Added Edge: (24, 29)
Added Edge: (24, 31)
Added Edge: (24, 32)
Added Edge: (24, 37)
Added Edge: (25, 29)
Added Edge: (25, 32)
Added Edge: (25, 35)
Added Edge: (25, 38)
Added Edge: (25, 39)
Added Edge: (26, 31)
Added Edge: (26, 35)
Added Edge: (26, 38)
Added Edge: (26, 39)
Removed Edge: (27, 33)
Removed Edge: (28, 34)
Added Edge: (28, 39)
Added Edge: (29, 38)
Removed Edge: (30, 36)
Added Edge: (31, 37)
Added Edge: (32, 38)
Removed Edge: (33, 36)
Added Edge: (35, 37)
Added Edge: (35, 39)
Added Edge: (37, 38)
========================
