========================
TIME_LIMIT_SECONDS: 900
ODD_HOLE_TERMINATION_PERCENTAGE: 999
N_THREADS: 24
IS_RUNNING_HEURISTIC_ON_CANDIDATE: 0
IS_RUNNING_HEURISTIC_ON_RELAXATION: 0
ADD_ALL_AT_START: 0
========================
Wall-Clock Runtime (ms): 901569
Calculated Odd Hole Termination Batch Size: 0
Total Time of All Workers in OddHoleAlg (nano): 1686526844
Total Time of All Workers in OddHoleAlg (ms): 1686
OddHoleAlg calls: 168
Number of Found Odd-Holes: 23746
Number of Found Odd Anti-Holes: 520441
Is Optimal? (1e-6): 0
Optimality Gap: 0.670397
Objective Value: 125
Number of Feasible Solutions Found: 4
Number of Times Heuristic is Called: 0
Total number of added OH and OHbar Cuts: 544187
Number of Explored B&C tree nodes: 12158
Number of Unexplored B&C tree nodes: 1599
========================
Input Graph:
Number of Vertices: 40
Erdos Renyi p Parameter: 0.75
Number of Edges: 584
Expected No of Odd Holes: 1833
Expected No of Odd Anti Holes: 19717
ODD_HOLE_TERMINATION_BATCH_SIZE: 0
Graph Density: 0.748718
0,1,0,1,0,1,0,1,1,1,1,1,0,1,1,1,1,1,1,1,1,1,1,1,0,1,1,1,1,1,1,1,1,1,0,1,0,1,1,1,
1,0,1,1,1,1,0,0,1,1,1,1,0,1,1,1,1,0,1,0,0,1,1,0,1,1,0,1,1,1,1,1,1,1,0,1,1,1,1,0,
0,1,0,1,1,1,1,1,1,1,1,1,0,1,0,1,1,0,1,1,1,1,1,1,1,1,1,0,1,1,0,1,1,0,1,1,1,0,1,1,
1,1,1,0,1,1,1,1,0,1,0,0,1,1,1,0,1,1,0,1,1,1,1,1,1,1,1,1,1,1,1,0,1,1,1,1,1,0,1,0,
0,1,1,1,0,0,1,1,1,1,1,0,1,1,1,1,1,1,1,1,1,1,1,1,0,0,1,0,1,1,0,1,1,1,1,0,1,1,1,1,
1,1,1,1,0,0,1,1,1,1,1,1,1,1,1,1,0,1,1,1,1,1,0,1,1,1,0,0,1,1,0,1,1,1,1,1,1,1,0,1,
0,0,1,1,1,1,0,0,1,1,1,1,0,1,1,1,0,1,1,1,1,0,1,1,1,1,1,1,1,0,1,1,0,1,1,1,0,1,1,1,
1,0,1,1,1,1,0,0,1,0,1,1,1,1,1,1,0,1,0,1,0,1,1,0,0,1,1,1,1,0,1,0,1,1,1,1,0,1,1,1,
1,1,1,0,1,1,1,1,0,1,0,1,1,1,1,1,0,1,0,1,0,1,1,0,1,1,1,0,1,0,1,1,1,1,0,1,0,1,0,1,
1,1,1,1,1,1,1,0,1,0,0,0,1,0,1,0,1,1,1,1,1,1,0,0,0,1,1,1,1,1,0,0,1,1,1,0,1,0,1,1,
1,1,1,0,1,1,1,1,0,0,0,1,1,1,1,1,1,0,1,0,1,1,1,1,1,1,0,1,1,1,1,1,1,1,1,1,1,1,1,1,
1,1,1,0,0,1,1,1,1,0,1,0,0,0,1,0,1,1,1,0,1,0,1,1,1,1,1,1,1,0,1,0,1,1,1,1,1,1,1,1,
0,0,0,1,1,1,0,1,1,1,1,0,0,1,0,0,0,1,1,0,1,1,1,0,0,1,1,1,1,1,1,1,0,0,0,1,1,1,0,0,
1,1,1,1,1,1,1,1,1,0,1,0,1,0,0,1,0,1,1,1,0,1,1,1,1,1,1,0,1,0,1,1,1,1,0,0,0,1,1,1,
1,1,0,1,1,1,1,1,1,1,1,1,0,0,0,1,1,0,0,1,1,1,1,1,0,1,0,1,1,1,1,1,1,1,1,1,1,0,0,1,
1,1,1,0,1,1,1,1,1,0,1,0,0,1,1,0,0,0,0,1,1,1,1,1,1,1,1,1,0,1,1,1,1,1,1,0,0,0,0,1,
1,1,1,1,1,0,0,0,0,1,1,1,0,0,1,0,0,1,1,1,0,1,1,1,1,1,1,1,0,1,1,1,1,1,1,1,1,1,1,0,
1,0,0,1,1,1,1,1,1,1,0,1,1,1,0,0,1,0,0,0,1,1,1,1,1,1,1,0,0,0,1,1,1,1,0,1,1,1,0,1,
1,1,1,0,1,1,1,0,0,1,1,1,1,1,0,0,1,0,0,1,1,0,1,1,1,1,1,1,1,1,1,0,1,1,1,1,1,1,1,1,
1,0,1,1,1,1,1,1,1,1,0,0,0,1,1,1,1,0,1,0,1,0,1,1,1,1,0,1,0,0,0,1,1,0,0,0,1,1,0,1,
1,0,1,1,1,1,1,0,0,1,1,1,1,0,1,1,0,1,1,1,0,1,1,1,1,1,1,1,1,1,1,1,1,1,1,1,0,1,1,0,
1,1,1,1,1,1,0,1,1,1,1,0,1,1,1,1,1,1,0,0,1,0,1,1,1,1,1,1,0,0,0,1,1,1,1,1,1,1,1,0,
1,1,1,1,1,0,1,1,1,0,1,1,1,1,1,1,1,1,1,1,1,1,0,0,0,1,0,1,1,1,1,1,1,1,1,1,1,0,0,1,
1,0,1,1,1,1,1,0,0,0,1,1,0,1,1,1,1,1,1,1,1,1,0,0,1,1,1,1,0,1,1,0,1,1,1,1,1,1,1,0,
0,1,1,1,0,1,1,0,1,0,1,1,0,1,0,1,1,1,1,1,1,1,0,1,0,0,0,1,1,1,0,1,1,1,0,1,1,1,1,1,
1,1,1,1,0,1,1,1,1,1,1,1,1,1,1,1,1,1,1,1,1,1,1,1,0,0,1,1,1,0,1,0,1,0,0,1,0,0,1,0,
1,0,1,1,1,0,1,1,1,1,0,1,1,1,0,1,1,1,1,0,1,1,0,1,0,1,0,1,1,1,1,1,1,1,1,0,0,1,1,1,
1,1,0,1,0,0,1,1,0,1,1,1,1,0,1,1,1,0,1,1,1,1,1,1,1,1,1,0,0,1,0,1,1,1,1,1,0,1,1,1,
1,1,1,1,1,1,1,1,1,1,1,1,1,1,1,0,0,0,1,0,1,0,1,0,1,1,1,0,0,0,1,1,1,1,0,1,1,0,1,0,
1,1,1,1,1,1,0,0,0,1,1,0,1,0,1,1,1,0,1,0,1,0,1,1,1,0,1,1,0,0,1,0,0,1,1,1,0,1,1,1,
1,1,0,1,0,0,1,1,1,0,1,1,1,1,1,1,1,1,1,0,1,0,1,1,0,1,1,0,1,1,0,0,0,0,1,1,0,1,0,1,
1,1,1,0,1,1,1,0,1,0,1,0,1,1,1,1,1,1,0,1,1,1,1,0,1,0,1,1,1,0,0,0,1,0,1,1,1,1,1,1,
1,1,1,1,1,1,0,1,1,1,1,1,0,1,1,1,1,1,1,1,1,1,1,1,1,1,1,1,1,0,0,1,0,1,1,1,1,0,1,1,
1,1,0,1,1,1,1,1,1,1,1,1,0,1,1,1,1,1,1,0,1,1,1,1,1,0,1,1,1,1,0,0,1,0,1,1,1,1,1,0,
0,0,1,1,1,1,1,1,0,1,1,1,0,0,1,1,1,0,1,0,1,1,1,1,0,0,1,1,0,1,1,1,1,1,0,0,1,0,0,1,
1,1,1,1,0,1,1,1,1,0,1,1,1,0,1,0,1,1,1,0,1,1,1,1,1,1,0,1,1,1,1,1,1,1,0,0,1,1,1,1,
0,1,1,1,1,1,0,0,0,1,1,1,1,0,1,0,1,1,1,1,0,1,1,1,1,0,0,0,1,0,0,1,1,1,1,1,0,0,1,1,
1,1,0,0,1,1,1,1,1,0,1,1,1,1,0,0,1,1,1,1,1,1,0,1,1,0,1,1,0,1,1,1,0,1,0,1,0,0,0,1,
1,1,1,1,1,0,1,1,0,1,1,1,0,1,0,0,1,0,1,0,1,1,0,1,1,1,1,1,1,1,0,1,1,1,0,1,1,0,0,1,
1,0,1,0,1,1,1,1,1,1,1,1,0,1,1,1,0,1,1,1,0,0,1,0,1,0,1,1,0,1,1,1,1,0,1,1,1,1,1,0,
========================
Output Graph: 
Number of Vertices: 40
Number of Edges: 659
Graph Density: 0.844872
0,1,0,1,0,1,1,1,1,1,1,1,1,1,1,1,1,1,1,1,1,1,1,1,0,1,1,1,1,1,1,1,1,1,1,1,0,1,1,1,
1,0,1,1,1,1,1,1,1,0,1,1,0,1,1,0,1,0,1,1,0,1,1,0,1,1,1,1,1,1,1,1,1,1,0,1,1,1,0,0,
0,1,0,1,0,1,1,1,1,1,1,1,0,1,1,1,1,0,1,1,1,1,0,1,1,0,1,0,0,1,0,1,1,0,1,1,1,1,1,1,
1,1,1,0,1,1,1,1,0,1,1,0,1,1,1,0,1,1,0,1,1,1,1,1,1,1,1,1,1,1,1,0,1,1,1,1,1,0,1,1,
0,1,0,1,0,0,1,1,1,1,1,1,1,1,1,1,1,1,1,1,1,1,1,1,0,0,1,1,1,1,0,1,1,1,1,1,1,1,1,1,
1,1,1,1,0,0,1,1,1,1,1,1,1,1,1,1,1,1,1,1,1,1,0,1,1,1,1,0,1,1,0,1,1,1,1,1,1,1,1,1,
1,1,1,1,1,1,0,1,1,0,1,1,0,1,1,1,0,1,1,1,1,1,1,1,1,1,1,1,1,1,1,1,0,1,1,1,1,0,1,1,
1,1,1,1,1,1,1,0,1,0,1,1,1,1,1,1,0,1,1,1,0,1,1,1,1,1,1,1,1,1,1,1,1,1,1,1,1,1,1,1,
1,1,1,0,1,1,1,1,0,1,1,1,1,1,1,1,1,1,0,1,1,1,1,1,1,1,1,1,1,1,1,1,1,1,1,1,1,1,0,1,
1,0,1,1,1,1,0,0,1,0,1,0,0,0,1,0,1,1,1,0,0,1,1,1,1,1,1,1,0,1,1,0,1,1,1,0,1,0,1,1,
1,1,1,1,1,1,1,1,1,1,0,1,1,1,1,1,1,0,1,0,1,1,1,1,1,1,0,1,1,1,1,1,1,1,1,1,1,1,1,1,
1,1,1,0,1,1,1,1,1,0,1,0,1,1,1,0,1,1,1,1,1,1,1,1,1,1,1,1,1,1,1,0,1,1,1,1,1,1,1,1,
1,0,0,1,1,1,0,1,1,0,1,1,0,1,0,1,0,0,1,0,1,1,1,0,1,1,1,1,0,1,0,1,0,0,0,1,1,0,0,1,
1,1,1,1,1,1,1,1,1,0,1,1,1,0,1,1,0,1,1,1,0,1,1,1,1,1,1,1,1,1,1,1,1,1,1,0,1,1,1,1,
1,1,1,1,1,1,1,1,1,1,1,1,0,1,0,1,1,1,1,1,1,1,1,1,1,1,1,1,1,1,1,1,1,1,1,1,1,0,1,1,
1,0,1,0,1,1,1,1,1,0,1,0,1,1,1,0,0,1,0,1,0,1,1,1,1,1,1,1,0,1,1,1,1,1,1,0,1,0,0,1,
1,1,1,1,1,1,0,0,1,1,1,1,0,0,1,0,0,1,1,1,0,1,1,1,1,1,1,1,1,1,1,1,1,1,1,1,1,1,1,1,
1,0,0,1,1,1,1,1,1,1,0,1,0,1,1,1,1,0,1,0,1,1,0,1,1,1,1,0,0,0,1,1,1,1,1,1,1,1,1,1,
1,1,1,0,1,1,1,1,0,1,1,1,1,1,1,0,1,1,0,1,1,1,1,1,1,1,1,1,1,1,1,0,1,1,1,1,1,1,1,1,
1,1,1,1,1,1,1,1,1,0,0,1,0,1,1,1,1,0,1,0,1,0,0,1,1,1,0,1,0,0,0,1,1,0,0,1,1,1,0,1,
1,0,1,1,1,1,1,0,1,0,1,1,1,0,1,0,0,1,1,1,0,1,1,1,1,1,1,1,0,1,1,1,1,1,1,1,1,1,1,1,
1,1,1,1,1,1,1,1,1,1,1,1,1,1,1,1,1,1,1,0,1,0,1,1,1,1,1,1,0,1,0,1,1,1,1,1,1,1,0,1,
1,1,0,1,1,0,1,1,1,1,1,1,1,1,1,1,1,0,1,0,1,1,0,1,0,1,0,1,0,1,0,1,1,1,1,1,1,1,0,1,
1,0,1,1,1,1,1,1,1,1,1,1,0,1,1,1,1,1,1,1,1,1,1,0,1,1,1,1,0,1,1,1,1,1,1,1,1,1,1,1,
0,1,1,1,0,1,1,1,1,1,1,1,1,1,1,1,1,1,1,1,1,1,0,1,0,1,1,1,1,1,0,1,1,1,1,1,1,1,1,1,
1,1,0,1,0,1,1,1,1,1,1,1,1,1,1,1,1,1,1,1,1,1,1,1,1,0,1,1,1,1,1,1,1,1,1,1,0,1,1,1,
1,1,1,1,1,1,1,1,1,1,0,1,1,1,1,1,1,1,1,0,1,1,0,1,1,1,0,1,1,1,1,1,1,1,1,1,1,1,1,1,
1,1,0,1,1,0,1,1,1,1,1,1,1,1,1,1,1,0,1,1,1,1,1,1,1,1,1,0,0,1,0,1,1,1,1,1,1,1,1,1,
1,1,0,1,1,1,1,1,1,0,1,1,0,1,1,0,1,0,1,0,0,0,0,0,1,1,1,0,0,1,1,1,1,1,0,1,1,1,0,0,
1,1,1,1,1,1,1,1,1,1,1,1,1,1,1,1,1,0,1,0,1,1,1,1,1,1,1,1,1,0,1,1,1,1,1,1,1,1,1,1,
1,1,0,1,0,0,1,1,1,1,1,1,0,1,1,1,1,1,1,0,1,0,0,1,0,1,1,0,1,1,0,1,1,0,1,1,0,1,1,1,
1,1,1,0,1,1,1,1,1,0,1,0,1,1,1,1,1,1,0,1,1,1,1,1,1,1,1,1,1,1,1,0,1,1,1,1,1,1,1,1,
1,1,1,1,1,1,0,1,1,1,1,1,0,1,1,1,1,1,1,1,1,1,1,1,1,1,1,1,1,1,1,1,0,1,1,1,1,0,1,1,
1,1,0,1,1,1,1,1,1,1,1,1,0,1,1,1,1,1,1,0,1,1,1,1,1,1,1,1,1,1,0,1,1,0,1,1,1,1,1,1,
1,0,1,1,1,1,1,1,1,1,1,1,0,1,1,1,1,1,1,0,1,1,1,1,1,1,1,1,0,1,1,1,1,1,0,1,1,1,0,1,
1,1,1,1,1,1,1,1,1,0,1,1,1,0,1,0,1,1,1,1,1,1,1,1,1,1,1,1,1,1,1,1,1,1,1,0,1,1,1,1,
0,1,1,1,1,1,1,1,1,1,1,1,1,1,1,1,1,1,1,1,1,1,1,1,1,0,1,1,1,1,0,1,1,1,1,1,0,1,1,1,
1,1,1,0,1,1,0,1,1,0,1,1,0,1,0,0,1,1,1,1,1,1,1,1,1,1,1,1,1,1,1,1,0,1,1,1,1,0,0,1,
1,0,1,1,1,1,1,1,0,1,1,1,0,1,1,0,1,1,1,0,1,0,0,1,1,1,1,1,0,1,1,1,1,1,0,1,1,0,0,1,
1,0,1,1,1,1,1,1,1,1,1,1,1,1,1,1,1,1,1,1,1,1,1,1,1,1,1,1,0,1,1,1,1,1,1,1,1,1,1,0,
Is Output Graph Empty or Complete?: 0
Ratio of Added Edges Over Added + Removed Edges: 0.8
Changes from Input to Output: 
Added Edge: (0, 6)
Added Edge: (0, 12)
Added Edge: (0, 34)
Added Edge: (1, 6)
Added Edge: (1, 7)
Removed Edge: (1, 9)
Removed Edge: (1, 15)
Added Edge: (1, 19)
Added Edge: (1, 26)
Removed Edge: (1, 38)
Removed Edge: (2, 4)
Added Edge: (2, 14)
Removed Edge: (2, 22)
Removed Edge: (2, 25)
Removed Edge: (2, 28)
Added Edge: (2, 37)
Added Edge: (3, 10)
Added Edge: (3, 39)
Added Edge: (4, 11)
Added Edge: (4, 27)
Added Edge: (4, 35)
Added Edge: (5, 16)
Added Edge: (5, 26)
Added Edge: (5, 38)
Added Edge: (6, 7)
Removed Edge: (6, 9)
Added Edge: (6, 21)
Added Edge: (6, 29)
Added Edge: (6, 36)
Removed Edge: (6, 37)
Added Edge: (7, 18)
Added Edge: (7, 23)
Added Edge: (7, 24)
Added Edge: (7, 29)
Added Edge: (7, 31)
Added Edge: (7, 36)
Added Edge: (8, 10)
Added Edge: (8, 16)
Added Edge: (8, 20)
Added Edge: (8, 23)
Added Edge: (8, 27)
Added Edge: (8, 29)
Added Edge: (8, 34)
Added Edge: (8, 36)
Added Edge: (9, 10)
Removed Edge: (9, 12)
Removed Edge: (9, 19)
Removed Edge: (9, 20)
Added Edge: (9, 22)
Added Edge: (9, 23)
Added Edge: (9, 24)
Removed Edge: (9, 28)
Added Edge: (9, 30)
Added Edge: (11, 12)
Added Edge: (11, 13)
Added Edge: (11, 19)
Added Edge: (11, 21)
Added Edge: (11, 29)
Added Edge: (12, 15)
Removed Edge: (12, 17)
Added Edge: (12, 24)
Removed Edge: (12, 28)
Removed Edge: (12, 30)
Removed Edge: (12, 37)
Added Edge: (12, 39)
Added Edge: (13, 14)
Added Edge: (13, 27)
Added Edge: (13, 29)
Added Edge: (13, 34)
Added Edge: (13, 36)
Added Edge: (14, 17)
Added Edge: (14, 18)
Added Edge: (14, 24)
Added Edge: (14, 26)
Added Edge: (14, 38)
Added Edge: (15, 17)
Removed Edge: (15, 20)
Added Edge: (15, 36)
Added Edge: (16, 28)
Added Edge: (16, 39)
Added Edge: (17, 18)
Removed Edge: (17, 22)
Added Edge: (17, 34)
Added Edge: (17, 38)
Added Edge: (18, 21)
Removed Edge: (19, 22)
Added Edge: (19, 35)
Removed Edge: (20, 28)
Added Edge: (20, 36)
Added Edge: (20, 39)
Added Edge: (21, 29)
Removed Edge: (21, 38)
Added Edge: (21, 39)
Added Edge: (22, 23)
Removed Edge: (22, 28)
Removed Edge: (22, 30)
Added Edge: (22, 37)
Added Edge: (23, 31)
Added Edge: (23, 39)
Added Edge: (24, 25)
Added Edge: (24, 26)
Added Edge: (24, 34)
Added Edge: (25, 29)
Added Edge: (25, 31)
Added Edge: (25, 33)
Added Edge: (25, 34)
Added Edge: (25, 37)
Added Edge: (25, 39)
Added Edge: (26, 35)
Added Edge: (26, 36)
Added Edge: (27, 36)
Added Edge: (28, 29)
Added Edge: (28, 37)
Removed Edge: (28, 38)
Added Edge: (29, 31)
Added Edge: (29, 32)
Added Edge: (29, 36)
Added Edge: (30, 31)
Added Edge: (30, 32)
Added Edge: (30, 38)
Added Edge: (31, 33)
Added Edge: (33, 39)
Added Edge: (34, 35)
Added Edge: (34, 37)
Added Edge: (36, 37)
========================
