========================
TIME_LIMIT_SECONDS: 900
ODD_HOLE_TERMINATION_PERCENTAGE: 999
N_THREADS: 24
IS_RUNNING_HEURISTIC_ON_CANDIDATE: 1
IS_RUNNING_HEURISTIC_ON_RELAXATION: 1
ADD_ALL_AT_START: 0
========================
Wall-Clock Runtime (ms): 900766
Calculated Odd Hole Termination Batch Size: 0
Total Time of All Workers in OddHoleAlg (nano): 89156190
Total Time of All Workers in OddHoleAlg (ms): 89
OddHoleAlg calls: 20
Number of Found Odd-Holes: 32243
Number of Found Odd Anti-Holes: 5838
Is Optimal? (1e-6): 0
Optimality Gap: 0.315698
Objective Value: 80
Number of Feasible Solutions Found: 12474
Number of Times Heuristic is Called: 12471
Total number of added OH and OHbar Cuts: 38081
Number of Explored B&C tree nodes: 62985
Number of Unexplored B&C tree nodes: 49848
========================
Input Graph:
Number of Vertices: 35
Erdos Renyi p Parameter: 0.5
Number of Edges: 285
Expected No of Odd Holes: 4979
Expected No of Odd Anti Holes: 1175
ODD_HOLE_TERMINATION_BATCH_SIZE: 0
Graph Density: 0.478992
0,0,0,0,0,0,1,0,1,1,0,1,1,0,1,1,0,1,1,0,0,0,0,1,0,1,0,0,0,0,1,1,0,1,1,
0,0,0,0,0,1,1,0,0,1,0,1,1,0,0,0,1,1,1,1,0,1,0,0,0,0,1,0,0,0,1,0,1,0,0,
0,0,0,1,0,1,0,0,0,1,1,1,1,0,0,0,0,0,1,0,1,0,0,1,0,1,0,1,1,1,0,0,0,1,1,
0,0,1,0,0,0,0,1,1,1,1,0,0,1,0,1,0,1,1,0,0,1,1,1,0,1,0,1,0,0,1,0,1,0,0,
0,0,0,0,0,0,1,0,1,0,1,0,1,1,1,1,0,1,0,0,0,1,0,1,0,1,1,1,1,0,0,1,0,1,0,
0,1,1,0,0,0,1,1,1,0,1,0,0,1,1,1,0,0,0,1,1,0,0,1,0,1,1,0,1,1,0,1,0,1,0,
1,1,0,0,1,1,0,1,0,0,1,1,1,0,0,0,1,0,1,1,0,1,1,0,1,0,0,1,1,0,0,1,1,1,0,
0,0,0,1,0,1,1,0,1,0,1,1,1,1,1,0,0,0,0,0,0,0,1,0,1,0,0,0,1,1,0,1,0,1,0,
1,0,0,1,1,1,0,1,0,0,1,1,0,1,1,0,1,0,0,0,1,1,1,1,1,0,1,1,0,0,1,0,1,1,0,
1,1,1,1,0,0,0,0,0,0,0,0,1,1,1,1,0,0,1,0,1,0,1,0,0,1,0,1,0,0,0,0,0,1,0,
0,0,1,1,1,1,1,1,1,0,0,0,0,1,0,1,0,1,0,1,0,1,1,1,1,0,0,1,1,1,1,0,0,0,1,
1,1,1,0,0,0,1,1,1,0,0,0,1,0,0,1,0,1,0,0,1,1,0,1,0,1,1,1,0,1,0,1,0,0,0,
1,1,1,0,1,0,1,1,0,1,0,1,0,0,1,0,0,1,1,0,0,0,1,1,0,0,0,0,0,1,1,0,1,1,0,
0,0,0,1,1,1,0,1,1,1,1,0,0,0,0,0,0,1,1,0,1,0,1,0,0,1,0,1,0,0,1,0,1,1,0,
1,0,0,0,1,1,0,1,1,1,0,0,1,0,0,1,0,0,1,1,1,0,0,1,1,0,1,0,1,0,1,1,0,0,1,
1,0,0,1,1,1,0,0,0,1,1,1,0,0,1,0,1,0,0,1,1,0,0,0,0,0,1,1,0,0,0,1,0,0,1,
0,1,0,0,0,0,1,0,1,0,0,0,0,0,0,1,0,1,1,0,0,0,0,0,0,1,0,0,1,0,1,1,1,0,0,
1,1,0,1,1,0,0,0,0,0,1,1,1,1,0,0,1,0,0,0,1,0,1,0,0,1,0,0,0,1,0,0,1,1,0,
1,1,1,1,0,0,1,0,0,1,0,0,1,1,1,0,1,0,0,1,0,0,1,0,0,1,1,1,0,1,0,0,0,0,0,
0,1,0,0,0,1,1,0,0,0,1,0,0,0,1,1,0,0,1,0,1,0,1,1,1,0,1,1,0,1,1,0,0,0,1,
0,0,1,0,0,1,0,0,1,1,0,1,0,1,1,1,0,1,0,1,0,1,1,0,0,0,1,1,1,1,0,1,1,0,1,
0,1,0,1,1,0,1,0,1,0,1,1,0,0,0,0,0,0,0,0,1,0,0,1,1,1,1,0,0,0,0,1,1,1,0,
0,0,0,1,0,0,1,1,1,1,1,0,1,1,0,0,0,1,1,1,1,0,0,0,0,1,0,0,0,1,0,1,1,0,0,
1,0,1,1,1,1,0,0,1,0,1,1,1,0,1,0,0,0,0,1,0,1,0,0,1,1,1,1,0,0,1,1,1,0,1,
0,0,0,0,0,0,1,1,1,0,1,0,0,0,1,0,0,0,0,1,0,1,0,1,0,1,1,1,0,0,0,1,0,0,1,
1,0,1,1,1,1,0,0,0,1,0,1,0,1,0,0,1,1,1,0,0,1,1,1,1,0,0,1,1,1,1,1,1,0,0,
0,1,0,0,1,1,0,0,1,0,0,1,0,0,1,1,0,0,1,1,1,1,0,1,1,0,0,0,1,0,1,0,1,1,0,
0,0,1,1,1,0,1,0,1,1,1,1,0,1,0,1,0,0,1,1,1,0,0,1,1,1,0,0,1,0,1,1,0,0,0,
0,0,1,0,1,1,1,1,0,0,1,0,0,0,1,0,1,0,0,0,1,0,0,0,0,1,1,1,0,0,1,0,0,1,1,
0,0,1,0,0,1,0,1,0,0,1,1,1,0,0,0,0,1,1,1,1,0,1,0,0,1,0,0,0,0,0,0,1,0,0,
1,1,0,1,0,0,0,0,1,0,1,0,1,1,1,0,1,0,0,1,0,0,0,1,0,1,1,1,1,0,0,1,1,0,0,
1,0,0,0,1,1,1,1,0,0,0,1,0,0,1,1,1,0,0,0,1,1,1,1,1,1,0,1,0,0,1,0,1,0,1,
0,1,0,1,0,0,1,0,1,0,0,0,1,1,0,0,1,1,0,0,1,1,1,1,0,1,1,0,0,1,1,1,0,0,1,
1,0,1,0,1,1,1,1,1,1,0,0,1,1,0,0,0,1,0,0,0,1,0,0,0,0,1,0,1,0,0,0,0,0,0,
1,0,1,0,0,0,0,0,0,0,1,0,0,0,1,1,0,0,0,1,1,0,0,1,1,0,0,0,1,0,0,1,1,0,0,
========================
Output Graph: 
Number of Vertices: 35
Number of Edges: 281
Graph Density: 0.472269
0,0,0,0,0,0,1,0,1,0,0,1,1,0,1,1,0,0,0,0,0,0,0,1,0,1,0,0,0,0,0,1,0,0,0,
0,0,0,0,0,1,1,0,0,0,1,1,0,0,0,0,1,0,0,0,0,0,0,0,0,0,1,0,0,0,1,0,1,0,0,
0,0,0,1,0,1,0,0,0,1,1,1,1,1,0,0,0,0,1,0,1,0,1,1,0,1,0,1,0,1,0,0,1,0,0,
0,0,1,0,0,0,0,0,1,1,1,0,1,1,0,0,0,1,1,0,0,0,1,1,0,1,0,1,0,1,0,0,1,0,0,
0,0,0,0,0,0,1,0,1,0,1,0,1,1,1,1,0,0,0,0,0,1,0,1,0,1,1,1,1,0,0,1,0,0,0,
0,1,1,0,0,0,1,1,1,0,1,0,1,1,1,1,0,0,0,1,1,0,0,1,0,1,1,1,1,1,0,1,0,1,0,
1,1,0,0,1,1,0,1,1,0,1,1,1,0,0,0,1,0,1,1,1,1,1,1,1,0,1,1,1,0,1,1,1,1,0,
0,0,0,0,0,1,1,0,1,0,1,1,1,0,1,0,0,0,0,0,0,0,0,0,0,0,0,0,1,0,0,1,0,1,0,
1,0,0,1,1,1,1,1,0,0,1,1,0,0,1,0,1,0,1,0,1,1,1,1,1,1,1,1,0,0,1,0,1,1,0,
0,0,1,1,0,0,0,0,0,0,0,0,1,1,0,0,0,0,1,0,1,0,0,0,0,1,0,1,0,0,0,0,0,0,0,
0,1,1,1,1,1,1,1,1,0,0,0,1,1,1,1,0,1,0,1,1,1,1,1,1,1,1,1,1,1,1,1,0,0,1,
1,1,1,0,0,0,1,1,1,0,0,0,1,1,1,1,0,1,0,0,1,1,0,1,0,1,1,1,1,1,0,1,0,0,0,
1,0,1,1,1,1,1,1,0,1,1,1,0,0,1,0,0,1,1,0,1,0,1,1,0,1,1,1,0,1,1,0,1,1,0,
0,0,1,1,1,1,0,0,0,1,1,1,0,0,0,0,0,1,1,0,1,0,1,0,0,1,0,1,0,0,1,0,1,0,0,
1,0,0,0,1,1,0,1,1,0,1,1,1,0,0,1,0,0,1,1,1,0,0,1,1,0,1,1,1,0,1,1,1,0,1,
1,0,0,0,1,1,0,0,0,0,1,1,0,0,1,0,0,0,0,1,1,0,0,0,1,0,1,1,0,0,0,1,0,0,1,
0,1,0,0,0,0,1,0,1,0,0,0,0,0,0,0,0,0,0,0,0,0,0,0,0,1,0,0,1,0,1,1,1,0,0,
0,0,0,1,0,0,0,0,0,0,1,1,1,1,0,0,0,0,1,0,1,0,1,0,0,1,0,0,0,1,0,0,1,0,0,
0,0,1,1,0,0,1,0,1,1,0,0,1,1,1,0,0,1,0,0,0,0,1,0,0,1,1,1,0,1,0,0,0,0,0,
0,0,0,0,0,1,1,0,0,0,1,0,0,0,1,1,0,0,0,0,1,0,0,1,1,0,1,1,0,0,0,0,0,0,1,
0,0,1,0,0,1,1,0,1,1,1,1,1,1,1,1,0,1,0,1,0,1,1,1,0,1,1,1,1,1,0,1,1,0,1,
0,0,0,0,1,0,1,0,1,0,1,1,0,0,0,0,0,0,0,0,1,0,0,1,1,1,1,0,0,0,0,1,1,0,0,
0,0,1,1,0,0,1,0,1,0,1,0,1,1,0,0,0,1,1,0,1,0,0,0,0,1,0,0,0,1,0,1,1,0,0,
1,0,1,1,1,1,1,0,1,0,1,1,1,0,1,0,0,0,0,1,1,1,0,0,1,1,1,1,0,0,1,1,1,0,1,
0,0,0,0,0,0,1,0,1,0,1,0,0,0,1,1,0,0,0,1,0,1,0,1,0,1,1,1,0,0,0,1,0,0,1,
1,0,1,1,1,1,0,0,1,1,1,1,1,1,0,0,1,1,1,0,1,1,1,1,1,0,1,1,1,1,1,1,1,0,0,
0,1,0,0,1,1,1,0,1,0,1,1,1,0,1,1,0,0,1,1,1,1,0,1,1,1,0,0,1,0,1,1,1,1,0,
0,0,1,1,1,1,1,0,1,1,1,1,1,1,1,1,0,0,1,1,1,0,0,1,1,1,0,0,1,0,1,1,1,0,0,
0,0,0,0,1,1,1,1,0,0,1,1,0,0,1,0,1,0,0,0,1,0,0,0,0,1,1,1,0,0,1,0,1,1,0,
0,0,1,1,0,1,0,0,0,0,1,1,1,0,0,0,0,1,1,0,1,0,1,0,0,1,0,0,0,0,0,0,1,0,0,
0,1,0,0,0,0,1,0,1,0,1,0,1,1,1,0,1,0,0,0,0,0,0,1,0,1,1,1,1,0,0,1,1,0,0,
1,0,0,0,1,1,1,1,0,0,1,1,0,0,1,1,1,0,0,0,1,1,1,1,1,1,1,1,0,0,1,0,1,0,1,
0,1,1,1,0,0,1,0,1,0,0,0,1,1,1,0,1,1,0,0,1,1,1,1,0,1,1,1,1,1,1,1,0,0,0,
0,0,0,0,0,1,1,1,1,0,0,0,1,0,0,0,0,0,0,0,0,0,0,0,0,0,1,0,1,0,0,0,0,0,0,
0,0,0,0,0,0,0,0,0,0,1,0,0,0,1,1,0,0,0,1,1,0,0,1,1,0,0,0,0,0,0,1,0,0,0,
Is Output Graph Empty or Complete?: 0
Ratio of Added Edges Over Added + Removed Edges: 0.475
Changes from Input to Output: 
Removed Edge: (0, 9)
Removed Edge: (0, 17)
Removed Edge: (0, 18)
Removed Edge: (0, 30)
Removed Edge: (0, 33)
Removed Edge: (0, 34)
Removed Edge: (1, 9)
Added Edge: (1, 10)
Removed Edge: (1, 12)
Removed Edge: (1, 17)
Removed Edge: (1, 18)
Removed Edge: (1, 19)
Removed Edge: (1, 21)
Added Edge: (2, 13)
Added Edge: (2, 22)
Removed Edge: (2, 28)
Added Edge: (2, 32)
Removed Edge: (2, 33)
Removed Edge: (2, 34)
Removed Edge: (3, 7)
Added Edge: (3, 12)
Removed Edge: (3, 15)
Removed Edge: (3, 21)
Added Edge: (3, 29)
Removed Edge: (3, 30)
Removed Edge: (4, 17)
Removed Edge: (4, 33)
Added Edge: (5, 12)
Added Edge: (5, 27)
Added Edge: (6, 8)
Added Edge: (6, 20)
Added Edge: (6, 23)
Added Edge: (6, 26)
Added Edge: (6, 30)
Removed Edge: (7, 13)
Removed Edge: (7, 22)
Removed Edge: (7, 24)
Removed Edge: (7, 29)
Removed Edge: (8, 13)
Added Edge: (8, 18)
Added Edge: (8, 25)
Removed Edge: (9, 14)
Removed Edge: (9, 15)
Removed Edge: (9, 22)
Removed Edge: (9, 33)
Added Edge: (10, 12)
Added Edge: (10, 14)
Added Edge: (10, 20)
Added Edge: (10, 25)
Added Edge: (10, 26)
Added Edge: (10, 31)
Added Edge: (11, 13)
Added Edge: (11, 14)
Added Edge: (11, 28)
Added Edge: (12, 20)
Added Edge: (12, 25)
Added Edge: (12, 26)
Added Edge: (12, 27)
Removed Edge: (13, 33)
Added Edge: (14, 27)
Added Edge: (14, 32)
Removed Edge: (15, 16)
Added Edge: (15, 24)
Removed Edge: (16, 17)
Removed Edge: (16, 18)
Added Edge: (17, 18)
Removed Edge: (17, 33)
Removed Edge: (18, 19)
Removed Edge: (19, 22)
Removed Edge: (19, 29)
Removed Edge: (19, 30)
Added Edge: (20, 23)
Added Edge: (20, 25)
Removed Edge: (21, 33)
Added Edge: (25, 26)
Added Edge: (26, 31)
Added Edge: (27, 32)
Added Edge: (28, 32)
Removed Edge: (28, 34)
Removed Edge: (32, 34)
========================
