========================
TIME_LIMIT_SECONDS: 900
ODD_HOLE_TERMINATION_PERCENTAGE: 999
N_THREADS: 24
IS_RUNNING_HEURISTIC_ON_CANDIDATE: 1
IS_RUNNING_HEURISTIC_ON_RELAXATION: 1
ADD_ALL_AT_START: 1
========================
Wall-Clock Runtime (ms): 901117
Calculated Odd Hole Termination Batch Size: 0
Total Time of All Workers in OddHoleAlg (nano): 121080746
Total Time of All Workers in OddHoleAlg (ms): 121
OddHoleAlg calls: 84
Number of Found Odd-Holes: 18306
Number of Found Odd Anti-Holes: 5
Is Optimal? (1e-6): 0
Optimality Gap: 0.166348
Objective Value: 51
Number of Feasible Solutions Found: 14472
Number of Times Heuristic is Called: 14456
Total number of added OH and OHbar Cuts: 18311
Number of Explored B&C tree nodes: 76863
Number of Unexplored B&C tree nodes: 52690
========================
Input Graph:
Number of Vertices: 35
Erdos Renyi p Parameter: 0.25
Number of Edges: 171
Expected No of Odd Holes: 6448
Expected No of Odd Anti Holes: 1
ODD_HOLE_TERMINATION_BATCH_SIZE: 0
Graph Density: 0.287395
0,0,0,0,1,0,0,1,1,1,0,0,0,0,0,0,1,1,1,1,0,0,0,0,1,0,0,0,0,0,0,1,1,0,0,
0,0,0,1,0,0,0,0,1,1,0,1,0,0,0,0,1,1,0,0,1,1,0,0,0,1,0,0,1,1,0,0,1,1,0,
0,0,0,0,0,1,1,0,1,1,1,1,0,1,0,0,0,0,0,0,0,1,1,1,0,0,0,0,0,1,0,0,1,1,1,
0,1,0,0,0,0,0,1,0,0,0,1,0,0,1,0,0,0,1,0,0,1,0,0,0,0,1,0,1,0,1,0,0,0,1,
1,0,0,0,0,1,0,0,0,1,0,1,0,0,0,0,0,0,1,0,0,0,0,0,0,0,0,1,1,0,1,0,0,1,0,
0,0,1,0,1,0,1,1,0,0,0,0,0,0,0,0,0,1,0,1,0,0,0,0,1,0,0,0,0,1,1,0,0,0,0,
0,0,1,0,0,1,0,0,1,0,0,0,0,0,0,1,0,0,1,0,0,0,0,1,0,1,0,0,0,0,0,1,0,1,0,
1,0,0,1,0,1,0,0,0,0,0,0,0,0,1,0,0,0,1,0,0,0,1,0,0,0,0,0,0,0,0,0,0,0,0,
1,1,1,0,0,0,1,0,0,0,0,1,0,0,1,0,0,1,1,0,0,0,1,0,0,1,1,1,1,0,1,0,0,0,0,
1,1,1,0,1,0,0,0,0,0,0,0,0,1,1,0,1,0,0,0,0,0,0,0,0,1,1,0,0,0,0,0,0,0,0,
0,0,1,0,0,0,0,0,0,0,0,1,0,0,1,1,0,1,0,1,0,0,1,0,0,0,0,0,1,0,0,0,0,1,1,
0,1,1,1,1,0,0,0,1,0,1,0,0,0,0,0,0,0,0,1,0,1,0,1,0,0,0,0,0,0,0,0,0,0,0,
0,0,0,0,0,0,0,0,0,0,0,0,0,1,0,0,0,0,1,0,0,0,0,0,0,0,0,1,0,0,0,0,0,0,0,
0,0,1,0,0,0,0,0,0,1,0,0,1,0,0,0,0,0,0,1,1,0,1,0,0,1,0,0,0,0,0,1,0,0,0,
0,0,0,1,0,0,0,1,1,1,1,0,0,0,0,1,0,0,0,0,0,1,0,1,0,0,0,0,0,0,0,0,0,0,0,
0,0,0,0,0,0,1,0,0,0,1,0,0,0,1,0,0,1,0,1,0,0,0,0,0,0,1,0,1,0,0,0,0,0,1,
1,1,0,0,0,0,0,0,0,1,0,0,0,0,0,0,0,0,1,0,1,0,0,1,1,1,0,0,0,0,0,0,1,0,0,
1,1,0,0,0,1,0,0,1,0,1,0,0,0,0,1,0,0,0,0,0,1,0,0,1,0,0,1,0,0,0,1,0,0,0,
1,0,0,1,1,0,1,1,1,0,0,0,1,0,0,0,1,0,0,0,1,0,0,0,1,0,0,0,0,1,1,0,0,1,0,
1,0,0,0,0,1,0,0,0,0,1,1,0,1,0,1,0,0,0,0,0,1,1,0,0,0,1,0,1,1,0,0,0,0,0,
0,1,0,0,0,0,0,0,0,0,0,0,0,1,0,0,1,0,1,0,0,0,0,0,0,0,0,0,1,0,1,0,0,1,0,
0,1,1,1,0,0,0,0,0,0,0,1,0,0,1,0,0,1,0,1,0,0,0,0,0,1,1,1,0,1,0,1,1,0,1,
0,0,1,0,0,0,0,1,1,0,1,0,0,1,0,0,0,0,0,1,0,0,0,0,0,0,0,0,0,0,1,0,1,0,0,
0,0,1,0,0,0,1,0,0,0,0,1,0,0,1,0,1,0,0,0,0,0,0,0,1,0,1,1,1,0,1,0,0,1,1,
1,0,0,0,0,1,0,0,0,0,0,0,0,0,0,0,1,1,1,0,0,0,0,1,0,1,1,0,1,1,0,0,0,0,1,
0,1,0,0,0,0,1,0,1,1,0,0,0,1,0,0,1,0,0,0,0,1,0,0,1,0,0,1,0,0,1,1,0,0,0,
0,0,0,1,0,0,0,0,1,1,0,0,0,0,0,1,0,0,0,1,0,1,0,1,1,0,0,1,1,0,0,0,0,1,0,
0,0,0,0,1,0,0,0,1,0,0,0,1,0,0,0,0,1,0,0,0,1,0,1,0,1,1,0,0,0,0,0,0,0,0,
0,1,0,1,1,0,0,0,1,0,1,0,0,0,0,1,0,0,0,1,1,0,0,1,1,0,1,0,0,1,1,0,0,0,1,
0,1,1,0,0,1,0,0,0,0,0,0,0,0,0,0,0,0,1,1,0,1,0,0,1,0,0,0,1,0,0,0,1,0,0,
0,0,0,1,1,1,0,0,1,0,0,0,0,0,0,0,0,0,1,0,1,0,1,1,0,1,0,0,1,0,0,0,1,0,0,
1,0,0,0,0,0,1,0,0,0,0,0,0,1,0,0,0,1,0,0,0,1,0,0,0,1,0,0,0,0,0,0,0,0,0,
1,1,1,0,0,0,0,0,0,0,0,0,0,0,0,0,1,0,0,0,0,1,1,0,0,0,0,0,0,1,1,0,0,0,1,
0,1,1,0,1,0,1,0,0,0,1,0,0,0,0,0,0,0,1,0,1,0,0,1,0,0,1,0,0,0,0,0,0,0,0,
0,0,1,1,0,0,0,0,0,0,1,0,0,0,0,1,0,0,0,0,0,1,0,1,1,0,0,0,1,0,0,0,1,0,0,
========================
Output Graph: 
Number of Vertices: 35
Number of Edges: 128
Graph Density: 0.215126
0,0,0,0,1,0,0,1,1,1,0,0,0,0,0,0,0,1,0,1,0,0,0,0,1,1,0,0,0,0,0,1,1,0,0,
0,0,0,1,0,0,0,0,1,1,0,0,0,0,0,0,0,1,0,0,1,0,0,0,0,1,0,0,0,0,0,0,1,0,0,
0,0,0,0,0,1,1,0,0,0,1,1,0,1,0,0,0,0,0,0,0,1,1,0,0,0,0,0,1,1,0,0,0,1,1,
0,1,0,0,0,0,0,0,0,0,0,1,0,0,1,0,0,0,1,0,0,1,0,0,0,0,1,0,1,0,1,0,0,0,1,
1,0,0,0,0,1,0,0,0,0,0,1,0,0,0,0,0,0,1,0,0,0,0,0,0,0,0,1,1,0,1,0,0,1,0,
0,0,1,0,1,0,0,1,0,0,0,0,0,0,0,0,0,1,0,1,0,0,0,0,1,0,0,0,0,1,0,0,1,0,0,
0,0,1,0,0,0,0,0,1,0,0,0,0,0,0,1,0,0,0,0,0,0,0,1,0,1,0,0,0,0,0,1,0,0,0,
1,0,0,0,0,1,0,0,0,0,0,0,0,0,1,0,0,0,1,0,0,0,1,0,0,0,0,0,0,0,0,0,0,0,0,
1,1,0,0,0,0,1,0,0,0,0,1,0,0,1,0,0,0,1,0,0,0,1,0,0,0,1,1,1,0,1,0,0,0,0,
1,1,0,0,0,0,0,0,0,0,0,0,0,1,0,0,1,0,0,0,0,0,0,0,0,1,0,0,0,0,0,0,0,0,0,
0,0,1,0,0,0,0,0,0,0,0,1,0,0,0,0,0,0,0,0,0,0,1,0,0,0,0,0,1,0,0,0,0,1,1,
0,0,1,1,1,0,0,0,1,0,1,0,0,0,0,0,0,0,0,1,0,0,0,1,0,0,0,0,0,0,0,0,0,0,0,
0,0,0,0,0,0,0,0,0,0,0,0,0,1,0,0,0,0,1,0,0,0,0,0,0,0,0,1,0,0,0,0,0,0,0,
0,0,1,0,0,0,0,0,0,1,0,0,1,0,0,0,0,0,0,1,1,0,0,0,0,1,0,0,0,0,0,1,0,0,0,
0,0,0,1,0,0,0,1,1,0,0,0,0,0,0,1,0,0,0,0,0,0,0,1,0,0,0,0,0,0,0,0,0,0,0,
0,0,0,0,0,0,1,0,0,0,0,0,0,0,1,0,0,0,0,0,0,0,0,0,0,0,1,0,1,0,0,0,0,0,1,
0,0,0,0,0,0,0,0,0,1,0,0,0,0,0,0,0,0,0,0,1,0,0,1,1,1,0,0,0,0,0,0,1,0,0,
1,1,0,0,0,1,0,0,0,0,0,0,0,0,0,0,0,0,0,0,0,1,0,0,0,0,0,1,0,0,0,0,0,0,0,
0,0,0,1,1,0,0,1,1,0,0,0,1,0,0,0,0,0,0,0,1,0,0,0,1,0,0,0,0,0,0,0,0,0,0,
1,0,0,0,0,1,0,0,0,0,0,1,0,1,0,0,0,0,0,0,0,1,1,0,0,0,1,0,1,1,0,0,0,0,0,
0,1,0,0,0,0,0,0,0,0,0,0,0,1,0,0,1,0,1,0,0,0,0,0,0,0,0,0,1,0,1,0,0,1,0,
0,0,1,1,0,0,0,0,0,0,0,0,0,0,0,0,0,1,0,1,0,0,0,0,0,1,0,0,0,0,0,1,1,0,0,
0,0,1,0,0,0,0,1,1,0,1,0,0,0,0,0,0,0,0,1,0,0,0,0,0,0,0,0,0,0,0,0,1,0,0,
0,0,0,0,0,0,1,0,0,0,0,1,0,0,1,0,1,0,0,0,0,0,0,0,0,0,1,1,1,0,1,0,0,1,1,
1,0,0,0,0,1,0,0,0,0,0,0,0,0,0,0,1,0,1,0,0,0,0,0,0,0,1,0,1,1,0,0,0,0,1,
1,1,0,0,0,0,1,0,0,1,0,0,0,1,0,0,1,0,0,0,0,1,0,0,0,0,0,1,0,0,1,1,0,0,0,
0,0,0,1,0,0,0,0,1,0,0,0,0,0,0,1,0,0,0,1,0,0,0,1,1,0,0,0,1,0,0,0,0,0,0,
0,0,0,0,1,0,0,0,1,0,0,0,1,0,0,0,0,1,0,0,0,0,0,1,0,1,0,0,0,0,0,0,0,0,0,
0,0,1,1,1,0,0,0,1,0,1,0,0,0,0,1,0,0,0,1,1,0,0,1,1,0,1,0,0,1,0,0,1,0,1,
0,0,1,0,0,1,0,0,0,0,0,0,0,0,0,0,0,0,0,1,0,0,0,0,1,0,0,0,1,0,0,0,1,0,0,
0,0,0,1,1,0,0,0,1,0,0,0,0,0,0,0,0,0,0,0,1,0,0,1,0,1,0,0,0,0,0,0,1,0,0,
1,0,0,0,0,0,1,0,0,0,0,0,0,1,0,0,0,0,0,0,0,1,0,0,0,1,0,0,0,0,0,0,0,0,0,
1,1,0,0,0,1,0,0,0,0,0,0,0,0,0,0,1,0,0,0,0,1,1,0,0,0,0,0,1,1,1,0,0,0,1,
0,0,1,0,1,0,0,0,0,0,1,0,0,0,0,0,0,0,0,0,1,0,0,1,0,0,0,0,0,0,0,0,0,0,0,
0,0,1,1,0,0,0,0,0,0,1,0,0,0,0,1,0,0,0,0,0,0,0,1,1,0,0,0,1,0,0,0,1,0,0,
Is Output Graph Empty or Complete?: 0
Ratio of Added Edges Over Added + Removed Edges: 0.0784314
Changes from Input to Output: 
Removed Edge: (0, 16)
Removed Edge: (0, 18)
Added Edge: (0, 25)
Removed Edge: (1, 11)
Removed Edge: (1, 16)
Removed Edge: (1, 21)
Removed Edge: (1, 28)
Removed Edge: (1, 29)
Removed Edge: (1, 33)
Removed Edge: (2, 8)
Removed Edge: (2, 9)
Removed Edge: (2, 23)
Added Edge: (2, 28)
Removed Edge: (2, 32)
Removed Edge: (3, 7)
Removed Edge: (4, 9)
Removed Edge: (5, 6)
Removed Edge: (5, 30)
Added Edge: (5, 32)
Removed Edge: (6, 18)
Removed Edge: (6, 33)
Removed Edge: (8, 17)
Removed Edge: (8, 25)
Removed Edge: (9, 14)
Removed Edge: (9, 26)
Removed Edge: (10, 14)
Removed Edge: (10, 15)
Removed Edge: (10, 17)
Removed Edge: (10, 19)
Removed Edge: (11, 21)
Removed Edge: (13, 22)
Removed Edge: (14, 21)
Removed Edge: (15, 17)
Removed Edge: (15, 19)
Removed Edge: (16, 18)
Removed Edge: (17, 24)
Removed Edge: (17, 31)
Removed Edge: (18, 29)
Removed Edge: (18, 30)
Removed Edge: (18, 33)
Removed Edge: (21, 26)
Removed Edge: (21, 27)
Removed Edge: (21, 29)
Removed Edge: (21, 34)
Removed Edge: (22, 30)
Removed Edge: (23, 24)
Removed Edge: (24, 25)
Removed Edge: (26, 27)
Removed Edge: (26, 33)
Removed Edge: (28, 30)
Added Edge: (28, 32)
========================
