========================
TIME_LIMIT_SECONDS: 900
ODD_HOLE_TERMINATION_PERCENTAGE: 999
N_THREADS: 24
IS_RUNNING_HEURISTIC_ON_CANDIDATE: 0
IS_RUNNING_HEURISTIC_ON_RELAXATION: 1
ADD_ALL_AT_START: 1
========================
Wall-Clock Runtime (ms): 900083
Calculated Odd Hole Termination Batch Size: 0
Total Time of All Workers in OddHoleAlg (nano): 76575026
Total Time of All Workers in OddHoleAlg (ms): 76
OddHoleAlg calls: 168
Number of Found Odd-Holes: 13964
Number of Found Odd Anti-Holes: 0
Is Optimal? (1e-6): 0
Optimality Gap: 0.0504639
Objective Value: 30
Number of Feasible Solutions Found: 61628
Number of Times Heuristic is Called: 61622
Total number of added OH and OHbar Cuts: 13964
Number of Explored B&C tree nodes: 478550
Number of Unexplored B&C tree nodes: 54304
========================
Input Graph:
Number of Vertices: 30
Erdos Renyi p Parameter: 0.25
Number of Edges: 113
Expected No of Odd Holes: 1737
Expected No of Odd Anti Holes: 0
ODD_HOLE_TERMINATION_BATCH_SIZE: 0
Graph Density: 0.25977
0,0,0,0,1,0,0,0,1,0,1,0,1,0,0,1,0,1,1,0,0,0,1,0,0,0,0,0,0,0,
0,0,0,0,0,0,0,1,0,0,0,0,0,1,1,0,0,0,0,0,0,0,0,1,0,0,0,1,0,0,
0,0,0,0,0,0,0,0,0,0,0,0,0,0,0,1,1,0,0,1,1,1,0,0,1,0,1,0,0,0,
0,0,0,0,0,0,0,0,1,1,1,0,0,0,0,0,0,0,1,0,0,0,0,1,0,0,1,0,0,0,
1,0,0,0,0,0,1,0,1,0,1,0,0,0,0,1,0,0,0,0,0,0,0,0,1,1,0,0,1,0,
0,0,0,0,0,0,1,0,0,1,1,0,0,0,0,1,0,1,0,0,0,0,1,1,0,0,0,1,1,0,
0,0,0,0,1,1,0,0,1,1,0,0,0,1,0,0,0,0,0,0,0,1,0,0,0,0,1,1,0,0,
0,1,0,0,0,0,0,0,1,1,0,1,0,0,0,0,1,1,0,0,0,0,0,1,0,0,0,1,1,0,
1,0,0,1,1,0,1,1,0,0,0,0,0,0,0,0,0,1,0,0,0,0,0,0,1,0,0,1,0,1,
0,0,0,1,0,1,1,1,0,0,0,0,0,0,0,0,0,0,0,0,0,0,0,0,0,0,1,1,0,0,
1,0,0,1,1,1,0,0,0,0,0,0,0,0,1,1,0,1,1,0,0,1,0,0,0,0,0,0,1,1,
0,0,0,0,0,0,0,1,0,0,0,0,0,0,0,0,0,0,1,0,0,1,0,0,0,0,1,0,0,0,
1,0,0,0,0,0,0,0,0,0,0,0,0,0,0,0,0,0,0,1,0,1,0,0,0,0,1,0,1,0,
0,1,0,0,0,0,1,0,0,0,0,0,0,0,1,0,1,0,0,0,1,0,0,0,1,0,0,1,0,0,
0,1,0,0,0,0,0,0,0,0,1,0,0,1,0,1,0,0,0,0,0,0,0,1,1,0,0,0,0,1,
1,0,1,0,1,1,0,0,0,0,1,0,0,0,1,0,0,1,1,0,0,0,0,1,1,0,1,0,0,0,
0,0,1,0,0,0,0,1,0,0,0,0,0,1,0,0,0,0,0,1,1,0,0,0,0,1,1,0,0,0,
1,0,0,0,0,1,0,1,1,0,1,0,0,0,0,1,0,0,0,0,0,0,1,0,1,0,1,0,0,1,
1,0,0,1,0,0,0,0,0,0,1,1,0,0,0,1,0,0,0,0,0,0,0,0,0,0,0,0,1,0,
0,0,1,0,0,0,0,0,0,0,0,0,1,0,0,0,1,0,0,0,0,1,1,0,0,1,0,0,0,0,
0,0,1,0,0,0,0,0,0,0,0,0,0,1,0,0,1,0,0,0,0,0,0,0,0,1,1,0,0,0,
0,0,1,0,0,0,1,0,0,0,1,1,1,0,0,0,0,0,0,1,0,0,0,0,1,1,0,1,1,1,
1,0,0,0,0,1,0,0,0,0,0,0,0,0,0,0,0,1,0,1,0,0,0,0,0,0,0,0,1,0,
0,1,0,1,0,1,0,1,0,0,0,0,0,0,1,1,0,0,0,0,0,0,0,0,0,1,0,0,0,1,
0,0,1,0,1,0,0,0,1,0,0,0,0,1,1,1,0,1,0,0,0,1,0,0,0,0,0,0,0,0,
0,0,0,0,1,0,0,0,0,0,0,0,0,0,0,0,1,0,0,1,1,1,0,1,0,0,0,0,0,0,
0,0,1,1,0,0,1,0,0,1,0,1,1,0,0,1,1,1,0,0,1,0,0,0,0,0,0,0,0,1,
0,1,0,0,0,1,1,1,1,1,0,0,0,1,0,0,0,0,0,0,0,1,0,0,0,0,0,0,0,0,
0,0,0,0,1,1,0,1,0,0,1,0,1,0,0,0,0,0,1,0,0,1,1,0,0,0,0,0,0,0,
0,0,0,0,0,0,0,0,1,0,1,0,0,0,1,0,0,1,0,0,0,1,0,1,0,0,1,0,0,0,
========================
Output Graph: 
Number of Vertices: 30
Number of Edges: 93
Graph Density: 0.213793
0,0,0,0,1,0,0,0,1,0,1,0,0,0,0,1,0,1,1,0,0,0,1,0,0,0,0,0,0,0,
0,0,0,0,0,0,0,1,0,0,0,0,0,1,0,0,0,0,0,0,0,0,0,0,0,0,0,1,0,0,
0,0,0,0,0,0,0,0,0,0,1,0,0,0,0,1,1,0,0,1,1,0,0,0,1,0,0,0,0,0,
0,0,0,0,0,0,0,0,1,0,1,0,0,0,0,0,0,0,1,0,0,0,0,0,0,0,1,0,0,0,
1,0,0,0,0,0,1,0,1,0,1,0,0,0,0,1,0,0,0,0,0,0,0,0,1,0,0,0,0,0,
0,0,0,0,0,0,1,0,0,1,1,0,0,0,0,1,0,0,0,0,0,0,0,1,0,0,0,1,1,0,
0,0,0,0,1,1,0,1,1,1,0,0,0,1,0,0,0,0,0,0,0,1,0,0,0,0,1,1,0,0,
0,1,0,0,0,0,1,0,0,1,0,1,0,0,0,0,1,0,0,0,0,0,0,1,0,0,0,1,1,0,
1,0,0,1,1,0,1,0,0,0,1,0,0,0,0,1,0,1,0,0,0,0,0,0,1,0,0,1,0,1,
0,0,0,0,0,1,1,1,0,0,0,0,0,0,0,0,0,0,0,0,0,0,0,0,0,0,0,1,0,0,
1,0,1,1,1,1,0,0,1,0,0,0,0,0,1,1,0,1,1,0,0,1,0,0,0,0,1,0,0,1,
0,0,0,0,0,0,0,1,0,0,0,0,0,0,0,0,0,0,1,0,0,1,0,0,0,0,1,0,0,0,
0,0,0,0,0,0,0,0,0,0,0,0,0,0,0,0,0,0,0,1,0,1,0,0,0,0,0,0,1,0,
0,1,0,0,0,0,1,0,0,0,0,0,0,0,0,0,1,0,0,0,1,0,0,0,1,0,0,1,0,0,
0,0,0,0,0,0,0,0,0,0,1,0,0,0,0,1,0,0,0,0,0,0,0,1,1,0,0,0,0,1,
1,0,1,0,1,1,0,0,1,0,1,0,0,0,1,0,0,1,1,0,0,0,0,0,0,0,1,0,0,0,
0,0,1,0,0,0,0,1,0,0,0,0,0,1,0,0,0,0,0,0,1,0,0,0,0,1,1,0,0,0,
1,0,0,0,0,0,0,0,1,0,1,0,0,0,0,1,0,0,0,0,0,0,1,0,1,0,0,0,0,1,
1,0,0,1,0,0,0,0,0,0,1,1,0,0,0,1,0,0,0,0,0,0,0,0,0,0,0,0,1,0,
0,0,1,0,0,0,0,0,0,0,0,0,1,0,0,0,0,0,0,0,0,1,0,0,0,1,0,0,0,0,
0,0,1,0,0,0,0,0,0,0,0,0,0,1,0,0,1,0,0,0,0,0,0,0,0,1,1,0,0,0,
0,0,0,0,0,0,1,0,0,0,1,1,1,0,0,0,0,0,0,1,0,0,0,0,1,0,0,1,1,1,
1,0,0,0,0,0,0,0,0,0,0,0,0,0,0,0,0,1,0,0,0,0,0,0,0,0,0,0,0,0,
0,0,0,0,0,1,0,1,0,0,0,0,0,0,1,0,0,0,0,0,0,0,0,0,0,1,0,0,0,0,
0,0,1,0,1,0,0,0,1,0,0,0,0,1,1,0,0,1,0,0,0,1,0,0,0,0,0,0,0,0,
0,0,0,0,0,0,0,0,0,0,0,0,0,0,0,0,1,0,0,1,1,0,0,1,0,0,0,0,0,0,
0,0,0,1,0,0,1,0,0,0,1,1,0,0,0,1,1,0,0,0,1,0,0,0,0,0,0,0,0,1,
0,1,0,0,0,1,1,1,1,1,0,0,0,1,0,0,0,0,0,0,0,1,0,0,0,0,0,0,0,0,
0,0,0,0,0,1,0,1,0,0,0,0,1,0,0,0,0,0,1,0,0,1,0,0,0,0,0,0,0,0,
0,0,0,0,0,0,0,0,1,0,1,0,0,0,1,0,0,1,0,0,0,1,0,0,0,0,1,0,0,0,
Is Output Graph Empty or Complete?: 0
Ratio of Added Edges Over Added + Removed Edges: 0.166667
Changes from Input to Output: 
Removed Edge: (0, 12)
Removed Edge: (1, 14)
Removed Edge: (1, 23)
Added Edge: (2, 10)
Removed Edge: (2, 21)
Removed Edge: (2, 26)
Removed Edge: (3, 9)
Removed Edge: (3, 23)
Removed Edge: (4, 25)
Removed Edge: (4, 28)
Removed Edge: (5, 17)
Removed Edge: (5, 22)
Added Edge: (6, 7)
Removed Edge: (7, 8)
Removed Edge: (7, 17)
Added Edge: (8, 10)
Added Edge: (8, 15)
Removed Edge: (9, 26)
Added Edge: (10, 26)
Removed Edge: (10, 28)
Removed Edge: (12, 26)
Removed Edge: (13, 14)
Removed Edge: (15, 23)
Removed Edge: (15, 24)
Removed Edge: (16, 19)
Removed Edge: (17, 26)
Removed Edge: (19, 22)
Removed Edge: (21, 25)
Removed Edge: (22, 28)
Removed Edge: (23, 29)
========================
