========================
TIME_LIMIT_SECONDS: 900
ODD_HOLE_TERMINATION_PERCENTAGE: 999
N_THREADS: 24
IS_RUNNING_HEURISTIC_ON_CANDIDATE: 1
IS_RUNNING_HEURISTIC_ON_RELAXATION: 1
ADD_ALL_AT_START: 0
========================
Wall-Clock Runtime (ms): 901377
Calculated Odd Hole Termination Batch Size: 0
Total Time of All Workers in OddHoleAlg (nano): 649959389
Total Time of All Workers in OddHoleAlg (ms): 649
OddHoleAlg calls: 56
Number of Found Odd-Holes: 226141
Number of Found Odd Anti-Holes: 27
Is Optimal? (1e-6): 0
Optimality Gap: 0.49641
Objective Value: 85
Number of Feasible Solutions Found: 3544
Number of Times Heuristic is Called: 3541
Total number of added OH and OHbar Cuts: 226168
Number of Explored B&C tree nodes: 17517
Number of Unexplored B&C tree nodes: 6655
========================
Input Graph:
Number of Vertices: 40
Erdos Renyi p Parameter: 0.25
Number of Edges: 205
Expected No of Odd Holes: 21547
Expected No of Odd Anti Holes: 3
ODD_HOLE_TERMINATION_BATCH_SIZE: 0
Graph Density: 0.262821
0,0,1,0,0,1,0,0,1,0,0,1,0,1,0,0,0,0,1,0,1,0,1,0,0,1,0,0,1,0,0,0,0,1,0,0,1,0,0,0,
0,0,1,0,0,0,0,1,0,0,1,0,0,0,0,0,0,0,0,0,0,0,0,0,0,1,1,0,0,0,0,0,0,0,0,0,0,1,0,0,
1,1,0,0,0,0,0,0,0,0,0,0,1,0,0,1,0,0,1,0,1,0,1,0,0,0,0,0,1,0,1,0,0,1,0,0,1,0,0,0,
0,0,0,0,1,1,0,0,0,1,0,0,0,0,0,0,0,1,0,0,1,0,0,1,0,0,0,0,0,0,0,0,0,1,0,0,0,1,1,0,
0,0,0,1,0,0,0,0,1,0,0,1,0,1,0,0,0,1,1,0,0,1,0,1,0,0,0,0,0,1,0,1,0,1,0,0,1,0,1,1,
1,0,0,1,0,0,0,1,0,1,1,1,0,1,1,0,0,0,0,1,1,0,0,0,0,1,0,0,0,0,1,0,0,0,1,0,0,0,1,0,
0,0,0,0,0,0,0,0,0,0,1,1,0,0,1,1,0,1,1,0,0,0,1,1,0,0,0,0,0,0,1,0,0,0,1,1,0,0,1,0,
0,1,0,0,0,1,0,0,0,0,0,0,0,0,0,0,0,0,1,1,0,0,0,1,0,1,0,0,1,1,0,0,1,0,0,0,1,0,0,0,
1,0,0,0,1,0,0,0,0,0,1,0,1,0,1,1,0,0,0,0,0,0,1,1,1,0,0,1,0,0,0,0,0,1,0,0,1,0,0,0,
0,0,0,1,0,1,0,0,0,0,0,0,0,0,0,1,0,0,0,1,0,0,0,0,0,0,0,0,0,1,1,0,0,0,1,1,0,1,1,0,
0,1,0,0,0,1,1,0,1,0,0,1,0,1,0,1,0,1,1,0,1,0,1,1,0,0,1,1,1,0,1,0,0,0,0,0,1,0,0,0,
1,0,0,0,1,1,1,0,0,0,1,0,0,0,0,0,0,0,0,0,0,0,0,0,0,0,0,1,0,0,0,0,1,1,1,1,0,1,0,0,
0,0,1,0,0,0,0,0,1,0,0,0,0,0,0,0,0,0,0,1,0,1,0,0,0,0,0,0,1,1,0,0,0,0,0,0,0,0,0,0,
1,0,0,0,1,1,0,0,0,0,1,0,0,0,0,1,1,1,0,0,0,0,0,0,0,0,0,0,0,1,0,0,1,0,0,0,0,0,1,1,
0,0,0,0,0,1,1,0,1,0,0,0,0,0,0,0,1,0,1,0,0,0,0,0,0,0,1,0,1,0,1,0,0,0,0,0,0,0,0,0,
0,0,1,0,0,0,1,0,1,1,1,0,0,1,0,0,0,0,0,0,0,0,1,1,1,0,0,0,0,1,0,0,0,0,0,1,1,0,1,0,
0,0,0,0,0,0,0,0,0,0,0,0,0,1,1,0,0,1,0,0,0,0,0,1,0,0,1,0,0,0,1,0,0,0,0,0,0,1,1,0,
0,0,0,1,1,0,1,0,0,0,1,0,0,1,0,0,1,0,0,0,0,0,0,0,0,0,1,0,1,0,0,1,0,1,0,1,0,0,0,0,
1,0,1,0,1,0,1,1,0,0,1,0,0,0,1,0,0,0,0,0,0,0,0,0,0,0,1,1,0,0,0,0,1,0,0,0,0,0,0,0,
0,0,0,0,0,1,0,1,0,1,0,0,1,0,0,0,0,0,0,0,0,0,0,0,0,1,0,0,0,0,0,1,0,0,0,1,0,1,0,0,
1,0,1,1,0,1,0,0,0,0,1,0,0,0,0,0,0,0,0,0,0,1,0,0,0,0,0,0,0,0,0,1,0,0,0,0,0,1,0,0,
0,0,0,0,1,0,0,0,0,0,0,0,1,0,0,0,0,0,0,0,1,0,1,0,1,0,0,0,0,1,1,0,1,1,0,0,0,0,0,1,
1,0,1,0,0,0,1,0,1,0,1,0,0,0,0,1,0,0,0,0,0,1,0,0,1,0,0,0,0,0,0,0,0,0,0,0,1,1,1,0,
0,0,0,1,1,0,1,1,1,0,1,0,0,0,0,1,1,0,0,0,0,0,0,0,1,0,0,0,0,0,1,1,0,0,0,0,0,0,0,1,
0,0,0,0,0,0,0,0,1,0,0,0,0,0,0,1,0,0,0,0,0,1,1,1,0,1,1,0,0,0,0,0,0,0,0,0,1,1,0,0,
1,1,0,0,0,1,0,1,0,0,0,0,0,0,0,0,0,0,0,1,0,0,0,0,1,0,0,1,0,0,0,0,0,0,0,0,0,0,0,0,
0,1,0,0,0,0,0,0,0,0,1,0,0,0,1,0,1,1,1,0,0,0,0,0,1,0,0,1,0,1,1,0,0,1,0,1,1,0,0,0,
0,0,0,0,0,0,0,0,1,0,1,1,0,0,0,0,0,0,1,0,0,0,0,0,0,1,1,0,0,0,1,0,0,0,0,1,1,0,0,0,
1,0,1,0,0,0,0,1,0,0,1,0,1,0,1,0,0,1,0,0,0,0,0,0,0,0,0,0,0,1,0,0,0,1,0,0,1,1,1,0,
0,0,0,0,1,0,0,1,0,1,0,0,1,1,0,1,0,0,0,0,0,1,0,0,0,0,1,0,1,0,0,0,0,0,0,0,0,1,0,0,
0,0,1,0,0,1,1,0,0,1,1,0,0,0,1,0,1,0,0,0,0,1,0,1,0,0,1,1,0,0,0,0,0,0,0,0,1,0,0,0,
0,0,0,0,1,0,0,0,0,0,0,0,0,0,0,0,0,1,0,1,1,0,0,1,0,0,0,0,0,0,0,0,0,0,0,1,1,1,1,0,
0,0,0,0,0,0,0,1,0,0,0,1,0,1,0,0,0,0,1,0,0,1,0,0,0,0,0,0,0,0,0,0,0,0,0,0,0,0,0,1,
1,0,1,1,1,0,0,0,1,0,0,1,0,0,0,0,0,1,0,0,0,1,0,0,0,0,1,0,1,0,0,0,0,0,0,0,0,0,0,0,
0,0,0,0,0,1,1,0,0,1,0,1,0,0,0,0,0,0,0,0,0,0,0,0,0,0,0,0,0,0,0,0,0,0,0,0,0,0,1,0,
0,0,0,0,0,0,1,0,0,1,0,1,0,0,0,1,0,1,0,1,0,0,0,0,0,0,1,1,0,0,0,1,0,0,0,0,0,0,0,1,
1,0,1,0,1,0,0,1,1,0,1,0,0,0,0,1,0,0,0,0,0,0,1,0,1,0,1,1,1,0,1,1,0,0,0,0,0,0,0,0,
0,1,0,1,0,0,0,0,0,1,0,1,0,0,0,0,1,0,0,1,1,0,1,0,1,0,0,0,1,1,0,1,0,0,0,0,0,0,0,0,
0,0,0,1,1,1,1,0,0,1,0,0,0,1,0,1,1,0,0,0,0,0,1,0,0,0,0,0,1,0,0,1,0,0,1,0,0,0,0,0,
0,0,0,0,1,0,0,0,0,0,0,0,0,1,0,0,0,0,0,0,0,1,0,1,0,0,0,0,0,0,0,0,1,0,0,1,0,0,0,0,
========================
Output Graph: 
Number of Vertices: 40
Number of Edges: 174
Graph Density: 0.223077
0,0,0,0,0,1,0,0,1,0,0,1,0,1,0,0,0,1,1,0,1,0,1,1,0,1,0,0,1,0,0,0,0,1,0,0,1,0,0,0,
0,0,1,0,0,0,0,1,0,0,1,0,0,0,0,0,0,0,0,0,0,0,0,0,0,0,0,0,0,0,0,0,0,0,0,0,0,1,0,0,
0,1,0,0,0,1,0,0,0,0,0,0,0,0,0,0,0,1,1,0,1,0,1,1,0,0,0,0,1,0,1,0,0,1,0,0,1,0,0,0,
0,0,0,0,1,1,0,0,0,0,0,0,0,0,0,0,0,1,0,0,0,0,0,1,0,0,0,0,0,0,0,0,0,0,0,0,0,1,1,0,
0,0,0,1,0,1,0,0,1,0,0,1,0,1,0,0,0,1,1,0,0,1,1,1,0,0,0,0,0,1,0,0,0,0,0,0,1,0,1,1,
1,0,1,1,1,0,1,1,0,1,1,1,0,1,1,1,0,0,0,1,1,0,0,0,0,1,1,0,0,0,1,1,0,0,1,1,0,1,1,0,
0,0,0,0,0,1,0,0,0,0,1,1,0,0,1,0,0,1,1,0,0,0,1,1,0,0,0,0,0,0,1,0,0,0,1,0,1,0,0,0,
0,1,0,0,0,1,0,0,0,0,0,0,0,0,0,0,0,1,1,0,0,0,0,1,0,1,0,0,1,0,0,0,1,0,0,0,1,0,0,0,
1,0,0,0,1,0,0,0,0,0,1,0,1,0,0,1,0,0,0,0,0,0,1,1,1,0,0,0,0,0,0,0,0,0,0,0,1,1,0,0,
0,0,0,0,0,1,0,0,0,0,0,0,0,0,0,1,0,1,0,0,0,0,0,0,0,0,0,0,0,0,0,0,0,0,0,1,0,1,1,0,
0,1,0,0,0,1,1,0,1,0,0,1,0,1,0,0,0,1,1,0,1,0,1,1,0,0,1,1,1,0,1,0,0,0,0,0,1,0,0,0,
1,0,0,0,1,1,1,0,0,0,1,0,0,0,0,0,0,0,0,0,0,0,0,0,0,0,0,0,0,0,0,0,0,0,1,0,0,1,0,0,
0,0,0,0,0,0,0,0,1,0,0,0,0,0,0,0,0,0,0,0,0,1,0,0,0,0,0,0,0,1,0,0,0,0,0,0,0,0,0,0,
1,0,0,0,1,1,0,0,0,0,1,0,0,0,0,1,1,1,0,0,0,0,0,1,0,0,0,0,0,0,0,0,0,0,0,0,0,1,0,1,
0,0,0,0,0,1,1,0,0,0,0,0,0,0,0,0,0,0,1,0,0,0,0,0,0,0,1,0,0,0,1,0,0,0,0,0,0,0,0,0,
0,0,0,0,0,1,0,0,1,1,0,0,0,1,0,0,0,1,0,0,0,0,1,1,1,0,0,0,0,1,0,0,0,0,0,1,1,0,1,0,
0,0,0,0,0,0,0,0,0,0,0,0,0,1,0,0,0,1,0,0,0,0,0,1,0,0,0,0,0,0,0,0,0,0,0,0,0,1,0,0,
1,0,1,1,1,0,1,1,0,1,1,0,0,1,0,1,1,0,0,0,0,0,0,0,0,0,1,0,1,0,0,1,0,1,0,1,0,1,0,0,
1,0,1,0,1,0,1,1,0,0,1,0,0,0,1,0,0,0,0,0,0,0,0,0,0,0,1,1,0,0,1,0,1,0,0,0,0,1,0,0,
0,0,0,0,0,1,0,0,0,0,0,0,0,0,0,0,0,0,0,0,0,0,0,0,0,0,0,0,0,0,0,1,0,0,0,1,0,1,0,0,
1,0,1,0,0,1,0,0,0,0,1,0,0,0,0,0,0,0,0,0,0,0,0,0,0,0,0,0,0,0,0,1,0,0,0,0,0,1,0,0,
0,0,0,0,1,0,0,0,0,0,0,0,1,0,0,0,0,0,0,0,0,0,1,0,0,0,0,0,0,1,0,0,0,0,0,0,0,0,0,0,
1,0,1,0,1,0,1,0,1,0,1,0,0,0,0,1,0,0,0,0,0,1,0,0,1,0,0,0,0,0,0,0,0,0,0,0,1,1,0,0,
1,0,1,1,1,0,1,1,1,0,1,0,0,1,0,1,1,0,0,0,0,0,0,0,1,0,0,0,0,0,0,1,0,0,0,0,0,1,0,1,
0,0,0,0,0,0,0,0,1,0,0,0,0,0,0,1,0,0,0,0,0,0,1,1,0,0,0,0,0,0,0,0,0,0,0,0,1,1,0,0,
1,0,0,0,0,1,0,1,0,0,0,0,0,0,0,0,0,0,0,0,0,0,0,0,0,0,0,0,0,0,0,0,0,0,0,0,0,0,0,0,
0,0,0,0,0,1,0,0,0,0,1,0,0,0,1,0,0,1,1,0,0,0,0,0,0,0,0,1,0,0,1,0,0,0,0,0,1,0,0,0,
0,0,0,0,0,0,0,0,0,0,1,0,0,0,0,0,0,0,1,0,0,0,0,0,0,0,1,0,0,0,1,0,0,0,0,0,1,0,0,0,
1,0,1,0,0,0,0,1,0,0,1,0,0,0,0,0,0,1,0,0,0,0,0,0,0,0,0,0,0,0,0,0,0,1,0,0,1,1,0,0,
0,0,0,0,1,0,0,0,0,0,0,0,1,0,0,1,0,0,0,0,0,1,0,0,0,0,0,0,0,0,0,0,0,0,0,0,0,1,0,0,
0,0,1,0,0,1,1,0,0,0,1,0,0,0,1,0,0,0,1,0,0,0,0,0,0,0,1,1,0,0,0,0,0,0,0,0,1,0,0,0,
0,0,0,0,0,1,0,0,0,0,0,0,0,0,0,0,0,1,0,1,1,0,0,1,0,0,0,0,0,0,0,0,0,0,0,1,1,1,1,0,
0,0,0,0,0,0,0,1,0,0,0,0,0,0,0,0,0,0,1,0,0,0,0,0,0,0,0,0,0,0,0,0,0,0,0,0,0,0,0,0,
1,0,1,0,0,0,0,0,0,0,0,0,0,0,0,0,0,1,0,0,0,0,0,0,0,0,0,0,1,0,0,0,0,0,0,0,0,0,0,0,
0,0,0,0,0,1,1,0,0,0,0,1,0,0,0,0,0,0,0,0,0,0,0,0,0,0,0,0,0,0,0,0,0,0,0,0,0,0,0,0,
0,0,0,0,0,1,0,0,0,1,0,0,0,0,0,1,0,1,0,1,0,0,0,0,0,0,0,0,0,0,0,1,0,0,0,0,0,1,0,0,
1,0,1,0,1,0,1,1,1,0,1,0,0,0,0,1,0,0,0,0,0,0,1,0,1,0,1,1,1,0,1,1,0,0,0,0,0,1,0,0,
0,1,0,1,0,1,0,0,1,1,0,1,0,1,0,0,1,1,1,1,1,0,1,1,1,0,0,0,1,1,0,1,0,0,0,1,1,0,1,0,
0,0,0,1,1,1,0,0,0,1,0,0,0,0,0,1,0,0,0,0,0,0,0,0,0,0,0,0,0,0,0,1,0,0,0,0,0,1,0,0,
0,0,0,0,1,0,0,0,0,0,0,0,0,1,0,0,0,0,0,0,0,0,0,1,0,0,0,0,0,0,0,0,0,0,0,0,0,0,0,0,
Is Output Graph Empty or Complete?: 0
Ratio of Added Edges Over Added + Removed Edges: 0.317647
Changes from Input to Output: 
Removed Edge: (0, 2)
Added Edge: (0, 17)
Added Edge: (0, 23)
Removed Edge: (1, 25)
Removed Edge: (1, 26)
Added Edge: (2, 5)
Removed Edge: (2, 12)
Removed Edge: (2, 15)
Added Edge: (2, 17)
Added Edge: (2, 23)
Removed Edge: (3, 9)
Removed Edge: (3, 20)
Removed Edge: (3, 33)
Added Edge: (4, 5)
Added Edge: (4, 22)
Removed Edge: (4, 31)
Removed Edge: (4, 33)
Added Edge: (5, 6)
Added Edge: (5, 15)
Added Edge: (5, 26)
Added Edge: (5, 31)
Added Edge: (5, 35)
Added Edge: (5, 37)
Removed Edge: (6, 15)
Removed Edge: (6, 35)
Added Edge: (6, 36)
Removed Edge: (6, 38)
Added Edge: (7, 17)
Removed Edge: (7, 19)
Removed Edge: (7, 29)
Removed Edge: (8, 14)
Removed Edge: (8, 27)
Removed Edge: (8, 33)
Added Edge: (8, 37)
Added Edge: (9, 17)
Removed Edge: (9, 19)
Removed Edge: (9, 29)
Removed Edge: (9, 30)
Removed Edge: (9, 34)
Removed Edge: (10, 15)
Removed Edge: (11, 27)
Removed Edge: (11, 32)
Removed Edge: (11, 33)
Removed Edge: (11, 35)
Removed Edge: (12, 19)
Removed Edge: (12, 28)
Added Edge: (13, 23)
Removed Edge: (13, 29)
Removed Edge: (13, 32)
Added Edge: (13, 37)
Removed Edge: (13, 38)
Removed Edge: (14, 16)
Removed Edge: (14, 28)
Added Edge: (15, 17)
Removed Edge: (16, 26)
Removed Edge: (16, 30)
Removed Edge: (16, 38)
Added Edge: (17, 37)
Added Edge: (18, 30)
Added Edge: (18, 37)
Removed Edge: (19, 25)
Removed Edge: (20, 21)
Removed Edge: (21, 24)
Removed Edge: (21, 30)
Removed Edge: (21, 32)
Removed Edge: (21, 33)
Removed Edge: (21, 39)
Removed Edge: (22, 38)
Removed Edge: (23, 30)
Added Edge: (23, 37)
Removed Edge: (24, 25)
Removed Edge: (24, 26)
Removed Edge: (25, 27)
Removed Edge: (26, 29)
Removed Edge: (26, 33)
Removed Edge: (26, 35)
Removed Edge: (27, 35)
Removed Edge: (28, 29)
Removed Edge: (28, 38)
Removed Edge: (32, 39)
Removed Edge: (34, 38)
Added Edge: (35, 37)
Removed Edge: (35, 39)
Added Edge: (36, 37)
Added Edge: (37, 38)
========================
