========================
TIME_LIMIT_SECONDS: 900
ODD_HOLE_TERMINATION_PERCENTAGE: 999
N_THREADS: 24
IS_RUNNING_HEURISTIC_ON_CANDIDATE: 0
IS_RUNNING_HEURISTIC_ON_RELAXATION: 1
ADD_ALL_AT_START: 1
========================
Wall-Clock Runtime (ms): 900362
Calculated Odd Hole Termination Batch Size: 0
Total Time of All Workers in OddHoleAlg (nano): 78439853
Total Time of All Workers in OddHoleAlg (ms): 78
OddHoleAlg calls: 98
Number of Found Odd-Holes: 17176
Number of Found Odd Anti-Holes: 17
Is Optimal? (1e-6): 0
Optimality Gap: 0.209808
Objective Value: 49
Number of Feasible Solutions Found: 23208
Number of Times Heuristic is Called: 23203
Total number of added OH and OHbar Cuts: 17193
Number of Explored B&C tree nodes: 121025
Number of Unexplored B&C tree nodes: 17919
========================
Input Graph:
Number of Vertices: 35
Erdos Renyi p Parameter: 0.25
Number of Edges: 164
Expected No of Odd Holes: 6448
Expected No of Odd Anti Holes: 1
ODD_HOLE_TERMINATION_BATCH_SIZE: 0
Graph Density: 0.27563
0,1,0,0,0,0,0,0,1,0,0,0,0,0,0,0,0,0,1,1,1,0,0,0,0,1,0,0,0,0,0,0,0,0,0,
1,0,0,0,0,0,0,0,0,0,0,1,1,0,0,0,0,0,0,1,0,0,1,0,0,0,0,0,0,0,0,0,0,0,1,
0,0,0,1,0,0,1,0,1,1,0,0,1,0,0,0,0,0,0,1,0,0,1,0,0,0,1,0,0,0,0,1,0,0,1,
0,0,1,0,0,0,0,0,0,0,0,1,0,0,1,0,1,0,1,1,1,0,0,0,0,0,0,1,0,0,0,0,1,0,0,
0,0,0,0,0,0,0,0,0,1,1,1,0,0,0,0,0,0,0,0,1,1,1,1,0,0,0,0,0,0,0,0,1,0,1,
0,0,0,0,0,0,0,0,0,0,0,1,0,1,1,1,1,0,1,0,1,1,0,0,0,1,0,0,0,0,1,0,1,0,0,
0,0,1,0,0,0,0,0,0,0,1,0,0,1,0,0,0,0,1,1,0,0,0,1,0,0,0,1,0,1,0,0,1,0,0,
0,0,0,0,0,0,0,0,0,0,1,0,0,0,0,0,0,0,0,0,0,0,0,0,0,0,1,1,0,1,0,0,0,0,1,
1,0,1,0,0,0,0,0,0,0,0,0,0,0,1,0,0,1,0,0,1,0,1,1,0,1,0,0,0,0,1,0,0,0,0,
0,0,1,0,1,0,0,0,0,0,0,0,0,1,1,0,0,1,1,0,0,0,0,1,0,1,0,0,1,0,1,0,0,1,1,
0,0,0,0,1,0,1,1,0,0,0,0,0,0,0,0,0,1,0,0,0,1,0,1,0,0,0,0,0,0,0,1,0,0,0,
0,1,0,1,1,1,0,0,0,0,0,0,0,1,0,0,0,0,1,0,0,0,0,0,0,0,0,1,0,0,0,0,0,0,0,
0,1,1,0,0,0,0,0,0,0,0,0,0,0,0,1,0,0,0,0,0,0,0,0,0,0,1,0,0,0,0,0,1,0,0,
0,0,0,0,0,1,1,0,0,1,0,1,0,0,0,0,1,1,0,0,0,0,0,0,0,0,0,1,1,1,0,1,1,1,1,
0,0,0,1,0,1,0,0,1,1,0,0,0,0,0,0,0,1,1,0,0,0,0,0,1,0,0,0,1,1,0,0,0,0,0,
0,0,0,0,0,1,0,0,0,0,0,0,1,0,0,0,1,0,0,1,0,1,0,0,1,1,1,1,0,1,0,0,1,1,1,
0,0,0,1,0,1,0,0,0,0,0,0,0,1,0,1,0,0,0,0,1,1,0,0,0,1,0,1,0,0,0,1,1,0,0,
0,0,0,0,0,0,0,0,1,1,1,0,0,1,1,0,0,0,0,1,1,1,1,0,0,0,0,0,0,0,0,0,1,0,1,
1,0,0,1,0,1,1,0,0,1,0,1,0,0,1,0,0,0,0,0,0,0,0,0,0,0,0,0,0,1,1,0,1,0,0,
1,1,1,1,0,0,1,0,0,0,0,0,0,0,0,1,0,1,0,0,0,1,0,0,1,0,1,0,0,1,0,1,0,1,1,
1,0,0,1,1,1,0,0,1,0,0,0,0,0,0,0,1,1,0,0,0,1,1,1,0,0,0,1,1,0,0,0,0,1,0,
0,0,0,0,1,1,0,0,0,0,1,0,0,0,0,1,1,1,0,1,1,0,1,0,0,0,0,0,0,0,1,0,0,1,0,
0,1,1,0,1,0,0,0,1,0,0,0,0,0,0,0,0,1,0,0,1,1,0,0,0,0,0,0,0,0,0,1,0,0,0,
0,0,0,0,1,0,1,0,1,1,1,0,0,0,0,0,0,0,0,0,1,0,0,0,0,0,0,0,0,0,1,0,0,0,0,
0,0,0,0,0,0,0,0,0,0,0,0,0,0,1,1,0,0,0,1,0,0,0,0,0,0,1,0,0,0,1,0,0,0,0,
1,0,0,0,0,1,0,0,1,1,0,0,0,0,0,1,1,0,0,0,0,0,0,0,0,0,0,1,0,0,0,0,0,0,0,
0,0,1,0,0,0,0,1,0,0,0,0,1,0,0,1,0,0,0,1,0,0,0,0,1,0,0,0,0,0,1,0,0,1,1,
0,0,0,1,0,0,1,1,0,0,0,1,0,1,0,1,1,0,0,0,1,0,0,0,0,1,0,0,0,1,0,0,0,1,1,
0,0,0,0,0,0,0,0,0,1,0,0,0,1,1,0,0,0,0,0,1,0,0,0,0,0,0,0,0,0,0,0,0,0,1,
0,0,0,0,0,0,1,1,0,0,0,0,0,1,1,1,0,0,1,1,0,0,0,0,0,0,0,1,0,0,0,1,0,0,1,
0,0,0,0,0,1,0,0,1,1,0,0,0,0,0,0,0,0,1,0,0,1,0,1,1,0,1,0,0,0,0,0,1,0,0,
0,0,1,0,0,0,0,0,0,0,1,0,0,1,0,0,1,0,0,1,0,0,1,0,0,0,0,0,0,1,0,0,1,1,1,
0,0,0,1,1,1,1,0,0,0,0,0,1,1,0,1,1,1,1,0,0,0,0,0,0,0,0,0,0,0,1,1,0,0,1,
0,0,0,0,0,0,0,0,0,1,0,0,0,1,0,1,0,0,0,1,1,1,0,0,0,0,1,1,0,0,0,1,0,0,0,
0,1,1,0,1,0,0,1,0,1,0,0,0,1,0,1,0,1,0,1,0,0,0,0,0,0,1,1,1,1,0,1,1,0,0,
========================
Output Graph: 
Number of Vertices: 35
Number of Edges: 145
Graph Density: 0.243697
0,0,0,0,0,0,0,0,0,0,0,0,0,0,0,0,0,0,1,1,1,0,0,0,0,0,0,0,0,0,0,0,0,0,0,
0,0,0,0,0,0,0,0,0,0,0,0,1,0,0,0,0,0,0,1,0,0,0,0,0,0,0,0,0,0,0,0,0,0,1,
0,0,0,0,0,0,1,0,0,0,0,0,0,0,0,0,0,0,0,1,0,0,0,0,0,0,0,0,0,0,0,1,0,0,1,
0,0,0,0,0,0,0,0,0,0,0,1,0,1,1,0,1,0,1,1,1,0,0,0,0,0,0,1,0,0,0,0,1,0,0,
0,0,0,0,0,0,0,0,1,1,1,0,0,0,0,0,0,0,0,0,1,1,1,1,0,0,0,0,0,0,0,0,1,0,1,
0,0,0,0,0,0,0,0,0,0,0,1,0,1,1,1,1,0,1,1,1,1,0,0,0,1,0,1,0,0,0,0,1,0,0,
0,0,1,0,0,0,0,0,0,0,0,0,0,1,0,0,0,0,0,1,0,0,0,0,0,0,0,1,0,1,0,0,1,0,0,
0,0,0,0,0,0,0,0,0,0,0,0,0,0,0,0,0,0,0,0,0,0,0,0,0,0,0,1,0,1,0,0,0,0,1,
0,0,0,0,1,0,0,0,0,0,0,0,0,0,0,0,0,1,0,0,1,0,1,1,0,0,0,0,0,0,1,0,0,0,0,
0,0,0,0,1,0,0,0,0,0,0,0,0,1,0,0,0,1,0,0,1,0,0,1,0,0,0,0,1,0,1,0,0,1,1,
0,0,0,0,1,0,0,0,0,0,0,0,0,0,0,0,0,1,0,0,0,1,0,0,0,0,0,0,0,0,0,0,0,0,0,
0,0,0,1,0,1,0,0,0,0,0,0,0,1,0,0,0,0,1,0,0,0,0,0,0,0,0,1,0,0,0,0,0,0,0,
0,1,0,0,0,0,0,0,0,0,0,0,0,0,0,1,0,0,0,0,0,0,0,0,0,0,1,0,0,0,0,0,1,0,0,
0,0,0,1,0,1,1,0,0,1,0,1,0,0,0,0,1,1,0,0,0,1,0,0,0,0,0,1,1,1,0,1,1,1,1,
0,0,0,1,0,1,0,0,0,0,0,0,0,0,0,0,0,0,1,0,0,0,0,0,0,0,0,0,0,0,0,0,0,0,0,
0,0,0,0,0,1,0,0,0,0,0,0,1,0,0,0,1,0,0,1,0,1,0,0,1,1,1,1,0,1,0,0,1,1,1,
0,0,0,1,0,1,0,0,0,0,0,0,0,1,0,1,0,0,0,1,1,1,0,0,0,1,0,1,0,0,0,1,1,0,0,
0,0,0,0,0,0,0,0,1,1,1,0,0,1,0,0,0,0,0,1,1,1,1,0,0,0,0,0,0,0,0,0,1,0,1,
1,0,0,1,0,1,0,0,0,0,0,1,0,0,1,0,0,0,0,0,0,0,0,0,0,0,0,1,0,0,0,0,1,0,0,
1,1,1,1,0,1,1,0,0,0,0,0,0,0,0,1,1,1,0,0,0,1,0,0,1,0,1,1,0,1,0,1,1,1,1,
1,0,0,1,1,1,0,0,1,1,0,0,0,0,0,0,1,1,0,0,0,1,1,1,0,0,0,1,1,0,0,0,1,1,1,
0,0,0,0,1,1,0,0,0,0,1,0,0,1,0,1,1,1,0,1,1,0,1,0,0,0,0,0,0,0,1,0,0,1,1,
0,0,0,0,1,0,0,0,1,0,0,0,0,0,0,0,0,1,0,0,1,1,0,0,0,0,0,0,0,0,0,0,0,0,0,
0,0,0,0,1,0,0,0,1,1,0,0,0,0,0,0,0,0,0,0,1,0,0,0,0,0,0,0,0,0,1,0,0,0,0,
0,0,0,0,0,0,0,0,0,0,0,0,0,0,0,1,0,0,0,1,0,0,0,0,0,0,1,0,0,0,0,0,0,0,0,
0,0,0,0,0,1,0,0,0,0,0,0,0,0,0,1,1,0,0,0,0,0,0,0,0,0,0,1,0,0,0,0,0,0,0,
0,0,0,0,0,0,0,0,0,0,0,0,1,0,0,1,0,0,0,1,0,0,0,0,1,0,0,0,0,0,0,0,0,1,1,
0,0,0,1,0,1,1,1,0,0,0,1,0,1,0,1,1,0,1,1,1,0,0,0,0,1,0,0,0,1,0,1,0,1,1,
0,0,0,0,0,0,0,0,0,1,0,0,0,1,0,0,0,0,0,0,1,0,0,0,0,0,0,0,0,0,0,0,0,0,1,
0,0,0,0,0,0,1,1,0,0,0,0,0,1,0,1,0,0,0,1,0,0,0,0,0,0,0,1,0,0,0,1,0,0,1,
0,0,0,0,0,0,0,0,1,1,0,0,0,0,0,0,0,0,0,0,0,1,0,1,0,0,0,0,0,0,0,0,1,0,0,
0,0,1,0,0,0,0,0,0,0,0,0,0,1,0,0,1,0,0,1,0,0,0,0,0,0,0,1,0,1,0,0,1,1,1,
0,0,0,1,1,1,1,0,0,0,0,0,1,1,0,1,1,1,1,1,1,0,0,0,0,0,0,0,0,0,1,1,0,1,1,
0,0,0,0,0,0,0,0,0,1,0,0,0,1,0,1,0,0,0,1,1,1,0,0,0,0,1,1,0,0,0,1,1,0,0,
0,1,1,0,1,0,0,1,0,1,0,0,0,1,0,1,0,1,0,1,1,1,0,0,0,0,1,1,1,1,0,1,1,0,0,
Is Output Graph Empty or Complete?: 0
Ratio of Added Edges Over Added + Removed Edges: 0.306122
Changes from Input to Output: 
Removed Edge: (0, 1)
Removed Edge: (0, 8)
Removed Edge: (0, 25)
Removed Edge: (1, 11)
Removed Edge: (1, 22)
Removed Edge: (2, 3)
Removed Edge: (2, 8)
Removed Edge: (2, 9)
Removed Edge: (2, 12)
Removed Edge: (2, 22)
Removed Edge: (2, 26)
Added Edge: (3, 13)
Added Edge: (4, 8)
Removed Edge: (4, 11)
Added Edge: (5, 19)
Added Edge: (5, 27)
Removed Edge: (5, 30)
Removed Edge: (6, 10)
Removed Edge: (6, 18)
Removed Edge: (6, 23)
Removed Edge: (7, 10)
Removed Edge: (7, 26)
Removed Edge: (8, 14)
Removed Edge: (8, 25)
Removed Edge: (9, 14)
Removed Edge: (9, 18)
Added Edge: (9, 20)
Removed Edge: (9, 25)
Removed Edge: (10, 23)
Removed Edge: (10, 31)
Added Edge: (13, 21)
Removed Edge: (14, 17)
Removed Edge: (14, 24)
Removed Edge: (14, 28)
Removed Edge: (14, 29)
Added Edge: (16, 19)
Added Edge: (18, 27)
Removed Edge: (18, 29)
Removed Edge: (18, 30)
Added Edge: (19, 27)
Added Edge: (19, 32)
Added Edge: (20, 32)
Added Edge: (20, 34)
Added Edge: (21, 34)
Removed Edge: (22, 31)
Removed Edge: (24, 30)
Removed Edge: (26, 30)
Added Edge: (27, 31)
Added Edge: (32, 33)
========================
