========================
TIME_LIMIT_SECONDS: 900
ODD_HOLE_TERMINATION_PERCENTAGE: 999
N_THREADS: 24
IS_RUNNING_HEURISTIC_ON_CANDIDATE: 0
IS_RUNNING_HEURISTIC_ON_RELAXATION: 1
ADD_ALL_AT_START: 1
========================
Wall-Clock Runtime (ms): 1544
Calculated Odd Hole Termination Batch Size: 0
Total Time of All Workers in OddHoleAlg (nano): 18563096
Total Time of All Workers in OddHoleAlg (ms): 18
OddHoleAlg calls: 148
Number of Found Odd-Holes: 1887
Number of Found Odd Anti-Holes: 30
Is Optimal? (1e-6): 1
Optimality Gap: 0
Objective Value: 19
Number of Feasible Solutions Found: 124
Number of Times Heuristic is Called: 118
Total number of added OH and OHbar Cuts: 1917
Number of Explored B&C tree nodes: 709
Number of Unexplored B&C tree nodes: 0
========================
Input Graph:
Number of Vertices: 25
Erdos Renyi p Parameter: 0.25
Number of Edges: 86
Expected No of Odd Holes: 408
Expected No of Odd Anti Holes: 0
ODD_HOLE_TERMINATION_BATCH_SIZE: 0
Graph Density: 0.286667
0,1,1,0,1,0,0,1,1,1,0,0,0,1,0,0,0,1,0,0,0,0,0,0,0,
1,0,0,0,0,1,0,0,1,0,1,0,0,0,0,1,0,0,1,0,1,0,0,1,0,
1,0,0,0,1,0,0,0,0,0,1,0,0,0,0,0,1,1,0,0,1,0,1,0,1,
0,0,0,0,0,0,1,0,1,0,0,1,0,0,0,1,0,0,0,0,0,1,1,1,0,
1,0,1,0,0,0,0,0,1,0,1,0,1,0,0,0,0,1,0,1,0,1,0,0,0,
0,1,0,0,0,0,0,0,0,0,0,0,0,1,0,0,0,0,0,1,1,0,0,0,1,
0,0,0,1,0,0,0,0,0,0,0,0,0,1,1,0,0,1,0,1,0,0,0,1,1,
1,0,0,0,0,0,0,0,0,0,0,0,1,0,0,0,0,1,0,0,0,0,1,1,0,
1,1,0,1,1,0,0,0,0,1,0,0,0,0,0,0,0,1,1,0,0,1,1,1,0,
1,0,0,0,0,0,0,0,1,0,0,0,0,0,0,0,0,0,1,0,0,0,0,0,0,
0,1,1,0,1,0,0,0,0,0,0,1,0,0,0,0,1,0,0,1,0,0,0,0,0,
0,0,0,1,0,0,0,0,0,0,1,0,0,0,0,0,0,0,1,0,0,1,0,0,0,
0,0,0,0,1,0,0,1,0,0,0,0,0,1,1,1,0,0,1,1,0,1,0,0,0,
1,0,0,0,0,1,1,0,0,0,0,0,1,0,1,0,0,0,1,1,0,1,0,1,1,
0,0,0,0,0,0,1,0,0,0,0,0,1,1,0,0,0,0,1,0,1,0,0,0,0,
0,1,0,1,0,0,0,0,0,0,0,0,1,0,0,0,0,0,0,0,0,0,0,1,1,
0,0,1,0,0,0,0,0,0,0,1,0,0,0,0,0,0,1,0,0,0,1,0,0,0,
1,0,1,0,1,0,1,1,1,0,0,0,0,0,0,0,1,0,0,1,0,0,0,0,1,
0,1,0,0,0,0,0,0,1,1,0,1,1,1,1,0,0,0,0,1,0,0,1,0,0,
0,0,0,0,1,1,1,0,0,0,1,0,1,1,0,0,0,1,1,0,0,0,0,1,0,
0,1,1,0,0,1,0,0,0,0,0,0,0,0,1,0,0,0,0,0,0,0,0,0,0,
0,0,0,1,1,0,0,0,1,0,0,1,1,1,0,0,1,0,0,0,0,0,1,0,0,
0,0,1,1,0,0,0,1,1,0,0,0,0,0,0,0,0,0,1,0,0,1,0,0,0,
0,1,0,1,0,0,1,1,1,0,0,0,0,1,0,1,0,0,0,1,0,0,0,0,1,
0,0,1,0,0,1,1,0,0,0,0,0,0,1,0,1,0,1,0,0,0,0,0,1,0,
========================
Output Graph: 
Number of Vertices: 25
Number of Edges: 79
Graph Density: 0.263333
0,1,1,0,1,0,0,1,1,1,0,0,0,1,0,0,0,0,0,1,0,0,0,0,0,
1,0,0,0,0,1,0,0,1,0,1,0,0,0,0,1,0,0,1,0,1,0,0,1,0,
1,0,0,0,1,0,0,0,0,0,1,0,0,0,0,0,1,1,0,0,0,1,1,0,0,
0,0,0,0,0,0,0,0,1,0,0,0,0,0,0,1,0,0,0,0,0,1,1,1,0,
1,0,1,0,0,0,0,0,1,0,1,0,0,0,0,0,0,1,0,1,0,1,0,0,0,
0,1,0,0,0,0,0,0,1,0,0,0,0,1,0,0,0,0,0,1,1,0,0,0,1,
0,0,0,0,0,0,0,0,0,0,0,0,0,1,0,0,0,1,0,1,0,0,0,1,1,
1,0,0,0,0,0,0,0,0,0,0,0,0,0,0,0,0,1,0,0,0,0,1,1,0,
1,1,0,1,1,1,0,0,0,1,1,0,0,0,0,0,0,1,1,0,0,1,1,1,0,
1,0,0,0,0,0,0,0,1,0,0,0,0,0,0,0,0,0,1,0,0,0,0,0,0,
0,1,1,0,1,0,0,0,1,0,0,1,0,0,0,0,1,0,0,1,0,0,0,0,0,
0,0,0,0,0,0,0,0,0,0,1,0,0,0,0,0,0,0,1,0,0,1,0,0,0,
0,0,0,0,0,0,0,0,0,0,0,0,0,1,1,0,0,0,1,1,0,1,0,0,0,
1,0,0,0,0,1,1,0,0,0,0,0,1,0,1,0,0,1,1,1,0,1,0,1,1,
0,0,0,0,0,0,0,0,0,0,0,0,1,1,0,0,0,0,1,0,0,0,0,0,0,
0,1,0,1,0,0,0,0,0,0,0,0,0,0,0,0,0,0,0,0,0,0,0,1,0,
0,0,1,0,0,0,0,0,0,0,1,0,0,0,0,0,0,1,0,0,0,1,0,0,0,
0,0,1,0,1,0,1,1,1,0,0,0,0,1,0,0,1,0,0,1,0,0,0,0,1,
0,1,0,0,0,0,0,0,1,1,0,1,1,1,1,0,0,0,0,1,0,0,0,0,0,
1,0,0,0,1,1,1,0,0,0,1,0,1,1,0,0,0,1,1,0,0,1,0,1,0,
0,1,0,0,0,1,0,0,0,0,0,0,0,0,0,0,0,0,0,0,0,0,0,0,0,
0,0,1,1,1,0,0,0,1,0,0,1,1,1,0,0,1,0,0,1,0,0,0,0,0,
0,0,1,1,0,0,0,1,1,0,0,0,0,0,0,0,0,0,0,0,0,0,0,0,0,
0,1,0,1,0,0,1,1,1,0,0,0,0,1,0,1,0,0,0,1,0,0,0,0,1,
0,0,0,0,0,1,1,0,0,0,0,0,0,1,0,0,0,1,0,0,0,0,0,1,0,
Is Output Graph Empty or Complete?: 0
Ratio of Added Edges Over Added + Removed Edges: 0.315789
Changes from Input to Output: 
Removed Edge: (0, 17)
Added Edge: (0, 19)
Removed Edge: (2, 20)
Added Edge: (2, 21)
Removed Edge: (2, 24)
Removed Edge: (3, 6)
Removed Edge: (3, 11)
Removed Edge: (4, 12)
Added Edge: (5, 8)
Removed Edge: (6, 14)
Removed Edge: (7, 12)
Added Edge: (8, 10)
Removed Edge: (12, 15)
Added Edge: (13, 17)
Removed Edge: (14, 20)
Removed Edge: (15, 24)
Removed Edge: (18, 22)
Added Edge: (19, 21)
Removed Edge: (21, 22)
========================
