========================
TIME_LIMIT_SECONDS: 900
ODD_HOLE_TERMINATION_PERCENTAGE: 999
N_THREADS: 24
IS_RUNNING_HEURISTIC_ON_CANDIDATE: 0
IS_RUNNING_HEURISTIC_ON_RELAXATION: 1
ADD_ALL_AT_START: 1
========================
Wall-Clock Runtime (ms): 901022
Calculated Odd Hole Termination Batch Size: 0
Total Time of All Workers in OddHoleAlg (nano): 64340371
Total Time of All Workers in OddHoleAlg (ms): 64
OddHoleAlg calls: 30
Number of Found Odd-Holes: 24738
Number of Found Odd Anti-Holes: 154
Is Optimal? (1e-6): 0
Optimality Gap: 0.382691
Objective Value: 117
Number of Feasible Solutions Found: 1180
Number of Times Heuristic is Called: 1178
Total number of added OH and OHbar Cuts: 24892
Number of Explored B&C tree nodes: 5939
Number of Unexplored B&C tree nodes: 546
========================
Input Graph:
Number of Vertices: 40
Erdos Renyi p Parameter: 0.5
Number of Edges: 371
Expected No of Odd Holes: 10991
Expected No of Odd Anti Holes: 3280
ODD_HOLE_TERMINATION_BATCH_SIZE: 0
Graph Density: 0.475641
0,1,0,0,1,0,0,0,0,0,0,0,1,0,0,0,1,1,1,1,0,1,0,1,0,1,0,1,0,0,0,1,0,1,1,1,1,0,1,0,
1,0,1,1,1,1,0,0,1,0,1,1,0,1,1,0,1,1,1,0,1,1,0,1,1,0,0,0,0,0,0,0,0,1,0,0,0,0,1,0,
0,1,0,1,1,0,1,1,1,1,0,0,1,0,0,0,0,1,0,0,1,1,0,0,0,1,0,1,1,0,0,1,1,0,1,0,0,0,1,0,
0,1,1,0,1,0,1,0,1,0,1,1,0,0,1,1,1,0,0,1,0,0,1,0,1,1,1,1,1,1,0,1,0,0,1,1,1,0,0,1,
1,1,1,1,0,0,0,0,0,0,0,1,0,0,1,0,0,0,1,0,1,0,1,1,0,0,0,0,1,1,0,1,0,1,1,1,1,1,1,1,
0,1,0,0,0,0,0,1,1,1,0,0,1,0,0,0,1,0,1,0,1,0,1,1,0,0,0,1,1,0,1,0,1,1,1,0,0,0,0,1,
0,0,1,1,0,0,0,0,0,0,0,1,0,0,1,1,0,0,1,0,1,0,1,0,1,1,0,1,1,1,1,1,1,0,0,1,1,1,0,0,
0,0,1,0,0,1,0,0,1,1,0,0,1,1,0,1,0,0,0,1,1,1,0,0,0,1,0,1,0,0,1,0,0,1,0,1,1,0,0,1,
0,1,1,1,0,1,0,1,0,0,0,0,1,0,1,0,1,1,0,1,0,1,0,0,1,0,1,1,0,0,1,0,0,1,0,0,0,0,0,1,
0,0,1,0,0,1,0,1,0,0,1,0,0,0,1,1,1,1,1,0,0,1,0,1,0,1,0,1,1,1,0,1,0,1,0,0,0,1,1,0,
0,1,0,1,0,0,0,0,0,1,0,1,0,0,0,1,1,0,0,1,0,1,1,1,1,0,0,0,0,0,0,1,0,0,0,0,1,0,1,0,
0,1,0,1,1,0,1,0,0,0,1,0,1,1,1,0,1,1,0,0,1,1,1,1,1,0,0,1,1,0,1,1,0,0,1,0,0,0,0,1,
1,0,1,0,0,1,0,1,1,0,0,1,0,1,1,0,0,1,0,0,0,0,1,0,0,1,0,1,1,0,0,0,1,0,0,0,1,0,1,0,
0,1,0,0,0,0,0,1,0,0,0,1,1,0,0,1,1,0,0,0,1,1,0,0,1,1,0,0,0,1,1,1,0,0,1,0,1,0,0,0,
0,1,0,1,1,0,1,0,1,1,0,1,1,0,0,1,1,1,0,1,1,0,0,1,1,1,1,0,0,1,1,0,0,0,0,1,1,0,1,1,
0,0,0,1,0,0,1,1,0,1,1,0,0,1,1,0,0,0,1,0,0,0,0,0,1,1,0,0,1,1,1,0,1,1,1,0,0,1,0,0,
1,1,0,1,0,1,0,0,1,1,1,1,0,1,1,0,0,0,1,0,0,0,1,1,0,1,0,0,1,0,1,1,1,1,1,0,1,0,0,1,
1,1,1,0,0,0,0,0,1,1,0,1,1,0,1,0,0,0,0,0,1,0,1,0,0,0,0,0,0,1,1,1,1,0,1,0,0,1,1,1,
1,1,0,0,1,1,1,0,0,1,0,0,0,0,0,1,1,0,0,1,0,1,0,0,0,0,0,1,0,1,1,1,0,1,0,1,0,0,0,1,
1,0,0,1,0,0,0,1,1,0,1,0,0,0,1,0,0,0,1,0,1,1,1,1,0,1,1,0,0,0,1,0,1,1,1,1,0,1,0,1,
0,1,1,0,1,1,1,1,0,0,0,1,0,1,1,0,0,1,0,1,0,1,1,1,1,1,1,1,0,0,1,0,0,0,0,0,1,0,1,1,
1,1,1,0,0,0,0,1,1,1,1,1,0,1,0,0,0,0,1,1,1,0,1,1,1,0,1,0,1,0,1,0,0,0,0,1,1,0,1,0,
0,0,0,1,1,1,1,0,0,0,1,1,1,0,0,0,1,1,0,1,1,1,0,0,0,1,0,0,1,1,0,0,0,1,1,0,0,0,1,0,
1,1,0,0,1,1,0,0,0,1,1,1,0,0,1,0,1,0,0,1,1,1,0,0,0,0,0,1,1,1,1,1,0,0,1,1,1,1,0,1,
0,1,0,1,0,0,1,0,1,0,1,1,0,1,1,1,0,0,0,0,1,1,0,0,0,1,0,0,0,1,1,0,0,1,0,1,0,1,0,1,
1,0,1,1,0,0,1,1,0,1,0,0,1,1,1,1,1,0,0,1,1,0,1,0,1,0,0,0,1,0,1,0,1,1,0,0,1,0,0,1,
0,0,0,1,0,0,0,0,1,0,0,0,0,0,1,0,0,0,0,1,1,1,0,0,0,0,0,0,0,0,0,0,1,1,0,1,0,0,1,1,
1,0,1,1,0,1,1,1,1,1,0,1,1,0,0,0,0,0,1,0,1,0,0,1,0,0,0,0,1,0,0,1,1,1,1,0,1,1,0,0,
0,0,1,1,1,1,1,0,0,1,0,1,1,0,0,1,1,0,0,0,0,1,1,1,0,1,0,1,0,0,0,1,0,1,1,0,0,1,1,1,
0,0,0,1,1,0,1,0,0,1,0,0,0,1,1,1,0,1,1,0,0,0,1,1,1,0,0,0,0,0,1,0,0,0,0,1,0,1,0,1,
0,0,0,0,0,1,1,1,1,0,0,1,0,1,1,1,1,1,1,1,1,1,0,1,1,1,0,0,0,1,0,1,0,0,0,1,0,0,0,0,
1,0,1,1,1,0,1,0,0,1,1,1,0,1,0,0,1,1,1,0,0,0,0,1,0,0,0,1,1,0,1,0,0,0,0,1,0,0,1,1,
0,0,1,0,0,1,1,0,0,0,0,0,1,0,0,1,1,1,0,1,0,0,0,0,0,1,1,1,0,0,0,0,0,0,0,0,1,1,1,0,
1,1,0,0,1,1,0,1,1,1,0,0,0,0,0,1,1,0,1,1,0,0,1,0,1,1,1,1,1,0,0,0,0,0,1,1,0,1,0,1,
1,0,1,1,1,1,0,0,0,0,0,1,0,1,0,1,1,1,0,1,0,0,1,1,0,0,0,1,1,0,0,0,0,1,0,1,0,0,0,0,
1,0,0,1,1,0,1,1,0,0,0,0,0,0,1,0,0,0,1,1,0,1,0,1,1,0,1,0,0,1,1,1,0,1,1,0,0,0,1,1,
1,0,0,1,1,0,1,1,0,0,1,0,1,1,1,0,1,0,0,0,1,1,0,1,0,1,0,1,0,0,0,0,1,0,0,0,0,1,0,1,
0,0,0,0,1,0,1,0,0,1,0,0,0,0,0,1,0,1,0,1,0,0,0,1,1,0,0,1,1,1,0,0,1,1,0,0,1,0,1,0,
1,1,1,0,1,0,0,0,0,1,1,0,1,0,1,0,0,1,0,0,1,1,1,0,0,0,1,0,1,0,0,1,1,0,0,1,0,1,0,0,
0,0,0,1,1,1,0,1,1,0,0,1,0,0,1,0,1,1,1,1,1,0,0,1,1,1,1,0,1,1,0,1,0,1,0,1,1,0,0,0,
========================
Output Graph: 
Number of Vertices: 40
Number of Edges: 372
Graph Density: 0.476923
0,1,0,0,1,0,0,0,0,0,0,0,0,0,0,0,1,1,0,1,0,1,0,1,0,1,0,1,0,0,0,0,0,1,1,0,0,0,0,0,
1,0,1,1,1,1,1,0,0,0,1,1,0,1,1,0,1,1,1,1,1,1,0,1,1,1,0,1,1,0,0,1,0,1,0,0,0,0,1,0,
0,1,0,1,1,0,1,0,0,1,1,0,0,0,0,0,0,1,0,0,1,1,0,0,0,1,0,1,1,0,0,1,0,0,0,0,0,0,1,0,
0,1,1,0,1,0,1,0,1,1,1,1,0,0,1,1,1,1,0,1,1,1,1,1,1,1,1,1,1,1,1,1,0,1,1,1,1,0,0,1,
1,1,1,1,0,0,0,0,0,1,0,1,0,0,1,0,0,0,1,0,1,1,1,1,0,1,0,0,1,1,1,1,0,1,1,1,1,1,1,1,
0,1,0,0,0,0,0,0,0,1,0,0,0,0,0,0,1,0,1,0,1,0,0,1,0,0,0,1,1,0,1,0,0,1,0,0,0,0,0,1,
0,1,1,1,0,0,0,0,1,1,0,1,0,0,1,1,0,0,1,0,1,1,1,1,1,1,0,0,1,1,1,1,1,1,0,1,1,1,0,1,
0,0,0,0,0,0,0,0,1,1,0,0,0,0,0,0,0,0,0,1,1,1,0,0,0,1,0,1,0,0,1,0,0,1,0,0,0,0,0,1,
0,0,0,1,0,0,1,1,0,0,0,0,0,0,1,0,1,1,0,1,0,1,0,1,1,0,1,1,0,0,1,0,0,1,0,0,0,0,0,1,
0,0,1,1,1,1,1,1,0,0,1,1,0,0,1,1,1,1,1,1,1,1,0,1,1,1,0,1,1,1,0,1,0,1,0,0,0,1,1,0,
0,1,1,1,0,0,0,0,0,1,0,1,0,0,0,0,0,0,0,0,0,1,1,1,0,0,0,0,0,0,0,1,0,0,0,0,0,0,1,0,
0,1,0,1,1,0,1,0,0,1,1,0,1,1,1,0,1,1,0,1,1,1,1,1,1,1,0,1,1,0,1,1,0,1,1,0,0,0,0,1,
0,0,0,0,0,0,0,0,0,0,0,1,0,0,1,0,0,1,0,0,0,0,0,0,0,1,0,1,1,0,0,0,1,0,0,0,1,0,0,0,
0,1,0,0,0,0,0,0,0,0,0,1,0,0,0,0,1,0,0,0,1,1,0,0,0,1,0,0,0,0,1,1,0,0,0,0,0,0,0,0,
0,1,0,1,1,0,1,0,1,1,0,1,1,0,0,1,1,1,0,1,1,0,0,1,1,1,1,1,1,1,1,0,0,1,0,1,1,0,0,1,
0,0,0,1,0,0,1,0,0,1,0,0,0,0,1,0,0,0,0,0,0,0,0,0,1,1,0,0,1,1,1,0,0,1,0,0,0,1,0,0,
1,1,0,1,0,1,0,0,1,1,0,1,0,1,1,0,0,0,1,0,1,1,1,1,0,1,0,0,1,0,1,1,1,1,1,0,1,0,0,1,
1,1,1,1,0,0,0,0,1,1,0,1,1,0,1,0,0,0,0,0,1,1,1,1,0,1,0,0,1,1,1,1,1,1,1,0,1,1,1,1,
0,1,0,0,1,1,1,0,0,1,0,0,0,0,0,0,1,0,0,1,0,1,0,0,0,0,0,1,0,0,1,0,0,1,0,0,0,0,0,1,
1,1,0,1,0,0,0,1,1,1,0,1,0,0,1,0,0,0,1,0,1,1,1,1,0,1,1,0,1,0,1,0,0,1,1,1,0,1,0,1,
0,1,1,1,1,1,1,1,0,1,0,1,0,1,1,0,1,1,0,1,0,1,1,1,1,1,1,1,1,0,1,0,0,0,0,0,1,0,1,1,
1,1,1,1,1,0,1,1,1,1,1,1,0,1,0,0,1,1,1,1,1,0,1,1,1,1,1,1,1,0,1,0,0,1,0,1,1,0,1,1,
0,0,0,1,1,0,1,0,0,0,1,1,0,0,0,0,1,1,0,1,1,1,0,0,0,1,0,1,1,0,0,1,0,1,0,0,0,0,1,0,
1,1,0,1,1,1,1,0,1,1,1,1,0,0,1,0,1,1,0,1,1,1,0,0,0,1,0,1,1,1,1,1,0,1,1,1,1,1,0,1,
0,1,0,1,0,0,1,0,1,1,0,1,0,0,1,1,0,0,0,0,1,1,0,0,0,1,0,0,1,1,1,0,0,1,0,1,0,1,0,1,
1,1,1,1,1,0,1,1,0,1,0,1,1,1,1,1,1,1,0,1,1,1,1,1,1,0,0,1,1,0,1,0,1,1,0,0,1,0,0,1,
0,0,0,1,0,0,0,0,1,0,0,0,0,0,1,0,0,0,0,1,1,1,0,0,0,0,0,0,0,0,0,0,0,1,0,1,0,0,0,1,
1,1,1,1,0,1,0,1,1,1,0,1,1,0,1,0,0,0,1,0,1,1,1,1,0,1,0,0,1,0,1,1,1,1,1,0,1,1,0,1,
0,1,1,1,1,1,1,0,0,1,0,1,1,0,1,1,1,1,0,1,1,1,1,1,1,1,0,1,0,0,1,1,0,1,1,0,0,1,1,1,
0,0,0,1,1,0,1,0,0,1,0,0,0,0,1,1,0,1,0,0,0,0,0,1,1,0,0,0,0,0,1,0,0,0,0,0,0,1,0,1,
0,0,0,1,1,1,1,1,1,0,0,1,0,1,1,1,1,1,1,1,1,1,0,1,1,1,0,1,1,1,0,1,0,1,0,1,0,0,0,0,
0,1,1,1,1,0,1,0,0,1,1,1,0,1,0,0,1,1,0,0,0,0,1,1,0,0,0,1,1,0,1,0,0,0,0,0,0,0,1,1,
0,0,0,0,0,0,1,0,0,0,0,0,1,0,0,0,1,1,0,0,0,0,0,0,0,1,0,1,0,0,0,0,0,0,0,0,1,0,0,0,
1,1,0,1,1,1,1,1,1,1,0,1,0,0,1,1,1,1,1,1,0,1,1,1,1,1,1,1,1,0,1,0,0,0,1,1,0,1,0,1,
1,0,0,1,1,0,0,0,0,0,0,1,0,0,0,0,1,1,0,1,0,0,0,1,0,0,0,1,1,0,0,0,0,1,0,0,0,0,0,0,
0,0,0,1,1,0,1,0,0,0,0,0,0,0,1,0,0,0,0,1,0,1,0,1,1,0,1,0,0,0,1,0,0,1,0,0,0,0,0,1,
0,0,0,1,1,0,1,0,0,0,0,0,1,0,1,0,1,1,0,0,1,1,0,1,0,1,0,1,0,0,0,0,1,0,0,0,0,0,0,1,
0,0,0,0,1,0,1,0,0,1,0,0,0,0,0,1,0,1,0,1,0,0,0,1,1,0,0,1,1,1,0,0,0,1,0,0,0,0,0,0,
0,1,1,0,1,0,0,0,0,1,1,0,0,0,0,0,0,1,0,0,1,1,1,0,0,0,0,0,1,0,0,1,0,0,0,0,0,0,0,0,
0,0,0,1,1,1,1,1,1,0,0,1,0,0,1,0,1,1,1,1,1,1,0,1,1,1,1,1,1,1,0,1,0,1,0,1,1,0,0,0,
Is Output Graph Empty or Complete?: 0
Ratio of Added Edges Over Added + Removed Edges: 0.504273
Changes from Input to Output: 
Removed Edge: (0, 12)
Removed Edge: (0, 18)
Removed Edge: (0, 31)
Removed Edge: (0, 35)
Removed Edge: (0, 36)
Removed Edge: (0, 38)
Added Edge: (1, 6)
Removed Edge: (1, 8)
Added Edge: (1, 19)
Added Edge: (1, 25)
Added Edge: (1, 27)
Added Edge: (1, 28)
Added Edge: (1, 31)
Removed Edge: (2, 7)
Removed Edge: (2, 8)
Added Edge: (2, 10)
Removed Edge: (2, 12)
Removed Edge: (2, 32)
Removed Edge: (2, 34)
Added Edge: (3, 9)
Added Edge: (3, 17)
Added Edge: (3, 20)
Added Edge: (3, 21)
Added Edge: (3, 23)
Added Edge: (3, 30)
Added Edge: (3, 33)
Added Edge: (4, 9)
Added Edge: (4, 21)
Added Edge: (4, 25)
Added Edge: (4, 30)
Removed Edge: (5, 7)
Removed Edge: (5, 8)
Removed Edge: (5, 12)
Removed Edge: (5, 22)
Removed Edge: (5, 32)
Removed Edge: (5, 34)
Added Edge: (6, 8)
Added Edge: (6, 9)
Added Edge: (6, 21)
Added Edge: (6, 23)
Removed Edge: (6, 27)
Added Edge: (6, 33)
Added Edge: (6, 39)
Removed Edge: (7, 12)
Removed Edge: (7, 13)
Removed Edge: (7, 15)
Removed Edge: (7, 35)
Removed Edge: (7, 36)
Removed Edge: (8, 12)
Added Edge: (8, 23)
Added Edge: (9, 11)
Added Edge: (9, 19)
Added Edge: (9, 20)
Added Edge: (9, 24)
Removed Edge: (10, 15)
Removed Edge: (10, 16)
Removed Edge: (10, 19)
Removed Edge: (10, 24)
Removed Edge: (10, 36)
Added Edge: (11, 19)
Added Edge: (11, 25)
Added Edge: (11, 33)
Removed Edge: (12, 13)
Removed Edge: (12, 22)
Removed Edge: (12, 38)
Removed Edge: (13, 15)
Removed Edge: (13, 24)
Removed Edge: (13, 29)
Removed Edge: (13, 34)
Removed Edge: (13, 36)
Added Edge: (14, 27)
Added Edge: (14, 28)
Added Edge: (14, 33)
Removed Edge: (14, 38)
Removed Edge: (15, 18)
Removed Edge: (15, 32)
Removed Edge: (15, 34)
Added Edge: (16, 20)
Added Edge: (16, 21)
Added Edge: (17, 21)
Added Edge: (17, 23)
Added Edge: (17, 25)
Added Edge: (17, 28)
Added Edge: (17, 33)
Added Edge: (17, 36)
Removed Edge: (18, 29)
Removed Edge: (18, 31)
Removed Edge: (18, 35)
Added Edge: (19, 28)
Removed Edge: (19, 32)
Added Edge: (20, 28)
Added Edge: (21, 25)
Added Edge: (21, 27)
Added Edge: (21, 33)
Added Edge: (21, 39)
Added Edge: (22, 27)
Removed Edge: (22, 29)
Added Edge: (22, 31)
Removed Edge: (22, 34)
Added Edge: (23, 25)
Added Edge: (23, 33)
Added Edge: (24, 28)
Added Edge: (25, 27)
Removed Edge: (26, 32)
Removed Edge: (26, 38)
Added Edge: (27, 30)
Added Edge: (27, 39)
Added Edge: (28, 30)
Removed Edge: (29, 35)
Added Edge: (30, 33)
Removed Edge: (31, 35)
Removed Edge: (32, 37)
Removed Edge: (32, 38)
Removed Edge: (34, 35)
Removed Edge: (35, 38)
Removed Edge: (36, 37)
Removed Edge: (37, 38)
========================
