========================
TIME_LIMIT_SECONDS: 900
ODD_HOLE_TERMINATION_PERCENTAGE: 999
N_THREADS: 24
IS_RUNNING_HEURISTIC_ON_CANDIDATE: 1
IS_RUNNING_HEURISTIC_ON_RELAXATION: 0
ADD_ALL_AT_START: 1
========================
Wall-Clock Runtime (ms): 448094
Calculated Odd Hole Termination Batch Size: 0
Total Time of All Workers in OddHoleAlg (nano): 50784568
Total Time of All Workers in OddHoleAlg (ms): 50
OddHoleAlg calls: 152
Number of Found Odd-Holes: 3191
Number of Found Odd Anti-Holes: 4223
Is Optimal? (1e-6): 1
Optimality Gap: 0
Objective Value: 31
Number of Feasible Solutions Found: 76
Number of Times Heuristic is Called: 69
Total number of added OH and OHbar Cuts: 7414
Number of Explored B&C tree nodes: 882073
Number of Unexplored B&C tree nodes: 0
========================
Input Graph:
Number of Vertices: 30
Erdos Renyi p Parameter: 0.75
Number of Edges: 311
Expected No of Odd Holes: 396
Expected No of Odd Anti Holes: 1341
ODD_HOLE_TERMINATION_BATCH_SIZE: 0
Graph Density: 0.714943
0,1,1,1,1,1,1,0,0,0,1,0,1,1,0,0,1,0,0,1,0,0,0,1,0,1,0,0,1,1,
1,0,1,1,1,0,0,1,1,1,1,1,1,1,0,0,1,1,1,1,1,0,0,1,0,0,0,1,0,1,
1,1,0,1,1,1,1,0,1,1,0,0,1,1,1,1,1,1,1,1,0,0,1,1,1,1,0,1,1,1,
1,1,1,0,1,1,0,1,1,1,1,1,1,0,1,0,1,1,0,0,1,1,1,0,0,1,1,1,1,0,
1,1,1,1,0,1,0,0,1,1,1,0,0,1,1,1,0,1,1,1,1,1,1,0,1,1,1,1,1,1,
1,0,1,1,1,0,0,1,1,0,0,1,0,1,1,1,1,1,1,1,1,0,1,1,0,1,1,1,1,1,
1,0,1,0,0,0,0,1,1,1,1,1,1,1,1,1,1,1,0,1,0,1,0,1,1,1,1,0,0,0,
0,1,0,1,0,1,1,0,1,1,1,1,1,0,1,0,0,0,1,0,1,0,1,0,1,1,1,1,1,1,
0,1,1,1,1,1,1,1,0,1,1,0,1,1,1,1,0,1,1,1,1,1,1,0,0,1,1,1,1,1,
0,1,1,1,1,0,1,1,1,0,1,1,0,0,0,1,1,1,1,1,1,1,1,1,1,1,0,1,1,1,
1,1,0,1,1,0,1,1,1,1,0,1,0,1,1,1,1,1,1,1,1,0,1,1,1,1,0,1,1,1,
0,1,0,1,0,1,1,1,0,1,1,0,1,0,1,0,0,0,0,1,1,1,1,1,1,1,0,1,1,1,
1,1,1,1,0,0,1,1,1,0,0,1,0,1,1,1,1,0,1,1,0,1,1,1,1,1,1,1,1,1,
1,1,1,0,1,1,1,0,1,0,1,0,1,0,0,1,1,1,1,1,1,1,1,1,1,1,1,1,1,1,
0,0,1,1,1,1,1,1,1,0,1,1,1,0,0,0,0,1,1,1,0,1,1,1,1,1,0,1,0,1,
0,0,1,0,1,1,1,0,1,1,1,0,1,1,0,0,1,1,1,0,1,0,1,1,0,1,1,1,0,0,
1,1,1,1,0,1,1,0,0,1,1,0,1,1,0,1,0,0,1,1,1,1,1,1,1,1,1,0,0,0,
0,1,1,1,1,1,1,0,1,1,1,0,0,1,1,1,0,0,0,0,1,0,1,0,0,1,0,1,1,1,
0,1,1,0,1,1,0,1,1,1,1,0,1,1,1,1,1,0,0,0,0,1,1,1,1,1,1,1,1,0,
1,1,1,0,1,1,1,0,1,1,1,1,1,1,1,0,1,0,0,0,0,0,1,1,1,1,1,1,1,1,
0,1,0,1,1,1,0,1,1,1,1,1,0,1,0,1,1,1,0,0,0,1,1,1,1,1,1,1,1,1,
0,0,0,1,1,0,1,0,1,1,0,1,1,1,1,0,1,0,1,0,1,0,0,1,0,0,1,0,1,1,
0,0,1,1,1,1,0,1,1,1,1,1,1,1,1,1,1,1,1,1,1,0,0,1,1,0,0,1,1,1,
1,1,1,0,0,1,1,0,0,1,1,1,1,1,1,1,1,0,1,1,1,1,1,0,0,1,1,0,1,1,
0,0,1,0,1,0,1,1,0,1,1,1,1,1,1,0,1,0,1,1,1,0,1,0,0,1,1,0,0,1,
1,0,1,1,1,1,1,1,1,1,1,1,1,1,1,1,1,1,1,1,1,0,0,1,1,0,0,1,1,0,
0,0,0,1,1,1,1,1,1,0,0,0,1,1,0,1,1,0,1,1,1,1,0,1,1,0,0,1,0,1,
0,1,1,1,1,1,0,1,1,1,1,1,1,1,1,1,0,1,1,1,1,0,1,0,0,1,1,0,0,0,
1,0,1,1,1,1,0,1,1,1,1,1,1,1,0,0,0,1,1,1,1,1,1,1,0,1,0,0,0,0,
1,1,1,0,1,1,0,1,1,1,1,1,1,1,1,0,0,1,0,1,1,1,1,1,1,0,1,0,0,0,
========================
Output Graph: 
Number of Vertices: 30
Number of Edges: 310
Graph Density: 0.712644
0,1,1,0,1,1,0,0,0,0,0,0,1,1,0,0,1,0,0,1,0,0,0,1,0,1,0,0,0,1,
1,0,1,1,1,0,0,1,1,1,1,1,1,1,0,0,1,1,1,1,1,0,0,1,0,0,0,1,0,1,
1,1,0,1,1,1,1,0,1,1,0,0,1,1,1,1,1,1,1,1,0,0,1,1,1,1,0,1,1,1,
0,1,1,0,1,1,0,1,1,1,1,1,1,0,1,0,1,1,0,0,1,0,1,0,0,1,1,1,1,0,
1,1,1,1,0,1,1,0,1,1,1,0,1,1,1,1,0,1,1,1,1,1,1,0,1,1,1,1,1,1,
1,0,1,1,1,0,0,1,1,1,1,1,1,1,1,1,1,1,1,1,1,0,1,1,0,1,1,1,1,1,
0,0,1,0,1,0,0,1,1,1,1,1,1,1,1,1,1,1,1,1,0,1,0,1,1,1,1,0,0,0,
0,1,0,1,0,1,1,0,1,1,1,1,1,0,1,0,0,1,1,0,1,0,1,0,0,1,0,1,1,1,
0,1,1,1,1,1,1,1,0,1,1,0,1,1,1,1,0,1,1,1,1,1,1,0,0,1,1,1,1,1,
0,1,1,1,1,1,1,1,1,0,1,1,0,0,0,1,1,1,1,1,1,1,1,1,1,1,0,1,1,1,
0,1,0,1,1,1,1,1,1,1,0,1,0,1,1,1,1,1,1,1,1,0,1,1,1,1,0,1,1,1,
0,1,0,1,0,1,1,1,0,1,1,0,0,0,1,0,0,0,0,0,1,0,1,0,0,1,0,1,1,1,
1,1,1,1,1,1,1,1,1,0,0,0,0,1,1,1,1,0,1,1,0,1,1,1,1,1,1,1,1,1,
1,1,1,0,1,1,1,0,1,0,1,0,1,0,1,1,1,1,1,1,1,1,1,1,1,1,1,1,1,1,
0,0,1,1,1,1,1,1,1,0,1,1,1,1,0,1,1,1,1,1,0,1,1,1,1,1,0,1,0,1,
0,0,1,0,1,1,1,0,1,1,1,0,1,1,1,0,1,1,1,1,1,0,1,1,0,1,1,1,0,1,
1,1,1,1,0,1,1,0,0,1,1,0,1,1,1,1,0,0,1,1,1,1,1,1,1,1,1,0,0,1,
0,1,1,1,1,1,1,1,1,1,1,0,0,1,1,1,0,0,0,0,1,0,1,0,0,1,0,1,1,1,
0,1,1,0,1,1,1,1,1,1,1,0,1,1,1,1,1,0,0,0,0,1,1,1,1,1,1,1,1,1,
1,1,1,0,1,1,1,0,1,1,1,0,1,1,1,1,1,0,0,0,0,0,1,1,1,1,1,1,1,1,
0,1,0,1,1,1,0,1,1,1,1,1,0,1,0,1,1,1,0,0,0,0,1,1,1,1,0,1,1,1,
0,0,0,0,1,0,1,0,1,1,0,0,1,1,1,0,1,0,1,0,0,0,0,1,0,0,1,0,0,1,
0,0,1,1,1,1,0,1,1,1,1,1,1,1,1,1,1,1,1,1,1,0,0,1,1,0,0,1,1,1,
1,1,1,0,0,1,1,0,0,1,1,0,1,1,1,1,1,0,1,1,1,1,1,0,0,1,1,0,0,1,
0,0,1,0,1,0,1,0,0,1,1,0,1,1,1,0,1,0,1,1,1,0,1,0,0,1,1,0,0,1,
1,0,1,1,1,1,1,1,1,1,1,1,1,1,1,1,1,1,1,1,1,0,0,1,1,0,0,1,1,1,
0,0,0,1,1,1,1,0,1,0,0,0,1,1,0,1,1,0,1,1,0,1,0,1,1,0,0,1,0,1,
0,1,1,1,1,1,0,1,1,1,1,1,1,1,1,1,0,1,1,1,1,0,1,0,0,1,1,0,0,0,
0,0,1,1,1,1,0,1,1,1,1,1,1,1,0,0,0,1,1,1,1,0,1,0,0,1,0,0,0,0,
1,1,1,0,1,1,0,1,1,1,1,1,1,1,1,1,1,1,1,1,1,1,1,1,1,1,1,0,0,0,
Is Output Graph Empty or Complete?: 0
Ratio of Added Edges Over Added + Removed Edges: 0.483871
Changes from Input to Output: 
Removed Edge: (0, 3)
Removed Edge: (0, 6)
Removed Edge: (0, 10)
Removed Edge: (0, 28)
Removed Edge: (3, 21)
Added Edge: (4, 6)
Added Edge: (4, 12)
Added Edge: (5, 9)
Added Edge: (5, 10)
Added Edge: (5, 12)
Added Edge: (6, 18)
Added Edge: (7, 17)
Removed Edge: (7, 24)
Removed Edge: (7, 26)
Removed Edge: (11, 12)
Removed Edge: (11, 19)
Removed Edge: (11, 21)
Removed Edge: (11, 23)
Removed Edge: (11, 24)
Added Edge: (13, 14)
Added Edge: (14, 15)
Added Edge: (14, 16)
Added Edge: (15, 19)
Added Edge: (15, 29)
Added Edge: (16, 29)
Added Edge: (18, 29)
Removed Edge: (20, 21)
Removed Edge: (20, 26)
Removed Edge: (21, 28)
Removed Edge: (23, 28)
Added Edge: (25, 29)
========================
