========================
TIME_LIMIT_SECONDS: 900
ODD_HOLE_TERMINATION_PERCENTAGE: 999
N_THREADS: 24
IS_RUNNING_HEURISTIC_ON_CANDIDATE: 0
IS_RUNNING_HEURISTIC_ON_RELAXATION: 0
ADD_ALL_AT_START: 0
========================
Wall-Clock Runtime (ms): 900531
Calculated Odd Hole Termination Batch Size: 0
Total Time of All Workers in OddHoleAlg (nano): 318497369
Total Time of All Workers in OddHoleAlg (ms): 318
OddHoleAlg calls: 408
Number of Found Odd-Holes: 59669
Number of Found Odd Anti-Holes: 10316
Is Optimal? (1e-6): 0
Optimality Gap: 0.413443
Objective Value: 65
Number of Feasible Solutions Found: 6
Number of Times Heuristic is Called: 0
Total number of added OH and OHbar Cuts: 69985
Number of Explored B&C tree nodes: 155218
Number of Unexplored B&C tree nodes: 42663
========================
Input Graph:
Number of Vertices: 30
Erdos Renyi p Parameter: 0.5
Number of Edges: 219
Expected No of Odd Holes: 2023
Expected No of Odd Anti Holes: 353
ODD_HOLE_TERMINATION_BATCH_SIZE: 0
Graph Density: 0.503448
0,1,1,1,1,0,0,0,1,0,0,0,1,0,0,0,1,1,0,0,1,0,1,0,0,1,0,0,1,0,
1,0,0,1,0,0,1,1,1,0,1,1,0,0,0,1,1,1,0,0,0,1,1,1,1,1,1,0,0,0,
1,0,0,1,1,1,1,0,0,0,1,1,1,0,1,1,1,0,1,1,0,0,0,1,0,0,0,0,0,0,
1,1,1,0,1,0,0,0,0,1,0,1,1,0,0,0,1,1,0,1,0,1,0,0,0,0,0,1,1,0,
1,0,1,1,0,0,0,1,0,0,0,1,1,1,0,0,1,0,0,0,0,0,0,1,0,0,1,1,0,0,
0,0,1,0,0,0,1,0,1,0,0,0,0,1,1,0,1,1,0,1,1,1,1,0,0,0,1,1,0,0,
0,1,1,0,0,1,0,0,1,0,1,1,1,1,0,1,1,1,1,0,1,1,0,1,1,1,0,0,1,1,
0,1,0,0,1,0,0,0,1,1,0,0,0,0,0,1,1,1,0,1,0,1,1,1,1,0,1,0,1,0,
1,1,0,0,0,1,1,1,0,0,1,1,0,0,0,0,0,1,1,1,0,0,0,0,1,1,1,0,1,0,
0,0,0,1,0,0,0,1,0,0,0,1,0,0,1,0,0,0,0,0,1,1,1,1,0,0,0,0,0,1,
0,1,1,0,0,0,1,0,1,0,0,0,0,0,1,1,0,0,0,1,1,1,0,1,0,1,1,1,1,0,
0,1,1,1,1,0,1,0,1,1,0,0,1,1,0,1,1,0,1,1,0,1,0,0,0,0,1,0,1,0,
1,0,1,1,1,0,1,0,0,0,0,1,0,0,0,0,0,0,1,1,0,0,1,0,1,1,1,0,0,0,
0,0,0,0,1,1,1,0,0,0,0,1,0,0,1,1,1,1,1,1,1,0,0,0,1,0,0,0,1,0,
0,0,1,0,0,1,0,0,0,1,1,0,0,1,0,1,1,1,1,0,0,1,0,0,0,0,1,1,1,1,
0,1,1,0,0,0,1,1,0,0,1,1,0,1,1,0,1,1,0,1,0,0,1,0,0,0,1,1,1,1,
1,1,1,1,1,1,1,1,0,0,0,1,0,1,1,1,0,0,1,0,0,1,0,1,0,1,0,0,1,1,
1,1,0,1,0,1,1,1,1,0,0,0,0,1,1,1,0,0,1,1,1,1,1,0,0,1,0,1,1,0,
0,0,1,0,0,0,1,0,1,0,0,1,1,1,1,0,1,1,0,1,0,1,0,1,1,0,0,1,1,1,
0,0,1,1,0,1,0,1,1,0,1,1,1,1,0,1,0,1,1,0,1,0,1,1,1,1,0,1,1,1,
1,0,0,0,0,1,1,0,0,1,1,0,0,1,0,0,0,1,0,1,0,0,1,0,1,1,0,1,0,1,
0,1,0,1,0,1,1,1,0,1,1,1,0,0,1,0,1,1,1,0,0,0,1,0,0,1,1,1,0,1,
1,1,0,0,0,1,0,1,0,1,0,0,1,0,0,1,0,1,0,1,1,1,0,0,1,1,1,1,1,1,
0,1,1,0,1,0,1,1,0,1,1,0,0,0,0,0,1,0,1,1,0,0,0,0,1,0,1,0,0,0,
0,1,0,0,0,0,1,1,1,0,0,0,1,1,0,0,0,0,1,1,1,0,1,1,0,1,0,0,1,1,
1,1,0,0,0,0,1,0,1,0,1,0,1,0,0,0,1,1,0,1,1,1,1,0,1,0,1,0,0,1,
0,1,0,0,1,1,0,1,1,0,1,1,1,0,1,1,0,0,0,0,0,1,1,1,0,1,0,0,0,1,
0,0,0,1,1,1,0,0,0,0,1,0,0,0,1,1,0,1,1,1,1,1,1,0,0,0,0,0,1,0,
1,0,0,1,0,0,1,1,1,0,1,1,0,1,1,1,1,1,1,1,0,0,1,0,1,0,0,1,0,0,
0,0,0,0,0,0,1,0,0,1,0,0,0,0,1,1,1,0,1,1,1,1,1,0,1,1,1,0,0,0,
========================
Output Graph: 
Number of Vertices: 30
Number of Edges: 216
Graph Density: 0.496552
0,0,1,1,1,0,0,0,1,0,0,0,1,0,0,0,1,1,0,0,1,0,1,0,0,1,0,0,1,0,
0,0,0,0,0,0,1,1,1,0,1,0,0,0,0,1,1,1,0,0,0,1,0,1,1,1,1,0,0,0,
1,0,0,1,1,1,1,0,1,0,1,0,1,0,1,1,1,0,1,1,0,0,1,0,0,1,0,1,0,0,
1,0,1,0,1,0,0,0,0,1,0,0,1,0,0,0,1,1,0,1,1,1,0,0,0,0,0,1,1,0,
1,0,1,1,0,0,0,0,0,0,0,0,1,0,0,0,1,0,0,0,0,0,0,0,0,0,0,1,0,0,
0,0,1,0,0,0,1,0,1,0,0,0,0,1,1,1,1,1,0,1,1,1,0,0,1,1,1,1,1,0,
0,1,1,0,0,1,0,0,1,0,1,1,1,1,0,1,1,1,1,0,1,1,0,1,1,1,1,0,1,1,
0,1,0,0,0,0,0,0,1,0,0,0,0,0,0,1,1,1,0,0,0,1,0,1,1,0,1,0,1,0,
1,1,1,0,0,1,1,1,0,0,1,1,0,1,0,0,1,1,1,1,0,1,0,0,1,0,1,1,1,0,
0,0,0,1,0,0,0,0,0,0,0,0,0,0,0,0,0,0,0,0,1,0,1,0,0,0,0,0,0,0,
0,1,1,0,0,0,1,0,1,0,0,0,0,0,1,1,1,1,0,1,1,1,0,1,1,1,1,1,1,0,
0,0,0,0,0,0,1,0,1,0,0,0,0,1,0,1,1,0,1,1,0,1,0,0,0,0,0,0,1,0,
1,0,1,1,1,0,1,0,0,0,0,0,0,0,0,0,0,0,1,1,0,0,1,0,0,1,0,1,0,0,
0,0,0,0,0,1,1,0,1,0,0,1,0,0,1,1,1,1,1,1,0,0,0,0,0,0,0,0,1,0,
0,0,1,0,0,1,0,0,0,0,1,0,0,1,0,1,1,1,1,0,0,1,0,0,1,0,1,0,1,1,
0,1,1,0,0,1,1,1,0,0,1,1,0,1,1,0,1,1,1,1,0,1,0,0,1,0,1,1,1,1,
1,1,1,1,1,1,1,1,1,0,1,1,0,1,1,1,0,0,1,1,0,1,1,1,0,1,0,1,1,1,
1,1,0,1,0,1,1,1,1,0,1,0,0,1,1,1,0,0,1,1,1,1,1,0,0,1,0,1,1,0,
0,0,1,0,0,0,1,0,1,0,0,1,1,1,1,1,1,1,0,1,0,1,0,1,1,1,1,1,1,1,
0,0,1,1,0,1,0,0,1,0,1,1,1,1,0,1,1,1,1,0,1,1,1,1,1,1,1,1,1,1,
1,0,0,1,0,1,1,0,0,1,1,0,0,0,0,0,0,1,0,1,0,0,1,0,0,1,0,1,0,0,
0,1,0,1,0,1,1,1,1,0,1,1,0,0,1,1,1,1,1,1,0,0,1,0,0,1,1,1,0,1,
1,0,1,0,0,0,0,0,0,1,0,0,1,0,0,0,1,1,0,1,1,1,0,0,1,1,1,1,1,0,
0,1,0,0,0,0,1,1,0,0,1,0,0,0,0,0,1,0,1,1,0,0,0,0,1,0,1,0,0,0,
0,1,0,0,0,1,1,1,1,0,1,0,0,0,1,1,0,0,1,1,0,0,1,1,0,1,0,0,0,1,
1,1,1,0,0,1,1,0,0,0,1,0,1,0,0,0,1,1,1,1,1,1,1,0,1,0,1,1,1,1,
0,1,0,0,0,1,1,1,1,0,1,0,0,0,1,1,0,0,1,1,0,1,1,1,0,1,0,0,0,1,
0,0,1,1,1,1,0,0,1,0,1,0,1,0,0,1,1,1,1,1,1,1,1,0,0,1,0,0,1,0,
1,0,0,1,0,1,1,1,1,0,1,1,0,1,1,1,1,1,1,1,0,0,1,0,0,1,0,1,0,0,
0,0,0,0,0,0,1,0,0,0,0,0,0,0,1,1,1,0,1,1,0,1,0,0,1,1,1,0,0,0,
Is Output Graph Empty or Complete?: 0
Ratio of Added Edges Over Added + Removed Edges: 0.476923
Changes from Input to Output: 
Removed Edge: (0, 1)
Removed Edge: (1, 3)
Removed Edge: (1, 11)
Removed Edge: (1, 22)
Added Edge: (2, 8)
Removed Edge: (2, 11)
Added Edge: (2, 22)
Removed Edge: (2, 23)
Added Edge: (2, 25)
Added Edge: (2, 27)
Removed Edge: (3, 11)
Added Edge: (3, 20)
Removed Edge: (4, 7)
Removed Edge: (4, 11)
Removed Edge: (4, 13)
Removed Edge: (4, 23)
Removed Edge: (4, 26)
Added Edge: (5, 15)
Removed Edge: (5, 22)
Added Edge: (5, 24)
Added Edge: (5, 25)
Added Edge: (5, 28)
Added Edge: (6, 26)
Removed Edge: (7, 9)
Removed Edge: (7, 19)
Removed Edge: (7, 22)
Added Edge: (8, 13)
Added Edge: (8, 16)
Added Edge: (8, 21)
Removed Edge: (8, 25)
Added Edge: (8, 27)
Removed Edge: (9, 11)
Removed Edge: (9, 14)
Removed Edge: (9, 21)
Removed Edge: (9, 23)
Removed Edge: (9, 29)
Added Edge: (10, 16)
Added Edge: (10, 17)
Added Edge: (10, 24)
Removed Edge: (11, 12)
Removed Edge: (11, 26)
Removed Edge: (12, 24)
Removed Edge: (12, 26)
Added Edge: (12, 27)
Removed Edge: (13, 20)
Removed Edge: (13, 24)
Added Edge: (14, 24)
Removed Edge: (14, 27)
Added Edge: (15, 18)
Added Edge: (15, 21)
Removed Edge: (15, 22)
Added Edge: (15, 24)
Added Edge: (16, 19)
Added Edge: (16, 22)
Added Edge: (16, 27)
Added Edge: (18, 25)
Added Edge: (18, 26)
Added Edge: (19, 21)
Added Edge: (19, 26)
Removed Edge: (20, 24)
Removed Edge: (20, 29)
Removed Edge: (22, 29)
Removed Edge: (24, 28)
Added Edge: (25, 27)
Added Edge: (25, 28)
========================
