========================
TIME_LIMIT_SECONDS: 900
ODD_HOLE_TERMINATION_PERCENTAGE: 999
N_THREADS: 24
IS_RUNNING_HEURISTIC_ON_CANDIDATE: 0
IS_RUNNING_HEURISTIC_ON_RELAXATION: 1
ADD_ALL_AT_START: 1
========================
Wall-Clock Runtime (ms): 900637
Calculated Odd Hole Termination Batch Size: 0
Total Time of All Workers in OddHoleAlg (nano): 89995787
Total Time of All Workers in OddHoleAlg (ms): 89
OddHoleAlg calls: 116
Number of Found Odd-Holes: 15992
Number of Found Odd Anti-Holes: 463
Is Optimal? (1e-6): 0
Optimality Gap: 0.271984
Objective Value: 76
Number of Feasible Solutions Found: 11145
Number of Times Heuristic is Called: 11143
Total number of added OH and OHbar Cuts: 16455
Number of Explored B&C tree nodes: 57125
Number of Unexplored B&C tree nodes: 41714
========================
Input Graph:
Number of Vertices: 35
Erdos Renyi p Parameter: 0.5
Number of Edges: 295
Expected No of Odd Holes: 4979
Expected No of Odd Anti Holes: 1175
ODD_HOLE_TERMINATION_BATCH_SIZE: 0
Graph Density: 0.495798
0,0,0,0,1,1,0,1,0,0,0,0,1,1,0,0,0,0,0,1,1,1,1,0,1,0,1,0,1,0,1,0,0,0,0,
0,0,1,0,0,0,1,0,1,1,1,1,0,0,1,0,0,0,0,1,1,1,0,0,0,1,1,0,1,0,1,0,0,1,0,
0,1,0,0,0,0,1,1,0,0,1,0,0,1,1,0,1,0,1,1,1,0,0,1,1,0,1,1,1,0,1,1,1,0,1,
0,0,0,0,1,1,0,1,0,1,1,1,1,1,0,1,1,0,0,0,1,1,0,1,0,1,0,1,0,1,1,1,1,1,1,
1,0,0,1,0,1,0,0,0,0,0,0,1,0,1,0,0,1,1,0,0,1,1,1,0,1,0,1,0,0,1,0,0,0,1,
1,0,0,1,1,0,1,1,1,0,0,0,0,0,0,0,1,0,0,0,1,0,1,0,0,1,1,0,0,1,0,0,1,0,0,
0,1,1,0,0,1,0,0,1,0,1,0,0,1,0,1,0,1,0,0,0,0,1,0,0,0,1,0,1,0,0,1,1,0,1,
1,0,1,1,0,1,0,0,1,1,0,0,1,0,1,0,1,1,1,0,1,1,1,0,1,1,0,1,0,1,0,1,0,1,0,
0,1,0,0,0,1,1,1,0,0,1,1,0,0,0,0,0,0,0,1,0,1,0,1,0,0,0,0,1,1,1,0,0,1,1,
0,1,0,1,0,0,0,1,0,0,0,0,1,0,1,0,1,1,1,0,1,0,0,0,0,1,1,0,1,1,1,1,1,0,1,
0,1,1,1,0,0,1,0,1,0,0,0,1,1,1,0,0,1,1,0,0,0,1,1,0,0,1,0,1,1,0,1,1,1,1,
0,1,0,1,0,0,0,0,1,0,0,0,1,0,1,0,1,1,1,0,1,0,0,1,0,1,1,0,1,1,0,0,1,0,1,
1,0,0,1,1,0,0,1,0,1,1,1,0,0,0,1,0,0,1,1,1,1,0,1,1,0,0,1,0,1,0,1,0,1,0,
1,0,1,1,0,0,1,0,0,0,1,0,0,0,0,0,0,0,0,0,1,0,0,1,1,0,1,0,1,0,0,0,1,1,1,
0,1,1,0,1,0,0,1,0,1,1,1,0,0,0,0,1,1,0,1,1,0,0,1,1,0,1,1,1,1,0,0,0,0,0,
0,0,0,1,0,0,1,0,0,0,0,0,1,0,0,0,1,1,1,1,0,0,1,1,0,1,0,1,1,1,1,0,1,0,1,
0,0,1,1,0,1,0,1,0,1,0,1,0,0,1,1,0,0,0,0,0,0,1,0,0,0,1,0,1,1,0,1,1,0,1,
0,0,0,0,1,0,1,1,0,1,1,1,0,0,1,1,0,0,1,0,1,0,1,1,0,1,0,1,0,1,1,0,0,1,1,
0,0,1,0,1,0,0,1,0,1,1,1,1,0,0,1,0,1,0,0,0,1,1,1,1,0,0,0,1,1,0,0,1,0,1,
1,1,1,0,0,0,0,0,1,0,0,0,1,0,1,1,0,0,0,0,0,0,1,0,0,0,1,0,1,1,0,1,1,0,0,
1,1,1,1,0,1,0,1,0,1,0,1,1,1,1,0,0,1,0,0,0,1,0,1,0,1,1,0,1,0,1,1,1,0,1,
1,1,0,1,1,0,0,1,1,0,0,0,1,0,0,0,0,0,1,0,1,0,0,0,1,0,0,0,0,1,0,1,1,1,0,
1,0,0,0,1,1,1,1,0,0,1,0,0,0,0,1,1,1,1,1,0,0,0,0,0,1,1,0,0,0,0,0,1,0,0,
0,0,1,1,1,0,0,0,1,0,1,1,1,1,1,1,0,1,1,0,1,0,0,0,1,1,1,0,0,0,0,1,0,1,0,
1,0,1,0,0,0,0,1,0,0,0,0,1,1,1,0,0,0,1,0,0,1,0,1,0,1,1,0,0,0,1,1,1,0,1,
0,1,0,1,1,1,0,1,0,1,0,1,0,0,0,1,0,1,0,0,1,0,1,1,1,0,1,1,0,0,0,1,1,0,1,
1,1,1,0,0,1,1,0,0,1,1,1,0,1,1,0,1,0,0,1,1,0,1,1,1,1,0,1,1,1,1,1,1,1,0,
0,0,1,1,1,0,0,1,0,0,0,0,1,0,1,1,0,1,0,0,0,0,0,0,0,1,1,0,1,1,0,1,1,0,0,
1,1,1,0,0,0,1,0,1,1,1,1,0,1,1,1,1,0,1,1,1,0,0,0,0,0,1,1,0,0,1,0,0,1,1,
0,0,0,1,0,1,0,1,1,1,1,1,1,0,1,1,1,1,1,1,0,1,0,0,0,0,1,1,0,0,0,1,1,0,1,
1,1,1,1,1,0,0,0,1,1,0,0,0,0,0,1,0,1,0,0,1,0,0,0,1,0,1,0,1,0,0,0,1,1,1,
0,0,1,1,0,0,1,1,0,1,1,0,1,0,0,0,1,0,0,1,1,1,0,1,1,1,1,1,0,1,0,0,0,1,1,
0,0,1,1,0,1,1,0,0,1,1,1,0,1,0,1,1,0,1,1,1,1,1,0,1,1,1,1,0,1,1,0,0,0,0,
0,1,0,1,0,0,0,1,1,0,1,0,1,1,0,0,0,1,0,0,0,1,0,1,0,0,1,0,1,0,1,1,0,0,0,
0,0,1,1,1,0,1,0,1,1,1,1,0,1,0,1,1,1,1,0,1,0,0,0,1,1,0,0,1,1,1,1,0,0,0,
========================
Output Graph: 
Number of Vertices: 35
Number of Edges: 293
Graph Density: 0.492437
0,0,0,0,0,0,0,1,0,0,0,0,1,0,0,0,0,0,0,0,1,1,0,0,1,0,1,0,0,0,1,0,0,0,0,
0,0,1,0,0,0,0,0,0,0,1,1,0,0,1,0,0,0,0,1,1,0,0,0,0,0,1,0,1,0,0,0,0,0,0,
0,1,0,1,0,0,1,1,0,1,1,1,0,1,1,0,1,0,1,1,1,0,0,1,1,0,1,1,1,1,1,1,1,1,1,
0,0,1,0,1,1,1,1,0,1,1,1,1,1,0,1,1,0,1,1,1,1,0,1,0,1,1,1,0,1,1,1,1,1,1,
0,0,0,1,0,0,0,0,0,0,0,0,0,0,0,0,0,1,1,0,0,0,1,1,0,1,0,1,0,0,0,0,0,0,1,
0,0,0,1,0,0,0,1,0,0,0,0,0,0,0,0,1,0,0,0,1,0,0,0,0,0,1,0,0,1,0,0,1,0,0,
0,0,1,1,0,0,0,0,1,0,1,0,0,1,0,0,0,1,0,0,0,0,0,0,0,0,1,0,1,0,0,1,1,0,1,
1,0,1,1,0,1,0,0,1,1,0,0,1,0,1,0,1,1,1,0,1,1,1,1,1,1,1,1,1,1,0,1,1,1,1,
0,0,0,0,0,0,1,1,0,0,1,1,0,1,0,0,0,0,0,0,0,0,0,1,0,0,0,0,1,1,1,0,0,1,1,
0,0,1,1,0,0,0,1,0,0,0,0,1,0,1,0,1,1,1,0,1,0,0,0,0,1,1,0,1,1,0,1,1,0,1,
0,1,1,1,0,0,1,0,1,0,0,0,1,1,1,0,0,1,1,0,1,0,0,1,0,0,1,0,1,1,0,1,1,1,1,
0,1,1,1,0,0,0,0,1,0,0,0,1,0,1,0,1,1,1,0,1,0,0,1,0,1,1,0,1,1,0,1,1,0,1,
1,0,0,1,0,0,0,1,0,1,1,1,0,0,0,0,0,0,1,1,1,1,0,1,1,0,0,1,0,1,1,1,0,1,1,
0,0,1,1,0,0,1,0,1,0,1,0,0,0,0,0,0,0,0,0,1,0,0,1,0,0,1,0,1,0,0,0,1,1,1,
0,1,1,0,0,0,0,1,0,1,1,1,0,0,0,0,1,0,0,1,1,0,0,1,0,0,1,1,1,1,0,0,0,0,1,
0,0,0,1,0,0,0,0,0,0,0,0,0,0,0,0,0,1,1,0,0,0,1,1,0,1,0,1,1,1,0,0,1,0,1,
0,0,1,1,0,1,0,1,0,1,0,1,0,0,1,0,0,0,0,0,0,0,0,0,0,0,1,0,1,1,0,1,1,0,1,
0,0,0,0,1,0,1,1,0,1,1,1,0,0,0,1,0,0,1,0,1,0,1,1,0,1,0,1,0,1,1,0,0,1,1,
0,0,1,1,1,0,0,1,0,1,1,1,1,0,0,1,0,1,0,0,1,1,1,1,1,0,1,1,1,1,1,1,1,0,1,
0,1,1,1,0,0,0,0,0,0,0,0,1,0,1,0,0,0,0,0,0,0,0,0,0,0,1,0,1,1,0,1,1,0,0,
1,1,1,1,0,1,0,1,0,1,1,1,1,1,1,0,0,1,1,0,0,1,0,1,0,1,1,0,1,1,1,1,1,0,1,
1,0,0,1,0,0,0,1,0,0,0,0,1,0,0,0,0,0,1,0,1,0,0,0,1,0,0,0,0,1,0,1,1,0,0,
0,0,0,0,1,0,0,1,0,0,0,0,0,0,0,1,0,1,1,0,0,0,0,0,0,1,1,0,0,0,0,0,1,0,0,
0,0,1,1,1,0,0,1,1,0,1,1,1,1,1,1,0,1,1,0,1,0,0,0,1,1,1,0,1,1,0,1,1,1,0,
1,0,1,0,0,0,0,1,0,0,0,0,1,0,0,0,0,0,1,0,0,1,0,1,0,0,1,0,0,0,1,1,1,0,1,
0,0,0,1,1,0,0,1,0,1,0,1,0,0,0,1,0,1,0,0,1,0,1,1,0,0,1,1,1,0,0,1,1,0,1,
1,1,1,1,0,1,1,1,0,1,1,1,0,1,1,0,1,0,1,1,1,0,1,1,1,1,0,1,1,1,1,1,1,1,1,
0,0,1,1,1,0,0,1,0,0,0,0,1,0,1,1,0,1,1,0,0,0,0,0,0,1,1,0,1,1,0,1,1,0,0,
0,1,1,0,0,0,1,1,1,1,1,1,0,1,1,1,1,0,1,1,1,0,0,1,0,1,1,1,0,1,1,0,0,1,1,
0,0,1,1,0,1,0,1,1,1,1,1,1,0,1,1,1,1,1,1,1,1,0,1,0,0,1,1,1,0,1,1,1,0,1,
1,0,1,1,0,0,0,0,1,0,0,0,1,0,0,0,0,1,1,0,1,0,0,0,1,0,1,0,1,1,0,1,1,1,1,
0,0,1,1,0,0,1,1,0,1,1,1,1,0,0,0,1,0,1,1,1,1,0,1,1,1,1,1,0,1,1,0,0,1,1,
0,0,1,1,0,1,1,1,0,1,1,1,0,1,0,1,1,0,1,1,1,1,1,1,1,1,1,1,0,1,1,0,0,1,1,
0,0,1,1,0,0,0,1,1,0,1,0,1,1,0,0,0,1,0,0,0,0,0,1,0,0,1,0,1,0,1,1,1,0,1,
0,0,1,1,1,0,1,1,1,1,1,1,1,1,1,1,1,1,1,0,1,0,0,0,1,1,1,0,1,1,1,1,1,1,0,
Is Output Graph Empty or Complete?: 0
Ratio of Added Edges Over Added + Removed Edges: 0.486842
Changes from Input to Output: 
Removed Edge: (0, 4)
Removed Edge: (0, 5)
Removed Edge: (0, 13)
Removed Edge: (0, 19)
Removed Edge: (0, 22)
Removed Edge: (0, 28)
Removed Edge: (1, 6)
Removed Edge: (1, 8)
Removed Edge: (1, 9)
Removed Edge: (1, 21)
Removed Edge: (1, 25)
Removed Edge: (1, 30)
Removed Edge: (1, 33)
Added Edge: (2, 3)
Added Edge: (2, 9)
Added Edge: (2, 11)
Added Edge: (2, 29)
Added Edge: (2, 33)
Added Edge: (3, 6)
Added Edge: (3, 18)
Added Edge: (3, 19)
Added Edge: (3, 26)
Removed Edge: (4, 5)
Removed Edge: (4, 12)
Removed Edge: (4, 14)
Removed Edge: (4, 21)
Removed Edge: (4, 30)
Removed Edge: (5, 6)
Removed Edge: (5, 8)
Removed Edge: (5, 22)
Removed Edge: (5, 25)
Removed Edge: (6, 15)
Removed Edge: (6, 22)
Added Edge: (7, 23)
Added Edge: (7, 26)
Added Edge: (7, 28)
Added Edge: (7, 32)
Added Edge: (7, 34)
Added Edge: (8, 13)
Removed Edge: (8, 19)
Removed Edge: (8, 21)
Removed Edge: (9, 30)
Added Edge: (10, 20)
Removed Edge: (10, 22)
Added Edge: (11, 31)
Removed Edge: (12, 15)
Added Edge: (12, 30)
Added Edge: (12, 34)
Removed Edge: (13, 24)
Removed Edge: (14, 17)
Removed Edge: (14, 24)
Added Edge: (14, 34)
Removed Edge: (15, 16)
Removed Edge: (15, 19)
Removed Edge: (15, 30)
Removed Edge: (16, 22)
Added Edge: (18, 20)
Added Edge: (18, 26)
Added Edge: (18, 27)
Added Edge: (18, 30)
Added Edge: (18, 31)
Removed Edge: (19, 22)
Added Edge: (20, 29)
Removed Edge: (21, 33)
Added Edge: (23, 28)
Added Edge: (23, 29)
Added Edge: (23, 32)
Removed Edge: (24, 25)
Added Edge: (25, 28)
Added Edge: (26, 34)
Added Edge: (28, 29)
Added Edge: (29, 30)
Added Edge: (30, 31)
Added Edge: (32, 33)
Added Edge: (32, 34)
Added Edge: (33, 34)
========================
