========================
TIME_LIMIT_SECONDS: 900
ODD_HOLE_TERMINATION_PERCENTAGE: 999
N_THREADS: 24
IS_RUNNING_HEURISTIC_ON_CANDIDATE: 0
IS_RUNNING_HEURISTIC_ON_RELAXATION: 0
ADD_ALL_AT_START: 1
========================
Wall-Clock Runtime (ms): 900128
Calculated Odd Hole Termination Batch Size: 0
Total Time of All Workers in OddHoleAlg (nano): 240372230
Total Time of All Workers in OddHoleAlg (ms): 240
OddHoleAlg calls: 180
Number of Found Odd-Holes: 11251
Number of Found Odd Anti-Holes: 36170
Is Optimal? (1e-6): 0
Optimality Gap: 0.419053
Objective Value: 120
Number of Feasible Solutions Found: 8
Number of Times Heuristic is Called: 0
Total number of added OH and OHbar Cuts: 47421
Number of Explored B&C tree nodes: 4584
Number of Unexplored B&C tree nodes: 4076
========================
Input Graph:
Number of Vertices: 40
Erdos Renyi p Parameter: 0.5
Number of Edges: 399
Expected No of Odd Holes: 10991
Expected No of Odd Anti Holes: 3280
ODD_HOLE_TERMINATION_BATCH_SIZE: 0
Graph Density: 0.511538
0,1,0,0,0,1,0,0,1,0,1,0,1,1,1,0,0,1,0,1,1,0,0,1,1,1,0,0,1,0,0,1,1,0,0,0,1,0,1,0,
1,0,0,0,0,1,0,1,1,1,0,0,1,0,0,1,0,1,0,0,1,1,0,1,0,0,0,0,1,1,0,0,0,0,0,0,1,1,0,1,
0,0,0,0,1,0,0,0,0,1,1,1,0,0,0,1,0,0,0,0,0,1,1,0,1,1,1,0,0,0,0,1,1,1,0,0,1,0,0,1,
0,0,0,0,0,1,1,1,1,1,0,0,0,0,1,1,0,0,1,0,1,1,1,0,0,0,1,0,0,1,0,1,1,0,1,0,0,0,0,1,
0,0,1,0,0,0,1,1,1,1,1,1,0,1,0,1,0,0,1,1,1,0,0,1,1,1,0,1,0,1,0,1,0,1,1,0,1,0,0,1,
1,1,0,1,0,0,1,1,0,1,1,1,1,0,1,0,0,0,1,0,1,1,1,0,0,0,0,0,1,1,1,0,1,1,1,0,0,0,0,0,
0,0,0,1,1,1,0,1,1,0,0,1,0,1,0,0,0,0,1,1,0,0,1,1,1,0,0,1,1,0,1,0,1,1,1,1,0,0,0,1,
0,1,0,1,1,1,1,0,1,0,1,1,1,0,0,1,0,0,1,1,1,1,1,0,0,1,1,1,1,0,0,1,1,1,0,1,1,1,1,1,
1,1,0,1,1,0,1,1,0,0,0,0,0,1,1,0,0,0,0,1,0,0,1,1,0,0,1,1,1,1,1,1,0,0,1,0,1,0,0,1,
0,1,1,1,1,1,0,0,0,0,1,1,1,0,1,0,0,1,0,0,1,1,0,1,0,0,1,1,0,1,0,0,0,0,1,1,1,0,1,1,
1,0,1,0,1,1,0,1,0,1,0,1,0,0,1,1,1,1,1,0,0,0,1,1,1,1,1,0,1,1,0,1,1,0,1,1,1,0,0,1,
0,0,1,0,1,1,1,1,0,1,1,0,1,1,0,1,1,0,0,1,1,0,0,0,1,1,0,1,0,1,0,1,0,1,0,0,0,1,1,1,
1,1,0,0,0,1,0,1,0,1,0,1,0,0,1,0,1,0,0,0,1,0,1,0,1,0,1,1,1,0,1,0,1,1,0,0,0,1,0,0,
1,0,0,0,1,0,1,0,1,0,0,1,0,0,0,0,1,1,1,1,0,1,1,1,1,1,0,0,0,1,1,1,1,1,1,0,0,0,0,1,
1,0,0,1,0,1,0,0,1,1,1,0,1,0,0,0,1,0,0,0,0,0,0,0,1,1,1,0,1,0,0,1,0,0,0,0,0,0,1,0,
0,1,1,1,1,0,0,1,0,0,1,1,0,0,0,0,0,1,0,0,0,1,0,0,1,0,0,1,0,0,0,0,0,1,0,1,0,1,1,0,
0,0,0,0,0,0,0,0,0,0,1,1,1,1,1,0,0,1,0,1,0,0,1,0,1,1,1,1,1,1,1,0,1,0,0,0,1,0,0,1,
1,1,0,0,0,0,0,0,0,1,1,0,0,1,0,1,1,0,0,1,1,1,1,1,0,0,0,0,0,0,0,1,1,0,0,1,1,1,1,0,
0,0,0,1,1,1,1,1,0,0,1,0,0,1,0,0,0,0,0,1,1,0,0,1,0,0,1,1,1,1,1,0,1,0,1,1,1,1,1,0,
1,0,0,0,1,0,1,1,1,0,0,1,0,1,0,0,1,1,1,0,0,0,0,0,1,1,0,1,1,0,0,1,0,1,1,0,1,0,0,0,
1,1,0,1,1,1,0,1,0,1,0,1,1,0,0,0,0,1,1,0,0,0,0,0,1,1,1,0,1,1,1,0,0,0,1,0,0,0,1,1,
0,1,1,1,0,1,0,1,0,1,0,0,0,1,0,1,0,1,0,0,0,0,0,0,1,0,1,0,0,0,0,0,1,1,0,1,0,1,1,1,
0,0,1,1,0,1,1,1,1,0,1,0,1,1,0,0,1,1,0,0,0,0,0,1,0,0,1,1,0,0,1,1,1,1,1,0,1,1,0,1,
1,1,0,0,1,0,1,0,1,1,1,0,0,1,0,0,0,1,1,0,0,0,1,0,1,0,0,0,1,1,0,1,1,0,1,1,1,0,0,0,
1,0,1,0,1,0,1,0,0,0,1,1,1,1,1,1,1,0,0,1,1,1,0,1,0,0,0,1,0,1,1,0,0,1,1,1,0,1,0,1,
1,0,1,0,1,0,0,1,0,0,1,1,0,1,1,0,1,0,0,1,1,0,0,0,0,0,0,1,1,0,0,1,0,0,0,0,0,0,1,1,
0,0,1,1,0,0,0,1,1,1,1,0,1,0,1,0,1,0,1,0,1,1,1,0,0,0,0,1,1,0,1,1,1,1,1,1,1,1,0,0,
0,0,0,0,1,0,1,1,1,1,0,1,1,0,0,1,1,0,1,1,0,0,1,0,1,1,1,0,1,1,0,1,1,0,1,0,0,1,0,1,
1,1,0,0,0,1,1,1,1,0,1,0,1,0,1,0,1,0,1,1,1,0,0,1,0,1,1,1,0,0,1,1,1,1,1,1,0,0,0,1,
0,1,0,1,1,1,0,0,1,1,1,1,0,1,0,0,1,0,1,0,1,0,0,1,1,0,0,1,0,0,1,0,1,1,1,1,1,1,0,1,
0,0,0,0,0,1,1,0,1,0,0,0,1,1,0,0,1,0,1,0,1,0,1,0,1,0,1,0,1,1,0,1,0,1,0,1,0,0,0,1,
1,0,1,1,1,0,0,1,1,0,1,1,0,1,1,0,0,1,0,1,0,0,1,1,0,1,1,1,1,0,1,0,1,0,0,1,0,1,1,1,
1,0,1,1,0,1,1,1,0,0,1,0,1,1,0,0,1,1,1,0,0,1,1,1,0,0,1,1,1,1,0,1,0,0,1,0,0,1,0,0,
0,0,1,0,1,1,1,1,0,0,0,1,1,1,0,1,0,0,0,1,0,1,1,0,1,0,1,0,1,1,1,0,0,0,1,0,1,1,1,1,
0,0,0,1,1,1,1,0,1,1,1,0,0,1,0,0,0,0,1,1,1,0,1,1,1,0,1,1,1,1,0,0,1,1,0,0,1,1,0,0,
0,0,0,0,0,0,1,1,0,1,1,0,0,0,0,1,0,1,1,0,0,1,0,1,1,0,1,0,1,1,1,1,0,0,0,0,0,1,0,1,
1,1,1,0,1,0,0,1,1,1,1,0,0,0,0,0,1,1,1,1,0,0,1,1,0,0,1,0,0,1,0,0,0,1,1,0,0,1,1,0,
0,1,0,0,0,0,0,1,0,0,0,1,1,0,0,1,0,1,1,0,0,1,1,0,1,0,1,1,0,1,0,1,1,1,1,1,1,0,0,0,
1,0,0,0,0,0,0,1,0,1,0,1,0,0,1,1,0,1,1,0,1,1,0,0,0,1,0,0,0,0,0,1,0,1,0,0,1,0,0,1,
0,1,1,1,1,0,1,1,1,1,1,1,0,1,0,0,1,0,0,0,1,1,1,0,1,1,0,1,1,1,1,1,0,1,0,1,0,0,1,0,
========================
Output Graph: 
Number of Vertices: 40
Number of Edges: 415
Graph Density: 0.532051
0,1,0,0,0,1,0,0,0,0,1,0,0,1,0,0,0,1,0,0,1,0,0,0,1,0,0,0,1,0,0,1,1,0,0,0,1,0,0,0,
1,0,0,0,0,1,0,1,0,1,0,0,0,0,0,0,0,1,0,0,1,0,0,0,0,0,0,0,1,1,0,0,0,0,0,0,1,0,0,1,
0,0,0,0,1,0,0,0,0,1,1,1,0,0,0,0,0,0,0,0,0,0,1,0,1,0,1,0,0,0,0,1,1,1,0,0,0,0,0,1,
0,0,0,0,0,1,1,1,1,1,0,0,0,0,0,0,0,0,0,0,1,0,1,0,0,0,1,0,0,1,0,1,1,0,1,0,0,0,0,1,
0,0,1,0,0,1,1,1,1,1,1,1,0,1,0,1,0,0,1,1,1,0,1,1,1,1,1,1,1,1,0,1,1,1,1,0,1,0,0,1,
1,1,0,1,1,0,1,1,0,1,1,1,1,1,1,0,0,0,1,0,1,1,1,0,1,0,0,1,1,1,1,1,1,1,1,0,1,0,0,1,
0,0,0,1,1,1,0,1,1,1,1,1,0,1,0,0,0,0,1,1,1,0,1,1,1,0,1,1,1,0,1,0,1,1,1,1,0,0,0,1,
0,1,0,1,1,1,1,0,1,1,1,1,1,1,0,1,0,0,1,1,1,1,1,0,1,1,1,1,1,1,0,1,1,1,0,1,1,1,1,1,
0,0,0,1,1,0,1,1,0,0,0,0,0,1,0,0,0,0,0,0,0,0,1,0,0,0,1,1,1,1,0,1,0,0,1,0,0,0,0,1,
0,1,1,1,1,1,1,1,0,0,1,1,1,1,1,0,0,1,0,0,1,1,1,1,1,0,1,1,1,1,0,1,1,1,1,1,1,0,1,1,
1,0,1,0,1,1,1,1,0,1,0,1,0,1,1,1,1,1,1,0,1,0,1,1,1,1,1,1,1,1,0,1,1,1,1,1,1,0,0,1,
0,0,1,0,1,1,1,1,0,1,1,0,1,1,0,1,1,0,1,1,1,0,1,0,1,1,1,1,1,1,0,1,1,1,1,0,0,1,1,1,
0,0,0,0,0,1,0,1,0,1,0,1,0,0,1,0,1,0,0,0,1,0,1,0,1,0,1,1,1,0,0,0,1,1,0,0,0,0,0,0,
1,0,0,0,1,1,1,1,1,1,1,1,0,0,0,0,1,1,1,1,1,1,1,1,1,1,1,1,1,1,1,1,1,1,1,0,0,0,0,1,
0,0,0,0,0,1,0,0,0,1,1,0,1,0,0,0,1,0,0,0,0,0,0,0,1,0,1,0,1,0,0,1,0,0,0,0,0,0,0,0,
0,0,0,0,1,0,0,1,0,0,1,1,0,0,0,0,0,0,0,0,0,1,0,0,1,0,0,1,0,0,0,0,0,1,0,1,0,1,1,0,
0,0,0,0,0,0,0,0,0,0,1,1,1,1,1,0,0,0,0,0,0,0,1,0,1,0,1,1,1,1,0,0,1,0,0,0,0,0,0,1,
1,1,0,0,0,0,0,0,0,1,1,0,0,1,0,0,0,0,0,0,1,0,1,0,0,0,0,0,0,0,0,1,1,0,0,0,1,0,0,0,
0,0,0,0,1,1,1,1,0,0,1,1,0,1,0,0,0,0,0,1,1,0,0,1,0,0,1,1,1,1,1,0,1,1,1,0,0,0,0,0,
0,0,0,0,1,0,1,1,0,0,0,1,0,1,0,0,0,0,1,0,0,0,0,0,1,1,0,1,1,0,0,1,0,1,1,0,0,0,0,1,
1,1,0,1,1,1,1,1,0,1,1,1,1,1,0,0,0,1,1,0,0,0,1,1,1,1,1,1,1,1,1,1,1,1,1,0,0,0,1,1,
0,0,0,0,0,1,0,1,0,1,0,0,0,1,0,1,0,0,0,0,0,0,0,0,1,0,1,0,0,0,0,0,1,1,0,1,0,1,1,1,
0,0,1,1,1,1,1,1,1,1,1,1,1,1,0,0,1,1,0,0,1,0,0,1,1,0,1,1,1,1,1,1,1,1,1,0,1,1,0,1,
0,0,0,0,1,0,1,0,0,1,1,0,0,1,0,0,0,0,1,0,1,0,1,0,1,0,0,0,1,1,0,1,1,0,1,0,1,0,0,1,
1,0,1,0,1,1,1,1,0,1,1,1,1,1,1,1,1,0,0,1,1,1,1,1,0,0,1,1,1,1,1,1,1,1,1,1,0,1,0,1,
0,0,0,0,1,0,0,1,0,0,1,1,0,1,0,0,0,0,0,1,1,0,0,0,0,0,0,1,1,0,0,1,0,0,0,0,0,0,0,1,
0,0,1,1,1,0,1,1,1,1,1,1,1,1,1,0,1,0,1,0,1,1,1,0,1,0,0,1,1,1,1,1,1,1,1,1,1,1,0,1,
0,0,0,0,1,1,1,1,1,1,1,1,1,1,0,1,1,0,1,1,1,0,1,0,1,1,1,0,1,1,0,1,1,1,1,0,0,1,0,1,
1,1,0,0,1,1,1,1,1,1,1,1,1,1,1,0,1,0,1,1,1,0,1,1,1,1,1,1,0,1,1,1,1,1,1,1,0,0,0,1,
0,1,0,1,1,1,0,1,1,1,1,1,0,1,0,0,1,0,1,0,1,0,1,1,1,0,1,1,1,0,1,1,1,1,1,1,1,1,0,1,
0,0,0,0,0,1,1,0,0,0,0,0,0,1,0,0,0,0,1,0,1,0,1,0,1,0,1,0,1,1,0,1,0,1,0,0,0,0,0,1,
1,0,1,1,1,1,0,1,1,1,1,1,0,1,1,0,0,1,0,1,1,0,1,1,1,1,1,1,1,1,1,0,1,1,1,1,0,1,1,1,
1,0,1,1,1,1,1,1,0,1,1,1,1,1,0,0,1,1,1,0,1,1,1,1,1,0,1,1,1,1,0,1,0,1,1,0,0,1,0,1,
0,0,1,0,1,1,1,1,0,1,1,1,1,1,0,1,0,0,1,1,1,1,1,0,1,0,1,1,1,1,1,1,1,0,1,0,1,1,1,1,
0,0,0,1,1,1,1,0,1,1,1,1,0,1,0,0,0,0,1,1,1,0,1,1,1,0,1,1,1,1,0,1,1,1,0,0,1,1,0,1,
0,0,0,0,0,0,1,1,0,1,1,0,0,0,0,1,0,0,0,0,0,1,0,0,1,0,1,0,1,1,0,1,0,0,0,0,0,1,1,1,
1,1,0,0,1,1,0,1,0,1,1,0,0,0,0,0,0,1,0,0,0,0,1,1,0,0,1,0,0,1,0,0,0,1,1,0,0,0,0,0,
0,0,0,0,0,0,0,1,0,0,0,1,0,0,0,1,0,0,0,0,0,1,1,0,1,0,1,1,0,1,0,1,1,1,1,1,0,0,1,0,
0,0,0,0,0,0,0,1,0,1,0,1,0,0,0,1,0,0,0,0,1,1,0,0,0,0,0,0,0,0,0,1,0,1,0,1,0,1,0,1,
0,1,1,1,1,1,1,1,1,1,1,1,0,1,0,0,1,0,0,1,1,1,1,1,1,1,1,1,1,1,1,1,1,1,1,1,0,0,1,0,
Is Output Graph Empty or Complete?: 0
Ratio of Added Edges Over Added + Removed Edges: 0.566667
Changes from Input to Output: 
Removed Edge: (0, 8)
Removed Edge: (0, 12)
Removed Edge: (0, 14)
Removed Edge: (0, 19)
Removed Edge: (0, 23)
Removed Edge: (0, 25)
Removed Edge: (0, 38)
Removed Edge: (1, 8)
Removed Edge: (1, 12)
Removed Edge: (1, 15)
Removed Edge: (1, 21)
Removed Edge: (1, 23)
Removed Edge: (1, 37)
Removed Edge: (2, 15)
Removed Edge: (2, 21)
Removed Edge: (2, 25)
Removed Edge: (2, 36)
Removed Edge: (3, 14)
Removed Edge: (3, 15)
Removed Edge: (3, 18)
Removed Edge: (3, 21)
Added Edge: (4, 5)
Added Edge: (4, 22)
Added Edge: (4, 26)
Added Edge: (4, 28)
Added Edge: (4, 32)
Added Edge: (5, 13)
Added Edge: (5, 24)
Added Edge: (5, 27)
Added Edge: (5, 31)
Added Edge: (5, 36)
Added Edge: (5, 39)
Added Edge: (6, 9)
Added Edge: (6, 10)
Added Edge: (6, 20)
Added Edge: (6, 26)
Added Edge: (7, 9)
Added Edge: (7, 13)
Added Edge: (7, 24)
Added Edge: (7, 29)
Removed Edge: (8, 14)
Removed Edge: (8, 19)
Removed Edge: (8, 23)
Removed Edge: (8, 30)
Removed Edge: (8, 36)
Added Edge: (9, 13)
Added Edge: (9, 22)
Added Edge: (9, 24)
Added Edge: (9, 28)
Added Edge: (9, 31)
Added Edge: (9, 32)
Added Edge: (9, 33)
Added Edge: (10, 13)
Added Edge: (10, 20)
Added Edge: (10, 27)
Added Edge: (10, 33)
Added Edge: (11, 18)
Added Edge: (11, 22)
Added Edge: (11, 26)
Added Edge: (11, 28)
Added Edge: (11, 32)
Added Edge: (11, 34)
Removed Edge: (12, 30)
Removed Edge: (12, 37)
Added Edge: (13, 20)
Added Edge: (13, 26)
Added Edge: (13, 27)
Added Edge: (13, 28)
Removed Edge: (14, 25)
Removed Edge: (14, 38)
Removed Edge: (15, 17)
Removed Edge: (16, 17)
Removed Edge: (16, 19)
Removed Edge: (16, 25)
Removed Edge: (16, 30)
Removed Edge: (16, 36)
Removed Edge: (17, 19)
Removed Edge: (17, 21)
Removed Edge: (17, 23)
Removed Edge: (17, 35)
Removed Edge: (17, 37)
Removed Edge: (17, 38)
Added Edge: (18, 33)
Removed Edge: (18, 35)
Removed Edge: (18, 36)
Removed Edge: (18, 37)
Removed Edge: (18, 38)
Removed Edge: (19, 36)
Added Edge: (19, 39)
Added Edge: (20, 22)
Added Edge: (20, 23)
Added Edge: (20, 27)
Added Edge: (20, 31)
Added Edge: (20, 32)
Added Edge: (20, 33)
Added Edge: (22, 24)
Added Edge: (22, 28)
Added Edge: (22, 29)
Removed Edge: (23, 35)
Added Edge: (23, 39)
Added Edge: (24, 26)
Added Edge: (24, 28)
Added Edge: (24, 31)
Added Edge: (24, 32)
Removed Edge: (25, 38)
Added Edge: (26, 29)
Added Edge: (26, 39)
Added Edge: (27, 33)
Added Edge: (28, 29)
Added Edge: (29, 31)
Removed Edge: (30, 35)
Added Edge: (31, 33)
Added Edge: (31, 34)
Added Edge: (32, 33)
Added Edge: (32, 39)
Added Edge: (34, 39)
Added Edge: (35, 38)
Removed Edge: (36, 37)
Removed Edge: (36, 38)
Added Edge: (37, 38)
========================
