========================
TIME_LIMIT_SECONDS: 900
ODD_HOLE_TERMINATION_PERCENTAGE: 999
N_THREADS: 24
IS_RUNNING_HEURISTIC_ON_CANDIDATE: 0
IS_RUNNING_HEURISTIC_ON_RELAXATION: 0
ADD_ALL_AT_START: 0
========================
Wall-Clock Runtime (ms): 900605
Calculated Odd Hole Termination Batch Size: 0
Total Time of All Workers in OddHoleAlg (nano): 549007373
Total Time of All Workers in OddHoleAlg (ms): 549
OddHoleAlg calls: 176
Number of Found Odd-Holes: 16930
Number of Found Odd Anti-Holes: 165889
Is Optimal? (1e-6): 0
Optimality Gap: 0.512672
Objective Value: 71
Number of Feasible Solutions Found: 5
Number of Times Heuristic is Called: 0
Total number of added OH and OHbar Cuts: 182819
Number of Explored B&C tree nodes: 25462
Number of Unexplored B&C tree nodes: 14326
========================
Input Graph:
Number of Vertices: 35
Erdos Renyi p Parameter: 0.75
Number of Edges: 432
Expected No of Odd Holes: 903
Expected No of Odd Anti Holes: 5546
ODD_HOLE_TERMINATION_BATCH_SIZE: 0
Graph Density: 0.72605
0,1,1,0,0,1,1,1,1,1,1,1,1,1,0,0,1,0,1,1,1,1,1,1,1,0,0,1,1,1,0,1,0,1,1,
1,0,0,1,1,1,1,1,1,1,1,0,1,1,1,1,1,1,0,0,1,1,1,1,1,1,1,1,1,1,1,1,1,1,1,
1,0,0,1,1,1,0,1,1,1,1,1,0,1,0,1,1,1,1,1,1,1,1,0,1,0,1,1,1,1,0,1,0,1,0,
0,1,1,0,1,1,1,1,0,1,0,0,1,1,1,1,0,1,0,0,0,1,1,1,1,1,1,0,1,1,1,0,1,1,0,
0,1,1,1,0,1,1,1,0,1,1,1,1,1,1,1,1,1,0,0,0,1,1,0,1,1,1,1,0,0,0,1,0,1,1,
1,1,1,1,1,0,1,1,1,0,1,1,0,1,1,1,1,1,1,1,1,1,1,0,0,1,1,1,0,1,0,0,0,1,0,
1,1,0,1,1,1,0,1,1,1,1,1,1,1,1,1,1,1,0,0,1,1,0,0,0,1,0,0,1,1,1,1,1,0,1,
1,1,1,1,1,1,1,0,1,0,1,1,1,1,1,1,1,0,1,0,0,1,0,0,1,1,1,1,0,1,1,1,1,0,0,
1,1,1,0,0,1,1,1,0,1,0,1,1,1,1,0,1,0,1,0,1,1,1,0,1,1,1,0,0,1,0,0,0,0,1,
1,1,1,1,1,0,1,0,1,0,1,1,1,0,1,1,0,1,1,1,1,0,0,1,0,0,0,1,0,1,0,1,1,0,1,
1,1,1,0,1,1,1,1,0,1,0,1,0,1,1,0,1,1,1,1,1,1,0,0,0,1,1,1,1,1,1,0,1,1,1,
1,0,1,0,1,1,1,1,1,1,1,0,0,0,1,0,1,1,1,1,1,0,1,1,1,1,1,0,0,1,0,1,1,0,1,
1,1,0,1,1,0,1,1,1,1,0,0,0,1,1,1,0,1,1,0,1,0,1,1,1,1,0,0,1,1,1,0,1,1,1,
1,1,1,1,1,1,1,1,1,0,1,0,1,0,0,1,1,1,1,1,1,1,1,1,1,1,1,1,1,1,0,1,1,1,1,
0,1,0,1,1,1,1,1,1,1,1,1,1,0,0,1,1,0,1,1,1,1,0,1,0,1,1,1,1,1,1,1,1,1,0,
0,1,1,1,1,1,1,1,0,1,0,0,1,1,1,0,1,1,0,1,0,1,1,1,1,1,1,1,1,1,0,1,1,1,1,
1,1,1,0,1,1,1,1,1,0,1,1,0,1,1,1,0,0,0,1,1,1,1,1,0,1,1,1,1,0,1,0,0,1,0,
0,1,1,1,1,1,1,0,0,1,1,1,1,1,0,1,0,0,1,1,0,0,1,0,1,0,1,1,0,1,1,1,1,1,0,
1,0,1,0,0,1,0,1,1,1,1,1,1,1,1,0,0,1,0,1,1,1,0,1,1,1,1,0,1,0,0,1,1,1,0,
1,0,1,0,0,1,0,0,0,1,1,1,0,1,1,1,1,1,1,0,1,0,1,1,1,0,1,0,0,1,1,1,1,1,1,
1,1,1,0,0,1,1,0,1,1,1,1,1,1,1,0,1,0,1,1,0,1,0,1,0,1,0,1,1,0,1,1,1,1,1,
1,1,1,1,1,1,1,1,1,0,1,0,0,1,1,1,1,0,1,0,1,0,1,1,1,1,0,1,0,0,1,0,1,0,1,
1,1,1,1,1,1,0,0,1,0,0,1,1,1,0,1,1,1,0,1,0,1,0,1,0,1,0,1,1,1,1,1,0,1,1,
1,1,0,1,0,0,0,0,0,1,0,1,1,1,1,1,1,0,1,1,1,1,1,0,1,1,1,1,1,0,1,1,0,1,1,
1,1,1,1,1,0,0,1,1,0,0,1,1,1,0,1,0,1,1,1,0,1,0,1,0,1,1,0,1,1,0,1,1,1,1,
0,1,0,1,1,1,1,1,1,0,1,1,1,1,1,1,1,0,1,0,1,1,1,1,1,0,1,1,1,1,1,0,1,0,1,
0,1,1,1,1,1,0,1,1,0,1,1,0,1,1,1,1,1,1,1,0,0,0,1,1,1,0,1,0,1,1,1,1,1,1,
1,1,1,0,1,1,0,1,0,1,1,0,0,1,1,1,1,1,0,0,1,1,1,1,0,1,1,0,1,1,1,0,1,1,0,
1,1,1,1,0,0,1,0,0,0,1,0,1,1,1,1,1,0,1,0,1,0,1,1,1,1,0,1,0,1,1,1,1,0,1,
1,1,1,1,0,1,1,1,1,1,1,1,1,1,1,1,0,1,0,1,0,0,1,0,1,1,1,1,1,0,1,1,1,1,1,
0,1,0,1,0,0,1,1,0,0,1,0,1,0,1,0,1,1,0,1,1,1,1,1,0,1,1,1,1,1,0,1,1,0,1,
1,1,1,0,1,0,1,1,0,1,0,1,0,1,1,1,0,1,1,1,1,0,1,1,1,0,1,0,1,1,1,0,1,0,0,
0,1,0,1,0,0,1,1,0,1,1,1,1,1,1,1,0,1,1,1,1,1,0,0,1,1,1,1,1,1,1,1,0,1,1,
1,1,1,1,1,1,0,0,0,0,1,0,1,1,1,1,1,1,1,1,1,0,1,1,1,0,1,1,0,1,0,0,1,0,1,
1,1,0,0,1,0,1,0,1,1,1,1,1,1,0,1,0,0,0,1,1,1,1,1,1,1,1,0,1,1,1,0,1,1,0,
========================
Output Graph: 
Number of Vertices: 35
Number of Edges: 491
Graph Density: 0.82521
0,1,1,1,1,1,1,1,1,1,1,1,1,1,0,0,1,1,1,1,1,1,1,1,1,0,1,1,1,1,0,1,0,1,1,
1,0,0,1,1,1,1,1,1,1,1,0,1,1,1,1,1,1,0,0,1,1,1,1,1,1,1,1,1,1,1,1,1,1,1,
1,0,0,1,1,1,1,1,1,1,1,1,1,1,0,1,1,1,1,1,1,1,1,0,1,0,1,1,1,1,0,1,0,1,1,
1,1,1,0,1,1,1,1,0,1,0,0,1,1,1,1,0,1,0,0,1,1,1,1,1,1,1,0,1,1,1,0,1,1,0,
1,1,1,1,0,1,1,1,0,1,1,1,1,1,1,1,1,1,1,1,1,1,1,0,1,1,1,1,0,0,0,1,0,1,1,
1,1,1,1,1,0,1,1,1,1,1,1,1,1,1,1,1,1,1,1,1,1,1,0,0,1,1,1,1,1,0,1,0,1,1,
1,1,1,1,1,1,0,1,1,1,1,1,1,1,1,1,1,1,1,1,1,1,1,1,0,1,0,0,0,1,1,1,1,0,1,
1,1,1,1,1,1,1,0,1,0,1,1,1,1,1,1,1,1,1,0,1,1,1,1,1,1,1,1,0,1,1,1,1,0,1,
1,1,1,0,0,1,1,1,0,1,0,1,0,1,1,0,1,1,1,1,1,1,1,0,1,1,1,0,0,1,0,0,0,1,0,
1,1,1,1,1,1,1,0,1,0,1,1,1,0,1,1,1,1,1,1,1,0,1,1,1,1,0,1,0,1,1,1,1,0,1,
1,1,1,0,1,1,1,1,0,1,0,1,0,1,1,1,1,1,1,1,1,1,1,1,1,1,1,1,1,1,1,0,1,1,1,
1,0,1,0,1,1,1,1,1,1,1,0,0,0,1,0,1,1,1,1,1,0,1,1,1,1,1,0,0,1,0,1,1,0,1,
1,1,1,1,1,1,1,1,0,1,0,0,0,1,1,1,0,1,1,0,1,1,1,1,1,1,1,0,1,1,1,0,1,1,1,
1,1,1,1,1,1,1,1,1,0,1,0,1,0,1,1,1,1,1,1,1,1,1,1,1,1,1,1,1,1,1,1,1,1,1,
0,1,0,1,1,1,1,1,1,1,1,1,1,1,0,1,1,0,1,1,1,1,0,1,1,1,1,1,1,1,1,1,1,1,1,
0,1,1,1,1,1,1,1,0,1,1,0,1,1,1,0,1,1,1,1,1,1,1,1,1,1,1,1,1,1,0,1,1,1,1,
1,1,1,0,1,1,1,1,1,1,1,1,0,1,1,1,0,1,1,1,1,1,1,1,0,1,1,0,1,1,1,0,0,1,0,
1,1,1,1,1,1,1,1,1,1,1,1,1,1,0,1,1,0,1,1,1,1,1,0,1,0,1,1,0,1,1,1,0,1,1,
1,0,1,0,1,1,1,1,1,1,1,1,1,1,1,1,1,1,0,1,1,1,1,1,1,1,1,0,1,1,0,1,1,1,0,
1,0,1,0,1,1,1,0,1,1,1,1,0,1,1,1,1,1,1,0,1,0,1,1,1,0,1,0,0,1,1,1,1,0,1,
1,1,1,1,1,1,1,1,1,1,1,1,1,1,1,1,1,1,1,1,0,1,0,1,0,1,0,1,1,1,1,1,1,1,1,
1,1,1,1,1,1,1,1,1,0,1,0,1,1,1,1,1,1,1,0,1,0,1,1,1,1,1,1,0,1,1,1,1,0,1,
1,1,1,1,1,1,1,1,1,1,1,1,1,1,0,1,1,1,1,1,0,1,0,1,0,1,0,1,1,1,1,1,1,1,1,
1,1,0,1,0,0,1,1,0,1,1,1,1,1,1,1,1,0,1,1,1,1,1,0,1,1,1,1,1,0,1,1,0,1,1,
1,1,1,1,1,0,0,1,1,1,1,1,1,1,1,1,0,1,1,1,0,1,0,1,0,1,1,1,1,1,1,1,1,1,1,
0,1,0,1,1,1,1,1,1,1,1,1,1,1,1,1,1,0,1,0,1,1,1,1,1,0,1,1,1,1,1,1,1,1,1,
1,1,1,1,1,1,0,1,1,0,1,1,1,1,1,1,1,1,1,1,0,1,0,1,1,1,0,1,1,1,1,1,1,1,1,
1,1,1,0,1,1,0,1,0,1,1,0,0,1,1,1,0,1,0,0,1,1,1,1,1,1,1,0,1,1,1,0,1,1,0,
1,1,1,1,0,1,0,0,0,0,1,0,1,1,1,1,1,0,1,0,1,0,1,1,1,1,1,1,0,1,1,1,1,0,1,
1,1,1,1,0,1,1,1,1,1,1,1,1,1,1,1,1,1,1,1,1,1,1,0,1,1,1,1,1,0,1,1,1,1,1,
0,1,0,1,0,0,1,1,0,1,1,0,1,1,1,0,1,1,0,1,1,1,1,1,1,1,1,1,1,1,0,1,1,1,1,
1,1,1,0,1,1,1,1,0,1,0,1,0,1,1,1,0,1,1,1,1,1,1,1,1,1,1,0,1,1,1,0,1,1,0,
0,1,0,1,0,0,1,1,0,1,1,1,1,1,1,1,0,0,1,1,1,1,1,0,1,1,1,1,1,1,1,1,0,1,1,
1,1,1,1,1,1,0,0,1,0,1,0,1,1,1,1,1,1,1,0,1,0,1,1,1,1,1,1,0,1,1,1,1,0,1,
1,1,1,0,1,1,1,1,0,1,1,1,1,1,1,1,0,1,0,1,1,1,1,1,1,1,1,0,1,1,1,0,1,1,0,
Is Output Graph Empty or Complete?: 0
Ratio of Added Edges Over Added + Removed Edges: 0.915493
Changes from Input to Output: 
Added Edge: (0, 3)
Added Edge: (0, 4)
Added Edge: (0, 17)
Added Edge: (0, 26)
Added Edge: (2, 6)
Added Edge: (2, 12)
Added Edge: (2, 34)
Added Edge: (3, 20)
Added Edge: (4, 18)
Added Edge: (4, 19)
Added Edge: (4, 20)
Added Edge: (5, 9)
Added Edge: (5, 12)
Added Edge: (5, 28)
Added Edge: (5, 31)
Added Edge: (5, 34)
Added Edge: (6, 18)
Added Edge: (6, 19)
Added Edge: (6, 22)
Added Edge: (6, 23)
Removed Edge: (6, 28)
Added Edge: (7, 17)
Added Edge: (7, 20)
Added Edge: (7, 22)
Added Edge: (7, 23)
Added Edge: (7, 34)
Removed Edge: (8, 12)
Added Edge: (8, 17)
Added Edge: (8, 19)
Added Edge: (8, 33)
Removed Edge: (8, 34)
Added Edge: (9, 16)
Added Edge: (9, 22)
Added Edge: (9, 24)
Added Edge: (9, 25)
Added Edge: (9, 30)
Added Edge: (10, 15)
Added Edge: (10, 22)
Added Edge: (10, 23)
Added Edge: (10, 24)
Added Edge: (12, 21)
Added Edge: (12, 26)
Added Edge: (13, 14)
Added Edge: (13, 30)
Added Edge: (14, 24)
Added Edge: (14, 34)
Added Edge: (15, 18)
Added Edge: (15, 20)
Added Edge: (16, 17)
Added Edge: (16, 18)
Removed Edge: (16, 27)
Added Edge: (16, 29)
Added Edge: (17, 20)
Added Edge: (17, 21)
Removed Edge: (17, 32)
Added Edge: (17, 34)
Added Edge: (18, 22)
Added Edge: (18, 29)
Removed Edge: (19, 33)
Added Edge: (20, 29)
Added Edge: (21, 26)
Added Edge: (21, 29)
Added Edge: (21, 31)
Added Edge: (22, 32)
Added Edge: (24, 27)
Added Edge: (24, 30)
Added Edge: (25, 31)
Added Edge: (25, 33)
Added Edge: (26, 28)
Added Edge: (30, 33)
Added Edge: (31, 33)
========================
