========================
TIME_LIMIT_SECONDS: 900
ODD_HOLE_TERMINATION_PERCENTAGE: 999
N_THREADS: 24
IS_RUNNING_HEURISTIC_ON_CANDIDATE: 1
IS_RUNNING_HEURISTIC_ON_RELAXATION: 0
ADD_ALL_AT_START: 0
========================
Wall-Clock Runtime (ms): 900677
Calculated Odd Hole Termination Batch Size: 0
Total Time of All Workers in OddHoleAlg (nano): 543722857
Total Time of All Workers in OddHoleAlg (ms): 543
OddHoleAlg calls: 122
Number of Found Odd-Holes: 34000
Number of Found Odd Anti-Holes: 144511
Is Optimal? (1e-6): 0
Optimality Gap: 0.485239
Objective Value: 68
Number of Feasible Solutions Found: 61
Number of Times Heuristic is Called: 58
Total number of added OH and OHbar Cuts: 178511
Number of Explored B&C tree nodes: 37653
Number of Unexplored B&C tree nodes: 25785
========================
Input Graph:
Number of Vertices: 35
Erdos Renyi p Parameter: 0.75
Number of Edges: 432
Expected No of Odd Holes: 903
Expected No of Odd Anti Holes: 5546
ODD_HOLE_TERMINATION_BATCH_SIZE: 0
Graph Density: 0.72605
0,1,1,0,0,1,1,1,1,1,1,1,1,1,0,0,1,0,1,1,1,1,1,1,1,0,0,1,1,1,0,1,0,1,1,
1,0,0,1,1,1,1,1,1,1,1,0,1,1,1,1,1,1,0,0,1,1,1,1,1,1,1,1,1,1,1,1,1,1,1,
1,0,0,1,1,1,0,1,1,1,1,1,0,1,0,1,1,1,1,1,1,1,1,0,1,0,1,1,1,1,0,1,0,1,0,
0,1,1,0,1,1,1,1,0,1,0,0,1,1,1,1,0,1,0,0,0,1,1,1,1,1,1,0,1,1,1,0,1,1,0,
0,1,1,1,0,1,1,1,0,1,1,1,1,1,1,1,1,1,0,0,0,1,1,0,1,1,1,1,0,0,0,1,0,1,1,
1,1,1,1,1,0,1,1,1,0,1,1,0,1,1,1,1,1,1,1,1,1,1,0,0,1,1,1,0,1,0,0,0,1,0,
1,1,0,1,1,1,0,1,1,1,1,1,1,1,1,1,1,1,0,0,1,1,0,0,0,1,0,0,1,1,1,1,1,0,1,
1,1,1,1,1,1,1,0,1,0,1,1,1,1,1,1,1,0,1,0,0,1,0,0,1,1,1,1,0,1,1,1,1,0,0,
1,1,1,0,0,1,1,1,0,1,0,1,1,1,1,0,1,0,1,0,1,1,1,0,1,1,1,0,0,1,0,0,0,0,1,
1,1,1,1,1,0,1,0,1,0,1,1,1,0,1,1,0,1,1,1,1,0,0,1,0,0,0,1,0,1,0,1,1,0,1,
1,1,1,0,1,1,1,1,0,1,0,1,0,1,1,0,1,1,1,1,1,1,0,0,0,1,1,1,1,1,1,0,1,1,1,
1,0,1,0,1,1,1,1,1,1,1,0,0,0,1,0,1,1,1,1,1,0,1,1,1,1,1,0,0,1,0,1,1,0,1,
1,1,0,1,1,0,1,1,1,1,0,0,0,1,1,1,0,1,1,0,1,0,1,1,1,1,0,0,1,1,1,0,1,1,1,
1,1,1,1,1,1,1,1,1,0,1,0,1,0,0,1,1,1,1,1,1,1,1,1,1,1,1,1,1,1,0,1,1,1,1,
0,1,0,1,1,1,1,1,1,1,1,1,1,0,0,1,1,0,1,1,1,1,0,1,0,1,1,1,1,1,1,1,1,1,0,
0,1,1,1,1,1,1,1,0,1,0,0,1,1,1,0,1,1,0,1,0,1,1,1,1,1,1,1,1,1,0,1,1,1,1,
1,1,1,0,1,1,1,1,1,0,1,1,0,1,1,1,0,0,0,1,1,1,1,1,0,1,1,1,1,0,1,0,0,1,0,
0,1,1,1,1,1,1,0,0,1,1,1,1,1,0,1,0,0,1,1,0,0,1,0,1,0,1,1,0,1,1,1,1,1,0,
1,0,1,0,0,1,0,1,1,1,1,1,1,1,1,0,0,1,0,1,1,1,0,1,1,1,1,0,1,0,0,1,1,1,0,
1,0,1,0,0,1,0,0,0,1,1,1,0,1,1,1,1,1,1,0,1,0,1,1,1,0,1,0,0,1,1,1,1,1,1,
1,1,1,0,0,1,1,0,1,1,1,1,1,1,1,0,1,0,1,1,0,1,0,1,0,1,0,1,1,0,1,1,1,1,1,
1,1,1,1,1,1,1,1,1,0,1,0,0,1,1,1,1,0,1,0,1,0,1,1,1,1,0,1,0,0,1,0,1,0,1,
1,1,1,1,1,1,0,0,1,0,0,1,1,1,0,1,1,1,0,1,0,1,0,1,0,1,0,1,1,1,1,1,0,1,1,
1,1,0,1,0,0,0,0,0,1,0,1,1,1,1,1,1,0,1,1,1,1,1,0,1,1,1,1,1,0,1,1,0,1,1,
1,1,1,1,1,0,0,1,1,0,0,1,1,1,0,1,0,1,1,1,0,1,0,1,0,1,1,0,1,1,0,1,1,1,1,
0,1,0,1,1,1,1,1,1,0,1,1,1,1,1,1,1,0,1,0,1,1,1,1,1,0,1,1,1,1,1,0,1,0,1,
0,1,1,1,1,1,0,1,1,0,1,1,0,1,1,1,1,1,1,1,0,0,0,1,1,1,0,1,0,1,1,1,1,1,1,
1,1,1,0,1,1,0,1,0,1,1,0,0,1,1,1,1,1,0,0,1,1,1,1,0,1,1,0,1,1,1,0,1,1,0,
1,1,1,1,0,0,1,0,0,0,1,0,1,1,1,1,1,0,1,0,1,0,1,1,1,1,0,1,0,1,1,1,1,0,1,
1,1,1,1,0,1,1,1,1,1,1,1,1,1,1,1,0,1,0,1,0,0,1,0,1,1,1,1,1,0,1,1,1,1,1,
0,1,0,1,0,0,1,1,0,0,1,0,1,0,1,0,1,1,0,1,1,1,1,1,0,1,1,1,1,1,0,1,1,0,1,
1,1,1,0,1,0,1,1,0,1,0,1,0,1,1,1,0,1,1,1,1,0,1,1,1,0,1,0,1,1,1,0,1,0,0,
0,1,0,1,0,0,1,1,0,1,1,1,1,1,1,1,0,1,1,1,1,1,0,0,1,1,1,1,1,1,1,1,0,1,1,
1,1,1,1,1,1,0,0,0,0,1,0,1,1,1,1,1,1,1,1,1,0,1,1,1,0,1,1,0,1,0,0,1,0,1,
1,1,0,0,1,0,1,0,1,1,1,1,1,1,0,1,0,0,0,1,1,1,1,1,1,1,1,0,1,1,1,0,1,1,0,
========================
Output Graph: 
Number of Vertices: 35
Number of Edges: 468
Graph Density: 0.786555
0,1,1,0,1,1,1,1,1,1,1,1,1,1,0,0,1,1,1,1,1,1,1,1,1,0,1,0,1,1,0,1,0,1,1,
1,0,0,1,1,1,1,1,1,1,1,0,1,1,1,1,1,1,0,0,1,1,1,1,1,1,1,1,1,1,1,1,1,1,1,
1,0,0,1,1,1,0,1,1,1,1,1,0,1,0,1,1,1,1,1,1,0,1,0,1,0,1,1,0,1,0,1,0,1,0,
0,1,1,0,1,1,1,1,0,1,0,0,1,1,1,1,0,1,0,0,1,1,1,1,1,1,1,0,1,1,1,0,1,1,1,
1,1,1,1,0,1,1,1,0,1,1,1,1,1,1,1,1,1,1,1,1,1,1,0,1,1,1,1,0,0,0,1,0,1,1,
1,1,1,1,1,0,1,1,1,1,1,1,0,1,1,1,1,1,1,1,1,1,1,0,1,1,1,1,0,1,0,1,0,1,0,
1,1,0,1,1,1,0,1,1,1,1,1,1,1,1,1,1,1,0,0,1,1,0,1,0,1,0,1,1,1,1,1,1,0,1,
1,1,1,1,1,1,1,0,1,0,1,1,1,1,1,1,1,0,1,1,0,1,0,1,1,1,1,1,0,1,1,1,1,0,1,
1,1,1,0,0,1,1,1,0,1,0,1,1,1,1,0,1,1,0,1,1,1,1,0,1,1,1,0,0,1,0,1,0,1,1,
1,1,1,1,1,1,1,0,1,0,1,1,1,1,1,1,1,1,1,1,1,0,0,1,1,1,1,1,0,1,0,1,1,0,1,
1,1,1,0,1,1,1,1,0,1,0,1,1,1,1,0,1,1,1,1,1,1,1,0,1,1,1,1,1,1,0,1,1,1,1,
1,0,1,0,1,1,1,1,1,1,1,0,0,0,0,0,1,1,1,1,1,0,1,1,1,1,1,0,0,1,0,1,1,1,1,
1,1,0,1,1,0,1,1,1,1,1,0,0,1,1,1,0,0,0,0,1,1,0,1,1,1,0,1,1,1,1,0,1,1,1,
1,1,1,1,1,1,1,1,1,1,1,0,1,0,0,1,1,1,1,1,1,1,1,1,1,1,1,1,1,1,0,1,1,1,1,
0,1,0,1,1,1,1,1,1,1,1,0,1,0,0,1,1,0,1,1,1,1,0,1,0,1,1,1,1,1,1,1,1,1,1,
0,1,1,1,1,1,1,1,0,1,0,0,1,1,1,0,1,1,0,1,1,1,1,1,1,1,1,1,1,1,0,1,1,1,1,
1,1,1,0,1,1,1,1,1,1,1,1,0,1,1,1,0,1,1,1,1,1,1,1,1,1,1,1,1,1,1,0,0,1,0,
1,1,1,1,1,1,1,0,1,1,1,1,0,1,0,1,1,0,1,1,0,0,1,1,1,0,1,1,0,1,1,1,1,1,0,
1,0,1,0,1,1,0,1,0,1,1,1,0,1,1,0,1,1,0,1,1,1,1,0,1,1,1,0,0,0,0,1,0,1,0,
1,0,1,0,1,1,0,1,1,1,1,1,0,1,1,1,1,1,1,0,1,0,1,1,1,0,1,0,0,1,1,1,1,1,1,
1,1,1,1,1,1,1,0,1,1,1,1,1,1,1,1,1,0,1,1,0,1,0,1,1,1,1,1,1,1,1,1,1,1,1,
1,1,0,1,1,1,1,1,1,0,1,0,1,1,1,1,1,0,1,0,1,0,0,1,1,1,0,1,0,1,1,1,1,0,1,
1,1,1,1,1,1,0,0,1,0,1,1,0,1,0,1,1,1,1,1,0,0,0,1,0,1,0,1,0,1,0,1,1,1,1,
1,1,0,1,0,0,1,1,0,1,0,1,1,1,1,1,1,1,0,1,1,1,1,0,1,1,1,1,1,0,0,1,1,1,1,
1,1,1,1,1,1,0,1,1,1,1,1,1,1,0,1,1,1,1,1,1,1,0,1,0,1,1,1,1,1,0,1,1,1,1,
0,1,0,1,1,1,1,1,1,1,1,1,1,1,1,1,1,0,1,0,1,1,1,1,1,0,1,1,1,1,1,1,1,0,1,
1,1,1,1,1,1,0,1,1,1,1,1,0,1,1,1,1,1,1,1,1,0,0,1,1,1,0,1,0,1,1,1,1,1,1,
0,1,1,0,1,1,1,1,0,1,1,0,1,1,1,1,1,1,0,0,1,1,1,1,1,1,1,0,1,1,1,1,1,1,1,
1,1,0,1,0,0,1,0,0,0,1,0,1,1,1,1,1,0,0,0,1,0,0,1,1,1,0,1,0,1,1,1,1,0,1,
1,1,1,1,0,1,1,1,1,1,1,1,1,1,1,1,1,1,0,1,1,1,1,0,1,1,1,1,1,0,1,1,1,1,1,
0,1,0,1,0,0,1,1,0,0,0,0,1,0,1,0,1,1,0,1,1,1,0,0,0,1,1,1,1,1,0,1,1,0,1,
1,1,1,0,1,1,1,1,1,1,1,1,0,1,1,1,0,1,1,1,1,1,1,1,1,1,1,1,1,1,1,0,1,1,0,
0,1,0,1,0,0,1,1,0,1,1,1,1,1,1,1,0,1,0,1,1,1,1,1,1,1,1,1,1,1,1,1,0,1,1,
1,1,1,1,1,1,0,0,1,0,1,1,1,1,1,1,1,1,1,1,1,0,1,1,1,0,1,1,0,1,0,1,1,0,1,
1,1,0,1,1,0,1,1,1,1,1,1,1,1,1,1,0,0,0,1,1,1,1,1,1,1,1,1,1,1,1,0,1,1,0,
Is Output Graph Empty or Complete?: 0
Ratio of Added Edges Over Added + Removed Edges: 0.764706
Changes from Input to Output: 
Added Edge: (0, 4)
Added Edge: (0, 17)
Added Edge: (0, 26)
Removed Edge: (0, 27)
Removed Edge: (2, 21)
Removed Edge: (2, 28)
Added Edge: (3, 20)
Added Edge: (3, 34)
Added Edge: (4, 18)
Added Edge: (4, 19)
Added Edge: (4, 20)
Added Edge: (5, 9)
Added Edge: (5, 24)
Added Edge: (5, 31)
Added Edge: (6, 23)
Added Edge: (6, 27)
Added Edge: (7, 19)
Added Edge: (7, 23)
Added Edge: (7, 34)
Added Edge: (8, 17)
Removed Edge: (8, 18)
Added Edge: (8, 19)
Added Edge: (8, 31)
Added Edge: (8, 33)
Added Edge: (9, 13)
Added Edge: (9, 16)
Added Edge: (9, 24)
Added Edge: (9, 25)
Added Edge: (9, 26)
Added Edge: (10, 12)
Added Edge: (10, 22)
Added Edge: (10, 24)
Removed Edge: (10, 30)
Added Edge: (10, 31)
Removed Edge: (11, 14)
Added Edge: (11, 33)
Removed Edge: (12, 17)
Removed Edge: (12, 18)
Added Edge: (12, 21)
Removed Edge: (12, 22)
Added Edge: (12, 27)
Added Edge: (14, 34)
Added Edge: (15, 20)
Added Edge: (16, 17)
Added Edge: (16, 18)
Added Edge: (16, 24)
Added Edge: (16, 29)
Added Edge: (17, 23)
Added Edge: (18, 22)
Removed Edge: (18, 23)
Removed Edge: (18, 28)
Removed Edge: (18, 32)
Added Edge: (20, 24)
Added Edge: (20, 26)
Added Edge: (20, 29)
Removed Edge: (21, 22)
Added Edge: (21, 29)
Added Edge: (21, 31)
Removed Edge: (22, 28)
Removed Edge: (22, 30)
Added Edge: (22, 32)
Removed Edge: (23, 30)
Added Edge: (23, 32)
Added Edge: (24, 27)
Added Edge: (25, 31)
Added Edge: (27, 31)
Added Edge: (27, 34)
Added Edge: (31, 33)
========================
