========================
TIME_LIMIT_SECONDS: 900
ODD_HOLE_TERMINATION_PERCENTAGE: 999
N_THREADS: 24
IS_RUNNING_HEURISTIC_ON_CANDIDATE: 1
IS_RUNNING_HEURISTIC_ON_RELAXATION: 1
ADD_ALL_AT_START: 1
========================
Wall-Clock Runtime (ms): 900700
Calculated Odd Hole Termination Batch Size: 0
Total Time of All Workers in OddHoleAlg (nano): 63657250
Total Time of All Workers in OddHoleAlg (ms): 63
OddHoleAlg calls: 96
Number of Found Odd-Holes: 12085
Number of Found Odd Anti-Holes: 136
Is Optimal? (1e-6): 0
Optimality Gap: 0.277351
Objective Value: 79
Number of Feasible Solutions Found: 8028
Number of Times Heuristic is Called: 8024
Total number of added OH and OHbar Cuts: 12221
Number of Explored B&C tree nodes: 40926
Number of Unexplored B&C tree nodes: 27021
========================
Input Graph:
Number of Vertices: 35
Erdos Renyi p Parameter: 0.5
Number of Edges: 290
Expected No of Odd Holes: 4979
Expected No of Odd Anti Holes: 1175
ODD_HOLE_TERMINATION_BATCH_SIZE: 0
Graph Density: 0.487395
0,0,1,1,1,1,0,0,1,1,1,1,0,0,0,1,1,0,0,0,0,1,0,0,1,0,0,1,1,0,0,0,1,1,0,
0,0,0,0,1,1,1,0,1,0,0,1,1,0,1,1,1,1,0,1,0,0,0,1,1,0,0,0,0,0,0,1,1,0,0,
1,0,0,1,0,0,0,1,0,1,0,1,0,1,1,0,0,1,0,1,0,0,1,1,1,1,1,0,0,1,1,0,0,1,1,
1,0,1,0,1,0,1,1,0,0,0,0,1,0,0,0,1,0,1,0,1,0,0,1,0,0,0,0,1,0,1,1,1,0,1,
1,1,0,1,0,1,0,0,1,0,0,0,1,0,0,0,1,0,0,1,1,0,1,0,1,1,0,1,1,0,1,1,0,0,1,
1,1,0,0,1,0,0,1,1,0,0,1,1,1,0,1,0,1,1,1,1,1,0,0,1,1,0,0,0,1,1,1,1,1,0,
0,1,0,1,0,0,0,0,0,1,0,1,0,0,0,0,1,0,0,1,0,1,1,0,1,0,1,1,0,1,0,1,1,1,0,
0,0,1,1,0,1,0,0,1,0,0,0,0,0,1,1,1,0,0,1,1,0,0,1,1,0,0,1,1,0,1,0,0,1,0,
1,1,0,0,1,1,0,1,0,0,0,1,0,1,1,0,0,1,0,0,1,0,1,0,0,1,1,1,0,1,0,0,0,1,0,
1,0,1,0,0,0,1,0,0,0,1,1,1,0,0,0,0,1,1,1,0,0,1,0,0,1,1,0,0,0,0,0,1,0,1,
1,0,0,0,0,0,0,0,0,1,0,0,0,0,0,1,1,0,0,1,0,1,1,0,1,1,1,0,1,1,1,1,1,0,0,
1,1,1,0,0,1,1,0,1,1,0,0,0,1,1,0,0,1,1,1,0,0,1,1,0,0,1,1,0,1,1,0,0,1,1,
0,1,0,1,1,1,0,0,0,1,0,0,0,0,0,0,0,0,0,1,1,0,0,0,1,1,0,1,1,1,0,0,1,0,1,
0,0,1,0,0,1,0,0,1,0,0,1,0,0,0,0,0,0,1,1,0,0,0,1,1,0,1,1,1,1,0,0,0,1,1,
0,1,1,0,0,0,0,1,1,0,0,1,0,0,0,0,0,1,0,0,1,0,0,1,1,0,1,0,1,0,0,1,1,1,1,
1,1,0,0,0,1,0,1,0,0,1,0,0,0,0,0,1,0,0,1,0,0,0,1,0,0,1,0,0,1,1,1,0,0,1,
1,1,0,1,1,0,1,1,0,0,1,0,0,0,0,1,0,0,1,1,1,0,1,0,1,1,0,1,1,1,1,0,1,0,1,
0,1,1,0,0,1,0,0,1,1,0,1,0,0,1,0,0,0,1,1,0,0,0,0,0,0,0,1,0,1,0,1,0,0,0,
0,0,0,1,0,1,0,0,0,1,0,1,0,1,0,0,1,1,0,1,1,0,0,0,1,0,1,1,1,1,0,1,1,0,1,
0,1,1,0,1,1,1,1,0,1,1,1,1,1,0,1,1,1,1,0,0,0,0,0,1,0,1,0,1,1,0,1,1,1,1,
0,0,0,1,1,1,0,1,1,0,0,0,1,0,1,0,1,0,1,0,0,1,0,0,1,1,0,1,0,1,0,0,0,0,0,
1,0,0,0,0,1,1,0,0,0,1,0,0,0,0,0,0,0,0,0,1,0,1,1,0,0,1,1,1,1,0,1,1,1,0,
0,0,1,0,1,0,1,0,1,1,1,1,0,0,0,0,1,0,0,0,0,1,0,1,1,0,1,0,1,1,1,1,0,0,1,
0,1,1,1,0,0,0,1,0,0,0,1,0,1,1,1,0,0,0,0,0,1,1,0,0,0,0,1,1,0,1,1,0,0,1,
1,1,1,0,1,1,1,1,0,0,1,0,1,1,1,0,1,0,1,1,1,0,1,0,0,0,1,0,1,1,1,1,0,0,0,
0,0,1,0,1,1,0,0,1,1,1,0,1,0,0,0,1,0,0,0,1,0,0,0,0,0,0,1,0,0,1,0,0,1,0,
0,0,1,0,0,0,1,0,1,1,1,1,0,1,1,1,0,0,1,1,0,1,1,0,1,0,0,0,0,1,1,0,1,0,1,
1,0,0,0,1,0,1,1,1,0,0,1,1,1,0,0,1,1,1,0,1,1,0,1,0,1,0,0,1,0,0,0,1,0,0,
1,0,0,1,1,0,0,1,0,0,1,0,1,1,1,0,1,0,1,1,0,1,1,1,1,0,0,1,0,1,1,0,1,1,0,
0,0,1,0,0,1,1,0,1,0,1,1,1,1,0,1,1,1,1,1,1,1,1,0,1,0,1,0,1,0,0,0,0,1,0,
0,0,1,1,1,1,0,1,0,0,1,1,0,0,0,1,1,0,0,0,0,0,1,1,1,1,1,0,1,0,0,1,1,0,0,
0,1,0,1,1,1,1,0,0,0,1,0,0,0,1,1,0,1,1,1,0,1,1,1,1,0,0,0,0,0,1,0,0,1,1,
1,1,0,1,0,1,1,0,0,1,1,0,1,0,1,0,1,0,1,1,0,1,0,0,0,0,1,1,1,0,1,0,0,1,0,
1,0,1,0,0,1,1,1,1,0,0,1,0,1,1,0,0,0,0,1,0,1,0,0,0,1,0,0,1,1,0,1,1,0,1,
0,0,1,1,1,0,0,0,0,1,0,1,1,1,1,1,1,0,1,1,0,0,1,1,0,0,1,0,0,0,0,1,0,1,0,
========================
Output Graph: 
Number of Vertices: 35
Number of Edges: 297
Graph Density: 0.49916
0,0,1,1,1,1,0,0,1,1,1,1,0,0,0,1,1,0,0,1,0,1,1,0,1,0,1,1,1,1,0,1,1,1,0,
0,0,0,0,0,1,0,0,0,0,0,1,0,0,1,0,1,1,0,1,0,0,0,0,1,0,0,0,0,0,0,1,1,0,0,
1,0,0,1,0,1,0,1,0,1,0,1,0,1,1,0,1,1,0,1,1,0,1,1,1,1,1,1,1,1,1,1,1,1,1,
1,0,1,0,1,0,1,1,0,0,0,0,1,0,0,0,1,0,1,0,1,0,0,0,0,0,0,0,1,0,1,1,0,0,1,
1,0,0,1,0,1,0,0,0,0,0,0,1,0,0,0,1,0,0,1,1,0,1,0,1,1,0,1,1,0,1,1,0,0,1,
1,1,1,0,1,0,1,1,1,0,0,1,1,1,0,1,1,1,1,1,1,1,1,0,1,1,0,0,1,1,1,1,1,1,1,
0,0,0,1,0,1,0,0,0,1,0,1,0,0,0,0,1,0,0,1,0,1,1,0,1,0,1,1,1,1,0,1,1,1,0,
0,0,1,1,0,1,0,0,0,0,0,0,0,0,0,0,1,0,0,1,1,0,0,0,1,0,0,1,1,0,1,0,0,0,0,
1,0,0,0,0,1,0,0,0,0,0,1,0,0,0,0,0,0,0,0,0,0,1,0,0,0,1,1,0,1,0,0,0,1,0,
1,0,1,0,0,0,1,0,0,0,0,1,0,0,0,0,0,0,1,1,0,0,1,0,0,0,1,0,0,0,0,0,1,0,1,
1,0,0,0,0,0,0,0,0,0,0,0,0,0,0,1,1,0,0,1,0,0,1,0,1,0,1,0,1,1,1,1,1,0,0,
1,1,1,0,0,1,1,0,1,1,0,0,0,1,1,0,0,1,1,1,0,0,1,1,0,0,1,1,1,1,1,1,0,1,1,
0,0,0,1,1,1,0,0,0,0,0,0,0,0,0,0,0,0,0,1,1,0,0,0,1,1,0,1,1,1,1,0,1,0,1,
0,0,1,0,0,1,0,0,0,0,0,1,0,0,0,0,0,0,1,1,0,0,0,0,1,0,1,1,1,1,0,0,0,0,1,
0,1,1,0,0,0,0,0,0,0,0,1,0,0,0,0,0,1,0,0,0,0,0,0,1,0,0,0,1,0,0,1,1,0,1,
1,0,0,0,0,1,0,0,0,0,1,0,0,0,0,0,1,0,0,1,0,0,0,0,0,0,1,0,0,1,1,1,0,0,1,
1,1,1,1,1,1,1,1,0,0,1,0,0,0,0,1,0,0,1,1,1,0,1,0,1,1,1,1,1,1,1,0,1,0,1,
0,1,1,0,0,1,0,0,0,0,0,1,0,0,1,0,0,0,1,1,0,0,0,0,0,0,0,1,0,1,0,1,0,0,0,
0,0,0,1,0,1,0,0,0,1,0,1,0,1,0,0,1,1,0,1,0,0,1,0,1,0,1,1,1,1,0,1,1,0,1,
1,1,1,0,1,1,1,1,0,1,1,1,1,1,0,1,1,1,1,0,0,0,1,0,1,0,1,1,1,1,1,1,1,1,1,
0,0,1,1,1,1,0,1,0,0,0,0,1,0,0,0,1,0,0,0,0,0,0,0,1,1,0,1,0,1,0,0,0,0,0,
1,0,0,0,0,1,1,0,0,0,0,0,0,0,0,0,0,0,0,0,0,0,1,0,0,0,1,1,1,1,0,1,1,1,0,
1,0,1,0,1,1,1,0,1,1,1,1,0,0,0,0,1,0,1,1,0,1,0,1,1,0,1,1,1,1,1,1,1,0,1,
0,0,1,0,0,0,0,0,0,0,0,1,0,0,0,0,0,0,0,0,0,0,1,0,0,0,0,1,1,0,1,1,0,0,1,
1,1,1,0,1,1,1,1,0,0,1,0,1,1,1,0,1,0,1,1,1,0,1,0,0,0,1,1,1,1,1,1,0,0,1,
0,0,1,0,1,1,0,0,0,0,0,0,1,0,0,0,1,0,0,0,1,0,0,0,0,0,0,1,0,0,1,0,0,0,0,
1,0,1,0,0,0,1,0,1,1,1,1,0,1,0,1,1,0,1,1,0,1,1,0,1,0,0,0,1,1,1,1,1,0,1,
1,0,1,0,1,0,1,1,1,0,0,1,1,1,0,0,1,1,1,1,1,1,1,1,1,1,0,0,1,0,1,1,1,0,1,
1,0,1,1,1,1,1,1,0,0,1,1,1,1,1,0,1,0,1,1,0,1,1,1,1,0,1,1,0,1,1,1,1,1,1,
1,0,1,0,0,1,1,0,1,0,1,1,1,1,0,1,1,1,1,1,1,1,1,0,1,0,1,0,1,0,1,1,1,1,1,
0,0,1,1,1,1,0,1,0,0,1,1,1,0,0,1,1,0,0,1,0,0,1,1,1,1,1,1,1,1,0,1,1,0,0,
1,1,1,1,1,1,1,0,0,0,1,1,0,0,1,1,0,1,1,1,0,1,1,1,1,0,1,1,1,1,1,0,1,1,1,
1,1,1,0,0,1,1,0,0,1,1,0,1,0,1,0,1,0,1,1,0,1,1,0,0,0,1,1,1,1,1,1,0,1,1,
1,0,1,0,0,1,1,0,1,0,0,1,0,0,0,0,0,0,0,1,0,1,0,0,0,0,0,0,1,1,0,1,1,0,1,
0,0,1,1,1,1,0,0,0,1,0,1,1,1,1,1,1,0,1,1,0,0,1,1,1,0,1,1,1,1,0,1,1,1,0,
Is Output Graph Empty or Complete?: 0
Ratio of Added Edges Over Added + Removed Edges: 0.544304
Changes from Input to Output: 
Added Edge: (0, 19)
Added Edge: (0, 22)
Added Edge: (0, 26)
Added Edge: (0, 29)
Added Edge: (0, 31)
Removed Edge: (1, 4)
Removed Edge: (1, 6)
Removed Edge: (1, 8)
Removed Edge: (1, 12)
Removed Edge: (1, 15)
Removed Edge: (1, 23)
Added Edge: (2, 5)
Added Edge: (2, 16)
Added Edge: (2, 20)
Added Edge: (2, 27)
Added Edge: (2, 28)
Added Edge: (2, 31)
Added Edge: (2, 32)
Removed Edge: (3, 23)
Removed Edge: (3, 32)
Removed Edge: (4, 8)
Added Edge: (5, 6)
Added Edge: (5, 16)
Added Edge: (5, 22)
Added Edge: (5, 28)
Added Edge: (5, 34)
Added Edge: (6, 28)
Removed Edge: (7, 8)
Removed Edge: (7, 14)
Removed Edge: (7, 15)
Removed Edge: (7, 23)
Removed Edge: (7, 33)
Removed Edge: (8, 13)
Removed Edge: (8, 14)
Removed Edge: (8, 17)
Removed Edge: (8, 20)
Removed Edge: (8, 25)
Removed Edge: (9, 10)
Removed Edge: (9, 12)
Removed Edge: (9, 17)
Removed Edge: (9, 25)
Removed Edge: (10, 21)
Removed Edge: (10, 25)
Added Edge: (11, 28)
Added Edge: (11, 31)
Added Edge: (12, 30)
Removed Edge: (13, 23)
Removed Edge: (13, 33)
Removed Edge: (14, 20)
Removed Edge: (14, 23)
Removed Edge: (14, 26)
Removed Edge: (14, 33)
Removed Edge: (15, 23)
Added Edge: (16, 26)
Removed Edge: (18, 20)
Added Edge: (18, 22)
Added Edge: (19, 22)
Added Edge: (19, 27)
Added Edge: (19, 30)
Removed Edge: (20, 21)
Removed Edge: (21, 23)
Added Edge: (22, 27)
Added Edge: (22, 32)
Added Edge: (24, 27)
Added Edge: (24, 34)
Removed Edge: (25, 33)
Added Edge: (26, 28)
Added Edge: (26, 31)
Added Edge: (27, 30)
Added Edge: (27, 31)
Added Edge: (27, 34)
Added Edge: (28, 31)
Added Edge: (28, 34)
Added Edge: (29, 30)
Added Edge: (29, 31)
Added Edge: (29, 32)
Added Edge: (29, 34)
Added Edge: (31, 32)
Added Edge: (32, 34)
========================
