========================
TIME_LIMIT_SECONDS: 900
ODD_HOLE_TERMINATION_PERCENTAGE: 999
N_THREADS: 24
IS_RUNNING_HEURISTIC_ON_CANDIDATE: 1
IS_RUNNING_HEURISTIC_ON_RELAXATION: 0
ADD_ALL_AT_START: 1
========================
Wall-Clock Runtime (ms): 900439
Calculated Odd Hole Termination Batch Size: 0
Total Time of All Workers in OddHoleAlg (nano): 90752045
Total Time of All Workers in OddHoleAlg (ms): 90
OddHoleAlg calls: 78
Number of Found Odd-Holes: 4466
Number of Found Odd Anti-Holes: 13842
Is Optimal? (1e-6): 0
Optimality Gap: 0.390052
Objective Value: 115
Number of Feasible Solutions Found: 39
Number of Times Heuristic is Called: 37
Total number of added OH and OHbar Cuts: 18308
Number of Explored B&C tree nodes: 8150
Number of Unexplored B&C tree nodes: 2972
========================
Input Graph:
Number of Vertices: 40
Erdos Renyi p Parameter: 0.5
Number of Edges: 399
Expected No of Odd Holes: 10991
Expected No of Odd Anti Holes: 3280
ODD_HOLE_TERMINATION_BATCH_SIZE: 0
Graph Density: 0.511538
0,1,0,0,0,1,0,0,1,0,1,0,1,1,1,0,0,1,0,1,1,0,0,1,1,1,0,0,1,0,0,1,1,0,0,0,1,0,1,0,
1,0,0,0,0,1,0,1,1,1,0,0,1,0,0,1,0,1,0,0,1,1,0,1,0,0,0,0,1,1,0,0,0,0,0,0,1,1,0,1,
0,0,0,0,1,0,0,0,0,1,1,1,0,0,0,1,0,0,0,0,0,1,1,0,1,1,1,0,0,0,0,1,1,1,0,0,1,0,0,1,
0,0,0,0,0,1,1,1,1,1,0,0,0,0,1,1,0,0,1,0,1,1,1,0,0,0,1,0,0,1,0,1,1,0,1,0,0,0,0,1,
0,0,1,0,0,0,1,1,1,1,1,1,0,1,0,1,0,0,1,1,1,0,0,1,1,1,0,1,0,1,0,1,0,1,1,0,1,0,0,1,
1,1,0,1,0,0,1,1,0,1,1,1,1,0,1,0,0,0,1,0,1,1,1,0,0,0,0,0,1,1,1,0,1,1,1,0,0,0,0,0,
0,0,0,1,1,1,0,1,1,0,0,1,0,1,0,0,0,0,1,1,0,0,1,1,1,0,0,1,1,0,1,0,1,1,1,1,0,0,0,1,
0,1,0,1,1,1,1,0,1,0,1,1,1,0,0,1,0,0,1,1,1,1,1,0,0,1,1,1,1,0,0,1,1,1,0,1,1,1,1,1,
1,1,0,1,1,0,1,1,0,0,0,0,0,1,1,0,0,0,0,1,0,0,1,1,0,0,1,1,1,1,1,1,0,0,1,0,1,0,0,1,
0,1,1,1,1,1,0,0,0,0,1,1,1,0,1,0,0,1,0,0,1,1,0,1,0,0,1,1,0,1,0,0,0,0,1,1,1,0,1,1,
1,0,1,0,1,1,0,1,0,1,0,1,0,0,1,1,1,1,1,0,0,0,1,1,1,1,1,0,1,1,0,1,1,0,1,1,1,0,0,1,
0,0,1,0,1,1,1,1,0,1,1,0,1,1,0,1,1,0,0,1,1,0,0,0,1,1,0,1,0,1,0,1,0,1,0,0,0,1,1,1,
1,1,0,0,0,1,0,1,0,1,0,1,0,0,1,0,1,0,0,0,1,0,1,0,1,0,1,1,1,0,1,0,1,1,0,0,0,1,0,0,
1,0,0,0,1,0,1,0,1,0,0,1,0,0,0,0,1,1,1,1,0,1,1,1,1,1,0,0,0,1,1,1,1,1,1,0,0,0,0,1,
1,0,0,1,0,1,0,0,1,1,1,0,1,0,0,0,1,0,0,0,0,0,0,0,1,1,1,0,1,0,0,1,0,0,0,0,0,0,1,0,
0,1,1,1,1,0,0,1,0,0,1,1,0,0,0,0,0,1,0,0,0,1,0,0,1,0,0,1,0,0,0,0,0,1,0,1,0,1,1,0,
0,0,0,0,0,0,0,0,0,0,1,1,1,1,1,0,0,1,0,1,0,0,1,0,1,1,1,1,1,1,1,0,1,0,0,0,1,0,0,1,
1,1,0,0,0,0,0,0,0,1,1,0,0,1,0,1,1,0,0,1,1,1,1,1,0,0,0,0,0,0,0,1,1,0,0,1,1,1,1,0,
0,0,0,1,1,1,1,1,0,0,1,0,0,1,0,0,0,0,0,1,1,0,0,1,0,0,1,1,1,1,1,0,1,0,1,1,1,1,1,0,
1,0,0,0,1,0,1,1,1,0,0,1,0,1,0,0,1,1,1,0,0,0,0,0,1,1,0,1,1,0,0,1,0,1,1,0,1,0,0,0,
1,1,0,1,1,1,0,1,0,1,0,1,1,0,0,0,0,1,1,0,0,0,0,0,1,1,1,0,1,1,1,0,0,0,1,0,0,0,1,1,
0,1,1,1,0,1,0,1,0,1,0,0,0,1,0,1,0,1,0,0,0,0,0,0,1,0,1,0,0,0,0,0,1,1,0,1,0,1,1,1,
0,0,1,1,0,1,1,1,1,0,1,0,1,1,0,0,1,1,0,0,0,0,0,1,0,0,1,1,0,0,1,1,1,1,1,0,1,1,0,1,
1,1,0,0,1,0,1,0,1,1,1,0,0,1,0,0,0,1,1,0,0,0,1,0,1,0,0,0,1,1,0,1,1,0,1,1,1,0,0,0,
1,0,1,0,1,0,1,0,0,0,1,1,1,1,1,1,1,0,0,1,1,1,0,1,0,0,0,1,0,1,1,0,0,1,1,1,0,1,0,1,
1,0,1,0,1,0,0,1,0,0,1,1,0,1,1,0,1,0,0,1,1,0,0,0,0,0,0,1,1,0,0,1,0,0,0,0,0,0,1,1,
0,0,1,1,0,0,0,1,1,1,1,0,1,0,1,0,1,0,1,0,1,1,1,0,0,0,0,1,1,0,1,1,1,1,1,1,1,1,0,0,
0,0,0,0,1,0,1,1,1,1,0,1,1,0,0,1,1,0,1,1,0,0,1,0,1,1,1,0,1,1,0,1,1,0,1,0,0,1,0,1,
1,1,0,0,0,1,1,1,1,0,1,0,1,0,1,0,1,0,1,1,1,0,0,1,0,1,1,1,0,0,1,1,1,1,1,1,0,0,0,1,
0,1,0,1,1,1,0,0,1,1,1,1,0,1,0,0,1,0,1,0,1,0,0,1,1,0,0,1,0,0,1,0,1,1,1,1,1,1,0,1,
0,0,0,0,0,1,1,0,1,0,0,0,1,1,0,0,1,0,1,0,1,0,1,0,1,0,1,0,1,1,0,1,0,1,0,1,0,0,0,1,
1,0,1,1,1,0,0,1,1,0,1,1,0,1,1,0,0,1,0,1,0,0,1,1,0,1,1,1,1,0,1,0,1,0,0,1,0,1,1,1,
1,0,1,1,0,1,1,1,0,0,1,0,1,1,0,0,1,1,1,0,0,1,1,1,0,0,1,1,1,1,0,1,0,0,1,0,0,1,0,0,
0,0,1,0,1,1,1,1,0,0,0,1,1,1,0,1,0,0,0,1,0,1,1,0,1,0,1,0,1,1,1,0,0,0,1,0,1,1,1,1,
0,0,0,1,1,1,1,0,1,1,1,0,0,1,0,0,0,0,1,1,1,0,1,1,1,0,1,1,1,1,0,0,1,1,0,0,1,1,0,0,
0,0,0,0,0,0,1,1,0,1,1,0,0,0,0,1,0,1,1,0,0,1,0,1,1,0,1,0,1,1,1,1,0,0,0,0,0,1,0,1,
1,1,1,0,1,0,0,1,1,1,1,0,0,0,0,0,1,1,1,1,0,0,1,1,0,0,1,0,0,1,0,0,0,1,1,0,0,1,1,0,
0,1,0,0,0,0,0,1,0,0,0,1,1,0,0,1,0,1,1,0,0,1,1,0,1,0,1,1,0,1,0,1,1,1,1,1,1,0,0,0,
1,0,0,0,0,0,0,1,0,1,0,1,0,0,1,1,0,1,1,0,1,1,0,0,0,1,0,0,0,0,0,1,0,1,0,0,1,0,0,1,
0,1,1,1,1,0,1,1,1,1,1,1,0,1,0,0,1,0,0,0,1,1,1,0,1,1,0,1,1,1,1,1,0,1,0,1,0,0,1,0,
========================
Output Graph: 
Number of Vertices: 40
Number of Edges: 400
Graph Density: 0.512821
0,1,0,0,0,1,0,0,1,0,1,0,0,1,0,0,0,0,0,0,1,0,0,0,1,0,0,0,1,0,0,1,1,0,0,0,0,0,0,0,
1,0,0,0,0,1,0,1,1,1,0,0,0,0,0,0,0,0,0,0,1,0,0,0,0,0,0,0,1,0,0,0,0,0,0,0,0,0,0,1,
0,0,0,0,1,0,0,0,0,1,1,1,0,0,0,1,0,0,0,0,0,0,1,0,1,0,1,0,0,0,0,1,1,1,0,0,0,0,0,1,
0,0,0,0,0,1,0,1,1,1,0,0,0,0,1,0,0,0,1,0,1,0,1,0,0,0,1,0,0,1,0,1,1,0,1,0,0,0,0,1,
0,0,1,0,0,0,1,1,1,1,1,1,0,1,0,1,0,0,1,1,1,0,0,1,1,1,0,1,1,1,0,1,1,1,1,0,1,0,0,1,
1,1,0,1,0,0,1,1,1,1,1,1,1,1,1,0,0,0,1,0,1,1,1,0,0,0,0,1,1,1,1,1,1,1,1,0,0,0,0,1,
0,0,0,0,1,1,0,1,1,0,0,1,0,1,0,0,0,0,1,1,0,0,1,0,1,0,0,1,1,0,0,0,1,1,1,0,0,0,0,1,
0,1,0,1,1,1,1,0,1,1,1,1,1,1,0,1,0,0,1,1,1,1,1,0,1,1,1,1,1,0,1,1,1,1,1,1,1,1,1,1,
1,1,0,1,1,1,1,1,0,0,1,1,0,1,1,0,0,0,0,1,1,0,1,1,1,0,1,1,1,1,1,1,1,0,1,0,1,0,0,1,
0,1,1,1,1,1,0,1,0,0,1,1,1,1,1,0,0,1,0,0,1,1,1,1,1,0,1,1,1,1,1,1,1,0,1,1,1,0,1,1,
1,0,1,0,1,1,0,1,1,1,0,1,0,0,1,1,1,1,1,0,1,0,1,1,1,1,1,0,1,1,0,1,1,1,1,1,1,0,0,1,
0,0,1,0,1,1,1,1,1,1,1,0,1,1,0,1,1,0,1,1,1,0,1,0,1,1,1,1,1,1,0,1,0,1,1,0,0,1,1,1,
0,0,0,0,0,1,0,1,0,1,0,1,0,0,0,0,1,0,0,0,1,0,1,0,1,0,1,1,1,0,1,0,1,1,0,0,0,0,0,0,
1,0,0,0,1,1,1,1,1,1,0,1,0,0,0,0,1,1,1,1,1,0,1,1,1,1,1,0,1,1,0,1,1,1,1,0,0,0,0,1,
0,0,0,1,0,1,0,0,1,1,1,0,0,0,0,0,0,0,0,0,0,0,0,0,1,0,1,0,1,0,0,1,0,0,0,0,0,0,0,0,
0,0,1,0,1,0,0,1,0,0,1,1,0,0,0,0,0,0,0,0,0,0,0,0,1,0,0,1,0,0,0,0,0,1,0,0,0,0,0,0,
0,0,0,0,0,0,0,0,0,0,1,1,1,1,0,0,0,0,0,0,0,0,1,0,1,0,1,1,1,0,1,0,1,0,0,0,0,0,0,1,
0,0,0,0,0,0,0,0,0,1,1,0,0,1,0,0,0,0,0,0,1,1,1,0,0,0,0,0,0,0,0,1,1,0,0,1,0,0,0,0,
0,0,0,1,1,1,1,1,0,0,1,1,0,1,0,0,0,0,0,1,1,1,1,1,1,0,1,1,1,1,1,1,1,0,1,1,1,1,1,1,
0,0,0,0,1,0,1,1,1,0,0,1,0,1,0,0,0,0,1,0,0,0,0,0,1,0,0,1,1,0,0,1,0,1,1,0,0,0,0,0,
1,1,0,1,1,1,0,1,1,1,1,1,1,1,0,0,0,1,1,0,0,0,1,0,1,1,1,1,1,1,1,1,1,1,1,0,0,0,1,1,
0,0,0,0,0,1,0,1,0,1,0,0,0,0,0,0,0,1,1,0,0,0,0,0,1,0,1,0,0,0,0,0,1,1,0,1,0,0,0,1,
0,0,1,1,0,1,1,1,1,1,1,1,1,1,0,0,1,1,1,0,1,0,0,1,1,0,1,1,1,1,1,1,1,1,1,0,1,1,0,1,
0,0,0,0,1,0,0,0,1,1,1,0,0,1,0,0,0,0,1,0,0,0,1,0,1,0,0,0,1,1,0,1,1,0,1,0,1,0,0,0,
1,0,1,0,1,0,1,1,1,1,1,1,1,1,1,1,1,0,1,1,1,1,1,1,0,0,0,1,1,1,1,1,1,1,1,1,0,1,0,1,
0,0,0,0,1,0,0,1,0,0,1,1,0,1,0,0,0,0,0,0,1,0,0,0,0,0,0,1,1,0,0,1,0,0,0,0,0,0,1,1,
0,0,1,1,0,0,0,1,1,1,1,1,1,1,1,0,1,0,1,0,1,1,1,0,0,0,0,1,1,1,1,1,1,1,1,1,0,1,0,1,
0,0,0,0,1,1,1,1,1,1,0,1,1,0,0,1,1,0,1,1,1,0,1,0,1,1,1,0,1,1,0,1,1,1,1,0,0,1,0,1,
1,1,0,0,1,1,1,1,1,1,1,1,1,1,1,0,1,0,1,1,1,0,1,1,1,1,1,1,0,1,1,1,1,1,1,1,0,0,0,1,
0,0,0,1,1,1,0,0,1,1,1,1,0,1,0,0,0,0,1,0,1,0,1,1,1,0,1,1,1,0,1,0,1,1,1,1,1,1,0,1,
0,0,0,0,0,1,0,1,1,1,0,0,1,0,0,0,1,0,1,0,1,0,1,0,1,0,1,0,1,1,0,1,0,1,0,0,0,0,0,1,
1,0,1,1,1,1,0,1,1,1,1,1,0,1,1,0,0,1,1,1,1,0,1,1,1,1,1,1,1,0,1,0,1,1,1,1,0,1,1,1,
1,0,1,1,1,1,1,1,1,1,1,0,1,1,0,0,1,1,1,0,1,1,1,1,1,0,1,1,1,1,0,1,0,1,1,0,0,1,0,1,
0,0,1,0,1,1,1,1,0,0,1,1,1,1,0,1,0,0,0,1,1,1,1,0,1,0,1,1,1,1,1,1,1,0,1,0,1,1,1,1,
0,0,0,1,1,1,1,1,1,1,1,1,0,1,0,0,0,0,1,1,1,0,1,1,1,0,1,1,1,1,0,1,1,1,0,0,1,1,0,0,
0,0,0,0,0,0,0,1,0,1,1,0,0,0,0,0,0,1,1,0,0,1,0,0,1,0,1,0,1,1,0,1,0,0,0,0,0,0,0,1,
0,0,0,0,1,0,0,1,1,1,1,0,0,0,0,0,0,0,1,0,0,0,1,1,0,0,0,0,0,1,0,0,0,1,1,0,0,0,0,0,
0,0,0,0,0,0,0,1,0,0,0,1,0,0,0,0,0,0,1,0,0,0,1,0,1,0,1,1,0,1,0,1,1,1,1,0,0,0,0,0,
0,0,0,0,0,0,0,1,0,1,0,1,0,0,0,0,0,0,1,0,1,0,0,0,0,1,0,0,0,0,0,1,0,1,0,0,0,0,0,1,
0,1,1,1,1,1,1,1,1,1,1,1,0,1,0,0,1,0,1,0,1,1,1,0,1,1,1,1,1,1,1,1,1,1,0,1,0,0,1,0,
Is Output Graph Empty or Complete?: 0
Ratio of Added Edges Over Added + Removed Edges: 0.504348
Changes from Input to Output: 
Removed Edge: (0, 12)
Removed Edge: (0, 14)
Removed Edge: (0, 17)
Removed Edge: (0, 19)
Removed Edge: (0, 23)
Removed Edge: (0, 25)
Removed Edge: (0, 36)
Removed Edge: (0, 38)
Removed Edge: (1, 12)
Removed Edge: (1, 15)
Removed Edge: (1, 17)
Removed Edge: (1, 21)
Removed Edge: (1, 23)
Removed Edge: (1, 29)
Removed Edge: (1, 36)
Removed Edge: (1, 37)
Removed Edge: (2, 21)
Removed Edge: (2, 25)
Removed Edge: (2, 36)
Removed Edge: (3, 6)
Removed Edge: (3, 15)
Removed Edge: (3, 21)
Added Edge: (4, 28)
Added Edge: (4, 32)
Added Edge: (5, 8)
Added Edge: (5, 13)
Added Edge: (5, 27)
Added Edge: (5, 31)
Added Edge: (5, 39)
Removed Edge: (6, 23)
Removed Edge: (6, 30)
Removed Edge: (6, 35)
Added Edge: (7, 9)
Added Edge: (7, 13)
Added Edge: (7, 24)
Added Edge: (7, 30)
Added Edge: (7, 34)
Added Edge: (8, 10)
Added Edge: (8, 11)
Added Edge: (8, 20)
Added Edge: (8, 24)
Added Edge: (8, 32)
Added Edge: (9, 13)
Added Edge: (9, 22)
Added Edge: (9, 24)
Added Edge: (9, 28)
Added Edge: (9, 30)
Added Edge: (9, 31)
Added Edge: (9, 32)
Added Edge: (10, 20)
Added Edge: (10, 33)
Added Edge: (11, 18)
Added Edge: (11, 22)
Added Edge: (11, 26)
Added Edge: (11, 28)
Added Edge: (11, 34)
Removed Edge: (12, 14)
Removed Edge: (12, 37)
Added Edge: (13, 20)
Removed Edge: (13, 21)
Added Edge: (13, 26)
Added Edge: (13, 28)
Removed Edge: (13, 30)
Removed Edge: (14, 16)
Removed Edge: (14, 25)
Removed Edge: (14, 38)
Removed Edge: (15, 17)
Removed Edge: (15, 21)
Removed Edge: (15, 35)
Removed Edge: (15, 37)
Removed Edge: (15, 38)
Removed Edge: (16, 17)
Removed Edge: (16, 19)
Removed Edge: (16, 25)
Removed Edge: (16, 29)
Removed Edge: (16, 36)
Removed Edge: (17, 19)
Removed Edge: (17, 23)
Removed Edge: (17, 36)
Removed Edge: (17, 37)
Removed Edge: (17, 38)
Added Edge: (18, 21)
Added Edge: (18, 22)
Added Edge: (18, 24)
Added Edge: (18, 31)
Added Edge: (18, 39)
Removed Edge: (19, 25)
Removed Edge: (19, 36)
Added Edge: (20, 22)
Added Edge: (20, 27)
Added Edge: (20, 31)
Added Edge: (20, 32)
Added Edge: (20, 33)
Removed Edge: (21, 37)
Removed Edge: (21, 38)
Added Edge: (22, 24)
Added Edge: (22, 28)
Added Edge: (22, 29)
Removed Edge: (23, 35)
Added Edge: (24, 28)
Added Edge: (24, 31)
Added Edge: (24, 32)
Added Edge: (26, 29)
Removed Edge: (26, 36)
Added Edge: (26, 39)
Added Edge: (27, 33)
Added Edge: (28, 29)
Removed Edge: (30, 35)
Added Edge: (31, 33)
Added Edge: (31, 34)
Added Edge: (32, 33)
Added Edge: (32, 39)
Removed Edge: (35, 37)
Removed Edge: (36, 37)
Removed Edge: (36, 38)
========================
