========================
TIME_LIMIT_SECONDS: 900
ODD_HOLE_TERMINATION_PERCENTAGE: 999
N_THREADS: 24
IS_RUNNING_HEURISTIC_ON_CANDIDATE: 1
IS_RUNNING_HEURISTIC_ON_RELAXATION: 0
ADD_ALL_AT_START: 0
========================
Wall-Clock Runtime (ms): 900846
Calculated Odd Hole Termination Batch Size: 0
Total Time of All Workers in OddHoleAlg (nano): 361983344
Total Time of All Workers in OddHoleAlg (ms): 361
OddHoleAlg calls: 162
Number of Found Odd-Holes: 18559
Number of Found Odd Anti-Holes: 74517
Is Optimal? (1e-6): 0
Optimality Gap: 0.408059
Objective Value: 53
Number of Feasible Solutions Found: 81
Number of Times Heuristic is Called: 78
Total number of added OH and OHbar Cuts: 93076
Number of Explored B&C tree nodes: 74002
Number of Unexplored B&C tree nodes: 59075
========================
Input Graph:
Number of Vertices: 35
Erdos Renyi p Parameter: 0.75
Number of Edges: 453
Expected No of Odd Holes: 903
Expected No of Odd Anti Holes: 5546
ODD_HOLE_TERMINATION_BATCH_SIZE: 0
Graph Density: 0.761345
0,1,0,1,1,1,0,0,1,1,0,1,1,1,1,1,1,1,1,1,1,1,1,0,1,1,1,1,1,1,1,0,1,0,1,
1,0,1,0,1,1,1,1,1,1,1,1,1,1,1,1,0,1,0,1,1,1,0,0,1,1,0,1,1,1,1,1,1,1,1,
0,1,0,1,1,1,1,1,1,1,1,1,0,1,1,1,1,1,1,1,1,0,1,0,0,1,0,1,1,1,0,1,0,1,1,
1,0,1,0,1,1,1,1,1,0,1,0,1,1,1,1,1,1,1,1,1,1,1,1,1,1,1,1,1,1,1,1,0,1,1,
1,1,1,1,0,1,1,0,1,1,0,0,1,1,1,1,1,0,1,0,1,1,1,0,1,0,0,1,1,1,0,1,1,1,1,
1,1,1,1,1,0,1,0,1,1,1,1,1,1,1,1,1,1,1,1,1,0,1,0,1,0,1,1,1,1,1,1,1,1,1,
0,1,1,1,1,1,0,1,1,1,0,1,1,1,1,0,1,1,1,1,1,1,1,1,0,0,1,1,1,1,1,1,0,1,1,
0,1,1,1,0,0,1,0,1,1,0,1,0,1,1,1,1,1,1,1,1,1,1,1,1,1,1,1,1,1,1,0,1,1,0,
1,1,1,1,1,1,1,1,0,1,1,1,1,0,1,0,1,1,1,1,1,1,0,0,1,1,1,1,1,1,0,1,1,1,0,
1,1,1,0,1,1,1,1,1,0,1,0,1,1,1,1,0,0,1,0,1,0,1,0,0,1,0,0,0,0,1,1,1,0,1,
0,1,1,1,0,1,0,0,1,1,0,1,1,1,0,1,1,1,1,1,1,0,1,1,1,0,1,1,1,1,1,0,1,1,1,
1,1,1,0,0,1,1,1,1,0,1,0,1,1,1,1,0,1,1,1,1,1,1,0,1,0,1,1,1,1,1,1,1,0,1,
1,1,0,1,1,1,1,0,1,1,1,1,0,1,0,1,1,1,0,1,1,1,1,1,1,0,1,1,1,1,1,1,1,1,1,
1,1,1,1,1,1,1,1,0,1,1,1,1,0,1,0,0,1,0,1,1,1,1,1,1,0,1,0,1,0,1,0,1,1,1,
1,1,1,1,1,1,1,1,1,1,0,1,0,1,0,1,1,1,1,1,1,1,0,1,1,0,1,0,1,0,1,0,0,1,1,
1,1,1,1,1,1,0,1,0,1,1,1,1,0,1,0,1,1,1,1,1,0,1,1,1,1,1,1,0,1,1,1,1,1,1,
1,0,1,1,1,1,1,1,1,0,1,0,1,0,1,1,0,0,1,1,1,0,0,1,1,1,0,0,0,1,0,1,1,1,1,
1,1,1,1,0,1,1,1,1,0,1,1,1,1,1,1,0,0,0,0,1,1,0,1,1,1,1,1,0,1,1,1,1,1,1,
1,0,1,1,1,1,1,1,1,1,1,1,0,0,1,1,1,0,0,0,1,1,1,1,0,0,1,1,1,1,0,1,1,1,0,
1,1,1,1,0,1,1,1,1,0,1,1,1,1,1,1,1,0,0,0,0,1,0,1,1,0,1,1,1,0,1,0,1,1,1,
1,1,1,1,1,1,1,1,1,1,1,1,1,1,1,1,1,1,1,0,0,1,1,1,0,0,0,1,1,1,0,1,1,0,1,
1,1,0,1,1,0,1,1,1,0,0,1,1,1,1,0,0,1,1,1,1,0,1,0,1,1,0,1,1,1,0,1,1,1,1,
1,0,1,1,1,1,1,1,0,1,1,1,1,1,0,1,0,0,1,0,1,1,0,1,1,1,0,0,1,1,1,0,1,0,1,
0,0,0,1,0,0,1,1,0,0,1,0,1,1,1,1,1,1,1,1,1,0,1,0,0,1,1,1,1,0,0,1,0,1,0,
1,1,0,1,1,1,0,1,1,0,1,1,1,1,1,1,1,1,0,1,0,1,1,0,0,1,1,1,0,1,0,1,0,1,1,
1,1,1,1,0,0,0,1,1,1,0,0,0,0,0,1,1,1,0,0,0,1,1,1,1,0,1,1,1,0,1,1,1,1,0,
1,0,0,1,0,1,1,1,1,0,1,1,1,1,1,1,0,1,1,1,0,0,0,1,1,1,0,1,0,1,0,1,1,0,1,
1,1,1,1,1,1,1,1,1,0,1,1,1,0,0,1,0,1,1,1,1,1,0,1,1,1,1,0,1,1,0,1,1,1,1,
1,1,1,1,1,1,1,1,1,0,1,1,1,1,1,0,0,0,1,1,1,1,1,1,0,1,0,1,0,1,1,1,1,1,1,
1,1,1,1,1,1,1,1,1,0,1,1,1,0,0,1,1,1,1,0,1,1,1,0,1,0,1,1,1,0,1,1,0,1,1,
1,1,0,1,0,1,1,1,0,1,1,1,1,1,1,1,0,1,0,1,0,0,1,0,0,1,0,0,1,1,0,0,0,1,1,
0,1,1,1,1,1,1,0,1,1,0,1,1,0,0,1,1,1,1,0,1,1,0,1,1,1,1,1,1,1,0,0,0,1,1,
1,1,0,0,1,1,0,1,1,1,1,1,1,1,0,1,1,1,1,1,1,1,1,0,0,1,1,1,1,0,0,0,0,1,0,
0,1,1,1,1,1,1,1,1,0,1,0,1,1,1,1,1,1,1,1,0,1,0,1,1,1,0,1,1,1,1,1,1,0,0,
1,1,1,1,1,1,1,0,0,1,1,1,1,1,1,1,1,1,0,1,1,1,1,0,1,0,1,1,1,1,1,1,0,0,0,
========================
Output Graph: 
Number of Vertices: 35
Number of Edges: 488
Graph Density: 0.820168
0,1,1,1,1,1,0,0,1,1,0,1,1,1,1,1,1,1,1,1,1,1,1,0,1,0,1,1,1,1,1,0,1,1,1,
1,0,1,0,1,1,1,1,1,1,1,1,1,1,1,1,0,1,0,1,1,1,1,0,1,0,0,1,1,1,1,1,1,1,1,
1,1,0,1,1,1,1,1,1,1,1,1,1,1,1,1,0,1,1,1,1,0,1,0,0,1,0,1,1,1,0,1,1,1,1,
1,0,1,0,1,1,1,1,1,0,1,0,1,1,1,1,1,1,1,1,1,1,1,1,1,1,1,1,1,1,1,1,1,1,1,
1,1,1,1,0,1,1,0,1,1,0,1,1,1,1,1,1,1,1,1,1,1,1,0,1,0,1,1,1,1,1,1,1,1,1,
1,1,1,1,1,0,1,0,1,1,1,1,1,1,1,1,1,1,1,1,1,1,1,0,1,0,1,1,1,1,1,1,1,1,1,
0,1,1,1,1,1,0,1,1,1,0,1,1,1,1,1,1,1,1,1,1,1,1,1,1,0,1,1,1,1,1,1,1,1,1,
0,1,1,1,0,0,1,0,1,1,0,1,0,1,0,1,1,1,1,1,1,1,1,1,1,1,1,1,1,1,1,1,1,1,0,
1,1,1,1,1,1,1,1,0,1,1,1,1,0,1,0,1,1,1,1,1,1,0,1,1,1,1,1,1,1,0,1,1,1,0,
1,1,1,0,1,1,1,1,1,0,1,0,1,1,1,1,0,0,1,1,1,1,1,0,0,1,0,0,0,1,1,1,1,0,1,
0,1,1,1,0,1,0,0,1,1,0,1,1,1,0,1,1,1,1,1,1,1,1,1,1,0,1,1,1,1,1,1,1,1,0,
1,1,1,0,1,1,1,1,1,0,1,0,1,1,1,1,0,1,1,1,1,1,1,0,1,1,0,1,1,1,1,1,1,0,1,
1,1,1,1,1,1,1,0,1,1,1,1,0,1,1,1,1,1,0,1,1,1,1,1,1,0,1,1,1,1,1,1,1,1,1,
1,1,1,1,1,1,1,1,0,1,1,1,1,0,1,0,0,1,0,1,1,1,1,1,1,0,1,0,1,0,1,0,1,1,1,
1,1,1,1,1,1,1,0,1,1,0,1,1,1,0,1,0,1,1,1,1,1,1,1,1,0,1,0,1,0,1,0,0,1,1,
1,1,1,1,1,1,1,1,0,1,1,1,1,0,1,0,1,1,1,1,1,1,1,1,1,1,1,1,1,1,1,1,1,1,1,
1,0,0,1,1,1,1,1,1,0,1,0,1,0,0,1,0,0,1,1,1,0,0,1,1,1,0,0,0,1,0,1,1,1,1,
1,1,1,1,1,1,1,1,1,0,1,1,1,1,1,1,0,0,1,1,1,1,0,1,1,1,1,1,0,1,1,1,1,1,1,
1,0,1,1,1,1,1,1,1,1,1,1,0,0,1,1,1,1,0,0,1,1,1,1,1,0,1,1,1,1,0,1,1,1,0,
1,1,1,1,1,1,1,1,1,1,1,1,1,1,1,1,1,1,0,0,1,1,1,1,1,0,1,1,1,0,1,0,1,1,1,
1,1,1,1,1,1,1,1,1,1,1,1,1,1,1,1,1,1,1,1,0,1,1,1,0,1,0,1,1,1,1,1,1,0,1,
1,1,0,1,1,1,1,1,1,1,1,1,1,1,1,1,0,1,1,1,1,0,1,0,1,1,0,1,1,1,0,1,1,1,1,
1,1,1,1,1,1,1,1,0,1,1,1,1,1,1,1,0,0,1,1,1,1,0,1,1,1,0,0,1,1,1,0,1,0,1,
0,0,0,1,0,0,1,1,1,0,1,0,1,1,1,1,1,1,1,1,1,0,1,0,1,1,1,1,0,1,0,1,1,1,1,
1,1,0,1,1,1,1,1,1,0,1,1,1,1,1,1,1,1,1,1,0,1,1,1,0,1,1,1,0,1,0,1,1,1,1,
0,0,1,1,0,0,0,1,1,1,0,1,0,0,0,1,1,1,0,0,1,1,1,1,1,0,1,1,1,0,0,1,1,1,0,
1,0,0,1,1,1,1,1,1,0,1,0,1,1,1,1,0,1,1,1,0,0,0,1,1,1,0,1,0,1,0,1,1,0,1,
1,1,1,1,1,1,1,1,1,0,1,1,1,0,0,1,0,1,1,1,1,1,0,1,1,1,1,0,1,1,1,1,1,1,1,
1,1,1,1,1,1,1,1,1,0,1,1,1,1,1,1,0,0,1,1,1,1,1,0,0,1,0,1,0,1,1,1,1,1,1,
1,1,1,1,1,1,1,1,1,1,1,1,1,0,0,1,1,1,1,0,1,1,1,1,1,0,1,1,1,0,1,1,1,1,1,
1,1,0,1,1,1,1,1,0,1,1,1,1,1,1,1,0,1,0,1,1,0,1,0,0,0,0,1,1,1,0,1,0,1,1,
0,1,1,1,1,1,1,1,1,1,1,1,1,0,0,1,1,1,1,0,1,1,0,1,1,1,1,1,1,1,1,0,1,1,1,
1,1,1,1,1,1,1,1,1,1,1,1,1,1,0,1,1,1,1,1,1,1,1,1,1,1,1,1,1,1,0,1,0,1,0,
1,1,1,1,1,1,1,1,1,0,1,0,1,1,1,1,1,1,1,1,0,1,0,1,1,1,0,1,1,1,1,1,1,0,1,
1,1,1,1,1,1,1,0,0,1,0,1,1,1,1,1,1,1,0,1,1,1,1,1,1,0,1,1,1,1,1,1,0,1,0,
Is Output Graph Empty or Complete?: 0
Ratio of Added Edges Over Added + Removed Edges: 0.830189
Changes from Input to Output: 
Added Edge: (0, 2)
Removed Edge: (0, 25)
Added Edge: (0, 33)
Added Edge: (1, 22)
Removed Edge: (1, 25)
Added Edge: (2, 12)
Removed Edge: (2, 16)
Added Edge: (2, 32)
Added Edge: (3, 32)
Added Edge: (4, 11)
Added Edge: (4, 17)
Added Edge: (4, 19)
Added Edge: (4, 26)
Added Edge: (4, 30)
Added Edge: (5, 21)
Added Edge: (6, 15)
Added Edge: (6, 24)
Added Edge: (6, 32)
Removed Edge: (7, 14)
Added Edge: (7, 31)
Added Edge: (8, 23)
Added Edge: (9, 19)
Added Edge: (9, 21)
Added Edge: (9, 29)
Added Edge: (10, 21)
Added Edge: (10, 31)
Removed Edge: (10, 34)
Added Edge: (11, 25)
Removed Edge: (11, 26)
Added Edge: (12, 14)
Removed Edge: (14, 16)
Added Edge: (14, 22)
Added Edge: (15, 21)
Added Edge: (15, 28)
Added Edge: (17, 18)
Added Edge: (17, 19)
Added Edge: (18, 24)
Added Edge: (19, 20)
Added Edge: (19, 22)
Added Edge: (20, 25)
Added Edge: (20, 30)
Added Edge: (23, 24)
Removed Edge: (23, 28)
Added Edge: (23, 29)
Added Edge: (23, 32)
Added Edge: (23, 34)
Added Edge: (24, 32)
Removed Edge: (25, 30)
Added Edge: (27, 30)
Added Edge: (29, 32)
Added Edge: (30, 31)
Added Edge: (31, 32)
Added Edge: (33, 34)
========================
