========================
TIME_LIMIT_SECONDS: 900
ODD_HOLE_TERMINATION_PERCENTAGE: 999
N_THREADS: 24
IS_RUNNING_HEURISTIC_ON_CANDIDATE: 1
IS_RUNNING_HEURISTIC_ON_RELAXATION: 1
ADD_ALL_AT_START: 1
========================
Wall-Clock Runtime (ms): 900205
Calculated Odd Hole Termination Batch Size: 0
Total Time of All Workers in OddHoleAlg (nano): 102645956
Total Time of All Workers in OddHoleAlg (ms): 102
OddHoleAlg calls: 44
Number of Found Odd-Holes: 37497
Number of Found Odd Anti-Holes: 199
Is Optimal? (1e-6): 0
Optimality Gap: 0.397109
Objective Value: 124
Number of Feasible Solutions Found: 1068
Number of Times Heuristic is Called: 1066
Total number of added OH and OHbar Cuts: 37696
Number of Explored B&C tree nodes: 5195
Number of Unexplored B&C tree nodes: 25
========================
Input Graph:
Number of Vertices: 40
Erdos Renyi p Parameter: 0.5
Number of Edges: 389
Expected No of Odd Holes: 10991
Expected No of Odd Anti Holes: 3280
ODD_HOLE_TERMINATION_BATCH_SIZE: 0
Graph Density: 0.498718
0,1,0,1,0,1,0,0,1,1,1,0,0,0,0,0,0,1,1,1,0,0,0,0,1,1,1,1,1,1,0,0,1,0,0,0,0,1,0,1,
1,0,0,1,1,0,0,1,1,0,0,1,0,0,1,0,0,0,0,1,0,1,0,1,1,0,0,0,1,0,0,0,1,1,0,1,1,1,1,1,
0,0,0,0,1,0,0,1,0,1,0,0,0,0,1,0,1,1,0,1,0,1,0,1,1,1,1,1,1,0,1,0,1,1,1,0,0,0,1,0,
1,1,0,0,0,0,0,0,1,0,0,1,0,0,0,1,0,1,1,0,1,0,0,0,1,0,0,1,1,1,1,1,1,1,1,1,1,0,1,1,
0,1,1,0,0,1,0,0,1,0,1,1,0,1,1,0,1,0,1,0,1,0,1,1,1,1,0,1,1,0,0,1,1,0,0,1,1,0,0,1,
1,0,0,0,1,0,0,1,0,0,1,0,0,1,1,1,1,0,0,0,0,0,1,1,0,0,1,0,1,1,0,0,0,1,1,1,0,0,1,0,
0,0,0,0,0,0,0,1,1,1,0,0,1,1,0,0,0,1,0,1,1,1,0,0,0,1,1,0,0,1,1,0,1,0,1,1,0,1,0,0,
0,1,1,0,0,1,1,0,0,0,1,1,1,1,0,0,0,0,1,0,1,1,0,0,0,1,0,1,1,0,1,1,0,0,0,0,0,0,1,1,
1,1,0,1,1,0,1,0,0,0,0,1,0,0,0,0,0,0,0,1,1,0,1,0,1,1,1,0,1,1,1,1,1,1,0,1,0,0,1,0,
1,0,1,0,0,0,1,0,0,0,0,0,1,0,0,1,1,1,0,0,0,0,0,0,1,0,0,1,0,0,0,1,0,0,1,1,1,1,0,1,
1,0,0,0,1,1,0,1,0,0,0,1,1,0,0,0,0,1,1,0,1,1,0,1,1,1,1,1,0,1,0,0,0,0,0,1,1,1,0,0,
0,1,0,1,1,0,0,1,1,0,1,0,0,1,1,1,1,0,1,1,1,1,1,0,1,1,1,1,1,1,1,1,1,0,1,0,1,1,0,1,
0,0,0,0,0,0,1,1,0,1,1,0,0,0,0,0,1,1,0,0,0,0,1,1,0,0,0,1,1,0,0,0,1,1,0,1,0,1,1,1,
0,0,0,0,1,1,1,1,0,0,0,1,0,0,0,0,0,0,0,0,1,1,1,1,1,0,1,0,1,1,0,0,1,0,1,0,0,1,1,0,
0,1,1,0,1,1,0,0,0,0,0,1,0,0,0,1,1,0,1,1,0,1,1,0,0,0,1,1,0,0,1,1,0,0,1,0,1,1,1,1,
0,0,0,1,0,1,0,0,0,1,0,1,0,0,1,0,1,1,0,0,1,0,0,1,1,0,0,0,1,1,0,1,0,0,0,1,0,1,1,1,
0,0,1,0,1,1,0,0,0,1,0,1,1,0,1,1,0,1,1,1,1,1,1,0,0,0,0,0,0,0,1,0,0,0,0,0,0,1,1,0,
1,0,1,1,0,0,1,0,0,1,1,0,1,0,0,1,1,0,0,1,1,1,0,0,0,1,1,0,0,1,0,1,0,1,1,0,0,0,0,1,
1,0,0,1,1,0,0,1,0,0,1,1,0,0,1,0,1,0,0,0,1,0,0,0,1,0,1,0,1,1,0,1,0,1,0,1,1,0,1,0,
1,1,1,0,0,0,1,0,1,0,0,1,0,0,1,0,1,1,0,0,1,0,1,1,0,1,0,1,0,1,1,1,1,0,1,1,0,1,1,0,
0,0,0,1,1,0,1,1,1,0,1,1,0,1,0,1,1,1,1,1,0,0,1,0,1,1,0,0,0,0,1,0,0,1,0,0,1,1,0,0,
0,1,1,0,0,0,1,1,0,0,1,1,0,1,1,0,1,1,0,0,0,0,1,0,0,0,1,0,1,1,1,1,1,0,1,1,0,1,1,1,
0,0,0,0,1,1,0,0,1,0,0,1,1,1,1,0,1,0,0,1,1,1,0,1,1,0,1,1,1,0,0,0,0,1,0,1,0,1,0,0,
0,1,1,0,1,1,0,0,0,0,1,0,1,1,0,1,0,0,0,1,0,0,1,0,1,0,0,0,0,1,0,1,0,0,1,1,1,0,1,1,
1,1,1,1,1,0,0,0,1,1,1,1,0,1,0,1,0,0,1,0,1,0,1,1,0,1,0,1,0,0,1,0,0,1,1,1,0,0,1,1,
1,0,1,0,1,0,1,1,1,0,1,1,0,0,0,0,0,1,0,1,1,0,0,0,1,0,1,1,1,0,1,1,0,0,1,0,1,1,0,0,
1,0,1,0,0,1,1,0,1,0,1,1,0,1,1,0,0,1,1,0,0,1,1,0,0,1,0,0,1,1,1,0,0,1,0,0,1,1,0,0,
1,0,1,1,1,0,0,1,0,1,1,1,1,0,1,0,0,0,0,1,0,0,1,0,1,1,0,0,0,0,0,0,0,1,0,0,0,0,0,1,
1,1,1,1,1,1,0,1,1,0,0,1,1,1,0,1,0,0,1,0,0,1,1,0,0,1,1,0,0,0,0,0,1,0,1,0,0,0,1,0,
1,0,0,1,0,1,1,0,1,0,1,1,0,1,0,1,0,1,1,1,0,1,0,1,0,0,1,0,0,0,0,1,1,0,1,0,1,1,0,1,
0,0,1,1,0,0,1,1,1,0,0,1,0,0,1,0,1,0,0,1,1,1,0,0,1,1,1,0,0,0,0,0,0,0,0,0,1,1,0,0,
0,0,0,1,1,0,0,1,1,1,0,1,0,0,1,1,0,1,1,1,0,1,0,1,0,1,0,0,0,1,0,0,1,1,1,1,1,0,1,0,
1,1,1,1,1,0,1,0,1,0,0,1,1,1,0,0,0,0,0,1,0,1,0,0,0,0,0,0,1,1,0,1,0,1,0,1,1,1,0,1,
0,1,1,1,0,1,0,0,1,0,0,0,1,0,0,0,0,1,1,0,1,0,1,0,1,0,1,1,0,0,0,1,1,0,0,1,1,1,0,1,
0,0,1,1,0,1,1,0,0,1,0,1,0,1,1,0,0,1,0,1,0,1,0,1,1,1,0,0,1,1,0,1,0,0,0,0,0,0,1,0,
0,1,0,1,1,1,1,0,1,1,1,0,1,0,0,1,0,0,1,1,0,1,1,1,1,0,0,0,0,0,0,1,1,1,0,0,1,0,1,0,
0,1,0,1,1,0,0,0,0,1,1,1,0,0,1,0,0,0,1,0,1,0,0,1,0,1,1,0,0,1,1,1,1,1,0,1,0,1,1,0,
1,1,0,0,0,0,1,0,0,1,1,1,1,1,1,1,1,0,0,1,1,1,1,0,0,1,1,0,0,1,1,0,1,1,0,0,1,0,0,1,
0,1,1,1,0,1,0,1,1,0,0,0,1,1,1,1,1,0,1,1,0,1,0,1,1,0,0,0,1,0,0,1,0,0,1,1,1,0,0,1,
1,1,0,1,1,0,0,1,0,1,0,1,1,0,1,1,0,1,0,0,0,1,0,1,1,0,0,1,0,1,0,0,1,1,0,0,0,1,1,0,
========================
Output Graph: 
Number of Vertices: 40
Number of Edges: 391
Graph Density: 0.501282
0,0,0,1,0,0,0,0,1,0,1,0,0,0,0,0,0,1,0,1,0,0,0,0,1,1,1,1,1,1,0,0,0,0,0,0,0,1,0,1,
0,0,0,1,1,0,0,0,1,0,0,1,0,0,0,0,0,0,0,1,0,1,0,0,1,0,0,0,1,0,0,0,1,1,0,1,1,1,1,1,
0,0,0,1,1,0,0,1,1,1,1,1,0,0,1,0,1,1,0,1,1,1,0,1,1,1,1,1,1,1,1,1,1,1,1,1,0,1,1,1,
1,1,1,0,0,0,0,0,1,0,1,1,0,0,0,0,0,1,1,0,1,0,0,0,1,1,1,1,1,1,1,1,1,1,1,1,1,1,1,1,
0,1,1,0,0,1,0,0,1,0,1,1,0,1,1,0,1,1,1,0,1,0,1,1,1,1,1,1,1,1,0,1,1,0,0,1,1,1,1,1,
0,0,0,0,1,0,0,0,0,0,1,0,0,1,0,0,0,0,0,0,0,0,1,0,0,0,1,0,1,1,0,0,0,0,0,1,0,0,1,0,
0,0,0,0,0,0,0,0,1,0,0,0,0,0,0,0,0,0,0,1,1,1,0,0,0,1,1,0,0,1,1,0,0,0,0,1,0,1,0,0,
0,0,1,0,0,0,0,0,0,0,1,1,0,0,0,0,0,0,0,0,1,1,0,0,0,1,0,0,1,0,0,1,0,0,0,0,0,0,1,1,
1,1,1,1,1,0,1,0,0,0,1,1,0,0,0,0,0,0,0,1,1,1,1,0,1,1,1,0,1,1,1,1,1,1,0,1,0,1,1,1,
0,0,1,0,0,0,0,0,0,0,0,0,0,0,0,1,1,1,0,0,0,0,0,0,1,0,0,0,0,0,0,1,0,0,0,1,0,1,0,1,
1,0,1,1,1,1,0,1,1,0,0,1,1,0,0,1,0,1,1,1,1,1,0,1,1,1,1,1,1,1,0,0,0,1,0,1,1,1,1,0,
0,1,1,1,1,0,0,1,1,0,1,0,0,1,1,1,1,1,1,1,1,1,1,0,1,1,1,1,1,1,1,1,1,0,1,1,1,1,1,1,
0,0,0,0,0,0,0,0,0,0,1,0,0,0,0,0,0,1,0,0,0,0,0,0,0,0,0,0,1,0,0,0,0,1,0,1,0,1,1,1,
0,0,0,0,1,1,0,0,0,0,0,1,0,0,0,0,0,0,0,0,1,1,1,0,1,0,1,0,1,1,0,0,0,0,0,0,0,1,1,0,
0,0,1,0,1,0,0,0,0,0,0,1,0,0,0,1,0,0,0,1,0,1,0,0,0,0,0,0,0,0,0,1,0,0,0,0,0,1,1,1,
0,0,0,0,0,0,0,0,0,1,1,1,0,0,1,0,1,1,0,0,1,0,0,1,1,0,0,0,1,1,0,1,0,0,0,1,0,1,1,1,
0,0,1,0,1,0,0,0,0,1,0,1,0,0,0,1,0,1,0,1,0,1,0,0,0,0,0,0,0,0,0,0,0,0,0,0,0,1,1,0,
1,0,1,1,1,0,0,0,0,1,1,1,1,0,0,1,1,0,0,1,1,1,0,0,0,1,1,0,0,1,0,1,0,1,1,1,0,0,1,1,
0,0,0,1,1,0,0,0,0,0,1,1,0,0,0,0,0,0,0,0,1,0,0,0,1,0,1,0,1,0,0,1,0,1,0,1,0,0,1,0,
1,1,1,0,0,0,1,0,1,0,1,1,0,0,1,0,1,1,0,0,1,0,1,1,1,1,1,1,1,1,1,1,1,0,1,1,0,1,1,1,
0,0,1,1,1,0,1,1,1,0,1,1,0,1,0,1,0,1,1,1,0,1,1,0,1,1,0,0,1,1,1,0,0,1,0,1,1,1,1,0,
0,1,1,0,0,0,1,1,1,0,1,1,0,1,1,0,1,1,0,0,1,0,1,0,1,1,1,0,1,1,1,1,1,0,1,1,0,1,1,1,
0,0,0,0,1,1,0,0,1,0,0,1,0,1,0,0,0,0,0,1,1,1,0,0,1,0,1,0,1,0,0,0,0,0,0,1,0,1,0,0,
0,0,1,0,1,0,0,0,0,0,1,0,0,0,0,1,0,0,0,1,0,0,0,0,1,0,0,0,0,1,0,1,0,0,0,1,0,0,1,1,
1,1,1,1,1,0,0,0,1,1,1,1,0,1,0,1,0,0,1,1,1,1,1,1,0,1,1,1,0,1,1,1,0,1,1,1,0,0,1,1,
1,0,1,1,1,0,1,1,1,0,1,1,0,0,0,0,0,1,0,1,1,1,0,0,1,0,1,1,1,0,1,1,0,0,1,1,1,1,0,1,
1,0,1,1,1,1,1,0,1,0,1,1,0,1,0,0,0,1,1,1,0,1,1,0,1,1,0,0,1,1,1,0,0,1,0,1,1,1,1,0,
1,0,1,1,1,0,0,0,0,0,1,1,0,0,0,0,0,0,0,1,0,0,0,0,1,1,0,0,0,0,0,0,0,0,0,0,0,0,0,1,
1,1,1,1,1,1,0,1,1,0,1,1,1,1,0,1,0,0,1,1,1,1,1,0,0,1,1,0,0,1,0,1,1,1,1,1,0,0,1,1,
1,0,1,1,1,1,1,0,1,0,1,1,0,1,0,1,0,1,0,1,1,1,0,1,1,0,1,0,1,0,0,1,1,0,1,1,1,1,0,1,
0,0,1,1,0,0,1,0,1,0,0,1,0,0,0,0,0,0,0,1,1,1,0,0,1,1,1,0,0,0,0,0,0,0,0,0,0,1,0,0,
0,0,1,1,1,0,0,1,1,1,0,1,0,0,1,1,0,1,1,1,0,1,0,1,1,1,0,0,1,1,0,0,1,1,1,1,1,1,1,0,
0,1,1,1,1,0,0,0,1,0,0,1,0,0,0,0,0,0,0,1,0,1,0,0,0,0,0,0,1,1,0,1,0,1,0,1,1,1,1,1,
0,1,1,1,0,0,0,0,1,0,1,0,1,0,0,0,0,1,1,0,1,0,0,0,1,0,1,0,1,0,0,1,1,0,0,1,1,1,0,1,
0,0,1,1,0,0,0,0,0,0,0,1,0,0,0,0,0,1,0,1,0,1,0,0,1,1,0,0,1,1,0,1,0,0,0,0,0,0,1,0,
0,1,1,1,1,1,1,0,1,1,1,1,1,0,0,1,0,1,1,1,1,1,1,1,1,1,1,0,1,1,0,1,1,1,0,0,1,1,1,1,
0,1,0,1,1,0,0,0,0,0,1,1,0,0,0,0,0,0,0,0,1,0,0,0,0,1,1,0,0,1,0,1,1,1,0,1,0,1,1,1,
1,1,1,1,1,0,1,0,1,1,1,1,1,1,1,1,1,0,0,1,1,1,1,0,0,1,1,0,0,1,1,1,1,1,0,1,1,0,1,1,
0,1,1,1,1,1,0,1,1,0,1,1,1,1,1,1,1,1,1,1,1,1,0,1,1,0,1,0,1,0,0,1,1,0,1,1,1,1,0,1,
1,1,1,1,1,0,0,1,1,1,0,1,1,0,1,1,0,1,0,1,0,1,0,1,1,1,0,1,1,1,0,0,1,1,0,1,1,1,1,0,
Is Output Graph Empty or Complete?: 0
Ratio of Added Edges Over Added + Removed Edges: 0.508065
Changes from Input to Output: 
Removed Edge: (0, 1)
Removed Edge: (0, 5)
Removed Edge: (0, 9)
Removed Edge: (0, 18)
Removed Edge: (0, 32)
Removed Edge: (1, 7)
Removed Edge: (1, 14)
Removed Edge: (1, 23)
Added Edge: (2, 3)
Added Edge: (2, 8)
Added Edge: (2, 10)
Added Edge: (2, 11)
Added Edge: (2, 20)
Added Edge: (2, 29)
Added Edge: (2, 31)
Added Edge: (2, 35)
Added Edge: (2, 37)
Added Edge: (2, 39)
Added Edge: (3, 10)
Removed Edge: (3, 15)
Added Edge: (3, 25)
Added Edge: (3, 26)
Added Edge: (3, 37)
Added Edge: (4, 17)
Added Edge: (4, 26)
Added Edge: (4, 29)
Added Edge: (4, 37)
Added Edge: (4, 38)
Removed Edge: (5, 7)
Removed Edge: (5, 14)
Removed Edge: (5, 15)
Removed Edge: (5, 16)
Removed Edge: (5, 23)
Removed Edge: (5, 33)
Removed Edge: (5, 34)
Removed Edge: (6, 7)
Removed Edge: (6, 9)
Removed Edge: (6, 12)
Removed Edge: (6, 13)
Removed Edge: (6, 17)
Removed Edge: (6, 32)
Removed Edge: (6, 34)
Removed Edge: (7, 12)
Removed Edge: (7, 13)
Removed Edge: (7, 18)
Removed Edge: (7, 27)
Removed Edge: (7, 30)
Added Edge: (8, 10)
Added Edge: (8, 21)
Added Edge: (8, 37)
Added Edge: (8, 39)
Removed Edge: (9, 12)
Removed Edge: (9, 27)
Removed Edge: (9, 34)
Removed Edge: (9, 36)
Added Edge: (10, 15)
Added Edge: (10, 19)
Added Edge: (10, 28)
Added Edge: (10, 33)
Added Edge: (10, 38)
Added Edge: (11, 17)
Added Edge: (11, 35)
Added Edge: (11, 38)
Removed Edge: (12, 16)
Removed Edge: (12, 22)
Removed Edge: (12, 23)
Removed Edge: (12, 27)
Removed Edge: (12, 32)
Removed Edge: (13, 23)
Removed Edge: (13, 32)
Removed Edge: (13, 34)
Removed Edge: (14, 16)
Removed Edge: (14, 18)
Removed Edge: (14, 22)
Removed Edge: (14, 26)
Removed Edge: (14, 27)
Removed Edge: (14, 30)
Removed Edge: (14, 34)
Removed Edge: (14, 36)
Removed Edge: (16, 18)
Removed Edge: (16, 20)
Removed Edge: (16, 22)
Removed Edge: (16, 30)
Added Edge: (17, 35)
Added Edge: (17, 38)
Removed Edge: (18, 29)
Removed Edge: (18, 36)
Added Edge: (19, 24)
Added Edge: (19, 26)
Added Edge: (19, 28)
Added Edge: (19, 39)
Added Edge: (20, 21)
Added Edge: (20, 28)
Added Edge: (20, 29)
Added Edge: (20, 35)
Added Edge: (20, 38)
Added Edge: (21, 24)
Added Edge: (21, 25)
Removed Edge: (22, 23)
Removed Edge: (22, 27)
Removed Edge: (22, 33)
Removed Edge: (23, 34)
Removed Edge: (23, 36)
Added Edge: (24, 26)
Added Edge: (24, 29)
Added Edge: (24, 31)
Added Edge: (25, 35)
Added Edge: (25, 39)
Added Edge: (26, 35)
Added Edge: (26, 38)
Removed Edge: (27, 33)
Added Edge: (28, 29)
Added Edge: (28, 31)
Added Edge: (28, 33)
Added Edge: (28, 35)
Added Edge: (28, 39)
Added Edge: (29, 35)
Removed Edge: (30, 36)
Added Edge: (31, 37)
Added Edge: (32, 38)
Added Edge: (35, 37)
Added Edge: (35, 39)
Added Edge: (36, 39)
Added Edge: (37, 38)
========================
