========================
TIME_LIMIT_SECONDS: 900
ODD_HOLE_TERMINATION_PERCENTAGE: 999
N_THREADS: 24
IS_RUNNING_HEURISTIC_ON_CANDIDATE: 1
IS_RUNNING_HEURISTIC_ON_RELAXATION: 0
ADD_ALL_AT_START: 1
========================
Wall-Clock Runtime (ms): 900888
Calculated Odd Hole Termination Batch Size: 0
Total Time of All Workers in OddHoleAlg (nano): 361587927
Total Time of All Workers in OddHoleAlg (ms): 361
OddHoleAlg calls: 110
Number of Found Odd-Holes: 90578
Number of Found Odd Anti-Holes: 1
Is Optimal? (1e-6): 0
Optimality Gap: 0.420289
Objective Value: 71
Number of Feasible Solutions Found: 55
Number of Times Heuristic is Called: 53
Total number of added OH and OHbar Cuts: 90579
Number of Explored B&C tree nodes: 4323
Number of Unexplored B&C tree nodes: 3205
========================
Input Graph:
Number of Vertices: 40
Erdos Renyi p Parameter: 0.25
Number of Edges: 191
Expected No of Odd Holes: 21547
Expected No of Odd Anti Holes: 3
ODD_HOLE_TERMINATION_BATCH_SIZE: 0
Graph Density: 0.244872
0,0,1,0,0,0,0,1,0,1,0,0,0,1,0,0,0,0,0,0,1,0,0,1,0,0,0,1,1,0,0,1,0,0,0,1,1,1,1,0,
0,0,0,0,0,0,1,0,0,0,0,0,1,0,0,0,0,0,0,0,1,0,1,0,0,0,0,1,1,0,0,0,0,0,0,0,0,1,1,0,
1,0,0,0,1,0,0,0,1,0,0,0,0,0,0,0,0,1,0,1,0,1,1,0,0,1,0,0,0,0,0,0,0,1,0,0,1,0,0,0,
0,0,0,0,0,0,0,0,0,0,0,0,0,1,0,1,0,0,0,0,1,0,0,0,1,1,0,0,1,0,0,0,0,0,0,0,0,0,1,0,
0,0,1,0,0,0,1,0,0,0,0,0,0,1,1,0,0,0,0,1,1,1,0,0,0,0,0,0,0,0,0,0,1,0,1,0,0,1,0,1,
0,0,0,0,0,0,0,0,1,0,1,1,0,0,0,0,0,0,0,0,0,1,0,0,0,0,0,1,0,0,0,1,0,0,0,0,0,0,0,0,
0,1,0,0,1,0,0,1,0,1,0,0,0,1,0,1,0,0,0,0,0,1,0,1,0,0,1,0,0,0,0,0,0,0,0,0,0,0,1,0,
1,0,0,0,0,0,1,0,0,1,1,0,0,0,0,0,1,1,0,0,0,0,1,0,0,0,0,0,1,0,0,0,0,0,0,0,0,1,0,0,
0,0,1,0,0,1,0,0,0,0,1,1,1,1,0,1,0,1,1,1,0,0,0,0,0,0,0,1,0,0,0,0,1,0,0,0,0,0,0,0,
1,0,0,0,0,0,1,1,0,0,0,0,0,0,0,0,0,0,0,1,1,1,1,0,0,1,0,0,0,0,0,0,0,0,0,0,0,0,0,0,
0,0,0,0,0,1,0,1,1,0,0,0,0,0,0,1,0,0,1,0,0,0,0,1,1,0,0,1,1,0,0,1,0,0,0,1,0,0,0,0,
0,0,0,0,0,1,0,0,1,0,0,0,0,1,0,0,0,0,1,0,0,0,1,0,0,0,0,0,0,0,0,0,0,0,0,0,0,0,1,1,
0,1,0,0,0,0,0,0,1,0,0,0,0,0,1,0,0,0,0,0,1,1,0,0,0,0,0,0,1,0,0,1,0,0,1,0,0,1,0,0,
1,0,0,1,1,0,1,0,1,0,0,1,0,0,0,0,0,0,0,1,0,0,1,1,0,0,0,1,0,0,1,0,0,0,0,0,0,0,0,1,
0,0,0,0,1,0,0,0,0,0,0,0,1,0,0,0,0,0,1,0,1,0,0,0,0,0,1,0,0,0,0,0,0,0,0,1,1,0,1,0,
0,0,0,1,0,0,1,0,1,0,1,0,0,0,0,0,0,0,0,0,1,1,0,0,0,1,0,1,0,0,0,0,0,0,0,0,1,0,0,1,
0,0,0,0,0,0,0,1,0,0,0,0,0,0,0,0,0,0,0,0,1,0,1,0,1,0,0,0,0,0,0,0,0,0,0,0,0,0,0,0,
0,0,1,0,0,0,0,1,1,0,0,0,0,0,0,0,0,0,1,1,0,0,0,0,1,1,1,0,0,1,0,1,1,0,0,0,1,1,1,0,
0,0,0,0,0,0,0,0,1,0,1,1,0,0,1,0,0,1,0,0,0,0,0,1,0,0,1,0,1,0,0,1,1,1,0,0,0,0,0,0,
0,0,1,0,1,0,0,0,1,1,0,0,0,1,0,0,0,1,0,0,0,0,0,1,0,0,1,0,0,0,1,1,0,0,0,0,0,1,1,0,
1,1,0,1,1,0,0,0,0,1,0,0,1,0,1,1,1,0,0,0,0,0,0,0,0,0,0,0,1,1,0,0,0,1,0,0,0,0,1,1,
0,0,1,0,1,1,1,0,0,1,0,0,1,0,0,1,0,0,0,0,0,0,1,0,1,0,0,1,0,1,0,0,0,1,0,1,0,1,0,0,
0,1,1,0,0,0,0,1,0,1,0,1,0,1,0,0,1,0,0,0,0,1,0,0,0,1,0,0,0,0,0,0,0,0,0,0,0,0,0,0,
1,0,0,0,0,0,1,0,0,0,1,0,0,1,0,0,0,0,1,1,0,0,0,0,0,0,1,0,0,0,0,0,1,0,1,0,1,0,0,1,
0,0,0,1,0,0,0,0,0,0,1,0,0,0,0,0,1,1,0,0,0,1,0,0,0,0,0,1,0,1,0,1,0,0,0,0,0,0,0,0,
0,0,1,1,0,0,0,0,0,1,0,0,0,0,0,1,0,1,0,0,0,0,1,0,0,0,0,0,0,0,0,0,0,1,0,1,0,0,0,0,
0,0,0,0,0,0,1,0,0,0,0,0,0,0,1,0,0,1,1,1,0,0,0,1,0,0,0,0,1,0,0,0,0,0,0,0,0,0,0,0,
1,1,0,0,0,1,0,0,1,0,1,0,0,1,0,1,0,0,0,0,0,1,0,0,1,0,0,0,0,0,1,1,0,1,0,1,0,0,0,0,
1,1,0,1,0,0,0,1,0,0,1,0,1,0,0,0,0,0,1,0,1,0,0,0,0,0,1,0,0,0,1,0,1,0,1,1,0,0,0,0,
0,0,0,0,0,0,0,0,0,0,0,0,0,0,0,0,0,1,0,0,1,1,0,0,1,0,0,0,0,0,0,1,0,1,0,0,0,1,0,0,
0,0,0,0,0,0,0,0,0,0,0,0,0,1,0,0,0,0,0,1,0,0,0,0,0,0,0,1,1,0,0,0,0,0,0,0,0,1,0,0,
1,0,0,0,0,1,0,0,0,0,1,0,1,0,0,0,0,1,1,1,0,0,0,0,1,0,0,1,0,1,0,0,0,0,0,0,0,1,0,0,
0,0,0,0,1,0,0,0,1,0,0,0,0,0,0,0,0,1,1,0,0,0,0,1,0,0,0,0,1,0,0,0,0,1,0,0,0,0,0,1,
0,0,1,0,0,0,0,0,0,0,0,0,0,0,0,0,0,0,1,0,1,1,0,0,0,1,0,1,0,1,0,0,1,0,0,1,0,0,1,0,
0,0,0,0,1,0,0,0,0,0,0,0,1,0,0,0,0,0,0,0,0,0,0,1,0,0,0,0,1,0,0,0,0,0,0,0,0,1,1,0,
1,0,0,0,0,0,0,0,0,0,1,0,0,0,1,0,0,0,0,0,0,1,0,0,0,1,0,1,1,0,0,0,0,1,0,0,0,1,0,0,
1,0,1,0,0,0,0,0,0,0,0,0,0,0,1,1,0,1,0,0,0,0,0,1,0,0,0,0,0,0,0,0,0,0,0,0,0,0,0,0,
1,1,0,0,1,0,0,1,0,0,0,0,1,0,0,0,0,1,0,1,0,1,0,0,0,0,0,0,0,1,1,1,0,0,1,1,0,0,0,0,
1,1,0,1,0,0,1,0,0,0,0,1,0,0,1,0,0,1,0,1,1,0,0,0,0,0,0,0,0,0,0,0,0,1,1,0,0,0,0,0,
0,0,0,0,1,0,0,0,0,0,0,1,0,1,0,1,0,0,0,0,1,0,0,1,0,0,0,0,0,0,0,0,1,0,0,0,0,0,0,0,
========================
Output Graph: 
Number of Vertices: 40
Number of Edges: 142
Graph Density: 0.182051
0,0,1,0,0,0,1,1,0,1,0,0,0,1,0,0,0,0,0,0,1,0,1,0,0,0,0,1,1,0,0,0,0,0,0,1,1,1,1,0,
0,0,0,0,0,0,1,0,0,0,0,0,1,0,0,0,0,0,0,0,1,0,1,0,0,0,0,1,1,0,0,0,0,0,0,0,0,1,1,0,
1,0,0,0,1,0,0,0,1,0,0,0,0,0,0,0,0,1,0,0,0,1,0,0,0,0,0,0,0,0,0,0,0,1,0,0,0,0,0,0,
0,0,0,0,0,0,0,0,0,0,0,0,0,1,0,1,0,0,0,0,1,0,0,0,1,1,0,1,1,0,0,0,0,0,0,0,0,0,1,0,
0,0,1,0,0,0,1,0,0,0,0,0,0,1,0,0,0,0,0,1,1,0,0,0,0,0,0,0,0,0,0,0,1,0,1,0,0,1,0,1,
0,0,0,0,0,0,0,0,1,0,1,0,0,0,0,0,0,0,0,0,0,1,0,0,0,0,0,1,0,0,0,1,0,0,0,0,0,0,0,0,
1,1,0,0,1,0,0,1,0,1,0,0,0,0,0,0,0,0,0,0,0,1,0,1,0,0,0,0,0,0,0,0,0,0,0,0,0,0,0,0,
1,0,0,0,0,0,1,0,0,1,0,0,0,0,0,0,1,0,0,0,1,0,1,0,0,0,0,0,1,0,0,0,0,0,0,0,0,1,0,0,
0,0,1,0,0,1,0,0,0,0,0,0,0,1,0,1,0,0,1,1,0,0,0,0,0,0,0,1,0,0,0,0,1,0,0,0,0,0,0,0,
1,0,0,0,0,0,1,1,0,0,0,0,0,0,0,0,0,0,0,0,1,1,1,0,0,0,0,0,0,0,0,0,0,0,0,0,0,0,0,0,
0,0,0,0,0,1,0,0,0,0,0,0,0,0,0,1,0,0,1,0,0,0,0,0,1,0,0,1,1,0,0,0,0,0,0,1,0,0,0,0,
0,0,0,0,0,0,0,0,0,0,0,0,0,1,0,0,0,0,1,0,0,0,1,0,0,0,0,0,0,0,0,0,0,0,0,0,0,0,1,0,
0,1,0,0,0,0,0,0,0,0,0,0,0,0,1,0,0,0,0,0,1,1,0,0,0,0,0,0,1,0,0,0,0,0,0,0,0,0,0,0,
1,0,0,1,1,0,0,0,1,0,0,1,0,0,0,0,0,0,0,0,0,0,0,1,0,0,0,0,0,0,1,0,0,0,0,0,0,0,0,1,
0,0,0,0,0,0,0,0,0,0,0,0,1,0,0,0,0,0,1,0,1,0,0,0,0,0,1,1,1,0,0,0,0,0,0,1,1,0,1,0,
0,0,0,1,0,0,0,0,1,0,1,0,0,0,0,0,0,0,0,0,0,1,0,0,0,0,0,1,0,0,0,0,0,0,0,0,0,0,0,0,
0,0,0,0,0,0,0,1,0,0,0,0,0,0,0,0,0,0,0,0,1,0,1,0,0,0,0,0,0,0,0,0,0,0,0,0,0,0,0,0,
0,0,1,0,0,0,0,0,0,0,0,0,0,0,0,0,0,0,1,1,0,0,0,0,1,1,1,1,0,1,0,0,1,0,0,0,1,0,1,0,
0,0,0,0,0,0,0,0,1,0,1,1,0,0,1,0,0,1,0,0,0,0,0,1,0,0,1,0,0,0,0,1,0,0,0,0,0,0,0,0,
0,0,0,0,1,0,0,0,1,0,0,0,0,0,0,0,0,1,0,0,0,0,0,1,0,0,0,0,0,0,1,1,0,0,0,0,0,0,0,0,
1,1,0,1,1,0,0,1,0,1,0,0,1,0,1,0,1,0,0,0,0,1,0,1,0,0,0,0,0,0,0,0,0,1,0,0,0,0,0,0,
0,0,1,0,0,1,1,0,0,1,0,0,1,0,0,1,0,0,0,0,1,0,1,0,1,0,0,1,1,1,0,0,0,1,0,1,0,1,1,0,
1,1,0,0,0,0,0,1,0,1,0,1,0,0,0,0,1,0,0,0,0,1,0,0,0,0,0,0,0,0,0,0,0,0,0,0,0,0,0,0,
0,0,0,0,0,0,1,0,0,0,0,0,0,1,0,0,0,0,1,1,1,0,0,0,0,0,1,0,0,0,0,0,1,0,1,0,1,0,0,1,
0,0,0,1,0,0,0,0,0,0,1,0,0,0,0,0,0,1,0,0,0,1,0,0,0,0,0,1,0,1,0,1,0,0,0,0,0,0,0,0,
0,0,0,1,0,0,0,0,0,0,0,0,0,0,0,0,0,1,0,0,0,0,0,0,0,0,0,0,0,0,0,0,0,0,0,0,0,0,0,0,
0,0,0,0,0,0,0,0,0,0,0,0,0,0,1,0,0,1,1,0,0,0,0,1,0,0,0,0,0,0,0,0,0,0,0,0,0,0,0,0,
1,1,0,1,0,1,0,0,1,0,1,0,0,0,1,1,0,1,0,0,0,1,0,0,1,0,0,0,0,0,1,1,0,1,0,1,0,0,0,0,
1,1,0,1,0,0,0,1,0,0,1,0,1,0,1,0,0,0,0,0,0,1,0,0,0,0,0,0,0,0,1,0,0,0,0,0,0,0,0,0,
0,0,0,0,0,0,0,0,0,0,0,0,0,0,0,0,0,1,0,0,0,1,0,0,1,0,0,0,0,0,0,1,0,0,0,0,0,0,0,0,
0,0,0,0,0,0,0,0,0,0,0,0,0,1,0,0,0,0,0,1,0,0,0,0,0,0,0,1,1,0,0,0,0,0,0,0,0,1,0,0,
0,0,0,0,0,1,0,0,0,0,0,0,0,0,0,0,0,0,1,1,0,0,0,0,1,0,0,1,0,1,0,0,0,0,0,0,0,1,0,0,
0,0,0,0,1,0,0,0,1,0,0,0,0,0,0,0,0,1,0,0,0,0,0,1,0,0,0,0,0,0,0,0,0,0,0,0,0,0,0,1,
0,0,1,0,0,0,0,0,0,0,0,0,0,0,0,0,0,0,0,0,1,1,0,0,0,0,0,1,0,0,0,0,0,0,0,1,0,0,1,0,
0,0,0,0,1,0,0,0,0,0,0,0,0,0,0,0,0,0,0,0,0,0,0,1,0,0,0,0,0,0,0,0,0,0,0,0,0,0,0,0,
1,0,0,0,0,0,0,0,0,0,1,0,0,0,1,0,0,0,0,0,0,1,0,0,0,0,0,1,0,0,0,0,0,1,0,0,0,0,0,0,
1,0,0,0,0,0,0,0,0,0,0,0,0,0,1,0,0,1,0,0,0,0,0,1,0,0,0,0,0,0,0,0,0,0,0,0,0,0,0,0,
1,1,0,0,1,0,0,1,0,0,0,0,0,0,0,0,0,0,0,0,0,1,0,0,0,0,0,0,0,0,1,1,0,0,0,0,0,0,0,0,
1,1,0,1,0,0,0,0,0,0,0,1,0,0,1,0,0,1,0,0,0,1,0,0,0,0,0,0,0,0,0,0,0,1,0,0,0,0,0,0,
0,0,0,0,1,0,0,0,0,0,0,0,0,1,0,0,0,0,0,0,0,0,0,1,0,0,0,0,0,0,0,0,1,0,0,0,0,0,0,0,
Is Output Graph Empty or Complete?: 0
Ratio of Added Edges Over Added + Removed Edges: 0.15493
Changes from Input to Output: 
Added Edge: (0, 6)
Added Edge: (0, 22)
Removed Edge: (0, 23)
Removed Edge: (0, 31)
Removed Edge: (2, 19)
Removed Edge: (2, 22)
Removed Edge: (2, 25)
Removed Edge: (2, 36)
Added Edge: (3, 27)
Removed Edge: (4, 14)
Removed Edge: (4, 21)
Removed Edge: (5, 11)
Removed Edge: (6, 13)
Removed Edge: (6, 15)
Removed Edge: (6, 26)
Removed Edge: (6, 38)
Removed Edge: (7, 10)
Removed Edge: (7, 17)
Added Edge: (7, 20)
Removed Edge: (8, 10)
Removed Edge: (8, 11)
Removed Edge: (8, 12)
Removed Edge: (8, 17)
Removed Edge: (9, 19)
Removed Edge: (9, 25)
Removed Edge: (10, 23)
Removed Edge: (10, 31)
Removed Edge: (11, 39)
Removed Edge: (12, 31)
Removed Edge: (12, 34)
Removed Edge: (12, 37)
Removed Edge: (13, 19)
Removed Edge: (13, 22)
Removed Edge: (13, 27)
Added Edge: (14, 27)
Added Edge: (14, 28)
Removed Edge: (15, 20)
Removed Edge: (15, 25)
Removed Edge: (15, 36)
Removed Edge: (15, 39)
Removed Edge: (16, 24)
Added Edge: (17, 27)
Removed Edge: (17, 31)
Removed Edge: (17, 37)
Removed Edge: (18, 28)
Removed Edge: (18, 32)
Removed Edge: (18, 33)
Removed Edge: (19, 26)
Removed Edge: (19, 37)
Removed Edge: (19, 38)
Added Edge: (20, 21)
Added Edge: (20, 23)
Removed Edge: (20, 28)
Removed Edge: (20, 29)
Removed Edge: (20, 38)
Removed Edge: (20, 39)
Added Edge: (21, 28)
Added Edge: (21, 38)
Removed Edge: (22, 25)
Removed Edge: (25, 33)
Removed Edge: (25, 35)
Removed Edge: (26, 28)
Removed Edge: (28, 32)
Removed Edge: (28, 34)
Removed Edge: (28, 35)
Removed Edge: (29, 33)
Removed Edge: (29, 37)
Removed Edge: (32, 33)
Removed Edge: (34, 37)
Removed Edge: (34, 38)
Removed Edge: (35, 37)
========================
