========================
TIME_LIMIT_SECONDS: 900
ODD_HOLE_TERMINATION_PERCENTAGE: 999
N_THREADS: 24
IS_RUNNING_HEURISTIC_ON_CANDIDATE: 0
IS_RUNNING_HEURISTIC_ON_RELAXATION: 1
ADD_ALL_AT_START: 1
========================
Wall-Clock Runtime (ms): 262522
Calculated Odd Hole Termination Batch Size: 0
Total Time of All Workers in OddHoleAlg (nano): 21948762
Total Time of All Workers in OddHoleAlg (ms): 21
OddHoleAlg calls: 124
Number of Found Odd-Holes: 1406
Number of Found Odd Anti-Holes: 716
Is Optimal? (1e-6): 1
Optimality Gap: 0
Objective Value: 30
Number of Feasible Solutions Found: 64967
Number of Times Heuristic is Called: 64960
Total number of added OH and OHbar Cuts: 2122
Number of Explored B&C tree nodes: 581523
Number of Unexplored B&C tree nodes: 0
========================
Input Graph:
Number of Vertices: 25
Erdos Renyi p Parameter: 0.5
Number of Edges: 158
Expected No of Odd Holes: 705
Expected No of Odd Anti Holes: 83
ODD_HOLE_TERMINATION_BATCH_SIZE: 0
Graph Density: 0.526667
0,1,1,1,1,1,1,1,1,0,0,1,1,1,1,1,0,0,1,1,0,0,1,0,1,
1,0,1,0,1,0,0,0,0,1,0,1,1,0,0,1,1,1,1,0,1,0,1,1,1,
1,1,0,0,1,0,1,1,1,1,1,1,0,1,1,1,1,0,0,0,1,0,1,0,0,
1,0,0,0,0,1,1,0,0,1,0,0,0,1,1,0,1,0,1,1,0,0,0,0,0,
1,1,1,0,0,1,0,1,0,1,0,0,1,0,0,1,1,0,1,1,0,1,0,1,0,
1,0,0,1,1,0,0,1,0,0,0,0,1,1,0,0,0,0,0,0,1,0,0,0,1,
1,0,1,1,0,0,0,1,0,1,1,1,0,1,1,1,0,1,1,0,0,0,0,1,0,
1,0,1,0,1,1,1,0,1,0,1,0,0,0,0,1,1,0,0,0,0,1,0,1,0,
1,0,1,0,0,0,0,1,0,0,0,0,1,1,1,0,1,1,1,0,0,0,1,1,0,
0,1,1,1,1,0,1,0,0,0,1,0,1,0,1,1,1,1,1,0,0,1,0,0,1,
0,0,1,0,0,0,1,1,0,1,0,1,1,0,0,0,1,1,1,1,0,0,1,0,0,
1,1,1,0,0,0,1,0,0,0,1,0,1,0,0,1,1,0,0,1,0,1,1,0,1,
1,1,0,0,1,1,0,0,1,1,1,1,0,1,0,1,0,1,0,0,1,1,0,0,0,
1,0,1,1,0,1,1,0,1,0,0,0,1,0,1,0,1,1,0,1,0,1,1,1,1,
1,0,1,1,0,0,1,0,1,1,0,0,0,1,0,1,0,1,0,1,0,1,1,0,0,
1,1,1,0,1,0,1,1,0,1,0,1,1,0,1,0,1,1,0,1,1,1,0,1,1,
0,1,1,1,1,0,0,1,1,1,1,1,0,1,0,1,0,1,1,1,1,1,0,1,1,
0,1,0,0,0,0,1,0,1,1,1,0,1,1,1,1,1,0,0,1,1,1,0,0,0,
1,1,0,1,1,0,1,0,1,1,1,0,0,0,0,0,1,0,0,0,1,1,1,0,0,
1,0,0,1,1,0,0,0,0,0,1,1,0,1,1,1,1,1,0,0,1,0,0,1,1,
0,1,1,0,0,1,0,0,0,0,0,0,1,0,0,1,1,1,1,1,0,1,0,0,1,
0,0,0,0,1,0,0,1,0,1,0,1,1,1,1,1,1,1,1,0,1,0,1,0,0,
1,1,1,0,0,0,0,0,1,0,1,1,0,1,1,0,0,0,1,0,0,1,0,0,1,
0,1,0,0,1,0,1,1,1,0,0,0,0,1,0,1,1,0,0,1,0,0,0,0,0,
1,1,0,0,0,1,0,0,0,1,0,1,0,1,0,1,1,0,0,1,1,0,1,0,0,
========================
Output Graph: 
Number of Vertices: 25
Number of Edges: 166
Graph Density: 0.553333
0,1,1,1,1,1,1,1,1,1,0,1,1,1,1,1,0,1,1,1,0,1,1,0,1,
1,0,1,0,1,0,0,0,0,1,0,1,1,1,1,1,1,1,1,0,1,0,1,1,1,
1,1,0,0,1,0,1,1,1,1,1,1,0,1,1,1,1,0,0,1,1,1,1,0,0,
1,0,0,0,0,0,1,0,0,1,0,0,0,1,1,0,1,0,1,1,0,0,0,0,0,
1,1,1,0,0,0,0,0,0,1,0,0,1,0,0,1,1,0,1,1,0,1,0,1,0,
1,0,0,0,0,0,0,0,0,0,0,0,1,1,0,0,0,0,0,0,0,0,0,0,1,
1,0,1,1,0,0,0,1,0,1,1,1,1,1,1,1,1,1,1,0,0,0,0,1,0,
1,0,1,0,0,0,1,0,1,0,0,0,0,0,0,0,1,0,0,0,0,1,0,1,0,
1,0,1,0,0,0,0,1,0,0,0,0,1,1,1,0,1,1,1,0,0,0,1,1,0,
1,1,1,1,1,0,1,0,0,0,1,0,1,0,1,1,1,1,1,1,0,1,0,1,1,
0,0,1,0,0,0,1,0,0,1,0,1,1,0,0,0,1,1,1,1,0,0,0,0,0,
1,1,1,0,0,0,1,0,0,0,1,0,1,0,0,1,1,0,0,1,0,1,0,0,0,
1,1,0,0,1,1,1,0,1,1,1,1,0,1,1,1,1,1,0,1,1,1,0,0,0,
1,1,1,1,0,1,1,0,1,0,0,0,1,0,1,0,1,1,1,1,0,1,1,1,1,
1,1,1,1,0,0,1,0,1,1,0,0,1,1,0,1,0,1,1,1,0,1,1,0,0,
1,1,1,0,1,0,1,0,0,1,0,1,1,0,1,0,1,1,1,1,1,1,0,1,1,
0,1,1,1,1,0,1,1,1,1,1,1,1,1,0,1,0,1,1,1,1,1,0,1,1,
1,1,0,0,0,0,1,0,1,1,1,0,1,1,1,1,1,0,0,1,1,1,0,0,0,
1,1,0,1,1,0,1,0,1,1,1,0,0,1,1,1,1,0,0,1,1,1,1,0,0,
1,0,1,1,1,0,0,0,0,1,1,1,1,1,1,1,1,1,1,0,1,0,0,1,1,
0,1,1,0,0,0,0,0,0,0,0,0,1,0,0,1,1,1,1,1,0,1,0,0,1,
1,0,1,0,1,0,0,1,0,1,0,1,1,1,1,1,1,1,1,0,1,0,1,1,0,
1,1,1,0,0,0,0,0,1,0,0,0,0,1,1,0,0,0,1,0,0,1,0,0,0,
0,1,0,0,1,0,1,1,1,1,0,0,0,1,0,1,1,0,0,1,0,1,0,0,0,
1,1,0,0,0,1,0,0,0,1,0,0,0,1,0,1,1,0,0,1,1,0,0,0,0,
Is Output Graph Empty or Complete?: 0
Ratio of Added Edges Over Added + Removed Edges: 0.633333
Changes from Input to Output: 
Added Edge: (0, 9)
Added Edge: (0, 17)
Added Edge: (0, 21)
Added Edge: (1, 13)
Added Edge: (1, 14)
Added Edge: (2, 19)
Added Edge: (2, 21)
Removed Edge: (3, 5)
Removed Edge: (4, 5)
Removed Edge: (4, 7)
Removed Edge: (5, 7)
Removed Edge: (5, 20)
Added Edge: (6, 12)
Added Edge: (6, 16)
Removed Edge: (7, 10)
Removed Edge: (7, 15)
Added Edge: (9, 19)
Added Edge: (9, 23)
Removed Edge: (10, 22)
Removed Edge: (11, 22)
Removed Edge: (11, 24)
Added Edge: (12, 14)
Added Edge: (12, 16)
Added Edge: (12, 19)
Added Edge: (13, 18)
Added Edge: (14, 18)
Added Edge: (15, 18)
Added Edge: (18, 19)
Added Edge: (21, 23)
Removed Edge: (22, 24)
========================
