========================
TIME_LIMIT_SECONDS: 900
ODD_HOLE_TERMINATION_PERCENTAGE: 999
N_THREADS: 24
IS_RUNNING_HEURISTIC_ON_CANDIDATE: 1
IS_RUNNING_HEURISTIC_ON_RELAXATION: 1
ADD_ALL_AT_START: 1
========================
Wall-Clock Runtime (ms): 902293
Calculated Odd Hole Termination Batch Size: 0
Total Time of All Workers in OddHoleAlg (nano): 87348211
Total Time of All Workers in OddHoleAlg (ms): 87
OddHoleAlg calls: 50
Number of Found Odd-Holes: 24271
Number of Found Odd Anti-Holes: 58
Is Optimal? (1e-6): 0
Optimality Gap: 0.37937
Objective Value: 116
Number of Feasible Solutions Found: 1229
Number of Times Heuristic is Called: 1227
Total number of added OH and OHbar Cuts: 24329
Number of Explored B&C tree nodes: 5991
Number of Unexplored B&C tree nodes: 648
========================
Input Graph:
Number of Vertices: 40
Erdos Renyi p Parameter: 0.5
Number of Edges: 371
Expected No of Odd Holes: 10991
Expected No of Odd Anti Holes: 3280
ODD_HOLE_TERMINATION_BATCH_SIZE: 0
Graph Density: 0.475641
0,1,0,0,1,0,0,0,0,0,0,0,1,0,0,0,1,1,1,1,0,1,0,1,0,1,0,1,0,0,0,1,0,1,1,1,1,0,1,0,
1,0,1,1,1,1,0,0,1,0,1,1,0,1,1,0,1,1,1,0,1,1,0,1,1,0,0,0,0,0,0,0,0,1,0,0,0,0,1,0,
0,1,0,1,1,0,1,1,1,1,0,0,1,0,0,0,0,1,0,0,1,1,0,0,0,1,0,1,1,0,0,1,1,0,1,0,0,0,1,0,
0,1,1,0,1,0,1,0,1,0,1,1,0,0,1,1,1,0,0,1,0,0,1,0,1,1,1,1,1,1,0,1,0,0,1,1,1,0,0,1,
1,1,1,1,0,0,0,0,0,0,0,1,0,0,1,0,0,0,1,0,1,0,1,1,0,0,0,0,1,1,0,1,0,1,1,1,1,1,1,1,
0,1,0,0,0,0,0,1,1,1,0,0,1,0,0,0,1,0,1,0,1,0,1,1,0,0,0,1,1,0,1,0,1,1,1,0,0,0,0,1,
0,0,1,1,0,0,0,0,0,0,0,1,0,0,1,1,0,0,1,0,1,0,1,0,1,1,0,1,1,1,1,1,1,0,0,1,1,1,0,0,
0,0,1,0,0,1,0,0,1,1,0,0,1,1,0,1,0,0,0,1,1,1,0,0,0,1,0,1,0,0,1,0,0,1,0,1,1,0,0,1,
0,1,1,1,0,1,0,1,0,0,0,0,1,0,1,0,1,1,0,1,0,1,0,0,1,0,1,1,0,0,1,0,0,1,0,0,0,0,0,1,
0,0,1,0,0,1,0,1,0,0,1,0,0,0,1,1,1,1,1,0,0,1,0,1,0,1,0,1,1,1,0,1,0,1,0,0,0,1,1,0,
0,1,0,1,0,0,0,0,0,1,0,1,0,0,0,1,1,0,0,1,0,1,1,1,1,0,0,0,0,0,0,1,0,0,0,0,1,0,1,0,
0,1,0,1,1,0,1,0,0,0,1,0,1,1,1,0,1,1,0,0,1,1,1,1,1,0,0,1,1,0,1,1,0,0,1,0,0,0,0,1,
1,0,1,0,0,1,0,1,1,0,0,1,0,1,1,0,0,1,0,0,0,0,1,0,0,1,0,1,1,0,0,0,1,0,0,0,1,0,1,0,
0,1,0,0,0,0,0,1,0,0,0,1,1,0,0,1,1,0,0,0,1,1,0,0,1,1,0,0,0,1,1,1,0,0,1,0,1,0,0,0,
0,1,0,1,1,0,1,0,1,1,0,1,1,0,0,1,1,1,0,1,1,0,0,1,1,1,1,0,0,1,1,0,0,0,0,1,1,0,1,1,
0,0,0,1,0,0,1,1,0,1,1,0,0,1,1,0,0,0,1,0,0,0,0,0,1,1,0,0,1,1,1,0,1,1,1,0,0,1,0,0,
1,1,0,1,0,1,0,0,1,1,1,1,0,1,1,0,0,0,1,0,0,0,1,1,0,1,0,0,1,0,1,1,1,1,1,0,1,0,0,1,
1,1,1,0,0,0,0,0,1,1,0,1,1,0,1,0,0,0,0,0,1,0,1,0,0,0,0,0,0,1,1,1,1,0,1,0,0,1,1,1,
1,1,0,0,1,1,1,0,0,1,0,0,0,0,0,1,1,0,0,1,0,1,0,0,0,0,0,1,0,1,1,1,0,1,0,1,0,0,0,1,
1,0,0,1,0,0,0,1,1,0,1,0,0,0,1,0,0,0,1,0,1,1,1,1,0,1,1,0,0,0,1,0,1,1,1,1,0,1,0,1,
0,1,1,0,1,1,1,1,0,0,0,1,0,1,1,0,0,1,0,1,0,1,1,1,1,1,1,1,0,0,1,0,0,0,0,0,1,0,1,1,
1,1,1,0,0,0,0,1,1,1,1,1,0,1,0,0,0,0,1,1,1,0,1,1,1,0,1,0,1,0,1,0,0,0,0,1,1,0,1,0,
0,0,0,1,1,1,1,0,0,0,1,1,1,0,0,0,1,1,0,1,1,1,0,0,0,1,0,0,1,1,0,0,0,1,1,0,0,0,1,0,
1,1,0,0,1,1,0,0,0,1,1,1,0,0,1,0,1,0,0,1,1,1,0,0,0,0,0,1,1,1,1,1,0,0,1,1,1,1,0,1,
0,1,0,1,0,0,1,0,1,0,1,1,0,1,1,1,0,0,0,0,1,1,0,0,0,1,0,0,0,1,1,0,0,1,0,1,0,1,0,1,
1,0,1,1,0,0,1,1,0,1,0,0,1,1,1,1,1,0,0,1,1,0,1,0,1,0,0,0,1,0,1,0,1,1,0,0,1,0,0,1,
0,0,0,1,0,0,0,0,1,0,0,0,0,0,1,0,0,0,0,1,1,1,0,0,0,0,0,0,0,0,0,0,1,1,0,1,0,0,1,1,
1,0,1,1,0,1,1,1,1,1,0,1,1,0,0,0,0,0,1,0,1,0,0,1,0,0,0,0,1,0,0,1,1,1,1,0,1,1,0,0,
0,0,1,1,1,1,1,0,0,1,0,1,1,0,0,1,1,0,0,0,0,1,1,1,0,1,0,1,0,0,0,1,0,1,1,0,0,1,1,1,
0,0,0,1,1,0,1,0,0,1,0,0,0,1,1,1,0,1,1,0,0,0,1,1,1,0,0,0,0,0,1,0,0,0,0,1,0,1,0,1,
0,0,0,0,0,1,1,1,1,0,0,1,0,1,1,1,1,1,1,1,1,1,0,1,1,1,0,0,0,1,0,1,0,0,0,1,0,0,0,0,
1,0,1,1,1,0,1,0,0,1,1,1,0,1,0,0,1,1,1,0,0,0,0,1,0,0,0,1,1,0,1,0,0,0,0,1,0,0,1,1,
0,0,1,0,0,1,1,0,0,0,0,0,1,0,0,1,1,1,0,1,0,0,0,0,0,1,1,1,0,0,0,0,0,0,0,0,1,1,1,0,
1,1,0,0,1,1,0,1,1,1,0,0,0,0,0,1,1,0,1,1,0,0,1,0,1,1,1,1,1,0,0,0,0,0,1,1,0,1,0,1,
1,0,1,1,1,1,0,0,0,0,0,1,0,1,0,1,1,1,0,1,0,0,1,1,0,0,0,1,1,0,0,0,0,1,0,1,0,0,0,0,
1,0,0,1,1,0,1,1,0,0,0,0,0,0,1,0,0,0,1,1,0,1,0,1,1,0,1,0,0,1,1,1,0,1,1,0,0,0,1,1,
1,0,0,1,1,0,1,1,0,0,1,0,1,1,1,0,1,0,0,0,1,1,0,1,0,1,0,1,0,0,0,0,1,0,0,0,0,1,0,1,
0,0,0,0,1,0,1,0,0,1,0,0,0,0,0,1,0,1,0,1,0,0,0,1,1,0,0,1,1,1,0,0,1,1,0,0,1,0,1,0,
1,1,1,0,1,0,0,0,0,1,1,0,1,0,1,0,0,1,0,0,1,1,1,0,0,0,1,0,1,0,0,1,1,0,0,1,0,1,0,0,
0,0,0,1,1,1,0,1,1,0,0,1,0,0,1,0,1,1,1,1,1,0,0,1,1,1,1,0,1,1,0,1,0,1,0,1,1,0,0,0,
========================
Output Graph: 
Number of Vertices: 40
Number of Edges: 363
Graph Density: 0.465385
0,1,0,0,1,0,0,0,0,0,0,0,0,0,0,0,1,1,0,1,0,1,0,1,0,1,0,1,0,0,0,1,0,1,0,0,0,0,1,0,
1,0,1,1,1,1,1,0,1,0,1,1,0,1,1,0,1,1,1,1,1,1,0,1,1,1,0,1,1,0,0,1,0,1,0,0,0,0,1,0,
0,1,0,1,1,0,1,0,0,1,0,0,1,0,0,0,0,1,0,0,1,1,0,0,0,1,0,1,1,0,0,1,0,0,0,0,0,0,0,0,
0,1,1,0,1,1,1,0,1,1,1,1,0,0,1,1,1,1,0,1,1,1,1,1,1,1,1,1,1,1,1,1,0,0,1,1,1,0,0,1,
1,1,1,1,0,0,0,0,0,1,0,1,0,0,1,0,0,0,1,0,1,0,1,1,0,1,0,0,1,1,1,1,0,1,1,1,1,1,1,1,
0,1,0,1,0,0,0,0,0,1,0,0,0,0,0,0,1,0,0,0,1,0,1,1,0,0,0,1,1,0,1,1,0,1,1,0,0,0,0,1,
0,1,1,1,0,0,0,0,0,1,0,1,0,0,1,1,0,0,1,0,1,0,1,1,0,1,0,0,1,1,1,1,1,1,0,1,1,1,0,1,
0,0,0,0,0,0,0,0,0,1,0,0,0,0,0,0,0,0,0,1,1,1,0,0,0,1,0,0,0,0,1,0,0,1,0,0,0,0,0,1,
0,1,0,1,0,0,0,0,0,0,0,0,0,1,1,0,1,1,0,1,0,1,0,0,1,0,1,1,0,0,1,0,0,1,0,0,0,0,0,1,
0,0,1,1,1,1,1,1,0,0,1,1,0,0,1,1,1,1,1,1,1,1,0,1,0,1,0,1,1,1,0,1,0,1,0,0,0,1,1,0,
0,1,0,1,0,0,0,0,0,1,0,1,0,0,0,0,1,0,0,1,0,1,1,1,0,0,0,0,0,0,0,1,0,0,0,0,0,0,0,0,
0,1,0,1,1,0,1,0,0,1,1,0,1,1,1,0,1,1,0,1,1,1,1,1,1,0,0,1,1,0,1,1,0,1,1,0,0,0,0,1,
0,0,1,0,0,0,0,0,0,0,0,1,0,0,1,0,0,1,0,0,0,0,0,0,0,1,0,1,1,0,0,0,0,0,0,0,0,0,0,0,
0,1,0,0,0,0,0,0,1,0,0,1,0,0,0,0,1,0,0,0,1,1,0,0,1,1,0,0,0,0,1,1,0,0,0,0,0,0,0,0,
0,1,0,1,1,0,1,0,1,1,0,1,1,0,0,1,1,1,0,1,1,1,0,1,1,1,1,1,1,1,1,1,0,1,0,1,1,0,1,1,
0,0,0,1,0,0,1,0,0,1,0,0,0,0,1,0,0,0,0,0,0,0,0,0,0,1,0,0,1,1,1,0,0,1,0,0,0,1,0,0,
1,1,0,1,0,1,0,0,1,1,1,1,0,1,1,0,0,0,1,0,1,0,1,1,0,1,0,0,1,0,1,1,1,1,1,0,1,0,0,1,
1,1,1,1,0,0,0,0,1,1,0,1,1,0,1,0,0,0,0,0,1,0,1,1,0,1,0,0,1,1,1,1,1,1,1,0,0,1,1,1,
0,1,0,0,1,0,1,0,0,1,0,0,0,0,0,0,1,0,0,1,0,1,0,0,0,0,0,1,0,0,1,1,0,1,0,1,0,0,0,1,
1,1,0,1,0,0,0,1,1,1,1,1,0,0,1,0,0,0,1,0,1,0,1,1,0,1,1,0,1,0,1,1,1,1,1,1,0,1,0,1,
0,1,1,1,1,1,1,1,0,1,0,1,0,1,1,0,1,1,0,1,0,1,0,1,1,1,1,1,0,0,1,0,0,1,0,0,1,0,1,1,
1,1,1,1,0,0,0,1,1,1,1,1,0,1,1,0,0,0,1,0,1,0,1,1,1,1,1,0,1,0,1,1,0,1,0,1,1,0,1,1,
0,0,0,1,1,1,1,0,0,0,1,1,0,0,0,0,1,1,0,1,0,1,0,0,0,1,0,1,1,0,0,0,0,1,1,0,0,0,0,0,
1,1,0,1,1,1,1,0,0,1,1,1,0,0,1,0,1,1,0,1,1,1,0,0,0,1,0,1,1,1,1,1,0,1,1,1,1,1,0,1,
0,1,0,1,0,0,0,0,1,0,0,1,0,1,1,0,0,0,0,0,1,1,0,0,0,1,0,0,0,0,1,0,0,1,0,0,0,0,0,1,
1,1,1,1,1,0,1,1,0,1,0,0,1,1,1,1,1,1,0,1,1,1,1,1,1,0,0,1,1,0,1,1,1,1,0,0,1,0,0,1,
0,0,0,1,0,0,0,0,1,0,0,0,0,0,1,0,0,0,0,1,1,1,0,0,0,0,0,0,0,0,0,0,0,1,0,0,0,0,0,1,
1,1,1,1,0,1,0,0,1,1,0,1,1,0,1,0,0,0,1,0,1,0,1,1,0,1,0,0,1,0,1,1,1,1,1,0,1,1,0,1,
0,1,1,1,1,1,1,0,0,1,0,1,1,0,1,1,1,1,0,1,0,1,1,1,0,1,0,1,0,0,1,1,0,1,1,0,0,1,1,1,
0,0,0,1,1,0,1,0,0,1,0,0,0,0,1,1,0,1,0,0,0,0,0,1,0,0,0,0,0,0,1,0,0,0,0,0,0,1,0,1,
0,0,0,1,1,1,1,1,1,0,0,1,0,1,1,1,1,1,1,1,1,1,0,1,1,1,0,1,1,1,0,1,0,1,0,1,0,0,0,0,
1,1,1,1,1,1,1,0,0,1,1,1,0,1,1,0,1,1,1,1,0,1,0,1,0,1,0,1,1,0,1,0,0,1,0,1,0,0,1,1,
0,0,0,0,0,0,1,0,0,0,0,0,0,0,0,0,1,1,0,1,0,0,0,0,0,1,0,1,0,0,0,0,0,0,0,0,0,0,0,0,
1,1,0,0,1,1,1,1,1,1,0,1,0,0,1,1,1,1,1,1,1,1,1,1,1,1,1,1,1,0,1,1,0,0,1,1,0,0,0,1,
0,0,0,1,1,1,0,0,0,0,0,1,0,0,0,0,1,1,0,1,0,0,1,1,0,0,0,1,1,0,0,0,0,1,0,0,0,0,0,0,
0,0,0,1,1,0,1,0,0,0,0,0,0,0,1,0,0,0,1,1,0,1,0,1,0,0,0,0,0,0,1,1,0,1,0,0,0,0,0,1,
0,0,0,1,1,0,1,0,0,0,0,0,0,0,1,0,1,0,0,0,1,1,0,1,0,1,0,1,0,0,0,0,0,0,0,0,0,0,0,1,
0,0,0,0,1,0,1,0,0,1,0,0,0,0,0,1,0,1,0,1,0,0,0,1,0,0,0,1,1,1,0,0,0,0,0,0,0,0,0,0,
1,1,0,0,1,0,0,0,0,1,0,0,0,0,1,0,0,1,0,0,1,1,0,0,0,0,0,0,1,0,0,1,0,0,0,0,0,0,0,0,
0,0,0,1,1,1,1,1,1,0,0,1,0,0,1,0,1,1,1,1,1,1,0,1,1,1,1,1,1,1,0,1,0,1,0,1,1,0,0,0,
Is Output Graph Empty or Complete?: 0
Ratio of Added Edges Over Added + Removed Edges: 0.465517
Changes from Input to Output: 
Removed Edge: (0, 12)
Removed Edge: (0, 18)
Removed Edge: (0, 34)
Removed Edge: (0, 35)
Removed Edge: (0, 36)
Added Edge: (1, 6)
Added Edge: (1, 19)
Added Edge: (1, 25)
Added Edge: (1, 27)
Added Edge: (1, 28)
Added Edge: (1, 31)
Removed Edge: (2, 7)
Removed Edge: (2, 8)
Removed Edge: (2, 32)
Removed Edge: (2, 34)
Removed Edge: (2, 38)
Added Edge: (3, 5)
Added Edge: (3, 9)
Added Edge: (3, 17)
Added Edge: (3, 20)
Added Edge: (3, 21)
Added Edge: (3, 23)
Added Edge: (3, 30)
Added Edge: (4, 9)
Added Edge: (4, 25)
Added Edge: (4, 30)
Removed Edge: (5, 7)
Removed Edge: (5, 8)
Removed Edge: (5, 12)
Removed Edge: (5, 18)
Added Edge: (5, 31)
Removed Edge: (5, 32)
Added Edge: (6, 9)
Added Edge: (6, 23)
Removed Edge: (6, 24)
Removed Edge: (6, 27)
Added Edge: (6, 33)
Added Edge: (6, 39)
Removed Edge: (7, 8)
Removed Edge: (7, 12)
Removed Edge: (7, 13)
Removed Edge: (7, 15)
Removed Edge: (7, 27)
Removed Edge: (7, 35)
Removed Edge: (7, 36)
Removed Edge: (8, 12)
Added Edge: (8, 13)
Added Edge: (9, 11)
Added Edge: (9, 19)
Added Edge: (9, 20)
Removed Edge: (10, 15)
Removed Edge: (10, 24)
Removed Edge: (10, 36)
Removed Edge: (10, 38)
Added Edge: (11, 19)
Added Edge: (11, 33)
Removed Edge: (12, 13)
Removed Edge: (12, 22)
Removed Edge: (12, 32)
Removed Edge: (12, 36)
Removed Edge: (12, 38)
Removed Edge: (13, 15)
Removed Edge: (13, 29)
Removed Edge: (13, 34)
Removed Edge: (13, 36)
Added Edge: (14, 21)
Added Edge: (14, 27)
Added Edge: (14, 28)
Added Edge: (14, 31)
Added Edge: (14, 33)
Removed Edge: (15, 18)
Removed Edge: (15, 24)
Removed Edge: (15, 32)
Removed Edge: (15, 34)
Added Edge: (16, 20)
Added Edge: (17, 23)
Added Edge: (17, 25)
Added Edge: (17, 28)
Added Edge: (17, 33)
Removed Edge: (18, 29)
Removed Edge: (19, 21)
Added Edge: (19, 28)
Added Edge: (19, 31)
Removed Edge: (20, 22)
Added Edge: (20, 33)
Added Edge: (21, 25)
Added Edge: (21, 31)
Added Edge: (21, 33)
Added Edge: (21, 39)
Added Edge: (22, 27)
Removed Edge: (22, 29)
Removed Edge: (22, 38)
Added Edge: (23, 25)
Added Edge: (23, 33)
Removed Edge: (24, 29)
Removed Edge: (24, 35)
Removed Edge: (24, 37)
Added Edge: (25, 27)
Added Edge: (25, 31)
Removed Edge: (26, 32)
Removed Edge: (26, 35)
Removed Edge: (26, 38)
Added Edge: (27, 30)
Added Edge: (27, 39)
Added Edge: (28, 30)
Removed Edge: (29, 35)
Added Edge: (30, 33)
Added Edge: (31, 33)
Removed Edge: (32, 36)
Removed Edge: (32, 37)
Removed Edge: (32, 38)
Removed Edge: (33, 37)
Removed Edge: (34, 35)
Removed Edge: (35, 38)
Removed Edge: (36, 37)
Removed Edge: (37, 38)
========================
