========================
TIME_LIMIT_SECONDS: 900
ODD_HOLE_TERMINATION_PERCENTAGE: 999
N_THREADS: 24
IS_RUNNING_HEURISTIC_ON_CANDIDATE: 1
IS_RUNNING_HEURISTIC_ON_RELAXATION: 0
ADD_ALL_AT_START: 0
========================
Wall-Clock Runtime (ms): 800
Calculated Odd Hole Termination Batch Size: 0
Total Time of All Workers in OddHoleAlg (nano): 23076475
Total Time of All Workers in OddHoleAlg (ms): 23
OddHoleAlg calls: 74
Number of Found Odd-Holes: 498
Number of Found Odd Anti-Holes: 1675
Is Optimal? (1e-6): 1
Optimality Gap: 0
Objective Value: 13
Number of Feasible Solutions Found: 37
Number of Times Heuristic is Called: 34
Total number of added OH and OHbar Cuts: 2173
Number of Explored B&C tree nodes: 4971
Number of Unexplored B&C tree nodes: 0
========================
Input Graph:
Number of Vertices: 25
Erdos Renyi p Parameter: 0.75
Number of Edges: 240
Expected No of Odd Holes: 147
Expected No of Odd Anti Holes: 260
ODD_HOLE_TERMINATION_BATCH_SIZE: 0
Graph Density: 0.8
0,1,1,1,1,1,1,1,1,1,1,1,0,0,1,1,1,1,0,1,1,0,0,1,1,
1,0,1,1,1,1,1,1,0,1,1,1,1,1,1,1,0,1,1,1,0,1,0,1,0,
1,1,0,1,1,1,0,0,1,1,1,1,1,1,1,0,1,1,1,1,1,1,1,1,1,
1,1,1,0,1,1,1,0,1,1,1,0,1,1,0,0,1,1,0,0,1,1,1,1,1,
1,1,1,1,0,1,1,1,1,1,0,1,1,0,0,1,1,0,1,1,0,1,1,0,1,
1,1,1,1,1,0,1,1,1,1,0,1,1,0,1,1,1,1,1,1,1,1,1,1,1,
1,1,0,1,1,1,0,1,1,0,1,1,1,1,1,1,1,1,1,1,1,1,1,1,1,
1,1,0,0,1,1,1,0,1,1,1,1,1,1,1,0,1,0,1,1,0,1,0,1,0,
1,0,1,1,1,1,1,1,0,0,1,1,0,1,1,1,1,1,1,1,0,1,1,1,1,
1,1,1,1,1,1,0,1,0,0,0,1,1,1,1,1,0,1,1,1,1,0,1,1,1,
1,1,1,1,0,0,1,1,1,0,0,0,1,0,1,1,1,1,1,0,1,1,1,1,0,
1,1,1,0,1,1,1,1,1,1,0,0,0,1,1,1,1,1,1,1,0,1,1,1,1,
0,1,1,1,1,1,1,1,0,1,1,0,0,1,1,1,1,1,1,1,1,1,1,1,1,
0,1,1,1,0,0,1,1,1,1,0,1,1,0,1,0,1,0,1,1,1,0,0,1,1,
1,1,1,0,0,1,1,1,1,1,1,1,1,1,0,0,1,1,0,1,1,1,1,1,0,
1,1,0,0,1,1,1,0,1,1,1,1,1,0,0,0,1,1,1,0,1,1,1,1,1,
1,0,1,1,1,1,1,1,1,0,1,1,1,1,1,1,0,1,1,1,1,0,1,1,1,
1,1,1,1,0,1,1,0,1,1,1,1,1,0,1,1,1,0,0,1,1,1,1,1,1,
0,1,1,0,1,1,1,1,1,1,1,1,1,1,0,1,1,0,0,0,1,1,1,0,1,
1,1,1,0,1,1,1,1,1,1,0,1,1,1,1,0,1,1,0,0,1,1,1,1,1,
1,0,1,1,0,1,1,0,0,1,1,0,1,1,1,1,1,1,1,1,0,1,0,0,1,
0,1,1,1,1,1,1,1,1,0,1,1,1,0,1,1,0,1,1,1,1,0,0,1,1,
0,0,1,1,1,1,1,0,1,1,1,1,1,0,1,1,1,1,1,1,0,0,0,1,1,
1,1,1,1,0,1,1,1,1,1,1,1,1,1,1,1,1,1,0,1,0,1,1,0,1,
1,0,1,1,1,1,1,0,1,1,0,1,1,1,0,1,1,1,1,1,1,1,1,1,0,
========================
Output Graph: 
Number of Vertices: 25
Number of Edges: 251
Graph Density: 0.836667
0,1,1,1,1,1,1,1,1,1,1,1,1,0,1,1,1,1,1,1,1,0,0,1,1,
1,0,1,1,1,1,1,1,1,1,1,1,1,1,1,1,1,1,1,1,0,1,0,1,0,
1,1,0,1,1,1,0,0,1,1,1,1,1,1,1,0,1,1,1,1,1,1,1,1,1,
1,1,1,0,1,1,1,0,1,1,1,1,1,1,0,0,1,1,0,0,1,1,1,1,1,
1,1,1,1,0,1,1,1,1,1,0,1,1,0,1,1,1,0,1,1,0,1,1,0,1,
1,1,1,1,1,0,1,1,1,1,0,1,1,0,1,1,1,1,1,1,1,1,1,1,1,
1,1,0,1,1,1,0,1,1,1,1,1,1,1,1,1,1,1,1,1,1,1,1,1,1,
1,1,0,0,1,1,1,0,1,1,1,1,1,1,1,0,1,0,1,1,0,1,0,1,0,
1,1,1,1,1,1,1,1,0,1,1,1,0,1,1,1,1,1,1,1,0,1,1,1,1,
1,1,1,1,1,1,1,1,1,0,1,1,1,1,1,1,0,1,1,1,1,0,1,1,1,
1,1,1,1,0,0,1,1,1,1,0,0,1,0,1,1,1,1,1,0,1,1,1,1,1,
1,1,1,1,1,1,1,1,1,1,0,0,0,1,1,1,1,1,1,1,0,1,1,1,1,
1,1,1,1,1,1,1,1,0,1,1,0,0,1,1,1,1,1,1,1,1,1,1,1,1,
0,1,1,1,0,0,1,1,1,1,0,1,1,0,1,0,1,0,1,1,0,0,0,1,1,
1,1,1,0,1,1,1,1,1,1,1,1,1,1,0,0,1,1,0,1,1,1,1,1,0,
1,1,0,0,1,1,1,0,1,1,1,1,1,0,0,0,1,1,1,0,1,1,1,1,1,
1,1,1,1,1,1,1,1,1,0,1,1,1,1,1,1,0,1,1,1,1,0,1,1,1,
1,1,1,1,0,1,1,0,1,1,1,1,1,0,1,1,1,0,1,1,1,1,1,1,1,
1,1,1,0,1,1,1,1,1,1,1,1,1,1,0,1,1,1,0,0,1,1,1,1,1,
1,1,1,0,1,1,1,1,1,1,0,1,1,1,1,0,1,1,0,0,1,1,1,1,1,
1,0,1,1,0,1,1,0,0,1,1,0,1,0,1,1,1,1,1,1,0,1,0,0,1,
0,1,1,1,1,1,1,1,1,0,1,1,1,0,1,1,0,1,1,1,1,0,0,1,1,
0,0,1,1,1,1,1,0,1,1,1,1,1,0,1,1,1,1,1,1,0,0,0,1,1,
1,1,1,1,0,1,1,1,1,1,1,1,1,1,1,1,1,1,1,1,0,1,1,0,1,
1,0,1,1,1,1,1,0,1,1,1,1,1,1,0,1,1,1,1,1,1,1,1,1,0,
Is Output Graph Empty or Complete?: 0
Ratio of Added Edges Over Added + Removed Edges: 0.923077
Changes from Input to Output: 
Added Edge: (0, 12)
Added Edge: (0, 18)
Added Edge: (1, 8)
Added Edge: (1, 16)
Added Edge: (3, 11)
Added Edge: (4, 14)
Added Edge: (6, 9)
Added Edge: (8, 9)
Added Edge: (9, 10)
Added Edge: (10, 24)
Removed Edge: (13, 20)
Added Edge: (17, 18)
Added Edge: (18, 23)
========================
