========================
TIME_LIMIT_SECONDS: 900
ODD_HOLE_TERMINATION_PERCENTAGE: 999
N_THREADS: 24
IS_RUNNING_HEURISTIC_ON_CANDIDATE: 1
IS_RUNNING_HEURISTIC_ON_RELAXATION: 0
ADD_ALL_AT_START: 0
========================
Wall-Clock Runtime (ms): 34855
Calculated Odd Hole Termination Batch Size: 0
Total Time of All Workers in OddHoleAlg (nano): 97313138
Total Time of All Workers in OddHoleAlg (ms): 97
OddHoleAlg calls: 114
Number of Found Odd-Holes: 14275
Number of Found Odd Anti-Holes: 0
Is Optimal? (1e-6): 1
Optimality Gap: 0
Objective Value: 23
Number of Feasible Solutions Found: 57
Number of Times Heuristic is Called: 51
Total number of added OH and OHbar Cuts: 14275
Number of Explored B&C tree nodes: 55756
Number of Unexplored B&C tree nodes: 0
========================
Input Graph:
Number of Vertices: 30
Erdos Renyi p Parameter: 0.25
Number of Edges: 95
Expected No of Odd Holes: 1737
Expected No of Odd Anti Holes: 0
ODD_HOLE_TERMINATION_BATCH_SIZE: 0
Graph Density: 0.218391
0,1,0,0,1,1,0,0,0,0,0,0,1,0,0,0,0,0,0,1,0,0,0,0,1,1,1,0,0,0,
1,0,0,0,0,1,0,0,0,0,1,0,1,0,0,1,0,1,0,1,0,0,1,0,0,0,0,0,0,0,
0,0,0,0,0,0,0,0,1,1,0,1,0,0,1,0,0,0,0,1,0,0,1,1,0,0,0,0,1,0,
0,0,0,0,0,1,0,0,0,0,0,1,0,0,0,1,0,0,0,0,0,0,0,0,0,0,1,0,1,0,
1,0,0,0,0,1,0,0,1,0,0,0,1,1,1,1,0,0,0,0,0,0,0,1,0,1,0,0,0,0,
1,1,0,1,1,0,0,0,0,0,0,0,1,0,0,0,0,0,0,0,0,0,0,1,0,0,1,0,0,0,
0,0,0,0,0,0,0,0,0,0,0,0,0,0,1,0,0,0,0,1,0,0,0,1,0,0,0,0,1,0,
0,0,0,0,0,0,0,0,0,0,0,0,0,0,0,0,0,0,0,0,0,0,0,1,0,0,0,1,0,1,
0,0,1,0,1,0,0,0,0,0,0,0,1,0,0,0,0,1,0,0,0,0,0,1,1,0,0,0,0,1,
0,0,1,0,0,0,0,0,0,0,1,1,0,0,1,0,0,0,0,1,1,0,1,1,0,0,0,0,0,0,
0,1,0,0,0,0,0,0,0,1,0,0,0,0,1,1,0,0,0,1,0,0,0,0,0,0,0,0,0,1,
0,0,1,1,0,0,0,0,0,1,0,0,0,1,0,0,0,0,0,0,0,1,0,1,1,0,0,0,0,0,
1,1,0,0,1,1,0,0,1,0,0,0,0,0,0,0,0,0,0,0,0,0,0,1,0,0,1,0,0,0,
0,0,0,0,1,0,0,0,0,0,0,1,0,0,0,0,1,0,1,0,0,0,0,0,0,0,0,0,1,0,
0,0,1,0,1,0,1,0,0,1,1,0,0,0,0,1,0,0,0,0,0,0,1,0,0,0,1,0,0,1,
0,1,0,1,1,0,0,0,0,0,1,0,0,0,1,0,0,0,0,0,1,1,0,0,0,0,0,0,0,0,
0,0,0,0,0,0,0,0,0,0,0,0,0,1,0,0,0,0,1,0,1,0,1,0,0,0,0,0,1,1,
0,1,0,0,0,0,0,0,1,0,0,0,0,0,0,0,0,0,0,0,0,0,0,0,0,0,1,0,0,0,
0,0,0,0,0,0,0,0,0,0,0,0,0,1,0,0,1,0,0,0,0,1,0,0,0,0,0,1,0,0,
1,1,1,0,0,0,1,0,0,1,1,0,0,0,0,0,0,0,0,0,0,0,0,0,0,0,0,0,0,0,
0,0,0,0,0,0,0,0,0,1,0,0,0,0,0,1,1,0,0,0,0,1,0,0,0,0,1,0,0,0,
0,0,0,0,0,0,0,0,0,0,0,1,0,0,0,1,0,0,1,0,1,0,0,1,1,0,0,1,0,0,
0,1,1,0,0,0,0,0,0,1,0,0,0,0,1,0,1,0,0,0,0,0,0,0,0,0,0,0,0,1,
0,0,1,0,1,1,1,1,1,1,0,1,1,0,0,0,0,0,0,0,0,1,0,0,0,0,0,1,0,0,
1,0,0,0,0,0,0,0,1,0,0,1,0,0,0,0,0,0,0,0,0,1,0,0,0,0,1,0,0,0,
1,0,0,0,1,0,0,0,0,0,0,0,0,0,0,0,0,0,0,0,0,0,0,0,0,0,0,0,1,0,
1,0,0,1,0,1,0,0,0,0,0,0,1,0,1,0,0,1,0,0,1,0,0,0,1,0,0,0,0,0,
0,0,0,0,0,0,0,1,0,0,0,0,0,0,0,0,0,0,1,0,0,1,0,1,0,0,0,0,1,0,
0,0,1,1,0,0,1,0,0,0,0,0,0,1,0,0,1,0,0,0,0,0,0,0,0,1,0,1,0,0,
0,0,0,0,0,0,0,1,1,0,1,0,0,0,1,0,1,0,0,0,0,0,1,0,0,0,0,0,0,0,
========================
Output Graph: 
Number of Vertices: 30
Number of Edges: 86
Graph Density: 0.197701
0,1,0,0,1,1,0,0,0,0,0,0,1,0,0,0,0,0,0,0,0,0,0,0,0,1,1,0,0,0,
1,0,0,0,0,1,0,0,0,0,1,0,1,0,1,1,0,1,0,1,0,0,1,1,0,0,0,0,0,0,
0,0,0,0,0,0,0,0,0,1,0,1,0,0,1,0,0,0,0,1,0,0,1,1,0,0,0,0,1,0,
0,0,0,0,0,1,0,0,0,0,0,1,0,0,0,1,0,0,0,0,0,0,0,1,0,0,0,0,1,0,
1,0,0,0,0,1,0,0,0,0,0,0,1,0,1,1,0,0,0,0,0,0,0,1,0,1,0,0,0,0,
1,1,0,1,1,0,0,0,0,0,0,0,1,0,0,0,0,0,0,0,0,0,0,1,0,0,1,0,0,0,
0,0,0,0,0,0,0,0,0,0,0,0,0,0,1,0,0,0,0,1,0,0,0,1,0,0,0,0,1,0,
0,0,0,0,0,0,0,0,0,0,0,0,0,0,0,0,0,0,0,0,0,0,0,1,0,0,0,1,0,0,
0,0,0,0,0,0,0,0,0,0,0,0,1,0,0,0,0,1,0,0,0,0,0,1,0,0,0,0,0,0,
0,0,1,0,0,0,0,0,0,0,0,1,0,0,1,0,0,0,0,1,1,0,1,1,0,0,0,0,1,0,
0,1,0,0,0,0,0,0,0,0,0,0,0,0,1,1,0,0,0,1,0,0,0,0,0,0,0,0,0,0,
0,0,1,1,0,0,0,0,0,1,0,0,0,0,0,0,0,0,0,0,0,1,0,1,1,0,0,0,0,0,
1,1,0,0,1,1,0,0,1,0,0,0,0,0,0,0,0,0,0,0,0,0,0,1,0,0,1,0,0,0,
0,0,0,0,0,0,0,0,0,0,0,0,0,0,0,0,1,0,1,0,0,0,0,0,0,0,0,0,1,0,
0,1,1,0,1,0,1,0,0,1,1,0,0,0,0,0,1,0,0,0,0,0,1,0,0,0,1,0,0,1,
0,1,0,1,1,0,0,0,0,0,1,0,0,0,0,0,0,0,0,0,0,1,0,0,0,0,0,0,0,0,
0,0,0,0,0,0,0,0,0,0,0,0,0,1,1,0,0,0,1,0,1,0,1,0,0,0,0,0,1,1,
0,1,0,0,0,0,0,0,1,0,0,0,0,0,0,0,0,0,0,0,0,0,0,0,0,0,1,0,0,0,
0,0,0,0,0,0,0,0,0,0,0,0,0,1,0,0,1,0,0,0,0,1,0,0,0,0,0,1,0,0,
0,1,1,0,0,0,1,0,0,1,1,0,0,0,0,0,0,0,0,0,0,0,0,0,0,0,0,0,0,0,
0,0,0,0,0,0,0,0,0,1,0,0,0,0,0,0,1,0,0,0,0,1,0,0,0,0,1,0,0,0,
0,0,0,0,0,0,0,0,0,0,0,1,0,0,0,1,0,0,1,0,1,0,0,1,1,0,0,1,1,0,
0,1,1,0,0,0,0,0,0,1,0,0,0,0,1,0,1,0,0,0,0,0,0,0,0,0,0,0,0,1,
0,1,1,1,1,1,1,1,1,1,0,1,1,0,0,0,0,0,0,0,0,1,0,0,0,0,1,1,0,0,
0,0,0,0,0,0,0,0,0,0,0,1,0,0,0,0,0,0,0,0,0,1,0,0,0,0,0,0,0,0,
1,0,0,0,1,0,0,0,0,0,0,0,0,0,0,0,0,0,0,0,0,0,0,0,0,0,0,0,0,0,
1,0,0,0,0,1,0,0,0,0,0,0,1,0,1,0,0,1,0,0,1,0,0,1,0,0,0,0,0,0,
0,0,0,0,0,0,0,1,0,0,0,0,0,0,0,0,0,0,1,0,0,1,0,1,0,0,0,0,1,0,
0,0,1,1,0,0,1,0,0,1,0,0,0,1,0,0,1,0,0,0,0,1,0,0,0,0,0,1,0,0,
0,0,0,0,0,0,0,0,0,0,0,0,0,0,1,0,1,0,0,0,0,0,1,0,0,0,0,0,0,0,
Is Output Graph Empty or Complete?: 0
Ratio of Added Edges Over Added + Removed Edges: 0.304348
Changes from Input to Output: 
Removed Edge: (0, 19)
Removed Edge: (0, 24)
Added Edge: (1, 14)
Added Edge: (1, 23)
Removed Edge: (2, 8)
Added Edge: (3, 23)
Removed Edge: (3, 26)
Removed Edge: (4, 8)
Removed Edge: (4, 13)
Removed Edge: (7, 29)
Removed Edge: (8, 24)
Removed Edge: (8, 29)
Removed Edge: (9, 10)
Added Edge: (9, 28)
Removed Edge: (10, 29)
Removed Edge: (11, 13)
Removed Edge: (14, 15)
Added Edge: (14, 16)
Removed Edge: (15, 20)
Added Edge: (21, 28)
Added Edge: (23, 26)
Removed Edge: (24, 26)
Removed Edge: (25, 28)
========================
