========================
TIME_LIMIT_SECONDS: 900
ODD_HOLE_TERMINATION_PERCENTAGE: 999
N_THREADS: 24
IS_RUNNING_HEURISTIC_ON_CANDIDATE: 0
IS_RUNNING_HEURISTIC_ON_RELAXATION: 1
ADD_ALL_AT_START: 1
========================
Wall-Clock Runtime (ms): 900836
Calculated Odd Hole Termination Batch Size: 0
Total Time of All Workers in OddHoleAlg (nano): 48349883
Total Time of All Workers in OddHoleAlg (ms): 48
OddHoleAlg calls: 76
Number of Found Odd-Holes: 2546
Number of Found Odd Anti-Holes: 5700
Is Optimal? (1e-6): 0
Optimality Gap: 0.271131
Objective Value: 80
Number of Feasible Solutions Found: 6634
Number of Times Heuristic is Called: 6629
Total number of added OH and OHbar Cuts: 8246
Number of Explored B&C tree nodes: 33819
Number of Unexplored B&C tree nodes: 25865
========================
Input Graph:
Number of Vertices: 35
Erdos Renyi p Parameter: 0.5
Number of Edges: 300
Expected No of Odd Holes: 4979
Expected No of Odd Anti Holes: 1175
ODD_HOLE_TERMINATION_BATCH_SIZE: 0
Graph Density: 0.504202
0,0,1,0,0,1,0,0,1,0,0,1,1,1,0,1,0,1,0,0,0,0,1,1,0,1,0,1,1,0,1,1,0,0,1,
0,0,0,1,1,1,1,1,0,0,1,1,0,1,1,1,0,0,1,0,0,1,0,0,1,1,1,1,1,0,0,0,0,0,1,
1,0,0,1,0,0,1,0,0,0,1,0,0,1,1,0,0,0,1,0,1,1,1,1,0,1,0,0,1,0,0,1,1,1,0,
0,1,1,0,1,0,0,0,0,0,0,1,0,0,1,0,1,1,0,1,0,0,1,0,0,1,1,0,1,1,0,1,1,1,1,
0,1,0,1,0,0,1,1,0,0,1,0,0,1,0,1,0,0,1,1,0,0,1,0,1,1,0,0,1,1,1,1,0,0,0,
1,1,0,0,0,0,1,0,0,0,0,0,1,1,0,1,1,1,1,1,1,0,0,1,1,0,1,0,0,1,1,1,1,0,1,
0,1,1,0,1,1,0,0,0,1,0,0,1,1,1,1,0,0,0,0,1,1,1,0,1,0,0,0,1,0,1,1,0,1,1,
0,1,0,0,1,0,0,0,0,0,0,1,0,1,1,1,0,0,1,0,1,1,1,1,1,0,1,1,1,1,1,1,0,1,0,
1,0,0,0,0,0,0,0,0,0,1,0,1,1,1,0,0,0,0,0,1,1,1,1,1,1,1,1,1,1,1,1,1,0,1,
0,0,0,0,0,0,1,0,0,0,1,0,1,0,0,0,1,0,1,1,0,0,1,1,1,0,0,1,0,1,1,0,0,1,0,
0,1,1,0,1,0,0,0,1,1,0,0,1,1,1,0,1,0,1,1,1,0,1,0,1,0,0,1,1,1,0,0,0,1,0,
1,1,0,1,0,0,0,1,0,0,0,0,0,1,0,0,0,1,0,1,0,1,0,1,1,0,0,1,1,1,0,0,1,0,0,
1,0,0,0,0,1,1,0,1,1,1,0,0,1,0,1,0,0,1,0,0,0,1,0,0,1,1,1,0,1,1,1,0,0,0,
1,1,1,0,1,1,1,1,1,0,1,1,1,0,0,1,1,0,1,0,0,1,1,0,1,0,0,0,1,1,0,1,0,0,0,
0,1,1,1,0,0,1,1,1,0,1,0,0,0,0,1,0,1,0,0,0,1,0,0,0,0,0,0,0,0,1,0,1,0,1,
1,1,0,0,1,1,1,1,0,0,0,0,1,1,1,0,0,1,1,1,1,0,0,1,0,1,0,1,0,0,1,1,0,1,1,
0,0,0,1,0,1,0,0,0,1,1,0,0,1,0,0,0,1,1,1,1,0,1,1,1,0,0,0,1,0,1,1,0,0,0,
1,0,0,1,0,1,0,0,0,0,0,1,0,0,1,1,1,0,1,0,1,0,0,0,0,0,1,0,0,1,0,1,1,0,1,
0,1,1,0,1,1,0,1,0,1,1,0,1,1,0,1,1,1,0,1,1,0,1,0,1,0,0,1,1,0,1,0,0,1,0,
0,0,0,1,1,1,0,0,0,1,1,1,0,0,0,1,1,0,1,0,0,1,0,1,1,1,0,0,0,0,0,1,1,0,0,
0,0,1,0,0,1,1,1,1,0,1,0,0,0,0,1,1,1,1,0,0,0,0,1,0,1,1,0,1,0,1,0,0,0,1,
0,1,1,0,0,0,1,1,1,0,0,1,0,1,1,0,0,0,0,1,0,0,1,1,0,1,0,0,1,0,0,1,1,0,0,
1,0,1,1,1,0,1,1,1,1,1,0,1,1,0,0,1,0,1,0,0,1,0,1,0,0,1,1,0,0,1,0,1,0,1,
1,0,1,0,0,1,0,1,1,1,0,1,0,0,0,1,1,0,0,1,1,1,1,0,1,0,0,1,0,1,1,0,0,0,1,
0,1,0,0,1,1,1,1,1,1,1,1,0,1,0,0,1,0,1,1,0,0,0,1,0,0,0,0,0,1,1,0,1,1,1,
1,1,1,1,1,0,0,0,1,0,0,0,1,0,0,1,0,0,0,1,1,1,0,0,0,0,1,1,1,1,1,0,1,1,0,
0,1,0,1,0,1,0,1,1,0,0,0,1,0,0,0,0,1,0,0,1,0,1,0,0,1,0,0,1,1,1,0,0,0,0,
1,1,0,0,0,0,0,1,1,1,1,1,1,0,0,1,0,0,1,0,0,0,1,1,0,1,0,0,1,0,1,0,1,1,1,
1,1,1,1,1,0,1,1,1,0,1,1,0,1,0,0,1,0,1,0,1,1,0,0,0,1,1,1,0,1,1,1,1,1,0,
0,0,0,1,1,1,0,1,1,1,1,1,1,1,0,0,0,1,0,0,0,0,0,1,1,1,1,0,1,0,0,1,1,1,0,
1,0,0,0,1,1,1,1,1,1,0,0,1,0,1,1,1,0,1,0,1,0,1,1,1,1,1,1,1,0,0,0,0,0,0,
1,0,1,1,1,1,1,1,1,0,0,0,1,1,0,1,1,1,0,1,0,1,0,0,0,0,0,0,1,1,0,0,1,0,0,
0,0,1,1,0,1,0,0,1,0,0,1,0,0,1,0,0,1,0,1,0,1,1,0,1,1,0,1,1,1,0,1,0,1,0,
0,0,1,1,0,0,1,1,0,1,1,0,0,0,0,1,0,0,1,0,0,0,0,0,1,1,0,1,1,1,0,0,1,0,1,
1,1,0,1,0,1,1,0,1,0,0,0,0,0,1,1,0,1,0,0,1,0,1,1,1,0,0,1,0,0,0,0,0,1,0,
========================
Output Graph: 
Number of Vertices: 35
Number of Edges: 302
Graph Density: 0.507563
0,0,0,0,0,1,0,0,1,0,0,0,1,1,0,1,0,0,0,0,0,0,1,1,0,1,0,1,1,0,1,1,0,0,0,
0,0,0,1,1,1,1,1,1,0,1,1,0,1,1,1,0,0,1,0,0,1,0,1,1,1,1,1,1,0,0,1,1,0,1,
0,0,0,0,0,0,1,0,0,0,1,0,0,1,1,0,0,0,1,0,0,1,1,1,0,1,0,0,1,0,0,1,0,0,0,
0,1,0,0,0,0,0,0,0,0,0,1,0,0,0,0,0,1,0,1,0,0,1,0,0,1,0,0,1,1,0,1,1,0,0,
0,1,0,0,0,0,1,1,0,0,1,0,0,1,0,1,0,0,1,0,0,0,1,0,1,1,0,0,1,1,1,1,0,0,0,
1,1,0,0,0,0,1,0,0,0,1,0,1,1,0,1,1,1,1,1,1,0,1,1,1,1,1,1,1,1,1,1,1,0,1,
0,1,1,0,1,1,0,1,1,1,0,0,1,1,1,1,0,0,0,0,1,1,1,0,1,0,0,1,1,1,1,0,0,1,1,
0,1,0,0,1,0,1,0,0,0,1,0,0,1,1,1,0,0,1,0,1,1,1,1,1,1,1,1,1,1,1,1,0,1,0,
1,1,0,0,0,0,1,0,0,0,1,0,1,1,1,1,0,0,1,0,1,1,1,1,1,1,1,1,1,1,1,1,1,0,1,
0,0,0,0,0,0,1,0,0,0,1,0,1,0,0,0,0,0,1,0,0,0,1,1,0,0,0,1,0,1,1,0,0,0,0,
0,1,1,0,1,1,0,1,1,1,0,0,1,1,0,1,1,0,1,1,1,0,1,0,1,0,0,1,1,1,1,0,0,1,0,
0,1,0,1,0,0,0,0,0,0,0,0,0,1,0,0,0,1,0,1,0,0,0,0,1,0,0,1,1,1,0,0,1,0,0,
1,0,0,0,0,1,1,0,1,1,1,0,0,1,0,1,0,0,1,0,0,0,1,1,0,1,1,1,0,1,1,1,0,0,0,
1,1,1,0,1,1,1,1,1,0,1,1,1,0,0,1,1,0,1,0,0,1,1,1,1,1,0,0,1,1,1,1,0,0,0,
0,1,1,0,0,0,1,1,1,0,0,0,0,0,0,1,0,0,0,0,0,1,1,0,0,0,0,0,0,0,1,0,0,0,0,
1,1,0,0,1,1,1,1,1,0,1,0,1,1,1,0,0,1,1,1,1,0,1,1,1,1,0,1,1,1,1,1,0,1,1,
0,0,0,0,0,1,0,0,0,0,1,0,0,1,0,0,0,0,1,0,0,0,1,1,1,0,0,0,1,0,1,1,0,0,0,
0,0,0,1,0,1,0,0,0,0,0,1,0,0,0,1,0,0,0,0,0,0,0,0,0,0,0,0,0,1,0,1,1,0,0,
0,1,1,0,1,1,0,1,1,1,1,0,1,1,0,1,1,0,0,1,1,0,1,0,1,0,0,1,1,1,1,0,0,1,0,
0,0,0,1,0,1,0,0,0,0,1,1,0,0,0,1,0,0,1,0,0,0,0,1,1,1,0,0,0,0,0,1,1,0,0,
0,0,0,0,0,1,1,1,1,0,1,0,0,0,0,1,0,0,1,0,0,0,0,1,0,1,1,0,1,0,1,0,0,0,0,
0,1,1,0,0,0,1,1,1,0,0,0,0,1,1,0,0,0,0,0,0,0,1,1,0,1,0,0,1,0,0,1,0,0,0,
1,0,1,1,1,1,1,1,1,1,1,0,1,1,1,1,1,0,1,0,0,1,0,1,1,1,1,1,1,0,1,1,1,0,1,
1,1,1,0,0,1,0,1,1,1,0,0,1,1,0,1,1,0,0,1,1,1,1,0,1,0,0,1,1,1,1,0,0,0,1,
0,1,0,0,1,1,1,1,1,0,1,1,0,1,0,1,1,0,1,1,0,0,1,1,0,1,0,1,1,1,1,1,1,1,1,
1,1,1,1,1,1,0,1,1,0,0,0,1,1,0,1,0,0,0,1,1,1,1,0,1,0,1,1,1,1,1,0,1,1,0,
0,1,0,0,0,1,0,1,1,0,0,0,1,0,0,0,0,0,0,0,1,0,1,0,0,1,0,0,1,1,1,0,0,0,0,
1,1,0,0,0,1,1,1,1,1,1,1,1,0,0,1,0,0,1,0,0,0,1,1,1,1,0,0,1,1,1,1,1,1,1,
1,1,1,1,1,1,1,1,1,0,1,1,0,1,0,1,1,0,1,0,1,1,1,1,1,1,1,1,0,1,1,1,1,1,0,
0,0,0,1,1,1,1,1,1,1,1,1,1,1,0,1,0,1,1,0,0,0,0,1,1,1,1,1,1,0,0,1,1,1,0,
1,0,0,0,1,1,1,1,1,1,1,0,1,1,1,1,1,0,1,0,1,0,1,1,1,1,1,1,1,0,0,1,0,0,0,
1,1,1,1,1,1,0,1,1,0,0,0,1,1,0,1,1,1,0,1,0,1,1,0,1,0,0,1,1,1,1,0,1,0,0,
0,1,0,1,0,1,0,0,1,0,0,1,0,0,0,0,0,1,0,1,0,0,1,0,1,1,0,1,1,1,0,1,0,0,0,
0,0,0,0,0,0,1,1,0,0,1,0,0,0,0,1,0,0,1,0,0,0,0,0,1,1,0,1,1,1,0,0,0,0,0,
0,1,0,0,0,1,1,0,1,0,0,0,0,0,0,1,0,0,0,0,0,0,1,1,1,0,0,1,0,0,0,0,0,0,0,
Is Output Graph Empty or Complete?: 0
Ratio of Added Edges Over Added + Removed Edges: 0.5125
Changes from Input to Output: 
Removed Edge: (0, 2)
Removed Edge: (0, 11)
Removed Edge: (0, 17)
Removed Edge: (0, 34)
Added Edge: (1, 8)
Added Edge: (1, 23)
Added Edge: (1, 31)
Added Edge: (1, 32)
Removed Edge: (2, 3)
Removed Edge: (2, 20)
Removed Edge: (2, 32)
Removed Edge: (2, 33)
Removed Edge: (3, 4)
Removed Edge: (3, 14)
Removed Edge: (3, 16)
Removed Edge: (3, 26)
Removed Edge: (3, 33)
Removed Edge: (3, 34)
Removed Edge: (4, 19)
Added Edge: (5, 10)
Added Edge: (5, 22)
Added Edge: (5, 25)
Added Edge: (5, 27)
Added Edge: (5, 28)
Added Edge: (6, 7)
Added Edge: (6, 8)
Added Edge: (6, 27)
Added Edge: (6, 29)
Removed Edge: (6, 31)
Added Edge: (7, 10)
Removed Edge: (7, 11)
Added Edge: (7, 25)
Added Edge: (8, 15)
Added Edge: (8, 18)
Removed Edge: (9, 16)
Removed Edge: (9, 19)
Removed Edge: (9, 24)
Removed Edge: (9, 33)
Removed Edge: (10, 14)
Added Edge: (10, 15)
Added Edge: (10, 30)
Removed Edge: (11, 21)
Removed Edge: (11, 23)
Added Edge: (12, 23)
Added Edge: (13, 23)
Added Edge: (13, 25)
Added Edge: (13, 30)
Removed Edge: (14, 17)
Added Edge: (14, 22)
Removed Edge: (14, 32)
Removed Edge: (14, 34)
Added Edge: (15, 22)
Added Edge: (15, 24)
Added Edge: (15, 28)
Added Edge: (15, 29)
Removed Edge: (16, 17)
Removed Edge: (16, 19)
Removed Edge: (16, 20)
Removed Edge: (17, 18)
Removed Edge: (17, 20)
Removed Edge: (17, 26)
Removed Edge: (17, 34)
Added Edge: (18, 29)
Removed Edge: (19, 21)
Removed Edge: (20, 34)
Removed Edge: (21, 32)
Added Edge: (22, 24)
Added Edge: (22, 25)
Added Edge: (22, 28)
Added Edge: (22, 31)
Added Edge: (23, 28)
Added Edge: (24, 25)
Added Edge: (24, 27)
Added Edge: (24, 28)
Added Edge: (24, 31)
Added Edge: (27, 29)
Added Edge: (27, 31)
Added Edge: (30, 31)
Removed Edge: (32, 33)
Removed Edge: (33, 34)
========================
