========================
TIME_LIMIT_SECONDS: 900
ODD_HOLE_TERMINATION_PERCENTAGE: 999
N_THREADS: 24
IS_RUNNING_HEURISTIC_ON_CANDIDATE: 1
IS_RUNNING_HEURISTIC_ON_RELAXATION: 0
ADD_ALL_AT_START: 0
========================
Wall-Clock Runtime (ms): 901082
Calculated Odd Hole Termination Batch Size: 0
Total Time of All Workers in OddHoleAlg (nano): 177964679
Total Time of All Workers in OddHoleAlg (ms): 177
OddHoleAlg calls: 130
Number of Found Odd-Holes: 13156
Number of Found Odd Anti-Holes: 43765
Is Optimal? (1e-6): 0
Optimality Gap: 0.383442
Objective Value: 57
Number of Feasible Solutions Found: 65
Number of Times Heuristic is Called: 61
Total number of added OH and OHbar Cuts: 56921
Number of Explored B&C tree nodes: 109936
Number of Unexplored B&C tree nodes: 98090
========================
Input Graph:
Number of Vertices: 35
Erdos Renyi p Parameter: 0.75
Number of Edges: 438
Expected No of Odd Holes: 903
Expected No of Odd Anti Holes: 5546
ODD_HOLE_TERMINATION_BATCH_SIZE: 0
Graph Density: 0.736134
0,0,0,0,1,1,1,1,1,1,1,1,1,1,0,1,1,1,1,1,1,1,1,1,0,1,0,1,0,1,0,1,0,0,1,
0,0,1,1,1,1,1,0,1,1,0,0,0,0,1,1,1,0,0,1,0,0,0,1,1,1,0,0,0,0,1,1,1,1,0,
0,1,0,0,1,1,1,1,0,1,0,0,1,1,1,1,0,1,1,1,0,0,1,1,0,0,1,1,1,1,1,1,1,1,1,
0,1,0,0,1,0,1,0,1,1,1,1,1,1,0,1,1,1,1,0,0,0,1,0,1,0,1,0,1,1,1,1,1,1,1,
1,1,1,1,0,0,1,1,1,0,1,1,1,1,1,1,1,1,0,1,1,1,0,1,1,0,1,1,1,1,0,1,0,0,1,
1,1,1,0,0,0,1,0,0,1,1,0,1,1,1,1,1,1,1,1,0,0,1,1,1,0,1,1,0,1,1,1,0,0,1,
1,1,1,1,1,1,0,1,1,1,0,0,1,1,1,1,1,1,0,1,1,1,1,0,1,1,0,0,1,1,1,0,1,0,1,
1,0,1,0,1,0,1,0,0,0,1,1,0,1,1,1,1,1,1,1,1,1,1,1,1,0,1,0,1,1,1,0,1,1,1,
1,1,0,1,1,0,1,0,0,1,0,1,1,1,1,1,1,1,1,1,1,1,1,1,1,1,1,1,1,1,1,1,1,1,1,
1,1,1,1,0,1,1,0,1,0,1,0,1,1,1,1,0,1,1,0,1,1,1,1,1,1,1,0,0,1,1,0,1,1,1,
1,0,0,1,1,1,0,1,0,1,0,0,1,1,1,0,1,1,1,1,1,1,0,1,1,0,1,0,1,1,1,1,1,1,0,
1,0,0,1,1,0,0,1,1,0,0,0,1,0,0,0,1,1,1,1,1,1,1,0,1,1,0,1,1,1,0,1,0,1,1,
1,0,1,1,1,1,1,0,1,1,1,1,0,0,1,1,1,1,1,0,0,1,1,1,1,1,1,1,0,0,0,1,1,1,1,
1,0,1,1,1,1,1,1,1,1,1,0,0,0,1,0,1,0,0,1,1,1,1,1,1,1,1,1,0,1,1,1,1,1,1,
0,1,1,0,1,1,1,1,1,1,1,0,1,1,0,1,1,1,1,1,0,0,0,1,1,0,0,1,1,1,1,0,0,1,1,
1,1,1,1,1,1,1,1,1,1,0,0,1,0,1,0,1,0,0,1,1,1,1,1,1,1,0,1,1,0,1,0,1,0,0,
1,1,0,1,1,1,1,1,1,0,1,1,1,1,1,1,0,1,1,0,0,1,1,1,0,1,1,1,1,1,1,1,1,1,0,
1,0,1,1,1,1,1,1,1,1,1,1,1,0,1,0,1,0,1,1,0,1,1,1,1,1,1,1,1,1,1,0,0,1,1,
1,0,1,1,0,1,0,1,1,1,1,1,1,0,1,0,1,1,0,1,1,1,1,1,1,1,1,1,0,1,1,0,1,1,1,
1,1,1,0,1,1,1,1,1,0,1,1,0,1,1,1,0,1,1,0,1,1,1,1,1,0,1,1,1,1,1,1,1,1,1,
1,0,0,0,1,0,1,1,1,1,1,1,0,1,0,1,0,0,1,1,0,1,1,1,0,0,0,1,0,1,1,0,1,0,1,
1,0,0,0,1,0,1,1,1,1,1,1,1,1,0,1,1,1,1,1,1,0,0,1,1,1,1,1,1,1,1,1,1,0,1,
1,0,1,1,0,1,1,1,1,1,0,1,1,1,0,1,1,1,1,1,1,0,0,0,1,1,1,0,0,1,1,1,1,1,1,
1,1,1,0,1,1,0,1,1,1,1,0,1,1,1,1,1,1,1,1,1,1,0,0,1,0,1,1,0,0,1,1,1,1,0,
0,1,0,1,1,1,1,1,1,1,1,1,1,1,1,1,0,1,1,1,0,1,1,1,0,1,1,1,0,0,1,0,1,1,1,
1,1,0,0,0,0,1,0,1,1,0,1,1,1,0,1,1,1,1,0,0,1,1,0,1,0,0,0,1,1,1,1,1,0,1,
0,0,1,1,1,1,0,1,1,1,1,0,1,1,0,0,1,1,1,1,0,1,1,1,1,0,0,1,1,1,1,1,1,1,1,
1,0,1,0,1,1,0,0,1,0,0,1,1,1,1,1,1,1,1,1,1,1,0,1,1,0,1,0,0,1,1,1,1,0,0,
0,0,1,1,1,0,1,1,1,0,1,1,0,0,1,1,1,1,0,1,0,1,0,0,0,1,1,0,0,1,1,1,0,0,1,
1,0,1,1,1,1,1,1,1,1,1,1,0,1,1,0,1,1,1,1,1,1,1,0,0,1,1,1,1,0,1,1,1,1,1,
0,1,1,1,0,1,1,1,1,1,1,0,0,1,1,1,1,1,1,1,1,1,1,1,1,1,1,1,1,1,0,1,1,1,1,
1,1,1,1,1,1,0,0,1,0,1,1,1,1,0,0,1,0,0,1,0,1,1,1,0,1,1,1,1,1,1,0,1,0,0,
0,1,1,1,0,0,1,1,1,1,1,0,1,1,0,1,1,0,1,1,1,1,1,1,1,1,1,1,0,1,1,1,0,1,0,
0,1,1,1,0,0,0,1,1,1,1,1,1,1,1,0,1,1,1,1,0,0,1,1,1,0,1,0,0,1,1,0,1,0,1,
1,0,1,1,1,1,1,1,1,1,0,1,1,1,1,0,0,1,1,1,1,1,1,0,1,1,1,0,1,1,1,0,0,1,0,
========================
Output Graph: 
Number of Vertices: 35
Number of Edges: 447
Graph Density: 0.751261
0,0,0,0,1,1,1,1,1,1,1,0,1,1,0,1,1,1,1,1,1,1,1,1,0,0,0,1,0,1,1,1,1,0,1,
0,0,1,0,1,1,1,0,1,1,0,0,0,0,1,1,1,0,0,1,0,0,0,1,1,0,0,0,0,0,1,0,1,0,0,
0,1,0,0,1,1,1,0,0,1,1,0,1,1,1,1,0,1,1,1,0,0,1,1,0,0,1,1,0,1,1,1,1,1,1,
0,0,0,0,1,0,1,0,1,1,1,1,0,1,0,1,1,1,1,0,0,0,1,1,1,0,1,0,1,1,1,1,1,1,1,
1,1,1,1,0,1,1,1,1,1,1,0,1,1,1,1,1,1,0,1,1,1,0,1,1,0,1,1,1,1,0,1,1,0,1,
1,1,1,0,1,0,1,0,0,1,1,0,1,1,1,1,1,1,1,1,0,0,1,1,1,0,1,1,0,1,1,1,0,1,1,
1,1,1,1,1,1,0,1,1,1,1,0,1,1,1,1,1,1,0,1,1,1,1,1,1,1,1,0,1,1,1,0,1,0,1,
1,0,0,0,1,0,1,0,0,1,1,1,0,1,1,1,1,1,1,1,1,1,1,1,1,0,1,1,1,1,1,1,1,1,1,
1,1,0,1,1,0,1,0,0,1,1,1,1,1,1,1,1,1,1,1,1,1,1,1,1,1,1,1,1,1,1,1,1,1,1,
1,1,1,1,1,1,1,1,1,0,1,0,1,1,1,1,1,1,1,1,1,1,1,1,1,1,1,0,0,1,1,0,1,1,1,
1,0,1,1,1,1,1,1,1,1,0,0,1,1,1,1,1,1,1,1,1,1,0,1,1,0,1,0,1,1,1,1,1,1,1,
0,0,0,1,0,0,0,1,1,0,0,0,1,0,0,0,1,1,1,1,0,1,1,0,1,1,0,0,0,1,0,0,0,0,1,
1,0,1,0,1,1,1,0,1,1,1,1,0,1,1,1,1,1,1,0,0,1,1,1,1,1,1,1,0,1,1,1,1,1,1,
1,0,1,1,1,1,1,1,1,1,1,0,1,0,1,0,1,0,0,1,1,1,1,1,1,1,1,1,0,1,1,1,1,1,1,
0,1,1,0,1,1,1,1,1,1,1,0,1,1,0,1,1,1,1,1,0,0,1,1,1,0,0,1,0,1,1,1,0,1,1,
1,1,1,1,1,1,1,1,1,1,1,0,1,0,1,0,1,0,0,1,1,1,1,1,1,1,1,1,0,0,1,0,1,0,0,
1,1,0,1,1,1,1,1,1,1,1,1,1,1,1,1,0,1,1,1,0,1,1,1,0,1,1,1,1,1,1,1,1,1,1,
1,0,1,1,1,1,1,1,1,1,1,1,1,0,1,0,1,0,1,1,0,1,1,1,1,1,1,1,1,1,1,0,1,1,1,
1,0,1,1,0,1,0,1,1,1,1,1,1,0,1,0,1,1,0,1,0,1,1,1,1,1,1,0,0,1,1,0,1,1,1,
1,1,1,0,1,1,1,1,1,1,1,1,0,1,1,1,1,1,1,0,1,1,1,1,1,0,1,1,1,1,1,1,1,1,1,
1,0,0,0,1,0,1,1,1,1,1,0,0,1,0,1,0,0,0,1,0,1,1,1,0,0,0,1,0,1,1,0,1,0,0,
1,0,0,0,1,0,1,1,1,1,1,1,1,1,0,1,1,1,1,1,1,0,1,1,1,1,1,1,1,1,1,1,1,1,1,
1,0,1,1,0,1,1,1,1,1,0,1,1,1,1,1,1,1,1,1,1,1,0,0,1,1,1,0,0,1,1,1,1,1,1,
1,1,1,1,1,1,1,1,1,1,1,0,1,1,1,1,1,1,1,1,1,1,0,0,1,0,1,1,0,0,1,1,1,0,0,
0,1,0,1,1,1,1,1,1,1,1,1,1,1,1,1,0,1,1,1,0,1,1,1,0,1,1,1,0,1,1,1,1,1,1,
0,0,0,0,0,0,1,0,1,1,0,1,1,1,0,1,1,1,1,0,0,1,1,0,1,0,0,0,0,1,1,1,1,0,1,
0,0,1,1,1,1,1,1,1,1,1,0,1,1,0,1,1,1,1,1,0,1,1,1,1,0,0,1,1,1,1,1,1,1,1,
1,0,1,0,1,1,0,1,1,0,0,0,1,1,1,1,1,1,0,1,1,1,0,1,1,0,1,0,0,1,1,0,1,0,0,
0,0,0,1,1,0,1,1,1,0,1,0,0,0,0,0,1,1,0,1,0,1,0,0,0,0,1,0,0,1,1,0,0,0,1,
1,0,1,1,1,1,1,1,1,1,1,1,1,1,1,0,1,1,1,1,1,1,1,0,1,1,1,1,1,0,1,1,1,1,1,
1,1,1,1,0,1,1,1,1,1,1,0,1,1,1,1,1,1,1,1,1,1,1,1,1,1,1,1,1,1,0,1,1,1,1,
1,0,1,1,1,1,0,1,1,0,1,0,1,1,1,0,1,0,0,1,0,1,1,1,1,1,1,0,0,1,1,0,1,0,0,
1,1,1,1,1,0,1,1,1,1,1,0,1,1,0,1,1,1,1,1,1,1,1,1,1,1,1,1,0,1,1,1,0,1,1,
0,0,1,1,0,1,0,1,1,1,1,0,1,1,1,0,1,1,1,1,0,1,1,0,1,0,1,0,0,1,1,0,1,0,1,
1,0,1,1,1,1,1,1,1,1,1,1,1,1,1,0,1,1,1,1,0,1,1,0,1,1,1,0,1,1,1,0,1,1,0,
Is Output Graph Empty or Complete?: 0
Ratio of Added Edges Over Added + Removed Edges: 0.578947
Changes from Input to Output: 
Removed Edge: (0, 11)
Removed Edge: (0, 25)
Added Edge: (0, 30)
Added Edge: (0, 32)
Removed Edge: (1, 3)
Removed Edge: (1, 25)
Removed Edge: (1, 31)
Removed Edge: (1, 33)
Removed Edge: (2, 7)
Added Edge: (2, 10)
Removed Edge: (2, 28)
Removed Edge: (3, 12)
Added Edge: (3, 23)
Added Edge: (4, 5)
Added Edge: (4, 9)
Removed Edge: (4, 11)
Added Edge: (4, 32)
Added Edge: (5, 33)
Added Edge: (6, 10)
Added Edge: (6, 23)
Added Edge: (6, 26)
Added Edge: (7, 9)
Added Edge: (7, 27)
Added Edge: (7, 31)
Added Edge: (8, 10)
Added Edge: (9, 16)
Added Edge: (9, 19)
Added Edge: (10, 15)
Added Edge: (10, 34)
Removed Edge: (11, 20)
Removed Edge: (11, 27)
Removed Edge: (11, 28)
Removed Edge: (11, 31)
Removed Edge: (11, 33)
Added Edge: (12, 13)
Added Edge: (12, 29)
Added Edge: (12, 30)
Added Edge: (14, 22)
Removed Edge: (14, 28)
Added Edge: (14, 31)
Added Edge: (15, 26)
Removed Edge: (15, 28)
Added Edge: (16, 19)
Added Edge: (16, 34)
Added Edge: (17, 32)
Removed Edge: (18, 20)
Removed Edge: (18, 27)
Removed Edge: (20, 34)
Added Edge: (21, 22)
Added Edge: (21, 33)
Removed Edge: (23, 33)
Added Edge: (24, 29)
Added Edge: (24, 31)
Removed Edge: (25, 28)
Removed Edge: (27, 31)
Removed Edge: (28, 31)
Added Edge: (32, 34)
========================
