========================
TIME_LIMIT_SECONDS: 900
ODD_HOLE_TERMINATION_PERCENTAGE: 999
N_THREADS: 24
IS_RUNNING_HEURISTIC_ON_CANDIDATE: 0
IS_RUNNING_HEURISTIC_ON_RELAXATION: 0
ADD_ALL_AT_START: 1
========================
Wall-Clock Runtime (ms): 900065
Calculated Odd Hole Termination Batch Size: 0
Total Time of All Workers in OddHoleAlg (nano): 447531032
Total Time of All Workers in OddHoleAlg (ms): 447
OddHoleAlg calls: 584
Number of Found Odd-Holes: 54090
Number of Found Odd Anti-Holes: 3831
Is Optimal? (1e-6): 0
Optimality Gap: 0.355082
Objective Value: 88
Number of Feasible Solutions Found: 16
Number of Times Heuristic is Called: 0
Total number of added OH and OHbar Cuts: 57921
Number of Explored B&C tree nodes: 36426
Number of Unexplored B&C tree nodes: 23921
========================
Input Graph:
Number of Vertices: 35
Erdos Renyi p Parameter: 0.5
Number of Edges: 290
Expected No of Odd Holes: 4979
Expected No of Odd Anti Holes: 1175
ODD_HOLE_TERMINATION_BATCH_SIZE: 0
Graph Density: 0.487395
0,0,1,1,1,1,0,0,1,1,1,1,0,0,0,1,1,0,0,0,0,1,0,0,1,0,0,1,1,0,0,0,1,1,0,
0,0,0,0,1,1,1,0,1,0,0,1,1,0,1,1,1,1,0,1,0,0,0,1,1,0,0,0,0,0,0,1,1,0,0,
1,0,0,1,0,0,0,1,0,1,0,1,0,1,1,0,0,1,0,1,0,0,1,1,1,1,1,0,0,1,1,0,0,1,1,
1,0,1,0,1,0,1,1,0,0,0,0,1,0,0,0,1,0,1,0,1,0,0,1,0,0,0,0,1,0,1,1,1,0,1,
1,1,0,1,0,1,0,0,1,0,0,0,1,0,0,0,1,0,0,1,1,0,1,0,1,1,0,1,1,0,1,1,0,0,1,
1,1,0,0,1,0,0,1,1,0,0,1,1,1,0,1,0,1,1,1,1,1,0,0,1,1,0,0,0,1,1,1,1,1,0,
0,1,0,1,0,0,0,0,0,1,0,1,0,0,0,0,1,0,0,1,0,1,1,0,1,0,1,1,0,1,0,1,1,1,0,
0,0,1,1,0,1,0,0,1,0,0,0,0,0,1,1,1,0,0,1,1,0,0,1,1,0,0,1,1,0,1,0,0,1,0,
1,1,0,0,1,1,0,1,0,0,0,1,0,1,1,0,0,1,0,0,1,0,1,0,0,1,1,1,0,1,0,0,0,1,0,
1,0,1,0,0,0,1,0,0,0,1,1,1,0,0,0,0,1,1,1,0,0,1,0,0,1,1,0,0,0,0,0,1,0,1,
1,0,0,0,0,0,0,0,0,1,0,0,0,0,0,1,1,0,0,1,0,1,1,0,1,1,1,0,1,1,1,1,1,0,0,
1,1,1,0,0,1,1,0,1,1,0,0,0,1,1,0,0,1,1,1,0,0,1,1,0,0,1,1,0,1,1,0,0,1,1,
0,1,0,1,1,1,0,0,0,1,0,0,0,0,0,0,0,0,0,1,1,0,0,0,1,1,0,1,1,1,0,0,1,0,1,
0,0,1,0,0,1,0,0,1,0,0,1,0,0,0,0,0,0,1,1,0,0,0,1,1,0,1,1,1,1,0,0,0,1,1,
0,1,1,0,0,0,0,1,1,0,0,1,0,0,0,0,0,1,0,0,1,0,0,1,1,0,1,0,1,0,0,1,1,1,1,
1,1,0,0,0,1,0,1,0,0,1,0,0,0,0,0,1,0,0,1,0,0,0,1,0,0,1,0,0,1,1,1,0,0,1,
1,1,0,1,1,0,1,1,0,0,1,0,0,0,0,1,0,0,1,1,1,0,1,0,1,1,0,1,1,1,1,0,1,0,1,
0,1,1,0,0,1,0,0,1,1,0,1,0,0,1,0,0,0,1,1,0,0,0,0,0,0,0,1,0,1,0,1,0,0,0,
0,0,0,1,0,1,0,0,0,1,0,1,0,1,0,0,1,1,0,1,1,0,0,0,1,0,1,1,1,1,0,1,1,0,1,
0,1,1,0,1,1,1,1,0,1,1,1,1,1,0,1,1,1,1,0,0,0,0,0,1,0,1,0,1,1,0,1,1,1,1,
0,0,0,1,1,1,0,1,1,0,0,0,1,0,1,0,1,0,1,0,0,1,0,0,1,1,0,1,0,1,0,0,0,0,0,
1,0,0,0,0,1,1,0,0,0,1,0,0,0,0,0,0,0,0,0,1,0,1,1,0,0,1,1,1,1,0,1,1,1,0,
0,0,1,0,1,0,1,0,1,1,1,1,0,0,0,0,1,0,0,0,0,1,0,1,1,0,1,0,1,1,1,1,0,0,1,
0,1,1,1,0,0,0,1,0,0,0,1,0,1,1,1,0,0,0,0,0,1,1,0,0,0,0,1,1,0,1,1,0,0,1,
1,1,1,0,1,1,1,1,0,0,1,0,1,1,1,0,1,0,1,1,1,0,1,0,0,0,1,0,1,1,1,1,0,0,0,
0,0,1,0,1,1,0,0,1,1,1,0,1,0,0,0,1,0,0,0,1,0,0,0,0,0,0,1,0,0,1,0,0,1,0,
0,0,1,0,0,0,1,0,1,1,1,1,0,1,1,1,0,0,1,1,0,1,1,0,1,0,0,0,0,1,1,0,1,0,1,
1,0,0,0,1,0,1,1,1,0,0,1,1,1,0,0,1,1,1,0,1,1,0,1,0,1,0,0,1,0,0,0,1,0,0,
1,0,0,1,1,0,0,1,0,0,1,0,1,1,1,0,1,0,1,1,0,1,1,1,1,0,0,1,0,1,1,0,1,1,0,
0,0,1,0,0,1,1,0,1,0,1,1,1,1,0,1,1,1,1,1,1,1,1,0,1,0,1,0,1,0,0,0,0,1,0,
0,0,1,1,1,1,0,1,0,0,1,1,0,0,0,1,1,0,0,0,0,0,1,1,1,1,1,0,1,0,0,1,1,0,0,
0,1,0,1,1,1,1,0,0,0,1,0,0,0,1,1,0,1,1,1,0,1,1,1,1,0,0,0,0,0,1,0,0,1,1,
1,1,0,1,0,1,1,0,0,1,1,0,1,0,1,0,1,0,1,1,0,1,0,0,0,0,1,1,1,0,1,0,0,1,0,
1,0,1,0,0,1,1,1,1,0,0,1,0,1,1,0,0,0,0,1,0,1,0,0,0,1,0,0,1,1,0,1,1,0,1,
0,0,1,1,1,0,0,0,0,1,0,1,1,1,1,1,1,0,1,1,0,0,1,1,0,0,1,0,0,0,0,1,0,1,0,
========================
Output Graph: 
Number of Vertices: 35
Number of Edges: 292
Graph Density: 0.490756
0,0,1,1,1,1,1,0,1,1,1,1,0,0,0,1,1,0,1,1,0,1,0,0,1,0,1,1,1,0,0,1,1,1,0,
0,0,0,0,1,1,0,0,1,0,0,1,0,0,0,0,1,0,0,1,0,0,0,0,1,0,0,0,0,0,0,1,1,0,0,
1,0,0,1,1,1,0,1,0,1,0,1,0,1,1,0,1,1,0,1,0,0,1,1,1,1,1,1,1,1,1,1,1,1,1,
1,0,1,0,1,0,0,0,0,0,0,0,0,0,0,0,1,0,0,0,0,0,0,0,0,0,0,0,1,0,1,1,1,0,1,
1,1,1,1,0,1,0,0,1,0,0,0,1,0,0,0,1,0,0,1,1,0,1,0,1,1,0,1,1,1,1,1,1,0,1,
1,1,1,0,1,0,0,1,1,0,0,1,1,1,0,1,1,1,1,1,1,1,0,0,1,1,1,0,1,1,1,1,1,1,1,
1,0,0,0,0,0,0,0,0,0,0,1,0,0,0,0,1,0,0,1,0,1,1,0,1,0,1,1,0,1,0,1,1,0,0,
0,0,1,0,0,1,0,0,1,0,0,0,0,0,0,1,1,0,0,1,0,0,0,0,1,0,0,1,1,0,0,0,0,0,0,
1,1,0,0,1,1,0,1,0,0,0,1,0,1,1,0,1,1,0,1,1,0,1,0,1,1,1,1,1,1,0,1,1,1,1,
1,0,1,0,0,0,0,0,0,0,0,1,0,0,0,0,0,0,1,1,0,0,0,0,0,0,1,0,0,0,0,0,1,0,1,
1,0,0,0,0,0,0,0,0,0,0,0,0,0,0,0,1,0,0,1,0,1,1,0,1,0,1,0,1,1,0,1,1,0,0,
1,1,1,0,0,1,1,0,1,1,0,0,0,1,1,0,0,1,1,1,0,0,1,1,0,0,1,1,1,1,1,0,1,1,1,
0,0,0,0,1,1,0,0,0,0,0,0,0,0,0,0,0,0,0,1,1,0,0,0,1,1,0,1,1,1,0,0,1,0,1,
0,0,1,0,0,1,0,0,1,0,0,1,0,0,0,0,0,0,1,1,0,0,0,0,1,0,1,1,1,1,0,1,0,1,1,
0,0,1,0,0,0,0,0,1,0,0,1,0,0,0,0,0,0,0,0,0,0,0,0,1,0,1,0,1,0,0,1,1,1,1,
1,0,0,0,0,1,0,1,0,0,0,0,0,0,0,0,1,0,0,1,0,0,0,0,0,0,1,0,0,1,0,1,0,0,1,
1,1,1,1,1,1,1,1,1,0,1,0,0,0,0,1,0,0,1,1,1,0,1,0,1,1,1,1,1,1,1,0,1,0,1,
0,0,1,0,0,1,0,0,1,0,0,1,0,0,0,0,0,0,1,1,0,0,0,0,0,0,0,1,0,1,0,1,0,0,0,
1,0,0,0,0,1,0,0,0,1,0,1,0,1,0,0,1,1,0,1,0,0,0,0,1,0,1,1,1,1,0,1,1,0,1,
1,1,1,0,1,1,1,1,1,1,1,1,1,1,0,1,1,1,1,0,0,0,0,0,1,0,1,1,1,1,0,1,1,1,1,
0,0,0,0,1,1,0,0,1,0,0,0,1,0,0,0,1,0,0,0,0,0,0,0,1,1,0,1,0,1,0,0,0,0,0,
1,0,0,0,0,1,1,0,0,0,1,0,0,0,0,0,0,0,0,0,0,0,1,0,0,0,1,1,1,1,0,1,1,0,0,
0,0,1,0,1,0,1,0,1,0,1,1,0,0,0,0,1,0,0,0,0,1,0,0,1,0,1,0,1,1,0,1,0,0,0,
0,0,1,0,0,0,0,0,0,0,0,1,0,0,0,0,0,0,0,0,0,0,0,0,0,0,0,0,1,0,1,1,0,0,1,
1,1,1,0,1,1,1,1,1,0,1,0,1,1,1,0,1,0,1,1,1,0,1,0,0,0,1,1,1,1,1,1,1,0,1,
0,0,1,0,1,1,0,0,1,0,0,0,1,0,0,0,1,0,0,0,1,0,0,0,0,0,0,1,0,0,0,0,0,0,0,
1,0,1,0,0,1,1,0,1,1,1,1,0,1,1,1,1,0,1,1,0,1,1,0,1,0,0,1,1,1,1,1,1,0,1,
1,0,1,0,1,0,1,1,1,0,0,1,1,1,0,0,1,1,1,1,1,1,0,0,1,1,1,0,1,1,0,1,1,0,1,
1,0,1,1,1,1,0,1,1,0,1,1,1,1,1,0,1,0,1,1,0,1,1,1,1,0,1,1,0,1,1,1,1,1,1,
0,0,1,0,1,1,1,0,1,0,1,1,1,1,0,1,1,1,1,1,1,1,1,0,1,0,1,1,1,0,0,1,1,1,0,
0,0,1,1,1,1,0,0,0,0,0,1,0,0,0,0,1,0,0,0,0,0,0,1,1,0,1,0,1,0,0,1,1,0,0,
1,1,1,1,1,1,1,0,1,0,1,0,0,1,1,1,0,1,1,1,0,1,1,1,1,0,1,1,1,1,1,0,1,1,1,
1,1,1,1,1,1,1,0,1,1,1,1,1,0,1,0,1,0,1,1,0,1,0,0,1,0,1,1,1,1,1,1,0,1,1,
1,0,1,0,0,1,0,0,1,0,0,1,0,1,1,0,0,0,0,1,0,0,0,0,0,0,0,0,1,1,0,1,1,0,1,
0,0,1,1,1,1,0,0,1,1,0,1,1,1,1,1,1,0,1,1,0,0,0,1,1,0,1,1,1,0,0,1,1,1,0,
Is Output Graph Empty or Complete?: 0
Ratio of Added Edges Over Added + Removed Edges: 0.511364
Changes from Input to Output: 
Added Edge: (0, 6)
Added Edge: (0, 18)
Added Edge: (0, 19)
Added Edge: (0, 26)
Added Edge: (0, 31)
Removed Edge: (1, 6)
Removed Edge: (1, 12)
Removed Edge: (1, 14)
Removed Edge: (1, 15)
Removed Edge: (1, 17)
Removed Edge: (1, 23)
Added Edge: (2, 4)
Added Edge: (2, 5)
Added Edge: (2, 16)
Added Edge: (2, 27)
Added Edge: (2, 28)
Added Edge: (2, 31)
Added Edge: (2, 32)
Removed Edge: (3, 6)
Removed Edge: (3, 7)
Removed Edge: (3, 12)
Removed Edge: (3, 18)
Removed Edge: (3, 20)
Removed Edge: (3, 23)
Added Edge: (4, 29)
Added Edge: (4, 32)
Added Edge: (5, 16)
Added Edge: (5, 26)
Added Edge: (5, 28)
Added Edge: (5, 34)
Removed Edge: (6, 9)
Removed Edge: (6, 33)
Removed Edge: (7, 14)
Removed Edge: (7, 20)
Removed Edge: (7, 23)
Removed Edge: (7, 30)
Removed Edge: (7, 33)
Added Edge: (8, 16)
Added Edge: (8, 19)
Added Edge: (8, 24)
Added Edge: (8, 28)
Added Edge: (8, 31)
Added Edge: (8, 32)
Added Edge: (8, 34)
Removed Edge: (9, 10)
Removed Edge: (9, 12)
Removed Edge: (9, 17)
Removed Edge: (9, 22)
Removed Edge: (9, 25)
Removed Edge: (10, 15)
Removed Edge: (10, 25)
Removed Edge: (10, 30)
Added Edge: (11, 28)
Added Edge: (11, 32)
Removed Edge: (13, 23)
Added Edge: (13, 31)
Removed Edge: (14, 17)
Removed Edge: (14, 20)
Removed Edge: (14, 23)
Removed Edge: (15, 23)
Removed Edge: (15, 30)
Added Edge: (16, 26)
Removed Edge: (18, 20)
Added Edge: (19, 27)
Removed Edge: (20, 21)
Removed Edge: (21, 23)
Removed Edge: (21, 33)
Removed Edge: (22, 23)
Removed Edge: (22, 30)
Removed Edge: (22, 34)
Removed Edge: (23, 27)
Added Edge: (24, 27)
Added Edge: (24, 32)
Added Edge: (24, 34)
Removed Edge: (25, 30)
Removed Edge: (25, 33)
Added Edge: (26, 27)
Added Edge: (26, 28)
Added Edge: (26, 31)
Added Edge: (27, 29)
Added Edge: (27, 31)
Added Edge: (27, 34)
Added Edge: (28, 31)
Added Edge: (28, 34)
Added Edge: (29, 31)
Added Edge: (29, 32)
Added Edge: (31, 32)
Added Edge: (32, 34)
========================
