========================
TIME_LIMIT_SECONDS: 900
ODD_HOLE_TERMINATION_PERCENTAGE: 999
N_THREADS: 24
IS_RUNNING_HEURISTIC_ON_CANDIDATE: 0
IS_RUNNING_HEURISTIC_ON_RELAXATION: 0
ADD_ALL_AT_START: 1
========================
Wall-Clock Runtime (ms): 590
Calculated Odd Hole Termination Batch Size: 0
Total Time of All Workers in OddHoleAlg (nano): 10853661
Total Time of All Workers in OddHoleAlg (ms): 10
OddHoleAlg calls: 118
Number of Found Odd-Holes: 148
Number of Found Odd Anti-Holes: 670
Is Optimal? (1e-6): 1
Optimality Gap: 0
Objective Value: 13
Number of Feasible Solutions Found: 8
Number of Times Heuristic is Called: 0
Total number of added OH and OHbar Cuts: 818
Number of Explored B&C tree nodes: 0
Number of Unexplored B&C tree nodes: 0
========================
Input Graph:
Number of Vertices: 25
Erdos Renyi p Parameter: 0.75
Number of Edges: 240
Expected No of Odd Holes: 147
Expected No of Odd Anti Holes: 260
ODD_HOLE_TERMINATION_BATCH_SIZE: 0
Graph Density: 0.8
0,1,1,1,1,1,1,1,1,1,1,1,0,0,1,1,1,1,0,1,1,0,0,1,1,
1,0,1,1,1,1,1,1,0,1,1,1,1,1,1,1,0,1,1,1,0,1,0,1,0,
1,1,0,1,1,1,0,0,1,1,1,1,1,1,1,0,1,1,1,1,1,1,1,1,1,
1,1,1,0,1,1,1,0,1,1,1,0,1,1,0,0,1,1,0,0,1,1,1,1,1,
1,1,1,1,0,1,1,1,1,1,0,1,1,0,0,1,1,0,1,1,0,1,1,0,1,
1,1,1,1,1,0,1,1,1,1,0,1,1,0,1,1,1,1,1,1,1,1,1,1,1,
1,1,0,1,1,1,0,1,1,0,1,1,1,1,1,1,1,1,1,1,1,1,1,1,1,
1,1,0,0,1,1,1,0,1,1,1,1,1,1,1,0,1,0,1,1,0,1,0,1,0,
1,0,1,1,1,1,1,1,0,0,1,1,0,1,1,1,1,1,1,1,0,1,1,1,1,
1,1,1,1,1,1,0,1,0,0,0,1,1,1,1,1,0,1,1,1,1,0,1,1,1,
1,1,1,1,0,0,1,1,1,0,0,0,1,0,1,1,1,1,1,0,1,1,1,1,0,
1,1,1,0,1,1,1,1,1,1,0,0,0,1,1,1,1,1,1,1,0,1,1,1,1,
0,1,1,1,1,1,1,1,0,1,1,0,0,1,1,1,1,1,1,1,1,1,1,1,1,
0,1,1,1,0,0,1,1,1,1,0,1,1,0,1,0,1,0,1,1,1,0,0,1,1,
1,1,1,0,0,1,1,1,1,1,1,1,1,1,0,0,1,1,0,1,1,1,1,1,0,
1,1,0,0,1,1,1,0,1,1,1,1,1,0,0,0,1,1,1,0,1,1,1,1,1,
1,0,1,1,1,1,1,1,1,0,1,1,1,1,1,1,0,1,1,1,1,0,1,1,1,
1,1,1,1,0,1,1,0,1,1,1,1,1,0,1,1,1,0,0,1,1,1,1,1,1,
0,1,1,0,1,1,1,1,1,1,1,1,1,1,0,1,1,0,0,0,1,1,1,0,1,
1,1,1,0,1,1,1,1,1,1,0,1,1,1,1,0,1,1,0,0,1,1,1,1,1,
1,0,1,1,0,1,1,0,0,1,1,0,1,1,1,1,1,1,1,1,0,1,0,0,1,
0,1,1,1,1,1,1,1,1,0,1,1,1,0,1,1,0,1,1,1,1,0,0,1,1,
0,0,1,1,1,1,1,0,1,1,1,1,1,0,1,1,1,1,1,1,0,0,0,1,1,
1,1,1,1,0,1,1,1,1,1,1,1,1,1,1,1,1,1,0,1,0,1,1,0,1,
1,0,1,1,1,1,1,0,1,1,0,1,1,1,0,1,1,1,1,1,1,1,1,1,0,
========================
Output Graph: 
Number of Vertices: 25
Number of Edges: 253
Graph Density: 0.843333
0,1,1,1,1,1,1,1,1,1,1,1,1,0,1,1,1,1,1,1,1,0,0,1,1,
1,0,1,1,1,1,1,1,0,1,1,1,1,1,1,1,0,1,1,1,0,1,0,1,0,
1,1,0,1,1,1,0,0,1,1,1,1,1,1,1,0,1,1,1,1,1,1,1,1,1,
1,1,1,0,1,1,1,0,1,1,1,1,1,1,0,0,1,1,0,0,1,1,1,1,1,
1,1,1,1,0,1,1,1,1,1,0,1,1,0,1,1,1,0,1,1,0,1,1,0,1,
1,1,1,1,1,0,1,1,1,1,0,1,1,0,1,1,1,1,1,1,1,1,1,1,1,
1,1,0,1,1,1,0,1,1,1,1,1,1,1,1,1,1,1,1,1,1,1,1,1,1,
1,1,0,0,1,1,1,0,1,1,1,1,1,1,1,0,1,1,1,1,0,1,0,1,0,
1,0,1,1,1,1,1,1,0,1,1,1,0,1,1,1,1,1,1,1,0,1,1,1,1,
1,1,1,1,1,1,1,1,1,0,0,1,1,1,1,1,0,1,1,1,1,0,1,1,1,
1,1,1,1,0,0,1,1,1,0,0,1,1,0,1,1,1,1,1,1,1,1,1,1,1,
1,1,1,1,1,1,1,1,1,1,1,0,0,1,1,1,1,1,1,1,0,1,1,1,1,
1,1,1,1,1,1,1,1,0,1,1,0,0,1,1,1,1,1,1,1,1,1,1,1,1,
0,1,1,1,0,0,1,1,1,1,0,1,1,0,1,1,1,0,1,1,1,0,0,1,1,
1,1,1,0,1,1,1,1,1,1,1,1,1,1,0,0,1,1,0,1,1,1,1,1,0,
1,1,0,0,1,1,1,0,1,1,1,1,1,1,0,0,1,1,1,0,1,1,1,1,1,
1,0,1,1,1,1,1,1,1,0,1,1,1,1,1,1,0,1,1,1,1,0,1,1,1,
1,1,1,1,0,1,1,1,1,1,1,1,1,0,1,1,1,0,1,1,1,1,1,1,1,
1,1,1,0,1,1,1,1,1,1,1,1,1,1,0,1,1,1,0,0,1,1,1,1,1,
1,1,1,0,1,1,1,1,1,1,1,1,1,1,1,0,1,1,0,0,1,1,1,1,1,
1,0,1,1,0,1,1,0,0,1,1,0,1,1,1,1,1,1,1,1,0,1,0,0,1,
0,1,1,1,1,1,1,1,1,0,1,1,1,0,1,1,0,1,1,1,1,0,0,1,1,
0,0,1,1,1,1,1,0,1,1,1,1,1,0,1,1,1,1,1,1,0,0,0,1,1,
1,1,1,1,0,1,1,1,1,1,1,1,1,1,1,1,1,1,1,1,0,1,1,0,1,
1,0,1,1,1,1,1,0,1,1,1,1,1,1,0,1,1,1,1,1,1,1,1,1,0,
Is Output Graph Empty or Complete?: 0
Ratio of Added Edges Over Added + Removed Edges: 1
Changes from Input to Output: 
Added Edge: (0, 12)
Added Edge: (0, 18)
Added Edge: (3, 11)
Added Edge: (4, 14)
Added Edge: (6, 9)
Added Edge: (7, 17)
Added Edge: (8, 9)
Added Edge: (10, 11)
Added Edge: (10, 19)
Added Edge: (10, 24)
Added Edge: (13, 15)
Added Edge: (17, 18)
Added Edge: (18, 23)
========================
