========================
TIME_LIMIT_SECONDS: 900
ODD_HOLE_TERMINATION_PERCENTAGE: 999
N_THREADS: 24
IS_RUNNING_HEURISTIC_ON_CANDIDATE: 0
IS_RUNNING_HEURISTIC_ON_RELAXATION: 1
ADD_ALL_AT_START: 1
========================
Wall-Clock Runtime (ms): 900252
Calculated Odd Hole Termination Batch Size: 0
Total Time of All Workers in OddHoleAlg (nano): 28943884
Total Time of All Workers in OddHoleAlg (ms): 28
OddHoleAlg calls: 64
Number of Found Odd-Holes: 1783
Number of Found Odd Anti-Holes: 1712
Is Optimal? (1e-6): 0
Optimality Gap: 0.161924
Objective Value: 50
Number of Feasible Solutions Found: 40165
Number of Times Heuristic is Called: 40162
Total number of added OH and OHbar Cuts: 3495
Number of Explored B&C tree nodes: 212534
Number of Unexplored B&C tree nodes: 83821
========================
Input Graph:
Number of Vertices: 30
Erdos Renyi p Parameter: 0.5
Number of Edges: 220
Expected No of Odd Holes: 2023
Expected No of Odd Anti Holes: 353
ODD_HOLE_TERMINATION_BATCH_SIZE: 0
Graph Density: 0.505747
0,0,1,1,1,0,1,1,0,0,1,1,0,1,0,0,0,0,1,0,0,0,0,1,1,1,0,0,0,0,
0,0,0,0,0,1,0,1,1,0,1,0,1,0,1,1,0,1,0,1,1,0,1,0,0,0,1,0,1,0,
1,0,0,0,1,0,0,1,1,1,0,1,0,0,0,1,1,0,0,0,1,1,0,1,1,1,1,1,0,0,
1,0,0,0,1,1,1,1,1,0,1,0,1,1,0,1,0,1,1,1,1,1,0,1,1,1,1,1,0,0,
1,0,1,1,0,1,0,0,1,0,0,1,1,1,1,0,1,0,1,1,1,1,0,0,0,1,1,1,0,0,
0,1,0,1,1,0,0,1,0,1,1,0,0,1,0,0,0,0,0,1,0,0,1,1,1,1,1,1,0,0,
1,0,0,1,0,0,0,0,1,1,1,1,1,0,1,1,0,1,0,1,1,1,0,1,1,1,0,0,0,1,
1,1,1,1,0,1,0,0,0,1,1,0,1,0,0,1,0,1,1,1,0,0,0,1,0,1,1,0,1,1,
0,1,1,1,1,0,1,0,0,0,0,0,1,0,1,0,0,0,0,0,0,1,0,0,0,1,1,1,0,0,
0,0,1,0,0,1,1,1,0,0,0,0,0,0,1,1,0,0,1,0,1,1,1,0,0,1,1,1,1,1,
1,1,0,1,0,1,1,1,0,0,0,0,0,1,0,0,0,1,1,0,1,0,1,1,0,1,0,0,0,0,
1,0,1,0,1,0,1,0,0,0,0,0,0,1,0,0,0,1,0,0,1,1,1,0,1,0,0,1,0,1,
0,1,0,1,1,0,1,1,1,0,0,0,0,0,1,0,0,1,0,1,1,0,1,1,0,1,1,0,1,0,
1,0,0,1,1,1,0,0,0,0,1,1,0,0,1,0,0,1,0,1,1,1,1,0,1,0,0,0,1,0,
0,1,0,0,1,0,1,0,1,1,0,0,1,1,0,1,0,1,0,0,1,0,0,0,0,1,0,0,1,1,
0,1,1,1,0,0,1,1,0,1,0,0,0,0,1,0,1,1,0,0,1,0,1,1,1,0,0,0,0,0,
0,0,1,0,1,0,0,0,0,0,0,0,0,0,0,1,0,1,1,0,1,0,1,0,1,1,1,1,0,0,
0,1,0,1,0,0,1,1,0,0,1,1,1,1,1,1,1,0,0,0,0,1,0,0,0,0,1,0,0,0,
1,0,0,1,1,0,0,1,0,1,1,0,0,0,0,0,1,0,0,1,0,0,0,1,1,0,0,0,0,0,
0,1,0,1,1,1,1,1,0,0,0,0,1,1,0,0,0,0,1,0,0,1,1,0,0,1,1,1,0,1,
0,1,1,1,1,0,1,0,0,1,1,1,1,1,1,1,1,0,0,0,0,0,0,1,0,1,0,0,1,1,
0,0,1,1,1,0,1,0,1,1,0,1,0,1,0,0,0,1,0,1,0,0,1,1,1,0,1,0,1,1,
0,1,0,0,0,1,0,0,0,1,1,1,1,1,0,1,1,0,0,1,0,1,0,1,1,0,0,1,1,0,
1,0,1,1,0,1,1,1,0,0,1,0,1,0,0,1,0,0,1,0,1,1,1,0,1,1,1,0,1,1,
1,0,1,1,0,1,1,0,0,0,0,1,0,1,0,1,1,0,1,0,0,1,1,1,0,0,1,1,0,1,
1,0,1,1,1,1,1,1,1,1,1,0,1,0,1,0,1,0,0,1,1,0,0,1,0,0,1,1,1,1,
0,1,1,1,1,1,0,1,1,1,0,0,1,0,0,0,1,1,0,1,0,1,0,1,1,1,0,0,1,1,
0,0,1,1,1,1,0,0,1,1,0,1,0,0,0,0,1,0,0,1,0,0,1,0,1,1,0,0,1,1,
0,1,0,0,0,0,0,1,0,1,0,0,1,1,1,0,0,0,0,0,1,1,1,1,0,1,1,1,0,0,
0,0,0,0,0,0,1,1,0,1,0,1,0,0,1,0,0,0,0,1,1,1,0,1,1,1,1,1,0,0,
========================
Output Graph: 
Number of Vertices: 30
Number of Edges: 222
Graph Density: 0.510345
0,0,0,1,1,0,1,1,0,0,1,0,0,0,0,0,0,0,1,0,0,0,0,1,1,1,0,0,0,0,
0,0,0,0,0,1,1,1,1,0,0,0,1,0,1,0,0,1,0,1,1,0,1,0,0,0,1,0,0,0,
0,0,0,0,1,0,0,1,0,1,0,1,0,0,0,1,1,0,0,0,1,1,0,1,1,1,1,1,0,0,
1,0,0,0,1,1,1,1,1,1,1,0,1,1,0,1,0,1,1,1,1,1,1,1,1,1,1,1,0,0,
1,0,1,1,0,1,1,1,1,0,0,1,1,1,1,0,0,0,1,1,1,1,1,0,0,1,1,1,0,1,
0,1,0,1,1,0,0,1,0,1,1,0,0,1,0,0,0,0,0,1,0,1,1,1,1,1,1,1,0,0,
1,1,0,1,1,0,0,1,1,1,1,1,1,0,1,1,0,1,0,1,1,1,0,1,1,1,1,1,0,1,
1,1,1,1,1,1,1,0,1,1,1,0,1,0,0,1,0,1,1,1,1,0,1,1,1,1,1,0,1,1,
0,1,0,1,1,0,1,1,0,0,0,0,1,0,1,0,0,0,0,0,0,1,0,0,0,1,1,1,0,0,
0,0,1,1,0,1,1,1,0,0,0,0,0,0,0,1,0,0,1,0,1,1,1,0,0,1,1,1,1,1,
1,0,0,1,0,1,1,1,0,0,0,0,0,0,0,0,0,0,1,0,1,0,1,1,0,1,0,0,0,0,
0,0,1,0,1,0,1,0,0,0,0,0,0,0,0,0,0,0,0,0,1,1,1,0,1,0,0,1,0,1,
0,1,0,1,1,0,1,1,1,0,0,0,0,0,1,0,0,1,0,1,1,0,1,1,1,1,1,0,0,0,
0,0,0,1,1,1,0,0,0,0,0,0,0,0,0,0,0,0,0,1,1,1,1,0,1,0,0,0,0,0,
0,1,0,0,1,0,1,0,1,0,0,0,1,0,0,0,0,1,0,0,1,0,0,0,0,1,0,0,0,0,
0,0,1,1,0,0,1,1,0,1,0,0,0,0,0,0,1,0,0,0,1,0,1,1,1,0,0,0,0,0,
0,0,1,0,0,0,0,0,0,0,0,0,0,0,0,1,0,0,0,0,1,0,1,0,1,1,1,0,0,0,
0,1,0,1,0,0,1,1,0,0,0,0,1,0,1,0,0,0,0,0,0,1,0,0,0,0,1,0,0,0,
1,0,0,1,1,0,0,1,0,1,1,0,0,0,0,0,0,0,0,1,0,0,0,1,1,0,0,0,0,0,
0,1,0,1,1,1,1,1,0,0,0,0,1,1,0,0,0,0,1,0,1,1,1,0,0,1,1,1,0,1,
0,1,1,1,1,0,1,1,0,1,1,1,1,1,1,1,1,0,0,1,0,1,0,1,1,1,1,1,1,1,
0,0,1,1,1,1,1,0,1,1,0,1,0,1,0,0,0,1,0,1,1,0,1,1,1,1,1,0,1,1,
0,1,0,1,1,1,0,1,0,1,1,1,1,1,0,1,1,0,0,1,0,1,0,1,1,1,1,1,1,0,
1,0,1,1,0,1,1,1,0,0,1,0,1,0,0,1,0,0,1,0,1,1,1,0,1,1,1,1,1,1,
1,0,1,1,0,1,1,1,0,0,0,1,1,1,0,1,1,0,1,0,1,1,1,1,0,1,1,1,0,1,
1,0,1,1,1,1,1,1,1,1,1,0,1,0,1,0,1,0,0,1,1,1,1,1,1,0,1,1,1,1,
0,1,1,1,1,1,1,1,1,1,0,0,1,0,0,0,1,1,0,1,1,1,1,1,1,1,0,0,1,1,
0,0,1,1,1,1,1,0,1,1,0,1,0,0,0,0,0,0,0,1,1,0,1,1,1,1,0,0,1,1,
0,0,0,0,0,0,0,1,0,1,0,0,0,0,0,0,0,0,0,0,1,1,1,1,0,1,1,1,0,0,
0,0,0,0,1,0,1,1,0,1,0,1,0,0,0,0,0,0,0,1,1,1,0,1,1,1,1,1,0,0,
Is Output Graph Empty or Complete?: 0
Ratio of Added Edges Over Added + Removed Edges: 0.52
Changes from Input to Output: 
Removed Edge: (0, 2)
Removed Edge: (0, 11)
Removed Edge: (0, 13)
Added Edge: (1, 6)
Removed Edge: (1, 10)
Removed Edge: (1, 15)
Removed Edge: (1, 28)
Removed Edge: (2, 8)
Added Edge: (3, 9)
Added Edge: (3, 22)
Added Edge: (4, 6)
Added Edge: (4, 7)
Removed Edge: (4, 16)
Added Edge: (4, 22)
Added Edge: (4, 29)
Added Edge: (5, 21)
Added Edge: (6, 7)
Added Edge: (6, 26)
Added Edge: (6, 27)
Added Edge: (7, 8)
Added Edge: (7, 20)
Added Edge: (7, 22)
Added Edge: (7, 24)
Removed Edge: (9, 14)
Removed Edge: (10, 13)
Removed Edge: (10, 17)
Removed Edge: (11, 13)
Removed Edge: (11, 17)
Added Edge: (12, 24)
Removed Edge: (12, 28)
Removed Edge: (13, 14)
Removed Edge: (13, 17)
Removed Edge: (13, 28)
Removed Edge: (14, 15)
Removed Edge: (14, 28)
Removed Edge: (14, 29)
Removed Edge: (15, 17)
Removed Edge: (16, 17)
Removed Edge: (16, 18)
Removed Edge: (16, 27)
Added Edge: (19, 20)
Added Edge: (20, 21)
Added Edge: (20, 24)
Added Edge: (20, 26)
Added Edge: (20, 27)
Added Edge: (21, 25)
Added Edge: (22, 25)
Added Edge: (22, 26)
Added Edge: (23, 27)
Added Edge: (24, 25)
========================
