========================
TIME_LIMIT_SECONDS: 900
ODD_HOLE_TERMINATION_PERCENTAGE: 999
N_THREADS: 24
IS_RUNNING_HEURISTIC_ON_CANDIDATE: 1
IS_RUNNING_HEURISTIC_ON_RELAXATION: 0
ADD_ALL_AT_START: 0
========================
Wall-Clock Runtime (ms): 901047
Calculated Odd Hole Termination Batch Size: 0
Total Time of All Workers in OddHoleAlg (nano): 116707834
Total Time of All Workers in OddHoleAlg (ms): 116
OddHoleAlg calls: 166
Number of Found Odd-Holes: 8103
Number of Found Odd Anti-Holes: 26927
Is Optimal? (1e-6): 0
Optimality Gap: 0.22628
Objective Value: 38
Number of Feasible Solutions Found: 83
Number of Times Heuristic is Called: 77
Total number of added OH and OHbar Cuts: 35030
Number of Explored B&C tree nodes: 391214
Number of Unexplored B&C tree nodes: 317108
========================
Input Graph:
Number of Vertices: 30
Erdos Renyi p Parameter: 0.75
Number of Edges: 315
Expected No of Odd Holes: 396
Expected No of Odd Anti Holes: 1341
ODD_HOLE_TERMINATION_BATCH_SIZE: 0
Graph Density: 0.724138
0,1,1,0,1,1,1,0,1,1,1,0,1,0,0,1,1,0,0,0,1,1,1,1,1,1,0,1,1,0,
1,0,1,0,1,1,1,0,0,0,1,1,1,1,0,1,1,0,1,1,1,1,1,1,1,1,1,0,1,1,
1,1,0,1,1,1,1,0,0,1,1,0,0,1,0,1,0,1,1,1,0,1,1,1,0,1,1,0,1,0,
0,0,1,0,0,0,0,1,1,1,0,0,1,1,1,0,1,1,1,1,1,0,1,1,1,1,1,1,1,1,
1,1,1,0,0,1,1,0,0,0,1,1,1,1,1,1,1,1,1,1,1,1,1,1,1,0,1,1,0,1,
1,1,1,0,1,0,1,0,1,1,0,1,1,0,1,1,1,1,1,1,1,1,0,0,1,1,1,1,1,0,
1,1,1,0,1,1,0,1,1,1,1,1,1,0,1,1,0,1,1,1,1,0,0,1,1,1,1,1,1,1,
0,0,0,1,0,0,1,0,1,0,0,1,1,1,0,1,0,1,1,1,0,1,1,1,1,1,0,1,1,1,
1,0,0,1,0,1,1,1,0,1,1,1,1,0,0,1,1,1,1,1,1,1,1,0,1,1,0,0,1,1,
1,0,1,1,0,1,1,0,1,0,1,1,1,0,1,1,1,0,1,1,1,1,1,1,1,1,1,0,1,1,
1,1,1,0,1,0,1,0,1,1,0,0,0,1,1,1,1,1,1,1,1,1,1,1,1,1,0,0,1,1,
0,1,0,0,1,1,1,1,1,1,0,0,1,1,0,0,1,0,1,1,1,1,1,1,0,1,0,0,1,1,
1,1,0,1,1,1,1,1,1,1,0,1,0,0,1,0,1,1,0,1,1,0,0,1,0,1,1,1,0,0,
0,1,1,1,1,0,0,1,0,0,1,1,0,0,1,0,1,1,1,1,0,1,1,1,1,1,1,1,0,1,
0,0,0,1,1,1,1,0,0,1,1,0,1,1,0,0,1,0,1,1,0,0,1,1,0,0,0,1,1,1,
1,1,1,0,1,1,1,1,1,1,1,0,0,0,0,0,1,0,1,1,1,1,1,1,0,1,0,1,0,1,
1,1,0,1,1,1,0,0,1,1,1,1,1,1,1,1,0,0,1,1,1,1,1,1,1,1,1,1,0,1,
0,0,1,1,1,1,1,1,1,0,1,0,1,1,0,0,0,0,1,1,1,1,1,1,0,1,0,1,0,0,
0,1,1,1,1,1,1,1,1,1,1,1,0,1,1,1,1,1,0,1,0,0,0,1,1,1,1,1,1,1,
0,1,1,1,1,1,1,1,1,1,1,1,1,1,1,1,1,1,1,0,0,1,1,0,1,0,0,0,1,1,
1,1,0,1,1,1,1,0,1,1,1,1,1,0,0,1,1,1,0,0,0,1,1,1,1,0,0,1,1,1,
1,1,1,0,1,1,0,1,1,1,1,1,0,1,0,1,1,1,0,1,1,0,1,1,1,1,1,0,1,1,
1,1,1,1,1,0,0,1,1,1,1,1,0,1,1,1,1,1,0,1,1,1,0,1,0,0,0,0,1,1,
1,1,1,1,1,0,1,1,0,1,1,1,1,1,1,1,1,1,1,0,1,1,1,0,0,1,1,1,1,0,
1,1,0,1,1,1,1,1,1,1,1,0,0,1,0,0,1,0,1,1,1,1,0,0,0,1,1,1,1,1,
1,1,1,1,0,1,1,1,1,1,1,1,1,1,0,1,1,1,1,0,0,1,0,1,1,0,1,0,1,0,
0,1,1,1,1,1,1,0,0,1,0,0,1,1,0,0,1,0,1,0,0,1,0,1,1,1,0,1,1,1,
1,0,0,1,1,1,1,1,0,0,0,0,1,1,1,1,1,1,1,0,1,0,0,1,1,0,1,0,1,1,
1,1,1,1,0,1,1,1,1,1,1,1,0,0,1,0,0,0,1,1,1,1,1,1,1,1,1,1,0,1,
0,1,0,1,1,0,1,1,1,1,1,1,0,1,1,1,1,0,1,1,1,1,1,0,1,0,1,1,1,0,
========================
Output Graph: 
Number of Vertices: 30
Number of Edges: 333
Graph Density: 0.765517
0,1,1,0,1,1,1,0,1,1,1,0,0,0,0,1,1,0,1,1,1,1,1,1,1,1,0,1,1,0,
1,0,1,0,1,1,1,0,1,0,1,1,1,1,0,1,1,0,1,1,1,1,1,1,1,1,1,1,1,1,
1,1,0,1,1,1,1,0,0,1,1,0,0,1,0,1,0,1,1,1,0,1,1,1,0,1,0,0,1,0,
0,0,1,0,0,0,1,1,1,1,0,0,1,1,1,0,1,0,1,1,1,1,1,1,1,1,1,1,1,1,
1,1,1,0,0,1,1,0,1,0,1,1,1,1,1,1,1,1,1,1,1,1,1,1,1,1,1,1,1,1,
1,1,1,0,1,0,1,0,1,1,0,1,1,1,1,1,1,1,1,1,1,1,1,0,1,1,1,1,1,1,
1,1,1,1,1,1,0,1,1,1,1,1,1,1,1,1,1,1,1,1,1,0,0,1,1,1,1,1,1,1,
0,0,0,1,0,0,1,0,1,0,0,0,1,1,0,0,0,0,1,1,0,1,1,1,1,1,0,1,1,1,
1,1,0,1,1,1,1,1,0,1,1,1,1,1,0,1,1,1,1,1,1,1,1,1,1,1,0,0,1,1,
1,0,1,1,0,1,1,0,1,0,1,1,1,1,1,1,1,0,1,1,1,1,1,1,1,1,1,1,1,1,
1,1,1,0,1,0,1,0,1,1,0,0,0,1,0,1,1,1,1,1,1,1,1,1,1,1,0,0,1,1,
0,1,0,0,1,1,1,0,1,1,0,0,0,1,0,0,1,0,1,1,1,1,1,1,0,1,0,0,1,1,
0,1,0,1,1,1,1,1,1,1,0,0,0,0,1,0,1,0,0,1,1,0,0,1,0,1,1,1,0,0,
0,1,1,1,1,1,1,1,1,1,1,1,0,0,1,0,1,1,1,1,1,1,1,1,1,1,1,1,0,1,
0,0,0,1,1,1,1,0,0,1,0,0,1,1,0,0,1,0,1,1,0,0,0,1,0,0,0,1,1,1,
1,1,1,0,1,1,1,0,1,1,1,0,0,0,0,0,1,0,1,1,1,1,1,1,0,1,0,1,0,1,
1,1,0,1,1,1,1,0,1,1,1,1,1,1,1,1,0,0,1,1,1,1,1,1,1,1,1,1,1,1,
0,0,1,0,1,1,1,0,1,0,1,0,0,1,0,0,0,0,1,1,1,1,1,1,0,1,0,1,0,0,
1,1,1,1,1,1,1,1,1,1,1,1,0,1,1,1,1,1,0,1,1,0,0,1,1,1,1,1,1,1,
1,1,1,1,1,1,1,1,1,1,1,1,1,1,1,1,1,1,1,0,1,1,1,1,1,0,0,0,1,1,
1,1,0,1,1,1,1,0,1,1,1,1,1,1,0,1,1,1,1,1,0,1,1,1,1,1,0,1,1,1,
1,1,1,1,1,1,0,1,1,1,1,1,0,1,0,1,1,1,0,1,1,0,1,1,1,1,1,1,1,1,
1,1,1,1,1,1,0,1,1,1,1,1,0,1,0,1,1,1,0,1,1,1,0,1,0,0,0,0,1,1,
1,1,1,1,1,0,1,1,1,1,1,1,1,1,1,1,1,1,1,1,1,1,1,0,1,1,1,1,1,1,
1,1,0,1,1,1,1,1,1,1,1,0,0,1,0,0,1,0,1,1,1,1,0,1,0,1,1,1,1,1,
1,1,1,1,1,1,1,1,1,1,1,1,1,1,0,1,1,1,1,0,1,1,0,1,1,0,1,0,1,1,
0,1,0,1,1,1,1,0,0,1,0,0,1,1,0,0,1,0,1,0,0,1,0,1,1,1,0,1,1,1,
1,1,0,1,1,1,1,1,0,1,0,0,1,1,1,1,1,1,1,0,1,1,0,1,1,0,1,0,1,1,
1,1,1,1,1,1,1,1,1,1,1,1,0,0,1,0,1,0,1,1,1,1,1,1,1,1,1,1,0,1,
0,1,0,1,1,1,1,1,1,1,1,1,0,1,1,1,1,0,1,1,1,1,1,1,1,1,1,1,1,0,
Is Output Graph Empty or Complete?: 0
Ratio of Added Edges Over Added + Removed Edges: 0.736842
Changes from Input to Output: 
Removed Edge: (0, 12)
Added Edge: (0, 18)
Added Edge: (0, 19)
Added Edge: (1, 8)
Added Edge: (1, 27)
Removed Edge: (2, 26)
Added Edge: (3, 6)
Removed Edge: (3, 17)
Added Edge: (3, 21)
Added Edge: (4, 8)
Added Edge: (4, 25)
Added Edge: (4, 28)
Added Edge: (5, 13)
Added Edge: (5, 22)
Added Edge: (5, 29)
Added Edge: (6, 13)
Added Edge: (6, 16)
Removed Edge: (7, 11)
Removed Edge: (7, 15)
Removed Edge: (7, 17)
Added Edge: (8, 13)
Added Edge: (8, 23)
Added Edge: (9, 13)
Added Edge: (9, 27)
Removed Edge: (10, 14)
Removed Edge: (11, 12)
Removed Edge: (12, 17)
Added Edge: (13, 20)
Removed Edge: (14, 22)
Added Edge: (16, 28)
Added Edge: (18, 20)
Added Edge: (19, 20)
Added Edge: (19, 23)
Added Edge: (20, 25)
Added Edge: (21, 27)
Added Edge: (23, 24)
Added Edge: (23, 29)
Added Edge: (25, 29)
========================
