========================
TIME_LIMIT_SECONDS: 900
ODD_HOLE_TERMINATION_PERCENTAGE: 999
N_THREADS: 24
IS_RUNNING_HEURISTIC_ON_CANDIDATE: 1
IS_RUNNING_HEURISTIC_ON_RELAXATION: 0
ADD_ALL_AT_START: 0
========================
Wall-Clock Runtime (ms): 900526
Calculated Odd Hole Termination Batch Size: 0
Total Time of All Workers in OddHoleAlg (nano): 191644292
Total Time of All Workers in OddHoleAlg (ms): 191
OddHoleAlg calls: 100
Number of Found Odd-Holes: 60294
Number of Found Odd Anti-Holes: 6299
Is Optimal? (1e-6): 0
Optimality Gap: 0.432631
Objective Value: 93
Number of Feasible Solutions Found: 50
Number of Times Heuristic is Called: 47
Total number of added OH and OHbar Cuts: 66593
Number of Explored B&C tree nodes: 67118
Number of Unexplored B&C tree nodes: 55115
========================
Input Graph:
Number of Vertices: 35
Erdos Renyi p Parameter: 0.5
Number of Edges: 284
Expected No of Odd Holes: 4979
Expected No of Odd Anti Holes: 1175
ODD_HOLE_TERMINATION_BATCH_SIZE: 0
Graph Density: 0.477311
0,1,1,0,0,0,0,0,1,1,0,1,0,0,0,1,1,0,1,1,1,0,0,1,1,1,1,0,1,1,0,0,0,1,1,
1,0,0,1,0,0,1,0,1,0,0,0,0,1,0,1,0,0,0,1,0,0,1,1,1,0,0,0,0,1,0,0,0,0,1,
1,0,0,0,1,1,0,0,1,1,0,1,0,1,0,1,0,0,0,0,1,0,0,1,0,1,1,1,1,1,0,0,1,0,0,
0,1,0,0,0,0,0,1,0,0,1,0,0,0,1,1,0,1,0,0,0,0,0,1,1,0,1,1,1,1,0,0,0,1,0,
0,0,1,0,0,0,0,1,0,1,0,1,0,1,0,0,1,0,1,1,0,1,1,1,0,0,0,1,1,1,1,0,0,0,1,
0,0,1,0,0,0,0,0,1,1,0,0,1,0,0,0,1,1,0,0,1,0,0,0,1,1,0,1,1,0,1,1,1,1,1,
0,1,0,0,0,0,0,0,1,0,1,0,0,0,1,0,0,0,0,0,1,0,1,0,1,0,1,1,0,1,1,0,1,1,1,
0,0,0,1,1,0,0,0,1,0,1,0,1,1,1,0,1,1,0,0,0,0,1,1,1,0,0,1,1,0,1,0,1,1,1,
1,1,1,0,0,1,1,1,0,1,1,1,1,0,0,1,0,0,0,0,1,0,1,1,1,1,1,1,1,1,1,0,1,0,0,
1,0,1,0,1,1,0,0,1,0,1,1,0,1,0,1,0,0,1,1,1,1,1,0,0,1,0,0,0,1,1,0,0,1,0,
0,0,0,1,0,0,1,1,1,1,0,1,0,0,1,1,0,0,0,0,0,1,0,1,1,1,0,1,0,1,1,0,0,1,1,
1,0,1,0,1,0,0,0,1,1,1,0,0,0,0,0,1,1,1,0,0,1,0,0,0,1,0,1,1,0,0,0,1,0,0,
0,0,0,0,0,1,0,1,1,0,0,0,0,0,0,0,0,1,1,1,0,1,1,1,1,1,1,1,0,0,1,1,0,0,0,
0,1,1,0,1,0,0,1,0,1,0,0,0,0,0,1,1,1,1,1,1,0,0,1,0,1,1,0,0,1,1,0,1,0,0,
0,0,0,1,0,0,1,1,0,0,1,0,0,0,0,0,0,0,0,0,0,1,0,0,0,0,0,1,1,0,1,1,1,1,0,
1,1,1,1,0,0,0,0,1,1,1,0,0,1,0,0,1,0,1,0,1,1,0,0,0,1,0,1,1,0,0,1,0,0,0,
1,0,0,0,1,1,0,1,0,0,0,1,0,1,0,1,0,0,0,1,1,0,0,1,0,0,0,1,1,1,1,0,0,1,0,
0,0,0,1,0,1,0,1,0,0,0,1,1,1,0,0,0,0,0,1,1,0,0,1,1,1,0,1,1,1,0,0,1,0,1,
1,0,0,0,1,0,0,0,0,1,0,1,1,1,0,1,0,0,0,0,0,0,0,0,1,0,1,0,0,1,1,0,1,1,1,
1,1,0,0,1,0,0,0,0,1,0,0,1,1,0,0,1,1,0,0,0,0,1,0,1,1,0,1,1,1,1,1,0,0,0,
1,0,1,0,0,1,1,0,1,1,0,0,0,1,0,1,1,1,0,0,0,1,1,0,1,0,0,0,1,1,1,1,0,0,1,
0,0,0,0,1,0,0,0,0,1,1,1,1,0,1,1,0,0,0,0,1,0,1,0,1,0,0,1,1,0,1,1,0,0,0,
0,1,0,0,1,0,1,1,1,1,0,0,1,0,0,0,0,0,0,1,1,1,0,0,0,0,1,1,0,1,1,0,0,1,1,
1,1,1,1,1,0,0,1,1,0,1,0,1,1,0,0,1,1,0,0,0,0,0,0,0,0,1,1,1,1,0,0,0,0,0,
1,1,0,1,0,1,1,1,1,0,1,0,1,0,0,0,0,1,1,1,1,1,0,0,0,1,1,0,0,1,1,0,0,0,0,
1,0,1,0,0,1,0,0,1,1,1,1,1,1,0,1,0,1,0,1,0,0,0,0,1,0,1,1,1,1,0,1,0,1,0,
1,0,1,1,0,0,1,0,1,0,0,0,1,1,0,0,0,0,1,0,0,0,1,1,1,1,0,1,0,0,0,1,0,1,0,
0,0,1,1,1,1,1,1,1,0,1,1,1,0,1,1,1,1,0,1,0,1,1,1,0,1,1,0,0,1,1,1,1,0,0,
1,0,1,1,1,1,0,1,1,0,0,1,0,0,1,1,1,1,0,1,1,1,0,1,0,1,0,0,0,1,0,1,0,0,0,
1,1,1,1,1,0,1,0,1,1,1,0,0,1,0,0,1,1,1,1,1,0,1,1,1,1,0,1,1,0,0,0,0,0,0,
0,0,0,0,1,1,1,1,1,1,1,0,1,1,1,0,1,0,1,1,1,1,1,0,1,0,0,1,0,0,0,0,1,0,1,
0,0,0,0,0,1,0,0,0,0,0,0,1,0,1,1,0,0,0,1,1,1,0,0,0,1,1,1,1,0,0,0,0,1,0,
0,0,1,0,0,1,1,1,1,0,0,1,0,1,1,0,0,1,1,0,0,0,0,0,0,0,0,1,0,0,1,0,0,1,0,
1,0,0,1,0,1,1,1,0,1,1,0,0,0,1,0,1,0,1,0,0,0,1,0,0,1,1,0,0,0,0,1,1,0,1,
1,1,0,0,1,1,1,1,0,0,1,0,0,0,0,0,0,1,1,0,1,0,1,0,0,0,0,0,0,0,1,0,0,1,0,
========================
Output Graph: 
Number of Vertices: 35
Number of Edges: 263
Graph Density: 0.442017
0,1,1,1,1,0,0,0,1,1,1,1,0,1,1,1,1,1,1,1,1,1,1,1,1,1,1,1,1,1,1,0,0,1,1,
1,0,0,1,0,0,1,0,1,0,0,0,0,0,0,0,0,0,0,0,0,0,1,0,1,0,0,0,0,1,0,0,0,0,1,
1,0,0,0,0,0,0,0,1,1,0,1,0,1,0,1,0,0,0,0,1,0,0,0,0,1,0,1,1,1,0,0,0,0,0,
1,1,0,0,0,0,1,1,1,0,1,0,0,0,1,0,0,1,0,0,1,0,1,0,1,0,1,1,1,1,1,0,0,1,0,
1,0,0,0,0,0,0,1,0,1,0,0,0,1,0,0,1,0,0,1,0,1,0,1,0,0,0,1,1,1,1,0,0,0,0,
0,0,0,0,0,0,0,0,1,1,0,0,1,0,0,0,0,1,0,0,1,0,0,0,0,1,0,1,1,0,1,1,0,0,0,
0,1,0,1,0,0,0,0,1,0,1,0,0,0,1,0,0,0,0,0,1,0,1,0,1,0,1,1,0,1,1,0,1,1,1,
0,0,0,1,1,0,0,0,1,0,1,0,0,1,1,0,1,1,0,0,1,0,1,1,1,0,0,1,1,1,1,0,1,1,1,
1,1,1,1,0,1,1,1,0,1,1,1,1,1,0,1,0,0,0,1,1,1,1,1,1,1,1,1,1,1,1,0,1,0,0,
1,0,1,0,1,1,0,0,1,0,1,1,0,1,0,1,0,1,1,1,1,1,1,0,1,1,0,1,1,1,1,0,0,1,0,
1,0,0,1,0,0,1,1,1,1,0,0,0,0,1,0,0,0,0,0,0,1,0,0,1,1,0,1,0,1,1,0,0,1,1,
1,0,1,0,0,0,0,0,1,1,0,0,0,0,0,0,0,1,0,0,0,1,0,0,0,1,0,1,1,0,0,0,0,0,0,
0,0,0,0,0,1,0,0,1,0,0,0,0,0,0,0,0,1,0,1,0,1,0,0,0,1,0,1,0,0,1,0,0,0,0,
1,0,1,0,1,0,0,1,1,1,0,0,0,0,0,1,1,1,1,1,1,1,0,1,0,1,0,0,0,1,1,0,0,0,0,
1,0,0,1,0,0,1,1,0,0,1,0,0,0,0,0,0,0,0,0,0,1,0,0,0,0,0,1,0,0,1,0,1,1,0,
1,0,1,0,0,0,0,0,1,1,0,0,0,1,0,0,0,0,0,0,1,1,0,0,0,1,0,1,1,0,0,0,0,0,0,
1,0,0,0,1,0,0,1,0,0,0,0,0,1,0,0,0,0,0,0,1,0,0,1,0,0,0,1,1,1,1,0,0,0,0,
1,0,0,1,0,1,0,1,0,1,0,1,1,1,0,0,0,0,0,1,1,1,0,1,1,1,0,1,1,1,1,0,0,0,0,
1,0,0,0,0,0,0,0,0,1,0,0,0,1,0,0,0,0,0,0,0,0,0,0,1,0,0,0,0,1,1,0,0,0,0,
1,0,0,0,1,0,0,0,1,1,0,0,1,1,0,0,0,1,0,0,1,0,1,0,1,0,0,1,1,1,1,1,0,0,0,
1,0,1,1,0,1,1,1,1,1,0,0,0,1,0,1,1,1,0,1,0,1,1,1,1,1,0,1,1,1,1,1,0,0,1,
1,0,0,0,1,0,0,0,1,1,1,1,1,1,1,1,0,1,0,0,1,0,1,0,1,0,0,1,1,1,1,1,0,0,0,
1,1,0,1,0,0,1,1,1,1,0,0,0,0,0,0,0,0,0,1,1,1,0,0,1,0,1,1,0,1,1,0,0,0,1,
1,0,0,0,1,0,0,1,1,0,0,0,0,1,0,0,1,1,0,0,1,0,0,0,0,0,0,1,1,1,0,0,0,0,0,
1,1,0,1,0,0,1,1,1,1,1,0,0,0,0,0,0,1,1,1,1,1,1,0,0,1,1,0,0,1,1,0,0,0,0,
1,0,1,0,0,1,0,0,1,1,1,1,1,1,0,1,0,1,0,0,1,0,0,0,1,0,0,1,1,1,1,1,0,0,0,
1,0,0,1,0,0,1,0,1,0,0,0,0,0,0,0,0,0,0,0,0,0,1,0,1,0,0,1,0,0,0,0,0,0,0,
1,0,1,1,1,1,1,1,1,1,1,1,1,0,1,1,1,1,0,1,1,1,1,1,0,1,1,0,0,1,1,1,1,0,0,
1,0,1,1,1,1,0,1,1,1,0,1,0,0,0,1,1,1,0,1,1,1,0,1,0,1,0,0,0,1,1,1,0,0,0,
1,1,1,1,1,0,1,1,1,1,1,0,0,1,0,0,1,1,1,1,1,1,1,1,1,1,0,1,1,0,1,0,0,0,0,
1,0,0,1,1,1,1,1,1,1,1,0,1,1,1,0,1,1,1,1,1,1,1,0,1,1,0,1,1,1,0,0,1,0,1,
0,0,0,0,0,1,0,0,0,0,0,0,0,0,0,0,0,0,0,1,1,1,0,0,0,1,0,1,1,0,0,0,0,0,0,
0,0,0,0,0,0,1,1,1,0,0,0,0,0,1,0,0,0,0,0,0,0,0,0,0,0,0,1,0,0,1,0,0,1,0,
1,0,0,1,0,0,1,1,0,1,1,0,0,0,1,0,0,0,0,0,0,0,0,0,0,0,0,0,0,0,0,0,1,0,0,
1,1,0,0,0,0,1,1,0,0,1,0,0,0,0,0,0,0,0,0,1,0,1,0,0,0,0,0,0,0,1,0,0,0,0,
Is Output Graph Empty or Complete?: 0
Ratio of Added Edges Over Added + Removed Edges: 0.387097
Changes from Input to Output: 
Added Edge: (0, 3)
Added Edge: (0, 4)
Added Edge: (0, 10)
Added Edge: (0, 13)
Added Edge: (0, 14)
Added Edge: (0, 17)
Added Edge: (0, 21)
Added Edge: (0, 22)
Added Edge: (0, 27)
Added Edge: (0, 30)
Removed Edge: (1, 13)
Removed Edge: (1, 15)
Removed Edge: (1, 19)
Removed Edge: (1, 23)
Removed Edge: (2, 4)
Removed Edge: (2, 5)
Removed Edge: (2, 23)
Removed Edge: (2, 26)
Removed Edge: (2, 32)
Added Edge: (3, 6)
Added Edge: (3, 8)
Removed Edge: (3, 15)
Added Edge: (3, 20)
Added Edge: (3, 22)
Removed Edge: (3, 23)
Added Edge: (3, 30)
Removed Edge: (4, 11)
Removed Edge: (4, 18)
Removed Edge: (4, 22)
Removed Edge: (4, 34)
Removed Edge: (5, 16)
Removed Edge: (5, 24)
Removed Edge: (5, 32)
Removed Edge: (5, 33)
Removed Edge: (5, 34)
Removed Edge: (7, 12)
Added Edge: (7, 20)
Added Edge: (7, 29)
Added Edge: (8, 13)
Added Edge: (8, 19)
Added Edge: (8, 21)
Added Edge: (9, 17)
Added Edge: (9, 24)
Added Edge: (9, 27)
Added Edge: (9, 28)
Removed Edge: (10, 11)
Removed Edge: (10, 15)
Removed Edge: (10, 23)
Removed Edge: (11, 16)
Removed Edge: (11, 18)
Removed Edge: (11, 32)
Removed Edge: (12, 18)
Removed Edge: (12, 22)
Removed Edge: (12, 23)
Removed Edge: (12, 24)
Removed Edge: (12, 26)
Removed Edge: (12, 31)
Added Edge: (13, 21)
Removed Edge: (13, 26)
Removed Edge: (13, 32)
Removed Edge: (14, 28)
Removed Edge: (14, 31)
Removed Edge: (15, 16)
Removed Edge: (15, 18)
Removed Edge: (15, 31)
Removed Edge: (16, 19)
Removed Edge: (16, 33)
Added Edge: (17, 21)
Added Edge: (17, 30)
Removed Edge: (17, 32)
Removed Edge: (17, 34)
Removed Edge: (18, 26)
Removed Edge: (18, 32)
Removed Edge: (18, 33)
Removed Edge: (18, 34)
Added Edge: (19, 20)
Removed Edge: (19, 25)
Added Edge: (20, 23)
Added Edge: (20, 25)
Added Edge: (20, 27)
Added Edge: (21, 29)
Added Edge: (22, 24)
Removed Edge: (22, 33)
Removed Edge: (23, 26)
Removed Edge: (25, 26)
Added Edge: (25, 30)
Removed Edge: (25, 33)
Removed Edge: (26, 31)
Removed Edge: (26, 33)
Added Edge: (28, 30)
Added Edge: (29, 30)
Removed Edge: (31, 33)
Removed Edge: (33, 34)
========================
