========================
TIME_LIMIT_SECONDS: 900
ODD_HOLE_TERMINATION_PERCENTAGE: 999
N_THREADS: 24
IS_RUNNING_HEURISTIC_ON_CANDIDATE: 0
IS_RUNNING_HEURISTIC_ON_RELAXATION: 0
ADD_ALL_AT_START: 1
========================
Wall-Clock Runtime (ms): 900070
Calculated Odd Hole Termination Batch Size: 0
Total Time of All Workers in OddHoleAlg (nano): 388269092
Total Time of All Workers in OddHoleAlg (ms): 388
OddHoleAlg calls: 386
Number of Found Odd-Holes: 57308
Number of Found Odd Anti-Holes: 3443
Is Optimal? (1e-6): 0
Optimality Gap: 0.301938
Objective Value: 82
Number of Feasible Solutions Found: 8
Number of Times Heuristic is Called: 0
Total number of added OH and OHbar Cuts: 60751
Number of Explored B&C tree nodes: 40662
Number of Unexplored B&C tree nodes: 27463
========================
Input Graph:
Number of Vertices: 35
Erdos Renyi p Parameter: 0.5
Number of Edges: 285
Expected No of Odd Holes: 4979
Expected No of Odd Anti Holes: 1175
ODD_HOLE_TERMINATION_BATCH_SIZE: 0
Graph Density: 0.478992
0,0,0,0,0,0,1,0,1,1,0,1,1,0,1,1,0,1,1,0,0,0,0,1,0,1,0,0,0,0,1,1,0,1,1,
0,0,0,0,0,1,1,0,0,1,0,1,1,0,0,0,1,1,1,1,0,1,0,0,0,0,1,0,0,0,1,0,1,0,0,
0,0,0,1,0,1,0,0,0,1,1,1,1,0,0,0,0,0,1,0,1,0,0,1,0,1,0,1,1,1,0,0,0,1,1,
0,0,1,0,0,0,0,1,1,1,1,0,0,1,0,1,0,1,1,0,0,1,1,1,0,1,0,1,0,0,1,0,1,0,0,
0,0,0,0,0,0,1,0,1,0,1,0,1,1,1,1,0,1,0,0,0,1,0,1,0,1,1,1,1,0,0,1,0,1,0,
0,1,1,0,0,0,1,1,1,0,1,0,0,1,1,1,0,0,0,1,1,0,0,1,0,1,1,0,1,1,0,1,0,1,0,
1,1,0,0,1,1,0,1,0,0,1,1,1,0,0,0,1,0,1,1,0,1,1,0,1,0,0,1,1,0,0,1,1,1,0,
0,0,0,1,0,1,1,0,1,0,1,1,1,1,1,0,0,0,0,0,0,0,1,0,1,0,0,0,1,1,0,1,0,1,0,
1,0,0,1,1,1,0,1,0,0,1,1,0,1,1,0,1,0,0,0,1,1,1,1,1,0,1,1,0,0,1,0,1,1,0,
1,1,1,1,0,0,0,0,0,0,0,0,1,1,1,1,0,0,1,0,1,0,1,0,0,1,0,1,0,0,0,0,0,1,0,
0,0,1,1,1,1,1,1,1,0,0,0,0,1,0,1,0,1,0,1,0,1,1,1,1,0,0,1,1,1,1,0,0,0,1,
1,1,1,0,0,0,1,1,1,0,0,0,1,0,0,1,0,1,0,0,1,1,0,1,0,1,1,1,0,1,0,1,0,0,0,
1,1,1,0,1,0,1,1,0,1,0,1,0,0,1,0,0,1,1,0,0,0,1,1,0,0,0,0,0,1,1,0,1,1,0,
0,0,0,1,1,1,0,1,1,1,1,0,0,0,0,0,0,1,1,0,1,0,1,0,0,1,0,1,0,0,1,0,1,1,0,
1,0,0,0,1,1,0,1,1,1,0,0,1,0,0,1,0,0,1,1,1,0,0,1,1,0,1,0,1,0,1,1,0,0,1,
1,0,0,1,1,1,0,0,0,1,1,1,0,0,1,0,1,0,0,1,1,0,0,0,0,0,1,1,0,0,0,1,0,0,1,
0,1,0,0,0,0,1,0,1,0,0,0,0,0,0,1,0,1,1,0,0,0,0,0,0,1,0,0,1,0,1,1,1,0,0,
1,1,0,1,1,0,0,0,0,0,1,1,1,1,0,0,1,0,0,0,1,0,1,0,0,1,0,0,0,1,0,0,1,1,0,
1,1,1,1,0,0,1,0,0,1,0,0,1,1,1,0,1,0,0,1,0,0,1,0,0,1,1,1,0,1,0,0,0,0,0,
0,1,0,0,0,1,1,0,0,0,1,0,0,0,1,1,0,0,1,0,1,0,1,1,1,0,1,1,0,1,1,0,0,0,1,
0,0,1,0,0,1,0,0,1,1,0,1,0,1,1,1,0,1,0,1,0,1,1,0,0,0,1,1,1,1,0,1,1,0,1,
0,1,0,1,1,0,1,0,1,0,1,1,0,0,0,0,0,0,0,0,1,0,0,1,1,1,1,0,0,0,0,1,1,1,0,
0,0,0,1,0,0,1,1,1,1,1,0,1,1,0,0,0,1,1,1,1,0,0,0,0,1,0,0,0,1,0,1,1,0,0,
1,0,1,1,1,1,0,0,1,0,1,1,1,0,1,0,0,0,0,1,0,1,0,0,1,1,1,1,0,0,1,1,1,0,1,
0,0,0,0,0,0,1,1,1,0,1,0,0,0,1,0,0,0,0,1,0,1,0,1,0,1,1,1,0,0,0,1,0,0,1,
1,0,1,1,1,1,0,0,0,1,0,1,0,1,0,0,1,1,1,0,0,1,1,1,1,0,0,1,1,1,1,1,1,0,0,
0,1,0,0,1,1,0,0,1,0,0,1,0,0,1,1,0,0,1,1,1,1,0,1,1,0,0,0,1,0,1,0,1,1,0,
0,0,1,1,1,0,1,0,1,1,1,1,0,1,0,1,0,0,1,1,1,0,0,1,1,1,0,0,1,0,1,1,0,0,0,
0,0,1,0,1,1,1,1,0,0,1,0,0,0,1,0,1,0,0,0,1,0,0,0,0,1,1,1,0,0,1,0,0,1,1,
0,0,1,0,0,1,0,1,0,0,1,1,1,0,0,0,0,1,1,1,1,0,1,0,0,1,0,0,0,0,0,0,1,0,0,
1,1,0,1,0,0,0,0,1,0,1,0,1,1,1,0,1,0,0,1,0,0,0,1,0,1,1,1,1,0,0,1,1,0,0,
1,0,0,0,1,1,1,1,0,0,0,1,0,0,1,1,1,0,0,0,1,1,1,1,1,1,0,1,0,0,1,0,1,0,1,
0,1,0,1,0,0,1,0,1,0,0,0,1,1,0,0,1,1,0,0,1,1,1,1,0,1,1,0,0,1,1,1,0,0,1,
1,0,1,0,1,1,1,1,1,1,0,0,1,1,0,0,0,1,0,0,0,1,0,0,0,0,1,0,1,0,0,0,0,0,0,
1,0,1,0,0,0,0,0,0,0,1,0,0,0,1,1,0,0,0,1,1,0,0,1,1,0,0,0,1,0,0,1,1,0,0,
========================
Output Graph: 
Number of Vertices: 35
Number of Edges: 277
Graph Density: 0.465546
0,0,0,0,0,0,1,0,1,0,0,1,1,0,1,0,0,0,0,0,0,0,0,1,0,1,0,0,0,0,0,1,0,0,0,
0,0,0,0,1,1,1,0,1,1,1,1,1,0,0,0,1,1,1,1,1,1,0,1,0,1,1,1,0,0,1,1,1,0,0,
0,0,0,0,0,1,0,0,0,0,1,1,1,0,0,0,0,0,0,0,1,0,0,1,0,1,0,1,0,1,0,0,0,0,0,
0,0,0,0,0,0,0,0,1,1,1,0,0,1,0,0,0,1,1,0,1,0,1,1,0,1,0,1,0,0,1,0,1,0,0,
0,1,0,0,0,0,1,0,1,0,1,0,1,1,1,1,0,0,0,0,0,1,0,1,0,1,1,1,1,0,0,1,0,0,0,
0,1,1,0,0,0,1,1,1,0,1,0,1,1,1,1,0,0,0,1,1,0,0,1,0,1,1,1,1,1,0,1,0,1,0,
1,1,0,0,1,1,0,1,1,0,1,1,1,0,1,0,1,0,1,1,1,1,1,1,1,1,0,1,1,0,1,1,1,1,0,
0,0,0,0,0,1,1,0,1,0,1,0,1,0,1,0,0,0,0,0,0,0,0,0,0,0,0,0,1,0,0,1,0,1,0,
1,1,0,1,1,1,1,1,0,0,1,1,1,1,1,0,1,0,0,0,1,1,1,1,1,1,1,1,0,0,1,0,1,1,0,
0,1,0,1,0,0,0,0,0,0,0,0,1,1,1,0,0,0,1,0,1,0,1,0,0,1,0,1,0,0,0,0,0,0,0,
0,1,1,1,1,1,1,1,1,0,0,0,1,1,1,1,0,1,0,1,0,1,1,1,1,1,1,1,1,1,0,1,0,0,1,
1,1,1,0,0,0,1,0,1,0,0,0,1,0,1,1,0,0,0,0,1,1,0,1,0,1,1,1,0,1,0,1,0,0,0,
1,1,1,0,1,1,1,1,1,1,1,1,0,0,1,0,0,1,1,0,1,0,1,1,0,0,0,1,1,1,1,1,1,1,0,
0,0,0,1,1,1,0,0,1,1,1,0,0,0,0,0,0,1,1,0,1,0,1,0,0,1,0,1,0,0,1,0,1,0,0,
1,0,0,0,1,1,1,1,1,1,1,1,1,0,0,1,0,0,1,1,1,0,0,1,1,1,1,0,1,0,1,1,1,0,1,
0,0,0,0,1,1,0,0,0,0,1,1,0,0,1,0,0,0,0,1,1,0,0,0,1,0,1,1,0,0,0,1,0,0,1,
0,1,0,0,0,0,1,0,1,0,0,0,0,0,0,0,0,0,0,0,0,0,0,0,0,1,0,0,0,0,1,1,1,0,0,
0,1,0,1,0,0,0,0,0,0,1,0,1,1,0,0,0,0,0,0,1,0,1,0,0,1,0,0,0,0,0,0,1,0,0,
0,1,0,1,0,0,1,0,0,1,0,0,1,1,1,0,0,0,0,0,0,0,1,0,0,1,1,1,0,0,0,0,0,0,0,
0,1,0,0,0,1,1,0,0,0,1,0,0,0,1,1,0,0,0,0,1,0,0,1,1,0,1,1,0,0,0,0,0,0,1,
0,1,1,1,0,1,1,0,1,1,0,1,1,1,1,1,0,1,0,1,0,1,1,1,0,1,1,1,1,1,0,1,1,0,1,
0,1,0,0,1,0,1,0,1,0,1,1,0,0,0,0,0,0,0,0,1,0,0,1,0,1,1,0,0,0,0,1,1,0,0,
0,0,0,1,0,0,1,0,1,1,1,0,1,1,0,0,0,1,1,0,1,0,0,0,0,1,0,0,0,0,0,1,1,0,0,
1,1,1,1,1,1,1,0,1,0,1,1,1,0,1,0,0,0,0,1,1,1,0,0,1,1,1,1,0,0,1,1,1,0,1,
0,0,0,0,0,0,1,0,1,0,1,0,0,0,1,1,0,0,0,1,0,0,0,1,0,1,1,1,0,0,0,1,0,0,1,
1,1,1,1,1,1,1,0,1,1,1,1,0,1,1,0,1,1,1,0,1,1,1,1,1,0,0,1,1,1,1,1,1,0,0,
0,1,0,0,1,1,0,0,1,0,1,1,0,0,1,1,0,0,1,1,1,1,0,1,1,0,0,1,1,0,1,1,1,1,0,
0,1,1,1,1,1,1,0,1,1,1,1,1,1,0,1,0,0,1,1,1,0,0,1,1,1,1,0,1,0,1,1,1,0,0,
0,0,0,0,1,1,1,1,0,0,1,0,1,0,1,0,0,0,0,0,1,0,0,0,0,1,1,1,0,0,0,0,0,1,0,
0,0,1,0,0,1,0,0,0,0,1,1,1,0,0,0,0,0,0,0,1,0,0,0,0,1,0,0,0,0,0,0,1,0,0,
0,1,0,1,0,0,1,0,1,0,0,0,1,1,1,0,1,0,0,0,0,0,0,1,0,1,1,1,0,0,0,1,1,0,0,
1,1,0,0,1,1,1,1,0,0,1,1,1,0,1,1,1,0,0,0,1,1,1,1,1,1,1,1,0,0,1,0,1,0,1,
0,1,0,1,0,0,1,0,1,0,0,0,1,1,1,0,1,1,0,0,1,1,1,1,0,1,1,1,0,1,1,1,0,0,0,
0,0,0,0,0,1,1,1,1,0,0,0,1,0,0,0,0,0,0,0,0,0,0,0,0,0,1,0,1,0,0,0,0,0,0,
0,0,0,0,0,0,0,0,0,0,1,0,0,0,1,1,0,0,0,1,1,0,0,1,1,0,0,0,0,0,0,1,0,0,0,
Is Output Graph Empty or Complete?: 0
Ratio of Added Edges Over Added + Removed Edges: 0.45122
Changes from Input to Output: 
Removed Edge: (0, 9)
Removed Edge: (0, 15)
Removed Edge: (0, 17)
Removed Edge: (0, 18)
Removed Edge: (0, 30)
Removed Edge: (0, 33)
Removed Edge: (0, 34)
Added Edge: (1, 4)
Added Edge: (1, 8)
Added Edge: (1, 10)
Added Edge: (1, 20)
Added Edge: (1, 23)
Added Edge: (1, 25)
Added Edge: (1, 27)
Added Edge: (1, 31)
Removed Edge: (2, 3)
Removed Edge: (2, 9)
Removed Edge: (2, 18)
Removed Edge: (2, 28)
Removed Edge: (2, 33)
Removed Edge: (2, 34)
Removed Edge: (3, 7)
Removed Edge: (3, 15)
Added Edge: (3, 20)
Removed Edge: (3, 21)
Removed Edge: (4, 17)
Removed Edge: (4, 33)
Added Edge: (5, 12)
Added Edge: (5, 27)
Added Edge: (6, 8)
Added Edge: (6, 14)
Added Edge: (6, 20)
Added Edge: (6, 23)
Added Edge: (6, 25)
Added Edge: (6, 30)
Removed Edge: (7, 11)
Removed Edge: (7, 13)
Removed Edge: (7, 22)
Removed Edge: (7, 24)
Removed Edge: (7, 29)
Added Edge: (8, 12)
Added Edge: (8, 25)
Removed Edge: (9, 15)
Removed Edge: (9, 33)
Added Edge: (10, 12)
Added Edge: (10, 14)
Added Edge: (10, 25)
Added Edge: (10, 26)
Removed Edge: (10, 30)
Added Edge: (10, 31)
Added Edge: (11, 14)
Removed Edge: (11, 17)
Added Edge: (12, 20)
Added Edge: (12, 27)
Added Edge: (12, 28)
Added Edge: (12, 31)
Removed Edge: (13, 33)
Added Edge: (14, 25)
Added Edge: (14, 32)
Removed Edge: (15, 16)
Added Edge: (15, 24)
Removed Edge: (16, 17)
Removed Edge: (16, 18)
Removed Edge: (16, 28)
Removed Edge: (17, 29)
Removed Edge: (17, 33)
Removed Edge: (18, 19)
Removed Edge: (18, 29)
Removed Edge: (19, 22)
Removed Edge: (19, 29)
Removed Edge: (19, 30)
Added Edge: (20, 23)
Added Edge: (20, 25)
Removed Edge: (21, 24)
Removed Edge: (21, 33)
Removed Edge: (22, 29)
Added Edge: (26, 27)
Added Edge: (26, 31)
Added Edge: (27, 32)
Removed Edge: (28, 30)
Removed Edge: (28, 34)
Removed Edge: (32, 34)
========================
