========================
TIME_LIMIT_SECONDS: 900
ODD_HOLE_TERMINATION_PERCENTAGE: 999
N_THREADS: 24
IS_RUNNING_HEURISTIC_ON_CANDIDATE: 1
IS_RUNNING_HEURISTIC_ON_RELAXATION: 0
ADD_ALL_AT_START: 0
========================
Wall-Clock Runtime (ms): 900978
Calculated Odd Hole Termination Batch Size: 0
Total Time of All Workers in OddHoleAlg (nano): 125295601
Total Time of All Workers in OddHoleAlg (ms): 125
OddHoleAlg calls: 98
Number of Found Odd-Holes: 28214
Number of Found Odd Anti-Holes: 2894
Is Optimal? (1e-6): 0
Optimality Gap: 0.306238
Objective Value: 59
Number of Feasible Solutions Found: 49
Number of Times Heuristic is Called: 45
Total number of added OH and OHbar Cuts: 31108
Number of Explored B&C tree nodes: 193016
Number of Unexplored B&C tree nodes: 164615
========================
Input Graph:
Number of Vertices: 30
Erdos Renyi p Parameter: 0.5
Number of Edges: 204
Expected No of Odd Holes: 2023
Expected No of Odd Anti Holes: 353
ODD_HOLE_TERMINATION_BATCH_SIZE: 0
Graph Density: 0.468966
0,1,0,0,0,1,1,0,0,1,1,1,0,1,0,1,0,0,1,0,0,0,1,0,1,0,0,0,1,0,
1,0,1,0,0,0,1,0,1,0,1,1,1,0,1,0,1,0,0,0,1,0,1,1,0,0,0,1,1,1,
0,1,0,1,0,1,0,1,0,1,0,1,0,0,0,1,0,0,0,0,1,1,0,0,1,0,0,0,1,1,
0,0,1,0,0,0,1,1,1,1,0,0,0,1,0,0,0,0,1,1,1,0,0,1,1,0,0,1,0,0,
0,0,0,0,0,0,0,0,0,0,1,0,0,1,1,0,1,0,1,1,1,0,1,1,1,0,1,0,1,1,
1,0,1,0,0,0,1,1,1,0,1,1,0,1,0,0,1,0,1,0,0,0,0,0,0,1,1,1,0,1,
1,1,0,1,0,1,0,0,1,0,1,1,1,1,0,0,1,0,0,0,0,0,1,0,1,0,0,0,1,1,
0,0,1,1,0,1,0,0,0,1,1,1,0,0,1,1,0,1,0,0,0,0,1,1,1,1,0,1,0,0,
0,1,0,1,0,1,1,0,0,1,1,1,1,1,0,1,1,0,0,0,0,0,1,1,0,1,1,1,0,1,
1,0,1,1,0,0,0,1,1,0,0,0,1,0,0,1,1,0,0,0,1,0,0,1,0,1,1,1,0,0,
1,1,0,0,1,1,1,1,1,0,0,1,0,0,1,0,0,0,1,0,0,0,0,1,0,1,0,0,0,0,
1,1,1,0,0,1,1,1,1,0,1,0,1,0,1,1,0,0,0,0,0,1,0,1,1,1,1,0,0,1,
0,1,0,0,0,0,1,0,1,1,0,1,0,0,0,0,1,1,0,1,1,0,1,1,0,1,0,1,1,1,
1,0,0,1,1,1,1,0,1,0,0,0,0,0,0,0,1,0,0,0,1,1,0,1,0,0,1,0,1,1,
0,1,0,0,1,0,0,1,0,0,1,1,0,0,0,1,0,1,0,0,0,1,1,0,0,1,0,1,0,0,
1,0,1,0,0,0,0,1,1,1,0,1,0,0,1,0,0,1,0,0,0,0,1,1,0,1,1,0,0,0,
0,1,0,0,1,1,1,0,1,1,0,0,1,1,0,0,0,1,1,0,0,1,0,0,1,1,0,0,0,1,
0,0,0,0,0,0,0,1,0,0,0,0,1,0,1,1,1,0,0,0,1,0,0,0,0,0,1,1,1,1,
1,0,0,1,1,1,0,0,0,0,1,0,0,0,0,0,1,0,0,1,1,0,1,1,0,0,0,1,0,1,
0,0,0,1,1,0,0,0,0,0,0,0,1,0,0,0,0,0,1,0,1,1,1,0,1,0,0,0,0,1,
0,1,1,1,1,0,0,0,0,1,0,0,1,1,0,0,0,1,1,1,0,1,0,1,1,0,1,1,0,0,
0,0,1,0,0,0,0,0,0,0,0,1,0,1,1,0,1,0,0,1,1,0,1,0,1,1,1,0,1,1,
1,1,0,0,1,0,1,1,1,0,0,0,1,0,1,1,0,0,1,1,0,1,0,0,1,1,0,1,0,1,
0,1,0,1,1,0,0,1,1,1,1,1,1,1,0,1,0,0,1,0,1,0,0,0,0,1,0,0,1,1,
1,0,1,1,1,0,1,1,0,0,0,1,0,0,0,0,1,0,0,1,1,1,1,0,0,0,1,0,0,0,
0,0,0,0,0,1,0,1,1,1,1,1,1,0,1,1,1,0,0,0,0,1,1,1,0,0,1,0,0,0,
0,0,0,0,1,1,0,0,1,1,0,1,0,1,0,1,0,1,0,0,1,1,0,0,1,1,0,1,0,1,
0,1,0,1,0,1,0,1,1,1,0,0,1,0,1,0,0,1,1,0,1,0,1,0,0,0,1,0,1,1,
1,1,1,0,1,0,1,0,0,0,0,0,1,1,0,0,0,1,0,0,0,1,0,1,0,0,0,1,0,1,
0,1,1,0,1,1,1,0,1,0,0,1,1,1,0,0,1,1,1,1,0,1,1,1,0,0,1,1,1,0,
========================
Output Graph: 
Number of Vertices: 30
Number of Edges: 195
Graph Density: 0.448276
0,1,0,0,0,1,0,0,0,1,1,1,0,0,0,0,0,0,0,0,0,0,1,0,0,0,0,0,0,0,
1,0,1,0,0,0,1,1,1,0,1,1,1,0,1,0,1,0,0,0,1,0,1,1,0,1,1,1,1,1,
0,1,0,1,0,1,0,0,0,1,0,1,0,0,0,0,0,0,0,0,1,0,0,0,0,0,0,0,0,1,
0,0,1,0,0,0,0,0,1,1,0,0,0,0,0,0,0,0,0,0,1,0,0,1,0,0,0,1,0,0,
0,0,0,0,0,0,0,0,0,0,0,0,0,0,0,0,1,0,1,0,1,0,1,1,0,0,1,0,0,1,
1,0,1,0,0,0,1,1,1,0,1,1,1,1,0,0,1,0,1,0,1,0,1,1,0,1,1,1,1,1,
0,1,0,0,0,1,0,0,1,0,0,1,1,1,0,0,1,0,0,0,1,0,1,0,1,0,1,0,1,1,
0,1,0,0,0,1,0,0,0,1,1,1,0,0,1,1,0,0,0,0,0,0,1,1,0,1,0,1,0,0,
0,1,0,1,0,1,1,0,0,1,1,1,1,1,0,1,1,0,0,0,1,0,1,1,0,1,1,1,0,1,
1,0,1,1,0,0,0,1,1,0,0,1,1,0,0,1,1,0,0,0,1,0,1,1,0,1,1,1,0,0,
1,1,0,0,0,1,0,1,1,0,0,1,0,0,1,0,0,0,0,0,0,0,0,1,0,1,0,0,0,0,
1,1,1,0,0,1,1,1,1,1,1,0,1,0,1,1,0,0,0,0,1,1,1,1,1,1,1,1,0,1,
0,1,0,0,0,1,1,0,1,1,0,1,0,1,0,0,1,1,0,1,1,0,1,1,0,1,1,1,1,1,
0,0,0,0,0,1,1,0,1,0,0,0,1,0,0,0,1,0,0,0,1,1,0,1,0,0,1,0,1,1,
0,1,0,0,0,0,0,1,0,0,1,1,0,0,0,0,0,0,0,0,0,0,1,0,0,1,0,0,0,0,
0,0,0,0,0,0,0,1,1,1,0,1,0,0,0,0,0,0,0,0,0,0,1,1,0,1,1,0,0,0,
0,1,0,0,1,1,1,0,1,1,0,0,1,1,0,0,0,1,1,0,1,1,0,1,1,1,0,1,0,1,
0,0,0,0,0,0,0,0,0,0,0,0,1,0,0,0,1,0,0,0,1,0,0,0,0,0,1,1,1,1,
0,0,0,0,1,1,0,0,0,0,0,0,0,0,0,0,1,0,0,0,1,0,1,1,0,0,0,1,0,1,
0,0,0,0,0,0,0,0,0,0,0,0,1,0,0,0,0,0,0,0,1,1,1,0,1,0,0,0,0,1,
0,1,1,1,1,1,1,0,1,1,0,1,1,1,0,0,1,1,1,1,0,1,1,1,1,1,1,1,0,0,
0,0,0,0,0,0,0,0,0,0,0,1,0,1,0,0,1,0,0,1,1,0,1,0,1,0,1,0,1,1,
1,1,0,0,1,1,1,1,1,1,0,1,1,0,1,1,0,0,1,1,1,1,0,1,1,1,0,1,0,1,
0,1,0,1,1,1,0,1,1,1,1,1,1,1,0,1,1,0,1,0,1,0,1,0,0,1,1,0,1,1,
0,0,0,0,0,0,1,0,0,0,0,1,0,0,0,0,1,0,0,1,1,1,1,0,0,0,1,0,0,0,
0,1,0,0,0,1,0,1,1,1,1,1,1,0,1,1,1,0,0,0,1,0,1,1,0,0,1,0,0,0,
0,1,0,0,1,1,1,0,1,1,0,1,1,1,0,1,0,1,0,0,1,1,0,1,1,1,0,1,0,1,
0,1,0,1,0,1,0,1,1,1,0,1,1,0,0,0,1,1,1,0,1,0,1,0,0,0,1,0,1,1,
0,1,0,0,0,1,1,0,0,0,0,0,1,1,0,0,0,1,0,0,0,1,0,1,0,0,0,1,0,1,
0,1,1,0,1,1,1,0,1,0,0,1,1,1,0,0,1,1,1,1,0,1,1,1,0,0,1,1,1,0,
Is Output Graph Empty or Complete?: 0
Ratio of Added Edges Over Added + Removed Edges: 0.423729
Changes from Input to Output: 
Removed Edge: (0, 6)
Removed Edge: (0, 13)
Removed Edge: (0, 15)
Removed Edge: (0, 18)
Removed Edge: (0, 24)
Removed Edge: (0, 28)
Added Edge: (1, 7)
Added Edge: (1, 25)
Added Edge: (1, 26)
Removed Edge: (2, 7)
Removed Edge: (2, 15)
Removed Edge: (2, 21)
Removed Edge: (2, 24)
Removed Edge: (2, 28)
Removed Edge: (3, 6)
Removed Edge: (3, 7)
Removed Edge: (3, 13)
Removed Edge: (3, 18)
Removed Edge: (3, 19)
Removed Edge: (3, 24)
Removed Edge: (4, 10)
Removed Edge: (4, 13)
Removed Edge: (4, 14)
Removed Edge: (4, 19)
Removed Edge: (4, 24)
Removed Edge: (4, 28)
Added Edge: (5, 12)
Added Edge: (5, 20)
Added Edge: (5, 22)
Added Edge: (5, 23)
Added Edge: (5, 28)
Removed Edge: (6, 10)
Added Edge: (6, 20)
Added Edge: (6, 26)
Removed Edge: (7, 17)
Removed Edge: (7, 24)
Added Edge: (8, 20)
Added Edge: (9, 11)
Added Edge: (9, 22)
Removed Edge: (10, 18)
Added Edge: (11, 20)
Added Edge: (11, 22)
Added Edge: (11, 27)
Added Edge: (12, 13)
Added Edge: (12, 26)
Removed Edge: (14, 15)
Removed Edge: (14, 17)
Removed Edge: (14, 21)
Removed Edge: (14, 27)
Removed Edge: (15, 17)
Added Edge: (16, 20)
Added Edge: (16, 23)
Added Edge: (16, 27)
Removed Edge: (18, 19)
Added Edge: (20, 22)
Added Edge: (20, 25)
Removed Edge: (21, 25)
Added Edge: (22, 23)
Added Edge: (23, 26)
========================
