========================
TIME_LIMIT_SECONDS: 900
ODD_HOLE_TERMINATION_PERCENTAGE: 999
N_THREADS: 24
IS_RUNNING_HEURISTIC_ON_CANDIDATE: 1
IS_RUNNING_HEURISTIC_ON_RELAXATION: 1
ADD_ALL_AT_START: 0
========================
Wall-Clock Runtime (ms): 5769
Calculated Odd Hole Termination Batch Size: 0
Total Time of All Workers in OddHoleAlg (nano): 24822300
Total Time of All Workers in OddHoleAlg (ms): 24
OddHoleAlg calls: 96
Number of Found Odd-Holes: 1254
Number of Found Odd Anti-Holes: 2186
Is Optimal? (1e-6): 1
Optimality Gap: 0
Objective Value: 17
Number of Feasible Solutions Found: 2006
Number of Times Heuristic is Called: 2002
Total number of added OH and OHbar Cuts: 3440
Number of Explored B&C tree nodes: 16445
Number of Unexplored B&C tree nodes: 0
========================
Input Graph:
Number of Vertices: 25
Erdos Renyi p Parameter: 0.75
Number of Edges: 222
Expected No of Odd Holes: 147
Expected No of Odd Anti Holes: 260
ODD_HOLE_TERMINATION_BATCH_SIZE: 0
Graph Density: 0.74
0,1,0,1,1,1,1,1,1,1,0,1,1,0,1,1,0,0,1,0,1,0,0,1,1,
1,0,0,1,1,1,0,1,1,1,1,0,1,0,1,0,1,1,1,1,1,1,1,1,1,
0,0,0,1,1,1,1,1,1,0,1,0,1,1,1,1,0,0,1,1,1,1,0,0,0,
1,1,1,0,0,1,0,1,1,1,1,1,1,1,1,0,1,1,1,1,1,1,1,1,0,
1,1,1,0,0,1,0,1,1,1,1,0,1,1,1,0,1,1,1,1,1,1,0,1,1,
1,1,1,1,1,0,1,1,1,1,1,1,1,1,1,1,0,0,1,1,0,1,0,1,1,
1,0,1,0,0,1,0,0,1,1,1,1,1,1,0,1,1,1,1,1,1,0,1,1,0,
1,1,1,1,1,1,0,0,1,1,1,1,1,0,1,1,1,0,1,0,1,0,0,1,1,
1,1,1,1,1,1,1,1,0,1,1,0,1,1,0,1,1,1,1,1,0,1,1,0,1,
1,1,0,1,1,1,1,1,1,0,1,1,0,0,1,1,0,0,1,1,1,0,1,1,0,
0,1,1,1,1,1,1,1,1,1,0,1,1,1,1,0,1,1,1,0,1,1,0,1,1,
1,0,0,1,0,1,1,1,0,1,1,0,0,1,0,0,1,1,1,1,0,1,0,1,1,
1,1,1,1,1,1,1,1,1,0,1,0,0,1,1,1,1,1,0,1,0,1,1,1,1,
0,0,1,1,1,1,1,0,1,0,1,1,1,0,1,0,1,0,0,1,0,1,0,1,1,
1,1,1,1,1,1,0,1,0,1,1,0,1,1,0,1,1,1,1,1,0,0,1,1,0,
1,0,1,0,0,1,1,1,1,1,0,0,1,0,1,0,1,0,1,1,0,0,1,1,1,
0,1,0,1,1,0,1,1,1,0,1,1,1,1,1,1,0,1,1,1,0,1,1,1,1,
0,1,0,1,1,0,1,0,1,0,1,1,1,0,1,0,1,0,1,1,1,0,1,0,1,
1,1,1,1,1,1,1,1,1,1,1,1,0,0,1,1,1,1,0,0,1,1,1,1,1,
0,1,1,1,1,1,1,0,1,1,0,1,1,1,1,1,1,1,0,0,1,1,0,1,1,
1,1,1,1,1,0,1,1,0,1,1,0,0,0,0,0,0,1,1,1,0,1,1,1,1,
0,1,1,1,1,1,0,0,1,0,1,1,1,1,0,0,1,0,1,1,1,0,1,1,0,
0,1,0,1,0,0,1,0,1,1,0,0,1,0,1,1,1,1,1,0,1,1,0,1,1,
1,1,0,1,1,1,1,1,0,1,1,1,1,1,1,1,1,0,1,1,1,1,1,0,1,
1,1,0,0,1,1,0,1,1,0,1,1,1,1,0,1,1,1,1,1,1,0,1,1,0,
========================
Output Graph: 
Number of Vertices: 25
Number of Edges: 225
Graph Density: 0.75
0,1,0,1,1,1,1,1,1,1,0,1,1,0,1,1,0,0,1,0,1,0,0,1,1,
1,0,1,1,1,1,1,1,1,1,1,0,1,0,1,0,1,1,1,1,1,1,1,1,1,
0,1,0,1,1,1,1,1,1,0,1,1,1,1,1,1,0,0,1,1,1,1,0,0,1,
1,1,1,0,0,1,0,1,1,1,1,1,1,1,1,0,1,1,1,1,1,1,1,1,1,
1,1,1,0,0,1,0,1,1,1,1,0,1,1,1,0,1,1,1,1,1,1,0,1,1,
1,1,1,1,1,0,1,1,1,1,1,1,1,1,1,1,0,0,1,1,0,1,0,1,1,
1,1,1,0,0,1,0,1,1,1,1,0,1,1,0,1,1,1,1,1,1,0,1,1,0,
1,1,1,1,1,1,1,0,1,1,1,1,1,0,1,1,1,0,1,0,1,0,0,1,1,
1,1,1,1,1,1,1,1,0,1,1,0,1,1,0,1,1,1,1,1,0,1,1,1,1,
1,1,0,1,1,1,1,1,1,0,1,1,0,0,1,1,0,0,1,1,1,0,1,1,0,
0,1,1,1,1,1,1,1,1,1,0,1,1,1,1,1,1,1,1,0,1,1,0,1,1,
1,0,1,1,0,1,0,1,0,1,1,0,1,1,0,0,1,1,1,1,0,1,0,1,1,
1,1,1,1,1,1,1,1,1,0,1,1,0,1,1,1,1,1,0,1,0,1,1,1,1,
0,0,1,1,1,1,1,0,1,0,1,1,1,0,1,0,1,0,0,1,0,1,0,1,1,
1,1,1,1,1,1,0,1,0,1,1,0,1,1,0,1,1,1,1,1,0,0,1,1,0,
1,0,1,0,0,1,1,1,1,1,1,0,1,0,1,0,1,0,1,1,1,0,1,1,1,
0,1,0,1,1,0,1,1,1,0,1,1,1,1,1,1,0,1,1,1,0,1,0,1,1,
0,1,0,1,1,0,1,0,1,0,1,1,1,0,1,0,1,0,1,1,0,0,0,0,1,
1,1,1,1,1,1,1,1,1,1,1,1,0,0,1,1,1,1,0,0,1,1,1,1,1,
0,1,1,1,1,1,1,0,1,1,0,1,1,1,1,1,1,1,0,0,1,1,0,1,1,
1,1,1,1,1,0,1,1,0,1,1,0,0,0,0,1,0,0,1,1,0,0,1,1,0,
0,1,1,1,1,1,0,0,1,0,1,1,1,1,0,0,1,0,1,1,0,0,0,1,0,
0,1,0,1,0,0,1,0,1,1,0,0,1,0,1,1,0,0,1,0,1,0,0,1,1,
1,1,0,1,1,1,1,1,1,1,1,1,1,1,1,1,1,0,1,1,1,1,1,0,1,
1,1,1,1,1,1,0,1,1,0,1,1,1,1,0,1,1,1,1,1,0,0,1,1,0,
Is Output Graph Empty or Complete?: 0
Ratio of Added Edges Over Added + Removed Edges: 0.588235
Changes from Input to Output: 
Added Edge: (1, 2)
Added Edge: (1, 6)
Added Edge: (2, 11)
Added Edge: (2, 24)
Added Edge: (3, 24)
Added Edge: (6, 7)
Removed Edge: (6, 11)
Added Edge: (8, 23)
Added Edge: (10, 15)
Added Edge: (11, 12)
Added Edge: (15, 20)
Removed Edge: (16, 22)
Removed Edge: (17, 20)
Removed Edge: (17, 22)
Removed Edge: (20, 21)
Removed Edge: (20, 24)
Removed Edge: (21, 22)
========================
