========================
TIME_LIMIT_SECONDS: 900
ODD_HOLE_TERMINATION_PERCENTAGE: 999
N_THREADS: 24
IS_RUNNING_HEURISTIC_ON_CANDIDATE: 0
IS_RUNNING_HEURISTIC_ON_RELAXATION: 0
ADD_ALL_AT_START: 0
========================
Wall-Clock Runtime (ms): 900486
Calculated Odd Hole Termination Batch Size: 0
Total Time of All Workers in OddHoleAlg (nano): 280356138
Total Time of All Workers in OddHoleAlg (ms): 280
OddHoleAlg calls: 146
Number of Found Odd-Holes: 52495
Number of Found Odd Anti-Holes: 13271
Is Optimal? (1e-6): 0
Optimality Gap: 0.515668
Objective Value: 105
Number of Feasible Solutions Found: 6
Number of Times Heuristic is Called: 0
Total number of added OH and OHbar Cuts: 65766
Number of Explored B&C tree nodes: 53816
Number of Unexplored B&C tree nodes: 48549
========================
Input Graph:
Number of Vertices: 35
Erdos Renyi p Parameter: 0.5
Number of Edges: 295
Expected No of Odd Holes: 4979
Expected No of Odd Anti Holes: 1175
ODD_HOLE_TERMINATION_BATCH_SIZE: 0
Graph Density: 0.495798
0,0,0,0,1,1,0,1,0,0,0,0,1,1,0,0,0,0,0,1,1,1,1,0,1,0,1,0,1,0,1,0,0,0,0,
0,0,1,0,0,0,1,0,1,1,1,1,0,0,1,0,0,0,0,1,1,1,0,0,0,1,1,0,1,0,1,0,0,1,0,
0,1,0,0,0,0,1,1,0,0,1,0,0,1,1,0,1,0,1,1,1,0,0,1,1,0,1,1,1,0,1,1,1,0,1,
0,0,0,0,1,1,0,1,0,1,1,1,1,1,0,1,1,0,0,0,1,1,0,1,0,1,0,1,0,1,1,1,1,1,1,
1,0,0,1,0,1,0,0,0,0,0,0,1,0,1,0,0,1,1,0,0,1,1,1,0,1,0,1,0,0,1,0,0,0,1,
1,0,0,1,1,0,1,1,1,0,0,0,0,0,0,0,1,0,0,0,1,0,1,0,0,1,1,0,0,1,0,0,1,0,0,
0,1,1,0,0,1,0,0,1,0,1,0,0,1,0,1,0,1,0,0,0,0,1,0,0,0,1,0,1,0,0,1,1,0,1,
1,0,1,1,0,1,0,0,1,1,0,0,1,0,1,0,1,1,1,0,1,1,1,0,1,1,0,1,0,1,0,1,0,1,0,
0,1,0,0,0,1,1,1,0,0,1,1,0,0,0,0,0,0,0,1,0,1,0,1,0,0,0,0,1,1,1,0,0,1,1,
0,1,0,1,0,0,0,1,0,0,0,0,1,0,1,0,1,1,1,0,1,0,0,0,0,1,1,0,1,1,1,1,1,0,1,
0,1,1,1,0,0,1,0,1,0,0,0,1,1,1,0,0,1,1,0,0,0,1,1,0,0,1,0,1,1,0,1,1,1,1,
0,1,0,1,0,0,0,0,1,0,0,0,1,0,1,0,1,1,1,0,1,0,0,1,0,1,1,0,1,1,0,0,1,0,1,
1,0,0,1,1,0,0,1,0,1,1,1,0,0,0,1,0,0,1,1,1,1,0,1,1,0,0,1,0,1,0,1,0,1,0,
1,0,1,1,0,0,1,0,0,0,1,0,0,0,0,0,0,0,0,0,1,0,0,1,1,0,1,0,1,0,0,0,1,1,1,
0,1,1,0,1,0,0,1,0,1,1,1,0,0,0,0,1,1,0,1,1,0,0,1,1,0,1,1,1,1,0,0,0,0,0,
0,0,0,1,0,0,1,0,0,0,0,0,1,0,0,0,1,1,1,1,0,0,1,1,0,1,0,1,1,1,1,0,1,0,1,
0,0,1,1,0,1,0,1,0,1,0,1,0,0,1,1,0,0,0,0,0,0,1,0,0,0,1,0,1,1,0,1,1,0,1,
0,0,0,0,1,0,1,1,0,1,1,1,0,0,1,1,0,0,1,0,1,0,1,1,0,1,0,1,0,1,1,0,0,1,1,
0,0,1,0,1,0,0,1,0,1,1,1,1,0,0,1,0,1,0,0,0,1,1,1,1,0,0,0,1,1,0,0,1,0,1,
1,1,1,0,0,0,0,0,1,0,0,0,1,0,1,1,0,0,0,0,0,0,1,0,0,0,1,0,1,1,0,1,1,0,0,
1,1,1,1,0,1,0,1,0,1,0,1,1,1,1,0,0,1,0,0,0,1,0,1,0,1,1,0,1,0,1,1,1,0,1,
1,1,0,1,1,0,0,1,1,0,0,0,1,0,0,0,0,0,1,0,1,0,0,0,1,0,0,0,0,1,0,1,1,1,0,
1,0,0,0,1,1,1,1,0,0,1,0,0,0,0,1,1,1,1,1,0,0,0,0,0,1,1,0,0,0,0,0,1,0,0,
0,0,1,1,1,0,0,0,1,0,1,1,1,1,1,1,0,1,1,0,1,0,0,0,1,1,1,0,0,0,0,1,0,1,0,
1,0,1,0,0,0,0,1,0,0,0,0,1,1,1,0,0,0,1,0,0,1,0,1,0,1,1,0,0,0,1,1,1,0,1,
0,1,0,1,1,1,0,1,0,1,0,1,0,0,0,1,0,1,0,0,1,0,1,1,1,0,1,1,0,0,0,1,1,0,1,
1,1,1,0,0,1,1,0,0,1,1,1,0,1,1,0,1,0,0,1,1,0,1,1,1,1,0,1,1,1,1,1,1,1,0,
0,0,1,1,1,0,0,1,0,0,0,0,1,0,1,1,0,1,0,0,0,0,0,0,0,1,1,0,1,1,0,1,1,0,0,
1,1,1,0,0,0,1,0,1,1,1,1,0,1,1,1,1,0,1,1,1,0,0,0,0,0,1,1,0,0,1,0,0,1,1,
0,0,0,1,0,1,0,1,1,1,1,1,1,0,1,1,1,1,1,1,0,1,0,0,0,0,1,1,0,0,0,1,1,0,1,
1,1,1,1,1,0,0,0,1,1,0,0,0,0,0,1,0,1,0,0,1,0,0,0,1,0,1,0,1,0,0,0,1,1,1,
0,0,1,1,0,0,1,1,0,1,1,0,1,0,0,0,1,0,0,1,1,1,0,1,1,1,1,1,0,1,0,0,0,1,1,
0,0,1,1,0,1,1,0,0,1,1,1,0,1,0,1,1,0,1,1,1,1,1,0,1,1,1,1,0,1,1,0,0,0,0,
0,1,0,1,0,0,0,1,1,0,1,0,1,1,0,0,0,1,0,0,0,1,0,1,0,0,1,0,1,0,1,1,0,0,0,
0,0,1,1,1,0,1,0,1,1,1,1,0,1,0,1,1,1,1,0,1,0,0,0,1,1,0,0,1,1,1,1,0,0,0,
========================
Output Graph: 
Number of Vertices: 35
Number of Edges: 292
Graph Density: 0.490756
0,0,0,0,0,0,0,1,0,0,0,0,1,0,0,0,0,0,0,0,1,1,0,1,1,0,1,0,1,0,0,0,0,0,0,
0,0,1,0,0,0,0,0,0,1,0,0,0,0,0,0,0,0,0,1,1,0,0,0,0,1,1,0,1,0,0,0,0,0,0,
0,1,0,1,1,0,1,1,0,0,1,0,1,1,1,0,1,1,1,1,1,0,0,1,1,1,1,1,1,1,1,1,1,0,1,
0,0,1,0,1,1,1,1,0,1,1,1,1,1,0,1,1,0,0,0,1,1,0,1,1,1,0,1,1,1,1,1,1,1,1,
0,0,1,1,0,0,0,0,0,0,0,0,1,0,0,0,0,0,0,0,0,1,0,1,0,0,0,1,0,0,0,0,0,0,0,
0,0,0,1,0,0,0,1,0,0,0,0,0,0,0,0,1,0,0,0,1,0,0,0,0,0,1,0,0,1,0,0,1,0,1,
0,0,1,1,0,0,0,0,0,0,0,0,0,0,0,1,0,1,0,0,0,0,0,0,0,0,1,0,1,0,0,1,1,0,1,
1,0,1,1,0,1,0,0,1,1,0,1,1,1,1,0,1,1,1,0,1,1,0,1,1,1,1,1,1,1,0,1,0,1,0,
0,0,0,0,0,0,0,1,0,0,1,0,0,0,0,0,0,0,0,0,0,0,0,1,0,0,0,0,1,1,0,0,0,1,1,
0,1,0,1,0,0,0,1,0,0,0,0,1,0,1,0,1,1,1,0,1,0,0,0,0,1,1,0,1,1,1,1,1,0,1,
0,0,1,1,0,0,0,0,1,0,0,0,1,1,0,0,0,1,1,0,0,0,0,1,1,0,1,0,1,1,0,1,0,0,1,
0,0,0,1,0,0,0,1,0,0,0,0,1,0,1,0,1,1,1,0,1,0,0,0,0,1,1,0,1,1,0,0,1,0,1,
1,0,1,1,1,0,0,1,0,1,1,1,0,0,0,1,1,1,1,1,1,1,0,1,1,0,1,1,0,1,0,1,1,1,1,
0,0,1,1,0,0,0,1,0,0,1,0,0,0,0,0,0,0,0,0,1,0,0,1,1,0,1,0,1,1,0,0,1,1,1,
0,0,1,0,0,0,0,1,0,1,0,1,0,0,0,0,1,1,0,0,1,0,0,1,1,0,1,0,1,1,0,0,0,0,1,
0,0,0,1,0,0,1,0,0,0,0,0,1,0,0,0,0,1,1,0,0,0,1,1,1,1,1,0,1,1,0,0,1,0,1,
0,0,1,1,0,1,0,1,0,1,0,1,1,0,1,0,0,1,0,0,0,0,0,0,0,0,1,0,1,1,0,1,1,0,1,
0,0,1,0,0,0,1,1,0,1,1,1,1,0,1,1,1,0,1,0,1,1,0,1,1,1,1,1,1,1,1,1,1,1,1,
0,0,1,0,0,0,0,1,0,1,1,1,1,0,0,1,0,1,0,0,1,1,1,1,1,0,0,0,1,1,0,1,1,0,1,
0,1,1,0,0,0,0,0,0,0,0,0,1,0,0,0,0,0,0,0,0,0,0,0,0,1,1,0,1,1,0,1,1,0,0,
1,1,1,1,0,1,0,1,0,1,0,1,1,1,1,0,0,1,1,0,0,1,0,1,0,1,1,0,1,1,1,1,1,0,1,
1,0,0,1,1,0,0,1,0,0,0,0,1,0,0,0,0,1,1,0,1,0,0,0,1,0,1,0,1,1,0,1,1,0,0,
0,0,0,0,0,0,0,0,0,0,0,0,0,0,0,1,0,0,1,0,0,0,0,0,0,0,1,0,0,0,0,0,1,0,0,
1,0,1,1,1,0,0,1,1,0,1,0,1,1,1,1,0,1,1,0,1,0,0,0,1,1,1,0,1,1,0,1,1,1,1,
1,0,1,1,0,0,0,1,0,0,1,0,1,1,1,1,0,1,1,0,0,1,0,1,0,1,1,0,1,1,1,1,1,0,1,
0,1,1,1,0,0,0,1,0,1,0,1,0,0,0,1,0,1,0,1,1,0,0,1,1,0,1,0,1,0,0,1,1,0,1,
1,1,1,0,0,1,1,1,0,1,1,1,1,1,1,1,1,1,0,1,1,1,1,1,1,1,0,1,1,1,1,1,1,1,1,
0,0,1,1,1,0,0,1,0,0,0,0,1,0,0,0,0,1,0,0,0,0,0,0,0,0,1,0,1,1,0,0,1,0,0,
1,1,1,1,0,0,1,1,1,1,1,1,0,1,1,1,1,1,1,1,1,1,0,1,1,1,1,1,0,1,1,1,1,1,1,
0,0,1,1,0,1,0,1,1,1,1,1,1,1,1,1,1,1,1,1,1,1,0,1,1,0,1,1,1,0,0,1,1,0,1,
0,0,1,1,0,0,0,0,0,1,0,0,0,0,0,0,0,1,0,0,1,0,0,0,1,0,1,0,1,0,0,0,1,0,1,
0,0,1,1,0,0,1,1,0,1,1,0,1,0,0,0,1,1,1,1,1,1,0,1,1,1,1,0,1,1,0,0,1,1,1,
0,0,1,1,0,1,1,0,0,1,0,1,1,1,0,1,1,1,1,1,1,1,1,1,1,1,1,1,1,1,1,1,0,0,0,
0,0,0,1,0,0,0,1,1,0,0,0,1,1,0,0,0,1,0,0,0,0,0,1,0,0,1,0,1,0,0,1,0,0,0,
0,0,1,1,0,1,1,0,1,1,1,1,1,1,1,1,1,1,1,0,1,0,0,1,1,1,1,0,1,1,1,1,0,0,0,
Is Output Graph Empty or Complete?: 0
Ratio of Added Edges Over Added + Removed Edges: 0.485714
Changes from Input to Output: 
Removed Edge: (0, 4)
Removed Edge: (0, 5)
Removed Edge: (0, 13)
Removed Edge: (0, 19)
Removed Edge: (0, 22)
Added Edge: (0, 23)
Removed Edge: (0, 30)
Removed Edge: (1, 6)
Removed Edge: (1, 8)
Removed Edge: (1, 10)
Removed Edge: (1, 11)
Removed Edge: (1, 14)
Removed Edge: (1, 21)
Removed Edge: (1, 30)
Removed Edge: (1, 33)
Added Edge: (2, 3)
Added Edge: (2, 4)
Added Edge: (2, 12)
Added Edge: (2, 17)
Added Edge: (2, 25)
Added Edge: (2, 29)
Added Edge: (3, 6)
Added Edge: (3, 24)
Added Edge: (3, 28)
Removed Edge: (4, 5)
Removed Edge: (4, 14)
Removed Edge: (4, 17)
Removed Edge: (4, 18)
Removed Edge: (4, 22)
Removed Edge: (4, 25)
Removed Edge: (4, 30)
Removed Edge: (4, 34)
Removed Edge: (5, 6)
Removed Edge: (5, 8)
Removed Edge: (5, 22)
Removed Edge: (5, 25)
Added Edge: (5, 34)
Removed Edge: (6, 8)
Removed Edge: (6, 10)
Removed Edge: (6, 13)
Removed Edge: (6, 22)
Added Edge: (7, 11)
Added Edge: (7, 13)
Removed Edge: (7, 22)
Added Edge: (7, 23)
Added Edge: (7, 26)
Added Edge: (7, 28)
Removed Edge: (8, 11)
Removed Edge: (8, 19)
Removed Edge: (8, 21)
Removed Edge: (8, 30)
Removed Edge: (10, 14)
Removed Edge: (10, 22)
Added Edge: (10, 24)
Removed Edge: (10, 32)
Removed Edge: (10, 33)
Removed Edge: (11, 23)
Added Edge: (12, 16)
Added Edge: (12, 17)
Added Edge: (12, 26)
Added Edge: (12, 32)
Added Edge: (12, 34)
Added Edge: (13, 29)
Removed Edge: (14, 19)
Removed Edge: (14, 27)
Added Edge: (14, 34)
Removed Edge: (15, 16)
Removed Edge: (15, 19)
Added Edge: (15, 24)
Added Edge: (15, 26)
Removed Edge: (15, 27)
Removed Edge: (15, 30)
Added Edge: (16, 17)
Removed Edge: (16, 22)
Added Edge: (17, 21)
Removed Edge: (17, 22)
Added Edge: (17, 24)
Added Edge: (17, 26)
Added Edge: (17, 28)
Added Edge: (17, 31)
Added Edge: (17, 32)
Added Edge: (18, 20)
Added Edge: (18, 31)
Removed Edge: (19, 22)
Added Edge: (19, 25)
Added Edge: (20, 29)
Added Edge: (21, 26)
Added Edge: (21, 28)
Removed Edge: (21, 33)
Removed Edge: (22, 25)
Added Edge: (23, 28)
Added Edge: (23, 29)
Added Edge: (23, 32)
Added Edge: (23, 34)
Added Edge: (24, 28)
Added Edge: (24, 29)
Removed Edge: (25, 27)
Added Edge: (25, 28)
Added Edge: (26, 34)
Removed Edge: (27, 31)
Added Edge: (28, 29)
Added Edge: (28, 31)
Added Edge: (28, 32)
Removed Edge: (30, 33)
Added Edge: (31, 32)
========================
