========================
TIME_LIMIT_SECONDS: 900
ODD_HOLE_TERMINATION_PERCENTAGE: 999
N_THREADS: 24
IS_RUNNING_HEURISTIC_ON_CANDIDATE: 0
IS_RUNNING_HEURISTIC_ON_RELAXATION: 0
ADD_ALL_AT_START: 1
========================
Wall-Clock Runtime (ms): 901140
Calculated Odd Hole Termination Batch Size: 0
Total Time of All Workers in OddHoleAlg (nano): 50289150
Total Time of All Workers in OddHoleAlg (ms): 50
OddHoleAlg calls: 102
Number of Found Odd-Holes: 2717
Number of Found Odd Anti-Holes: 3222
Is Optimal? (1e-6): 0
Optimality Gap: 0.140774
Objective Value: 49
Number of Feasible Solutions Found: 4
Number of Times Heuristic is Called: 0
Total number of added OH and OHbar Cuts: 5939
Number of Explored B&C tree nodes: 474485
Number of Unexplored B&C tree nodes: 298066
========================
Input Graph:
Number of Vertices: 30
Erdos Renyi p Parameter: 0.5
Number of Edges: 225
Expected No of Odd Holes: 2023
Expected No of Odd Anti Holes: 353
ODD_HOLE_TERMINATION_BATCH_SIZE: 0
Graph Density: 0.517241
0,1,1,1,0,1,0,1,0,0,1,0,0,1,1,0,1,1,1,1,1,0,1,1,1,1,0,1,1,1,
1,0,0,1,1,1,1,0,0,1,1,1,1,0,0,0,1,0,0,1,0,1,1,1,1,1,1,0,1,0,
1,0,0,0,0,0,1,1,0,1,0,1,1,1,0,1,1,1,0,0,1,1,0,0,1,1,1,0,0,1,
1,1,0,0,1,0,0,1,0,0,1,1,1,0,0,0,1,1,1,0,1,1,0,1,1,1,1,0,1,0,
0,1,0,1,0,0,0,1,0,0,0,1,1,0,1,1,0,0,1,1,1,1,0,1,1,0,1,0,0,0,
1,1,0,0,0,0,1,1,1,0,0,0,0,0,1,0,0,0,0,1,1,1,1,0,1,0,1,0,0,0,
0,1,1,0,0,1,0,1,0,0,1,0,0,0,1,1,0,1,0,0,0,1,0,1,0,0,1,1,0,0,
1,0,1,1,1,1,1,0,1,1,1,0,1,0,0,0,0,0,0,1,0,1,0,1,0,1,1,1,1,1,
0,0,0,0,0,1,0,1,0,1,1,0,0,0,0,0,1,1,0,1,0,1,1,1,1,0,0,1,0,0,
0,1,1,0,0,0,0,1,1,0,1,1,1,1,0,1,1,1,0,0,1,0,1,1,0,0,1,1,1,1,
1,1,0,1,0,0,1,1,1,1,0,0,0,0,1,0,0,1,0,0,0,1,0,1,0,0,1,0,1,0,
0,1,1,1,1,0,0,0,0,1,0,0,0,1,1,0,1,1,0,0,1,0,0,1,1,1,1,0,1,0,
0,1,1,1,1,0,0,1,0,1,0,0,0,1,1,0,0,0,1,0,1,0,1,1,0,1,1,0,0,0,
1,0,1,0,0,0,0,0,0,1,0,1,1,0,0,0,0,1,1,0,0,0,0,0,0,1,1,0,0,0,
1,0,0,0,1,1,1,0,0,0,1,1,1,0,0,1,1,1,0,1,1,1,1,1,1,1,1,0,0,0,
0,0,1,0,1,0,1,0,0,1,0,0,0,0,1,0,0,0,1,1,1,0,1,0,1,0,0,1,0,0,
1,1,1,1,0,0,0,0,1,1,0,1,0,0,1,0,0,0,1,0,1,0,1,0,1,0,0,1,0,0,
1,0,1,1,0,0,1,0,1,1,1,1,0,1,1,0,0,0,0,1,1,1,0,0,1,0,0,1,1,1,
1,0,0,1,1,0,0,0,0,0,0,0,1,1,0,1,1,0,0,1,0,1,1,1,1,0,1,1,1,0,
1,1,0,0,1,1,0,1,1,0,0,0,0,0,1,1,0,1,1,0,0,0,1,1,0,1,0,0,1,1,
1,0,1,1,1,1,0,0,0,1,0,1,1,0,1,1,1,1,0,0,0,0,0,0,0,1,1,1,1,0,
0,1,1,1,1,1,1,1,1,0,1,0,0,0,1,0,0,1,1,0,0,0,1,0,0,1,0,0,1,0,
1,1,0,0,0,1,0,0,1,1,0,0,1,0,1,1,1,0,1,1,0,1,0,0,0,0,0,1,0,1,
1,1,0,1,1,0,1,1,1,1,1,1,1,0,1,0,0,0,1,1,0,0,0,0,0,0,0,1,0,1,
1,1,1,1,1,1,0,0,1,0,0,1,0,0,1,1,1,1,1,0,0,0,0,0,0,1,0,0,1,1,
1,1,1,1,0,0,0,1,0,0,0,1,1,1,1,0,0,0,0,1,1,1,0,0,1,0,1,0,1,1,
0,1,1,1,1,1,1,1,0,1,1,1,1,1,1,0,0,0,1,0,1,0,0,0,0,1,0,1,0,1,
1,0,0,0,0,0,1,1,1,1,0,0,0,0,0,1,1,1,1,0,1,0,1,1,0,0,1,0,0,1,
1,1,0,1,0,0,0,1,0,1,1,1,0,0,0,0,0,1,1,1,1,1,0,0,1,1,0,0,0,1,
1,0,1,0,0,0,0,1,0,1,0,0,0,0,0,0,0,1,0,1,0,0,1,1,1,1,1,1,1,0,
========================
Output Graph: 
Number of Vertices: 30
Number of Edges: 232
Graph Density: 0.533333
0,1,1,1,0,1,0,1,0,1,1,1,0,1,1,0,1,1,1,1,1,1,1,1,1,1,0,1,1,1,
1,0,0,1,1,1,1,1,0,1,1,1,1,0,0,0,1,1,0,1,1,1,1,1,1,1,1,0,1,0,
1,0,0,0,0,0,0,1,0,1,0,1,0,1,0,0,1,1,0,0,1,1,0,0,1,1,1,0,0,0,
1,1,0,0,1,0,0,1,0,1,1,1,1,0,1,0,1,1,1,0,1,1,0,1,1,1,1,0,1,0,
0,1,0,1,0,0,0,1,0,1,0,1,1,0,1,1,0,0,1,1,1,1,0,1,1,0,1,0,0,0,
1,1,0,0,0,0,0,1,1,1,0,0,0,0,1,0,0,0,0,1,1,1,1,0,1,0,1,0,0,0,
0,1,0,0,0,0,0,1,0,0,1,0,0,0,1,0,0,1,0,0,0,1,0,1,0,0,1,0,0,0,
1,1,1,1,1,1,1,0,1,1,1,0,1,0,1,0,0,1,1,1,0,1,0,1,0,1,1,1,1,1,
0,0,0,0,0,1,0,1,0,1,0,0,0,0,0,0,0,1,0,1,0,1,1,1,1,0,0,0,0,0,
1,1,1,1,1,1,0,1,1,0,1,1,1,1,1,1,1,1,1,0,1,0,1,1,0,1,1,1,1,1,
1,1,0,1,0,0,1,1,0,1,0,0,0,0,1,0,0,1,0,0,0,1,0,1,0,0,1,0,0,0,
1,1,1,1,1,0,0,0,0,1,0,0,0,1,1,0,1,1,1,0,1,0,0,1,1,1,1,0,1,0,
0,1,0,1,1,0,0,1,0,1,0,0,0,0,1,0,0,0,1,0,1,0,0,1,0,1,1,0,0,0,
1,0,1,0,0,0,0,0,0,1,0,1,0,0,0,0,0,1,1,0,0,0,0,0,0,1,1,0,0,0,
1,0,0,1,1,1,1,1,0,1,1,1,1,0,0,1,1,1,0,1,1,1,1,1,1,1,1,0,0,0,
0,0,0,0,1,0,0,0,0,1,0,0,0,0,1,0,0,0,1,0,1,0,0,0,1,0,0,0,0,0,
1,1,1,1,0,0,0,0,0,1,0,1,0,0,1,0,0,0,1,0,1,0,0,0,1,0,0,0,0,0,
1,1,1,1,0,0,1,1,1,1,1,1,0,1,1,0,0,0,1,1,1,1,0,0,1,0,1,1,1,1,
1,0,0,1,1,0,0,1,0,1,0,1,1,1,0,1,1,1,0,1,1,1,1,1,1,1,1,1,1,0,
1,1,0,0,1,1,0,1,1,0,0,0,0,0,1,0,0,1,1,0,0,0,1,1,0,1,1,0,1,1,
1,1,1,1,1,1,0,0,0,1,0,1,1,0,1,1,1,1,1,0,0,0,0,1,0,1,1,1,1,0,
1,1,1,1,1,1,1,1,1,0,1,0,0,0,1,0,0,1,1,0,0,0,1,1,0,1,1,0,1,0,
1,1,0,0,0,1,0,0,1,1,0,0,0,0,1,0,0,0,1,1,0,1,0,0,0,0,0,0,0,0,
1,1,0,1,1,0,1,1,1,1,1,1,1,0,1,0,0,0,1,1,1,1,0,0,1,0,1,1,0,1,
1,1,1,1,1,1,0,0,1,0,0,1,0,0,1,1,1,1,1,0,0,0,0,1,0,1,1,0,1,1,
1,1,1,1,0,0,0,1,0,1,0,1,1,1,1,0,0,0,1,1,1,1,0,0,1,0,1,0,1,1,
0,1,1,1,1,1,1,1,0,1,1,1,1,1,1,0,0,1,1,1,1,1,0,1,1,1,0,1,0,1,
1,0,0,0,0,0,0,1,0,1,0,0,0,0,0,0,0,1,1,0,1,0,0,1,0,0,1,0,0,0,
1,1,0,1,0,0,0,1,0,1,0,1,0,0,0,0,0,1,1,1,1,1,0,0,1,1,0,0,0,1,
1,0,0,0,0,0,0,1,0,1,0,0,0,0,0,0,0,1,0,1,0,0,0,1,1,1,1,0,1,0,
Is Output Graph Empty or Complete?: 0
Ratio of Added Edges Over Added + Removed Edges: 0.571429
Changes from Input to Output: 
Added Edge: (0, 9)
Added Edge: (0, 11)
Added Edge: (0, 21)
Added Edge: (1, 7)
Added Edge: (1, 17)
Added Edge: (1, 20)
Removed Edge: (2, 6)
Removed Edge: (2, 12)
Removed Edge: (2, 15)
Removed Edge: (2, 29)
Added Edge: (3, 9)
Added Edge: (3, 14)
Added Edge: (4, 9)
Removed Edge: (5, 6)
Added Edge: (5, 9)
Removed Edge: (6, 15)
Removed Edge: (6, 27)
Added Edge: (7, 14)
Added Edge: (7, 17)
Added Edge: (7, 18)
Removed Edge: (8, 10)
Removed Edge: (8, 16)
Removed Edge: (8, 27)
Added Edge: (9, 14)
Added Edge: (9, 18)
Added Edge: (9, 25)
Removed Edge: (10, 28)
Added Edge: (11, 18)
Removed Edge: (12, 13)
Removed Edge: (12, 22)
Removed Edge: (15, 19)
Removed Edge: (15, 22)
Removed Edge: (15, 27)
Removed Edge: (16, 22)
Removed Edge: (16, 27)
Added Edge: (17, 18)
Added Edge: (17, 26)
Added Edge: (18, 20)
Added Edge: (18, 25)
Added Edge: (19, 26)
Added Edge: (20, 23)
Added Edge: (21, 23)
Added Edge: (21, 26)
Removed Edge: (22, 27)
Removed Edge: (22, 29)
Added Edge: (23, 24)
Added Edge: (23, 26)
Added Edge: (24, 26)
Removed Edge: (27, 29)
========================
