========================
TIME_LIMIT_SECONDS: 900
ODD_HOLE_TERMINATION_PERCENTAGE: 999
N_THREADS: 24
IS_RUNNING_HEURISTIC_ON_CANDIDATE: 0
IS_RUNNING_HEURISTIC_ON_RELAXATION: 0
ADD_ALL_AT_START: 0
========================
Wall-Clock Runtime (ms): 900715
Calculated Odd Hole Termination Batch Size: 0
Total Time of All Workers in OddHoleAlg (nano): 401458965
Total Time of All Workers in OddHoleAlg (ms): 401
OddHoleAlg calls: 206
Number of Found Odd-Holes: 76461
Number of Found Odd Anti-Holes: 67
Is Optimal? (1e-6): 0
Optimality Gap: 0.360119
Objective Value: 47
Number of Feasible Solutions Found: 7
Number of Times Heuristic is Called: 0
Total number of added OH and OHbar Cuts: 76528
Number of Explored B&C tree nodes: 61990
Number of Unexplored B&C tree nodes: 45730
========================
Input Graph:
Number of Vertices: 35
Erdos Renyi p Parameter: 0.25
Number of Edges: 141
Expected No of Odd Holes: 6448
Expected No of Odd Anti Holes: 1
ODD_HOLE_TERMINATION_BATCH_SIZE: 0
Graph Density: 0.236975
0,0,0,0,0,0,0,0,0,1,1,0,0,0,0,1,0,0,0,0,0,0,0,0,0,0,0,0,1,0,0,1,0,0,0,
0,0,0,1,0,0,1,1,0,0,0,0,0,1,0,0,0,0,0,0,0,0,0,0,1,0,0,0,0,0,0,0,0,0,0,
0,0,0,0,0,0,0,1,0,0,1,1,0,1,0,0,0,0,0,0,0,0,0,0,0,0,0,0,0,0,1,0,1,1,0,
0,1,0,0,0,0,1,0,1,0,0,0,0,1,0,1,0,0,1,1,0,0,1,0,0,1,0,0,0,0,1,0,0,0,1,
0,0,0,0,0,1,0,0,1,0,0,0,0,0,0,0,1,0,1,0,0,0,1,0,0,0,0,0,0,0,0,0,0,0,0,
0,0,0,0,1,0,0,0,1,1,0,0,1,0,0,0,0,0,0,0,1,0,0,0,1,1,0,0,0,0,0,0,0,1,1,
0,1,0,1,0,0,0,0,0,1,0,0,0,1,1,0,1,0,1,0,1,0,0,1,0,1,1,1,0,0,0,0,1,0,0,
0,1,1,0,0,0,0,0,0,0,1,0,0,0,0,1,0,0,1,1,0,0,0,0,1,0,0,0,1,0,0,0,1,1,0,
0,0,0,1,1,1,0,0,0,0,1,0,1,0,0,0,0,0,0,0,0,0,0,0,0,0,0,0,0,0,0,1,0,0,1,
1,0,0,0,0,1,1,0,0,0,0,0,0,0,0,0,0,0,0,0,0,0,0,1,0,0,0,1,0,0,1,1,0,1,0,
1,0,1,0,0,0,0,1,1,0,0,0,1,0,0,1,1,0,0,0,0,0,0,0,0,0,0,0,0,0,0,0,0,0,0,
0,0,1,0,0,0,0,0,0,0,0,0,1,0,0,0,0,0,0,0,0,0,1,0,0,0,0,0,1,1,0,1,1,0,0,
0,0,0,0,0,1,0,0,1,0,1,1,0,1,0,0,0,1,0,1,0,1,1,0,0,0,0,0,1,0,0,1,0,1,0,
0,1,1,1,0,0,1,0,0,0,0,0,1,0,0,0,0,1,0,0,1,0,0,1,0,0,1,0,0,0,1,1,0,0,1,
0,0,0,0,0,0,1,0,0,0,0,0,0,0,0,0,1,0,0,0,0,0,0,0,0,0,0,0,0,0,0,1,1,0,0,
1,0,0,1,0,0,0,1,0,0,1,0,0,0,0,0,0,0,1,0,0,1,0,0,0,0,0,0,1,1,0,0,0,0,0,
0,0,0,0,1,0,1,0,0,0,1,0,0,0,1,0,0,0,0,0,1,0,0,0,0,1,0,0,0,0,0,0,0,0,1,
0,0,0,0,0,0,0,0,0,0,0,0,1,1,0,0,0,0,0,0,0,0,0,0,1,0,0,1,0,0,0,1,0,0,0,
0,0,0,1,1,0,1,1,0,0,0,0,0,0,0,1,0,0,0,0,0,0,0,0,0,1,0,0,0,1,0,0,0,0,0,
0,0,0,1,0,0,0,1,0,0,0,0,1,0,0,0,0,0,0,0,0,1,0,1,1,1,0,0,0,0,1,0,0,0,0,
0,0,0,0,0,1,1,0,0,0,0,0,0,1,0,0,1,0,0,0,0,0,0,0,0,0,0,0,0,0,0,0,0,0,1,
0,0,0,0,0,0,0,0,0,0,0,0,1,0,0,1,0,0,0,1,0,0,0,0,0,0,0,0,0,0,1,0,0,0,0,
0,0,0,1,1,0,0,0,0,0,0,1,1,0,0,0,0,0,0,0,0,0,0,0,1,0,1,0,0,1,0,1,0,0,1,
0,0,0,0,0,0,1,0,0,1,0,0,0,1,0,0,0,0,0,1,0,0,0,0,0,1,0,1,0,1,1,1,0,0,1,
0,1,0,0,0,1,0,1,0,0,0,0,0,0,0,0,0,1,0,1,0,0,1,0,0,1,0,0,0,0,0,1,0,1,0,
0,0,0,1,0,1,1,0,0,0,0,0,0,0,0,0,1,0,1,1,0,0,0,1,1,0,1,0,0,0,0,0,0,1,0,
0,0,0,0,0,0,1,0,0,0,0,0,0,1,0,0,0,0,0,0,0,0,1,0,0,1,0,0,1,0,0,0,0,0,0,
0,0,0,0,0,0,1,0,0,1,0,0,0,0,0,0,0,1,0,0,0,0,0,1,0,0,0,0,1,1,0,1,0,0,0,
1,0,0,0,0,0,0,1,0,0,0,1,1,0,0,1,0,0,0,0,0,0,0,0,0,0,1,1,0,1,0,0,0,0,0,
0,0,0,0,0,0,0,0,0,0,0,1,0,0,0,1,0,0,1,0,0,0,1,1,0,0,0,1,1,0,0,0,0,0,1,
0,0,1,1,0,0,0,0,0,1,0,0,0,1,0,0,0,0,0,1,0,1,0,1,0,0,0,0,0,0,0,1,1,0,0,
1,0,0,0,0,0,0,0,1,1,0,1,1,1,1,0,0,1,0,0,0,0,1,1,1,0,0,1,0,0,1,0,0,1,1,
0,0,1,0,0,0,1,1,0,0,0,1,0,0,1,0,0,0,0,0,0,0,0,0,0,0,0,0,0,0,1,0,0,1,0,
0,0,1,0,0,1,0,1,0,1,0,0,1,0,0,0,0,0,0,0,0,0,0,0,1,1,0,0,0,0,0,1,1,0,0,
0,0,0,1,0,1,0,0,1,0,0,0,0,1,0,0,1,0,0,0,1,0,1,1,0,0,0,0,0,1,0,1,0,0,0,
========================
Output Graph: 
Number of Vertices: 35
Number of Edges: 116
Graph Density: 0.194958
0,0,0,0,0,1,0,0,0,1,1,0,0,0,0,0,0,0,0,0,0,0,0,0,0,0,0,0,1,0,0,1,0,0,0,
0,0,0,0,0,0,1,1,0,0,0,0,0,1,0,0,0,0,0,0,0,0,0,0,1,0,0,0,0,0,0,0,0,0,0,
0,0,0,0,0,0,0,1,0,0,0,1,0,0,0,0,0,0,0,0,0,0,0,0,0,0,0,0,0,0,1,0,1,1,0,
0,0,0,0,0,0,0,0,0,0,0,0,0,1,0,0,0,0,0,1,0,0,1,0,0,0,0,0,0,0,1,0,0,0,1,
0,0,0,0,0,1,0,0,0,0,0,0,0,0,0,0,1,0,1,0,0,0,1,0,0,0,0,0,0,0,0,0,0,0,0,
1,0,0,0,1,0,1,0,1,1,0,0,1,0,0,0,0,0,0,0,1,0,0,0,1,1,1,0,0,0,0,0,0,1,1,
0,1,0,0,0,1,0,0,0,1,0,0,0,1,1,0,1,0,1,1,1,0,0,1,0,1,0,0,0,0,0,1,1,0,0,
0,1,1,0,0,0,0,0,0,0,1,0,0,1,0,1,0,0,1,1,0,0,0,0,0,0,0,0,1,0,0,0,1,0,0,
0,0,0,0,0,1,0,0,0,0,1,0,1,0,0,0,0,0,0,0,0,0,0,0,0,0,0,0,0,0,0,1,0,0,1,
1,0,0,0,0,1,1,0,0,0,0,0,0,0,0,0,0,0,0,0,0,0,0,0,0,0,0,0,0,0,0,1,0,0,0,
1,0,0,0,0,0,0,1,1,0,0,0,1,0,0,1,0,0,0,0,0,0,0,0,0,0,0,0,0,0,0,0,0,0,1,
0,0,1,0,0,0,0,0,0,0,0,0,0,0,0,0,0,0,0,0,0,0,1,0,0,0,0,0,1,1,0,1,1,0,0,
0,0,0,0,0,1,0,0,1,0,1,0,0,1,0,0,0,1,0,1,0,1,1,0,0,0,0,0,1,0,0,1,0,0,0,
0,1,0,1,0,0,1,1,0,0,0,0,1,0,0,0,0,1,0,0,0,0,0,1,1,0,1,0,0,0,1,0,0,0,1,
0,0,0,0,0,0,1,0,0,0,0,0,0,0,0,0,1,0,0,0,0,0,0,0,0,0,0,0,0,0,0,1,1,0,0,
0,0,0,0,0,0,0,1,0,0,1,0,0,0,0,0,0,0,1,0,0,0,0,0,0,0,0,0,1,0,0,0,0,0,0,
0,0,0,0,1,0,1,0,0,0,0,0,0,0,1,0,0,0,0,0,1,0,0,0,0,0,0,0,0,0,0,0,0,0,1,
0,0,0,0,0,0,0,0,0,0,0,0,1,1,0,0,0,0,0,0,0,0,0,0,1,0,0,0,0,0,0,1,0,0,0,
0,0,0,0,1,0,1,1,0,0,0,0,0,0,0,1,0,0,0,0,0,0,0,0,0,0,0,0,0,0,0,0,0,0,0,
0,0,0,1,0,0,1,1,0,0,0,0,1,0,0,0,0,0,0,0,0,1,0,1,1,0,0,0,0,0,1,0,0,0,1,
0,0,0,0,0,1,1,0,0,0,0,0,0,0,0,0,1,0,0,0,0,0,0,0,0,0,0,0,0,0,0,0,0,0,1,
0,0,0,0,0,0,0,0,0,0,0,0,1,0,0,0,0,0,0,1,0,0,0,0,0,0,0,0,0,0,1,0,0,0,0,
0,0,0,1,1,0,0,0,0,0,0,1,1,0,0,0,0,0,0,0,0,0,0,0,1,0,1,0,0,1,1,0,0,0,1,
0,0,0,0,0,0,1,0,0,0,0,0,0,1,0,0,0,0,0,1,0,0,0,0,0,0,0,0,0,0,1,1,0,0,1,
0,1,0,0,0,1,0,0,0,0,0,0,0,1,0,0,0,1,0,1,0,0,1,0,0,1,0,0,0,0,0,1,0,0,0,
0,0,0,0,0,1,1,0,0,0,0,0,0,0,0,0,0,0,0,0,0,0,0,0,1,0,1,0,0,0,0,0,0,1,0,
0,0,0,0,0,1,0,0,0,0,0,0,0,1,0,0,0,0,0,0,0,0,1,0,0,1,0,0,1,0,0,0,0,0,0,
0,0,0,0,0,0,0,0,0,0,0,0,0,0,0,0,0,0,0,0,0,0,0,0,0,0,0,0,1,1,0,0,0,0,0,
1,0,0,0,0,0,0,1,0,0,0,1,1,0,0,1,0,0,0,0,0,0,0,0,0,0,1,1,0,1,0,0,0,0,1,
0,0,0,0,0,0,0,0,0,0,0,1,0,0,0,0,0,0,0,0,0,0,1,0,0,0,0,1,1,0,0,0,0,0,1,
0,0,1,1,0,0,0,0,0,0,0,0,0,1,0,0,0,0,0,1,0,1,1,1,0,0,0,0,0,0,0,1,1,0,0,
1,0,0,0,0,0,1,0,1,1,0,1,1,0,1,0,0,1,0,0,0,0,0,1,1,0,0,0,0,0,1,0,0,1,1,
0,0,1,0,0,0,1,1,0,0,0,1,0,0,1,0,0,0,0,0,0,0,0,0,0,0,0,0,0,0,1,0,0,1,0,
0,0,1,0,0,1,0,0,0,0,0,0,0,0,0,0,0,0,0,0,0,0,0,0,0,1,0,0,0,0,0,1,1,0,0,
0,0,0,1,0,1,0,0,1,0,1,0,0,1,0,0,1,0,0,1,1,0,1,1,0,0,0,0,1,1,0,1,0,0,0,
Is Output Graph Empty or Complete?: 0
Ratio of Added Edges Over Added + Removed Edges: 0.173077
Changes from Input to Output: 
Added Edge: (0, 5)
Removed Edge: (0, 10)
Removed Edge: (0, 15)
Removed Edge: (1, 3)
Removed Edge: (2, 10)
Removed Edge: (2, 13)
Removed Edge: (3, 6)
Removed Edge: (3, 8)
Removed Edge: (3, 15)
Removed Edge: (3, 18)
Removed Edge: (3, 25)
Removed Edge: (4, 8)
Added Edge: (5, 6)
Removed Edge: (5, 8)
Removed Edge: (5, 26)
Added Edge: (6, 19)
Removed Edge: (6, 26)
Removed Edge: (6, 27)
Added Edge: (6, 31)
Added Edge: (7, 13)
Removed Edge: (7, 24)
Removed Edge: (7, 33)
Removed Edge: (8, 34)
Removed Edge: (9, 23)
Removed Edge: (9, 27)
Removed Edge: (9, 30)
Removed Edge: (9, 33)
Removed Edge: (10, 16)
Removed Edge: (10, 34)
Removed Edge: (11, 12)
Removed Edge: (12, 33)
Removed Edge: (13, 20)
Added Edge: (13, 24)
Removed Edge: (13, 26)
Removed Edge: (13, 31)
Removed Edge: (15, 21)
Removed Edge: (15, 29)
Removed Edge: (16, 25)
Removed Edge: (17, 27)
Removed Edge: (18, 25)
Removed Edge: (18, 29)
Removed Edge: (19, 25)
Added Edge: (19, 34)
Added Edge: (22, 30)
Removed Edge: (22, 31)
Removed Edge: (23, 25)
Removed Edge: (23, 27)
Removed Edge: (23, 29)
Removed Edge: (24, 33)
Removed Edge: (25, 26)
Removed Edge: (27, 31)
Added Edge: (28, 34)
========================
