========================
TIME_LIMIT_SECONDS: 900
ODD_HOLE_TERMINATION_PERCENTAGE: 999
N_THREADS: 24
IS_RUNNING_HEURISTIC_ON_CANDIDATE: 0
IS_RUNNING_HEURISTIC_ON_RELAXATION: 1
ADD_ALL_AT_START: 1
========================
Wall-Clock Runtime (ms): 900655
Calculated Odd Hole Termination Batch Size: 0
Total Time of All Workers in OddHoleAlg (nano): 52563223
Total Time of All Workers in OddHoleAlg (ms): 52
OddHoleAlg calls: 116
Number of Found Odd-Holes: 1272
Number of Found Odd Anti-Holes: 8601
Is Optimal? (1e-6): 0
Optimality Gap: 0.191299
Objective Value: 47
Number of Feasible Solutions Found: 32925
Number of Times Heuristic is Called: 32921
Total number of added OH and OHbar Cuts: 9873
Number of Explored B&C tree nodes: 175029
Number of Unexplored B&C tree nodes: 65893
========================
Input Graph:
Number of Vertices: 35
Erdos Renyi p Parameter: 0.75
Number of Edges: 438
Expected No of Odd Holes: 903
Expected No of Odd Anti Holes: 5546
ODD_HOLE_TERMINATION_BATCH_SIZE: 0
Graph Density: 0.736134
0,0,0,0,1,1,1,1,1,1,1,1,1,1,0,1,1,1,1,1,1,1,1,1,0,1,0,1,0,1,0,1,0,0,1,
0,0,1,1,1,1,1,0,1,1,0,0,0,0,1,1,1,0,0,1,0,0,0,1,1,1,0,0,0,0,1,1,1,1,0,
0,1,0,0,1,1,1,1,0,1,0,0,1,1,1,1,0,1,1,1,0,0,1,1,0,0,1,1,1,1,1,1,1,1,1,
0,1,0,0,1,0,1,0,1,1,1,1,1,1,0,1,1,1,1,0,0,0,1,0,1,0,1,0,1,1,1,1,1,1,1,
1,1,1,1,0,0,1,1,1,0,1,1,1,1,1,1,1,1,0,1,1,1,0,1,1,0,1,1,1,1,0,1,0,0,1,
1,1,1,0,0,0,1,0,0,1,1,0,1,1,1,1,1,1,1,1,0,0,1,1,1,0,1,1,0,1,1,1,0,0,1,
1,1,1,1,1,1,0,1,1,1,0,0,1,1,1,1,1,1,0,1,1,1,1,0,1,1,0,0,1,1,1,0,1,0,1,
1,0,1,0,1,0,1,0,0,0,1,1,0,1,1,1,1,1,1,1,1,1,1,1,1,0,1,0,1,1,1,0,1,1,1,
1,1,0,1,1,0,1,0,0,1,0,1,1,1,1,1,1,1,1,1,1,1,1,1,1,1,1,1,1,1,1,1,1,1,1,
1,1,1,1,0,1,1,0,1,0,1,0,1,1,1,1,0,1,1,0,1,1,1,1,1,1,1,0,0,1,1,0,1,1,1,
1,0,0,1,1,1,0,1,0,1,0,0,1,1,1,0,1,1,1,1,1,1,0,1,1,0,1,0,1,1,1,1,1,1,0,
1,0,0,1,1,0,0,1,1,0,0,0,1,0,0,0,1,1,1,1,1,1,1,0,1,1,0,1,1,1,0,1,0,1,1,
1,0,1,1,1,1,1,0,1,1,1,1,0,0,1,1,1,1,1,0,0,1,1,1,1,1,1,1,0,0,0,1,1,1,1,
1,0,1,1,1,1,1,1,1,1,1,0,0,0,1,0,1,0,0,1,1,1,1,1,1,1,1,1,0,1,1,1,1,1,1,
0,1,1,0,1,1,1,1,1,1,1,0,1,1,0,1,1,1,1,1,0,0,0,1,1,0,0,1,1,1,1,0,0,1,1,
1,1,1,1,1,1,1,1,1,1,0,0,1,0,1,0,1,0,0,1,1,1,1,1,1,1,0,1,1,0,1,0,1,0,0,
1,1,0,1,1,1,1,1,1,0,1,1,1,1,1,1,0,1,1,0,0,1,1,1,0,1,1,1,1,1,1,1,1,1,0,
1,0,1,1,1,1,1,1,1,1,1,1,1,0,1,0,1,0,1,1,0,1,1,1,1,1,1,1,1,1,1,0,0,1,1,
1,0,1,1,0,1,0,1,1,1,1,1,1,0,1,0,1,1,0,1,1,1,1,1,1,1,1,1,0,1,1,0,1,1,1,
1,1,1,0,1,1,1,1,1,0,1,1,0,1,1,1,0,1,1,0,1,1,1,1,1,0,1,1,1,1,1,1,1,1,1,
1,0,0,0,1,0,1,1,1,1,1,1,0,1,0,1,0,0,1,1,0,1,1,1,0,0,0,1,0,1,1,0,1,0,1,
1,0,0,0,1,0,1,1,1,1,1,1,1,1,0,1,1,1,1,1,1,0,0,1,1,1,1,1,1,1,1,1,1,0,1,
1,0,1,1,0,1,1,1,1,1,0,1,1,1,0,1,1,1,1,1,1,0,0,0,1,1,1,0,0,1,1,1,1,1,1,
1,1,1,0,1,1,0,1,1,1,1,0,1,1,1,1,1,1,1,1,1,1,0,0,1,0,1,1,0,0,1,1,1,1,0,
0,1,0,1,1,1,1,1,1,1,1,1,1,1,1,1,0,1,1,1,0,1,1,1,0,1,1,1,0,0,1,0,1,1,1,
1,1,0,0,0,0,1,0,1,1,0,1,1,1,0,1,1,1,1,0,0,1,1,0,1,0,0,0,1,1,1,1,1,0,1,
0,0,1,1,1,1,0,1,1,1,1,0,1,1,0,0,1,1,1,1,0,1,1,1,1,0,0,1,1,1,1,1,1,1,1,
1,0,1,0,1,1,0,0,1,0,0,1,1,1,1,1,1,1,1,1,1,1,0,1,1,0,1,0,0,1,1,1,1,0,0,
0,0,1,1,1,0,1,1,1,0,1,1,0,0,1,1,1,1,0,1,0,1,0,0,0,1,1,0,0,1,1,1,0,0,1,
1,0,1,1,1,1,1,1,1,1,1,1,0,1,1,0,1,1,1,1,1,1,1,0,0,1,1,1,1,0,1,1,1,1,1,
0,1,1,1,0,1,1,1,1,1,1,0,0,1,1,1,1,1,1,1,1,1,1,1,1,1,1,1,1,1,0,1,1,1,1,
1,1,1,1,1,1,0,0,1,0,1,1,1,1,0,0,1,0,0,1,0,1,1,1,0,1,1,1,1,1,1,0,1,0,0,
0,1,1,1,0,0,1,1,1,1,1,0,1,1,0,1,1,0,1,1,1,1,1,1,1,1,1,1,0,1,1,1,0,1,0,
0,1,1,1,0,0,0,1,1,1,1,1,1,1,1,0,1,1,1,1,0,0,1,1,1,0,1,0,0,1,1,0,1,0,1,
1,0,1,1,1,1,1,1,1,1,0,1,1,1,1,0,0,1,1,1,1,1,1,0,1,1,1,0,1,1,1,0,0,1,0,
========================
Output Graph: 
Number of Vertices: 35
Number of Edges: 449
Graph Density: 0.754622
0,0,0,0,1,1,1,1,1,1,1,1,1,1,0,1,1,1,1,1,1,1,1,1,0,1,0,1,0,1,1,1,1,0,1,
0,0,1,0,1,1,1,0,1,1,0,0,0,0,1,1,1,0,0,1,0,0,0,1,1,0,0,0,0,0,1,0,1,0,0,
0,1,0,0,1,1,1,1,1,1,1,0,1,1,1,1,0,1,1,1,0,0,1,1,0,0,1,1,0,1,1,1,1,1,1,
0,0,0,0,1,0,1,0,1,1,1,0,1,1,0,1,1,1,1,0,0,0,1,0,1,0,1,0,0,1,1,1,1,1,1,
1,1,1,1,0,0,1,1,1,1,1,1,1,1,1,1,1,1,1,1,1,1,1,1,1,0,1,1,1,1,0,1,0,0,1,
1,1,1,0,0,0,1,0,0,1,1,0,1,1,1,1,1,1,1,1,0,0,1,1,1,0,1,1,0,1,1,1,0,0,1,
1,1,1,1,1,1,0,1,1,1,1,0,1,1,1,1,1,1,0,1,1,1,1,1,1,1,0,1,0,1,1,0,1,0,1,
1,0,1,0,1,0,1,0,0,0,1,1,1,1,1,1,1,1,1,1,1,1,1,1,1,0,1,0,1,1,1,1,1,1,1,
1,1,1,1,1,0,1,0,0,1,1,1,1,1,1,1,1,1,1,1,1,1,1,1,1,1,1,1,1,1,1,1,1,1,1,
1,1,1,1,1,1,1,0,1,0,1,0,1,1,1,1,1,1,1,0,1,1,1,1,1,1,1,0,0,1,1,1,1,1,1,
1,0,1,1,1,1,1,1,1,1,0,0,1,1,1,1,1,1,1,1,1,1,0,1,1,0,1,0,1,1,1,1,1,1,0,
1,0,0,0,1,0,0,1,1,0,0,0,1,0,0,0,1,1,1,1,0,1,1,0,1,0,0,0,0,1,0,1,0,0,1,
1,0,1,1,1,1,1,1,1,1,1,1,0,0,1,1,1,1,1,1,1,1,1,1,1,1,1,1,0,0,1,1,1,1,1,
1,0,1,1,1,1,1,1,1,1,1,0,0,0,1,0,1,0,0,1,1,1,1,1,1,1,1,1,0,1,1,0,1,1,1,
0,1,1,0,1,1,1,1,1,1,1,0,1,1,0,1,1,1,1,1,0,0,0,1,1,0,0,1,0,1,1,0,0,0,1,
1,1,1,1,1,1,1,1,1,1,1,0,1,0,1,0,1,0,0,1,1,1,1,1,1,1,0,1,0,0,1,0,1,0,1,
1,1,0,1,1,1,1,1,1,1,1,1,1,1,1,1,0,1,1,1,0,1,1,1,0,1,1,1,1,1,1,1,1,1,1,
1,0,1,1,1,1,1,1,1,1,1,1,1,0,1,0,1,0,1,1,0,1,1,1,1,1,1,1,1,1,1,0,1,1,1,
1,0,1,1,1,1,0,1,1,1,1,1,1,0,1,0,1,1,0,1,1,1,1,1,1,1,1,1,0,1,1,0,1,1,1,
1,1,1,0,1,1,1,1,1,0,1,1,1,1,1,1,1,1,1,0,1,1,1,1,1,0,1,1,1,1,1,1,1,1,1,
1,0,0,0,1,0,1,1,1,1,1,0,1,1,0,1,0,0,1,1,0,1,1,1,0,0,0,1,0,1,1,0,1,0,1,
1,0,0,0,1,0,1,1,1,1,1,1,1,1,0,1,1,1,1,1,1,0,1,1,1,1,1,1,1,1,1,1,1,0,1,
1,0,1,1,1,1,1,1,1,1,0,1,1,1,0,1,1,1,1,1,1,1,0,0,1,1,1,0,0,1,1,1,1,1,1,
1,1,1,0,1,1,1,1,1,1,1,0,1,1,1,1,1,1,1,1,1,1,0,0,1,0,1,1,0,1,1,1,1,1,0,
0,1,0,1,1,1,1,1,1,1,1,1,1,1,1,1,0,1,1,1,0,1,1,1,0,1,1,1,0,1,1,1,1,1,1,
1,0,0,0,0,0,1,0,1,1,0,0,1,1,0,1,1,1,1,0,0,1,1,0,1,0,0,0,0,1,1,1,1,0,1,
0,0,1,1,1,1,0,1,1,1,1,0,1,1,0,0,1,1,1,1,0,1,1,1,1,0,0,1,1,1,1,1,1,1,1,
1,0,1,0,1,1,1,0,1,0,0,0,1,1,1,1,1,1,1,1,1,1,0,1,1,0,1,0,0,1,1,1,1,0,0,
0,0,0,0,1,0,0,1,1,0,1,0,0,0,0,0,1,1,0,1,0,1,0,0,0,0,1,0,0,1,1,1,0,0,1,
1,0,1,1,1,1,1,1,1,1,1,1,0,1,1,0,1,1,1,1,1,1,1,1,1,1,1,1,1,0,1,1,1,1,1,
1,1,1,1,0,1,1,1,1,1,1,0,1,1,1,1,1,1,1,1,1,1,1,1,1,1,1,1,1,1,0,1,1,1,1,
1,0,1,1,1,1,0,1,1,1,1,1,1,0,0,0,1,0,0,1,0,1,1,1,1,1,1,1,1,1,1,0,1,0,1,
1,1,1,1,0,0,1,1,1,1,1,0,1,1,0,1,1,1,1,1,1,1,1,1,1,1,1,1,0,1,1,1,0,1,1,
0,0,1,1,0,0,0,1,1,1,1,0,1,1,0,0,1,1,1,1,0,0,1,1,1,0,1,0,0,1,1,0,1,0,1,
1,0,1,1,1,1,1,1,1,1,0,1,1,1,1,1,1,1,1,1,1,1,1,0,1,1,1,0,1,1,1,1,1,1,0,
Is Output Graph Empty or Complete?: 0
Ratio of Added Edges Over Added + Removed Edges: 0.617021
Changes from Input to Output: 
Added Edge: (0, 30)
Added Edge: (0, 32)
Removed Edge: (1, 3)
Removed Edge: (1, 25)
Removed Edge: (1, 31)
Removed Edge: (1, 33)
Added Edge: (2, 8)
Added Edge: (2, 10)
Removed Edge: (2, 28)
Removed Edge: (3, 11)
Removed Edge: (3, 28)
Added Edge: (4, 9)
Added Edge: (4, 18)
Added Edge: (4, 22)
Added Edge: (6, 10)
Added Edge: (6, 23)
Added Edge: (6, 27)
Removed Edge: (6, 28)
Added Edge: (7, 12)
Added Edge: (7, 31)
Added Edge: (8, 10)
Added Edge: (9, 16)
Added Edge: (9, 31)
Added Edge: (10, 15)
Removed Edge: (11, 20)
Removed Edge: (11, 25)
Removed Edge: (11, 27)
Removed Edge: (11, 28)
Removed Edge: (11, 33)
Added Edge: (12, 19)
Added Edge: (12, 20)
Added Edge: (12, 30)
Removed Edge: (13, 31)
Removed Edge: (14, 28)
Removed Edge: (14, 33)
Removed Edge: (15, 28)
Added Edge: (15, 34)
Added Edge: (16, 19)
Added Edge: (16, 34)
Added Edge: (17, 32)
Added Edge: (21, 22)
Added Edge: (23, 29)
Added Edge: (24, 29)
Added Edge: (24, 31)
Removed Edge: (25, 28)
Added Edge: (31, 34)
Added Edge: (32, 34)
========================
