========================
TIME_LIMIT_SECONDS: 900
ODD_HOLE_TERMINATION_PERCENTAGE: 999
N_THREADS: 24
IS_RUNNING_HEURISTIC_ON_CANDIDATE: 0
IS_RUNNING_HEURISTIC_ON_RELAXATION: 0
ADD_ALL_AT_START: 1
========================
Wall-Clock Runtime (ms): 900200
Calculated Odd Hole Termination Batch Size: 0
Total Time of All Workers in OddHoleAlg (nano): 86292533
Total Time of All Workers in OddHoleAlg (ms): 86
OddHoleAlg calls: 234
Number of Found Odd-Holes: 4284
Number of Found Odd Anti-Holes: 10854
Is Optimal? (1e-6): 0
Optimality Gap: 0.0383432
Objective Value: 34
Number of Feasible Solutions Found: 7
Number of Times Heuristic is Called: 0
Total number of added OH and OHbar Cuts: 15138
Number of Explored B&C tree nodes: 1192735
Number of Unexplored B&C tree nodes: 86919
========================
Input Graph:
Number of Vertices: 30
Erdos Renyi p Parameter: 0.75
Number of Edges: 310
Expected No of Odd Holes: 396
Expected No of Odd Anti Holes: 1341
ODD_HOLE_TERMINATION_BATCH_SIZE: 0
Graph Density: 0.712644
0,1,0,0,1,1,1,1,1,1,0,1,1,1,0,1,1,0,1,1,0,1,1,0,0,1,1,1,1,1,
1,0,1,0,0,1,0,0,0,1,0,1,1,1,1,1,0,1,1,0,0,1,1,1,1,0,0,1,1,0,
0,1,0,1,1,1,1,1,1,0,1,1,1,1,1,0,0,1,1,1,0,1,0,0,1,1,0,0,1,1,
0,0,1,0,0,1,0,1,1,1,1,0,1,1,0,1,1,1,1,1,1,1,0,1,1,0,1,1,1,1,
1,0,1,0,0,1,1,1,1,0,1,1,1,0,1,1,0,0,1,1,1,1,0,1,1,1,1,1,1,0,
1,1,1,1,1,0,1,1,1,1,1,1,1,1,0,1,1,1,1,1,1,0,1,1,1,1,0,1,1,1,
1,0,1,0,1,1,0,1,1,1,1,0,1,0,1,1,1,0,0,1,1,0,1,1,1,1,0,1,1,1,
1,0,1,1,1,1,1,0,1,1,0,1,1,1,1,0,0,1,1,1,0,0,1,1,0,1,1,1,1,0,
1,0,1,1,1,1,1,1,0,0,1,1,0,1,0,1,0,1,1,1,1,1,0,1,1,1,0,1,1,0,
1,1,0,1,0,1,1,1,0,0,1,1,1,1,1,0,1,1,1,1,0,0,1,1,1,0,1,1,1,1,
0,0,1,1,1,1,1,0,1,1,0,0,1,1,1,1,1,0,0,0,0,0,1,1,0,1,1,1,1,1,
1,1,1,0,1,1,0,1,1,1,0,0,1,1,1,0,1,0,1,1,1,1,0,1,1,0,0,1,1,1,
1,1,1,1,1,1,1,1,0,1,1,1,0,1,1,0,1,0,1,1,1,1,0,0,0,1,0,0,1,1,
1,1,1,1,0,1,0,1,1,1,1,1,1,0,1,1,1,1,1,1,0,1,1,1,0,1,0,1,1,1,
0,1,1,0,1,0,1,1,0,1,1,1,1,1,0,0,1,1,1,1,0,1,1,0,0,1,1,1,1,1,
1,1,0,1,1,1,1,0,1,0,1,0,0,1,0,0,1,0,1,1,1,1,0,1,1,1,1,1,1,1,
1,0,0,1,0,1,1,0,0,1,1,1,1,1,1,1,0,1,1,1,1,1,0,0,0,1,1,1,1,0,
0,1,1,1,0,1,0,1,1,1,0,0,0,1,1,0,1,0,1,1,0,1,1,0,1,0,1,1,0,0,
1,1,1,1,1,1,0,1,1,1,0,1,1,1,1,1,1,1,0,1,0,1,1,0,1,1,0,1,1,1,
1,0,1,1,1,1,1,1,1,1,0,1,1,1,1,1,1,1,1,0,1,1,0,1,1,1,0,1,1,1,
0,0,0,1,1,1,1,0,1,0,0,1,1,0,0,1,1,0,0,1,0,1,0,1,1,0,1,1,0,0,
1,1,1,1,1,0,0,0,1,0,0,1,1,1,1,1,1,1,1,1,1,0,0,1,1,1,1,1,0,1,
1,1,0,0,0,1,1,1,0,1,1,0,0,1,1,0,0,1,1,0,0,0,0,1,1,1,1,1,0,1,
0,1,0,1,1,1,1,1,1,1,1,1,0,1,0,1,0,0,0,1,1,1,1,0,0,0,0,1,1,1,
0,1,1,1,1,1,1,0,1,1,0,1,0,0,0,1,0,1,1,1,1,1,1,0,0,1,1,1,0,1,
1,0,1,0,1,1,1,1,1,0,1,0,1,1,1,1,1,0,1,1,0,1,1,0,1,0,0,0,0,1,
1,0,0,1,1,0,0,1,0,1,1,0,0,0,1,1,1,1,0,0,1,1,1,0,1,0,0,0,1,0,
1,1,0,1,1,1,1,1,1,1,1,1,0,1,1,1,1,1,1,1,1,1,1,1,1,0,0,0,1,1,
1,1,1,1,1,1,1,1,1,1,1,1,1,1,1,1,1,0,1,1,0,0,0,1,0,0,1,1,0,1,
1,0,1,1,0,1,1,0,0,1,1,1,1,1,1,1,0,0,1,1,0,1,1,1,1,1,0,1,1,0,
========================
Output Graph: 
Number of Vertices: 30
Number of Edges: 326
Graph Density: 0.749425
0,1,1,0,1,1,1,1,1,1,0,1,1,1,1,1,1,0,1,1,0,1,1,0,0,1,1,1,1,1,
1,0,1,0,0,1,0,1,0,1,0,1,1,1,1,1,1,1,1,0,0,1,1,1,1,0,0,1,1,0,
1,1,0,1,1,1,1,1,1,1,1,1,1,1,1,0,1,1,1,1,0,1,0,0,1,1,0,0,1,1,
0,0,1,0,1,1,1,1,1,1,1,0,1,1,0,1,1,0,1,1,1,1,0,1,1,0,1,1,1,1,
1,0,1,1,0,1,1,1,1,0,1,1,1,0,1,1,0,0,1,1,1,1,0,1,1,1,1,1,1,0,
1,1,1,1,1,0,1,1,1,1,1,1,1,1,1,1,1,1,1,1,1,0,1,1,1,1,0,1,1,1,
1,0,1,1,1,1,0,1,1,1,1,0,1,0,1,1,1,0,0,1,1,1,1,1,1,1,0,1,1,1,
1,1,1,1,1,1,1,0,1,1,0,1,1,1,1,0,1,1,1,1,0,0,1,1,0,1,1,1,1,1,
1,0,1,1,1,1,1,1,0,0,1,1,0,1,0,1,0,0,1,1,1,1,0,1,1,1,1,1,1,0,
1,1,1,1,0,1,1,1,0,0,1,1,1,1,1,0,1,1,1,1,0,0,1,1,1,1,1,1,1,1,
0,0,1,1,1,1,1,0,1,1,0,0,1,1,1,1,1,0,0,1,0,1,1,1,1,1,1,1,1,1,
1,1,1,0,1,1,0,1,1,1,0,0,1,1,1,0,1,0,1,1,0,1,1,1,1,0,0,1,1,1,
1,1,1,1,1,1,1,1,0,1,1,1,0,1,1,0,1,1,1,1,1,1,0,0,0,1,0,0,1,1,
1,1,1,1,0,1,0,1,1,1,1,1,1,0,1,1,1,1,1,1,0,1,1,1,0,1,0,1,1,1,
1,1,1,0,1,1,1,1,0,1,1,1,1,1,0,0,1,1,1,1,0,1,1,0,0,1,1,1,1,1,
1,1,0,1,1,1,1,0,1,0,1,0,0,1,0,0,1,0,1,1,1,1,0,1,1,1,1,1,1,1,
1,1,1,1,0,1,1,1,0,1,1,1,1,1,1,1,0,1,1,1,1,1,0,0,0,1,1,1,1,1,
0,1,1,0,0,1,0,1,0,1,0,0,1,1,1,0,1,0,1,1,0,0,1,0,0,0,0,1,0,0,
1,1,1,1,1,1,0,1,1,1,0,1,1,1,1,1,1,1,0,1,0,1,1,0,1,1,0,1,1,1,
1,0,1,1,1,1,1,1,1,1,1,1,1,1,1,1,1,1,1,0,1,1,0,1,1,1,0,1,1,1,
0,0,0,1,1,1,1,0,1,0,0,0,1,0,0,1,1,0,0,1,0,1,0,1,1,0,1,1,0,0,
1,1,1,1,1,0,1,0,1,0,1,1,1,1,1,1,1,0,1,1,1,0,0,1,1,1,1,1,0,1,
1,1,0,0,0,1,1,1,0,1,1,1,0,1,1,0,0,1,1,0,0,0,0,0,0,1,0,1,0,1,
0,1,0,1,1,1,1,1,1,1,1,1,0,1,0,1,0,0,0,1,1,1,0,0,1,1,1,1,1,1,
0,1,1,1,1,1,1,0,1,1,1,1,0,0,0,1,0,0,1,1,1,1,0,1,0,1,1,1,0,1,
1,0,1,0,1,1,1,1,1,1,1,0,1,1,1,1,1,0,1,1,0,1,1,1,1,0,0,1,1,1,
1,0,0,1,1,0,0,1,1,1,1,0,0,0,1,1,1,0,0,0,1,1,0,1,1,0,0,0,1,0,
1,1,0,1,1,1,1,1,1,1,1,1,0,1,1,1,1,1,1,1,1,1,1,1,1,1,0,0,1,1,
1,1,1,1,1,1,1,1,1,1,1,1,1,1,1,1,1,0,1,1,0,0,0,1,0,1,1,1,0,1,
1,0,1,1,0,1,1,1,0,1,1,1,1,1,1,1,1,0,1,1,0,1,1,1,1,1,0,1,1,0,
Is Output Graph Empty or Complete?: 0
Ratio of Added Edges Over Added + Removed Edges: 0.735294
Changes from Input to Output: 
Added Edge: (0, 2)
Added Edge: (0, 14)
Added Edge: (1, 7)
Added Edge: (1, 16)
Added Edge: (2, 9)
Added Edge: (2, 16)
Added Edge: (3, 4)
Added Edge: (3, 6)
Removed Edge: (3, 17)
Added Edge: (5, 14)
Added Edge: (6, 21)
Added Edge: (7, 16)
Added Edge: (7, 29)
Removed Edge: (8, 17)
Added Edge: (8, 26)
Added Edge: (9, 25)
Added Edge: (10, 19)
Added Edge: (10, 21)
Added Edge: (10, 24)
Removed Edge: (11, 20)
Added Edge: (11, 22)
Added Edge: (12, 17)
Added Edge: (16, 29)
Removed Edge: (17, 21)
Removed Edge: (17, 24)
Removed Edge: (17, 26)
Removed Edge: (22, 23)
Removed Edge: (22, 24)
Removed Edge: (22, 26)
Added Edge: (23, 24)
Added Edge: (23, 25)
Added Edge: (23, 26)
Added Edge: (25, 27)
Added Edge: (25, 28)
========================
