========================
TIME_LIMIT_SECONDS: 900
ODD_HOLE_TERMINATION_PERCENTAGE: 999
N_THREADS: 24
IS_RUNNING_HEURISTIC_ON_CANDIDATE: 1
IS_RUNNING_HEURISTIC_ON_RELAXATION: 0
ADD_ALL_AT_START: 1
========================
Wall-Clock Runtime (ms): 900575
Calculated Odd Hole Termination Batch Size: 0
Total Time of All Workers in OddHoleAlg (nano): 1163497873
Total Time of All Workers in OddHoleAlg (ms): 1163
OddHoleAlg calls: 188
Number of Found Odd-Holes: 10794
Number of Found Odd Anti-Holes: 166222
Is Optimal? (1e-6): 0
Optimality Gap: 0.157838
Objective Value: 48
Number of Feasible Solutions Found: 94
Number of Times Heuristic is Called: 86
Total number of added OH and OHbar Cuts: 177016
Number of Explored B&C tree nodes: 21027
Number of Unexplored B&C tree nodes: 5689
========================
Input Graph:
Number of Vertices: 40
Erdos Renyi p Parameter: 0.75
Number of Edges: 606
Expected No of Odd Holes: 1833
Expected No of Odd Anti Holes: 19717
ODD_HOLE_TERMINATION_BATCH_SIZE: 0
Graph Density: 0.776923
0,1,1,0,1,1,1,1,1,0,1,0,1,1,0,1,1,1,1,1,1,1,1,0,1,0,1,1,1,1,0,1,1,0,1,1,1,1,1,1,
1,0,1,1,1,1,1,0,0,1,1,1,1,1,1,1,1,1,1,1,1,1,0,1,1,0,0,1,1,1,1,1,1,1,1,1,1,1,1,0,
1,1,0,1,1,0,1,1,1,1,1,1,0,1,1,1,1,1,1,0,0,0,0,1,0,1,1,1,1,0,0,1,1,1,0,1,0,1,1,1,
0,1,1,0,1,1,1,1,1,1,1,1,1,1,1,1,1,1,1,0,0,1,1,1,1,0,1,1,1,1,1,1,1,1,1,1,1,1,1,1,
1,1,1,1,0,0,1,1,1,1,0,1,1,1,0,0,1,1,1,1,1,0,1,1,1,1,1,1,1,1,1,1,0,1,0,0,1,1,1,1,
1,1,0,1,0,0,0,1,1,0,1,1,0,1,1,0,1,1,1,1,1,1,1,1,1,1,1,0,1,1,0,1,1,1,0,1,1,0,1,1,
1,1,1,1,1,0,0,1,0,1,0,1,0,0,1,1,1,1,0,1,1,0,0,1,1,1,1,1,1,1,1,1,1,1,1,1,1,1,1,1,
1,0,1,1,1,1,1,0,1,1,1,1,1,0,1,1,1,0,0,1,0,1,0,1,1,1,0,1,1,1,1,0,1,1,0,1,1,1,1,1,
1,0,1,1,1,1,0,1,0,1,1,1,0,1,1,0,1,0,1,1,1,1,1,1,0,1,1,1,1,1,1,1,1,0,0,0,1,1,1,1,
0,1,1,1,1,0,1,1,1,0,1,1,1,0,1,1,1,1,1,1,1,1,1,1,1,0,1,1,1,1,1,1,1,1,1,1,1,1,1,1,
1,1,1,1,0,1,0,1,1,1,0,1,1,1,1,1,1,1,1,1,0,1,0,1,1,1,1,1,1,0,1,1,0,1,1,0,0,1,1,0,
0,1,1,1,1,1,1,1,1,1,1,0,0,1,1,0,1,1,1,1,1,1,1,0,1,1,1,1,1,1,1,1,0,1,1,0,1,1,1,1,
1,1,0,1,1,0,0,1,0,1,1,0,0,0,0,0,1,1,1,1,1,1,1,0,1,1,1,1,0,1,1,0,1,1,1,0,1,0,1,1,
1,1,1,1,1,1,0,0,1,0,1,1,0,0,1,1,1,1,1,1,1,1,0,0,0,1,1,1,1,0,0,1,1,1,0,1,0,0,1,0,
0,1,1,1,0,1,1,1,1,1,1,1,0,1,0,0,0,1,1,1,1,1,1,0,1,1,1,1,1,1,1,1,1,1,1,1,1,0,1,1,
1,1,1,1,0,0,1,1,0,1,1,0,0,1,0,0,1,1,1,1,1,1,0,0,0,1,0,1,0,1,0,0,1,1,1,0,0,0,1,1,
1,1,1,1,1,1,1,1,1,1,1,1,1,1,0,1,0,1,1,1,1,1,0,1,1,1,1,1,0,1,1,1,1,1,0,0,0,1,0,1,
1,1,1,1,1,1,1,0,0,1,1,1,1,1,1,1,1,0,1,1,1,1,1,0,1,1,1,0,1,0,0,1,1,1,1,1,0,1,1,1,
1,1,1,1,1,1,0,0,1,1,1,1,1,1,1,1,1,1,0,1,0,1,1,0,1,1,0,1,1,1,0,0,1,1,1,1,1,1,0,1,
1,1,0,0,1,1,1,1,1,1,1,1,1,1,1,1,1,1,1,0,1,0,1,1,1,1,1,1,1,1,0,0,1,1,1,1,1,1,1,1,
1,1,0,0,1,1,1,0,1,1,0,1,1,1,1,1,1,1,0,1,0,0,1,0,0,1,1,1,1,0,1,0,1,1,0,1,0,1,1,0,
1,1,0,1,0,1,0,1,1,1,1,1,1,1,1,1,1,1,1,0,0,0,0,1,1,1,1,1,1,1,1,1,0,1,1,1,1,0,1,1,
1,0,0,1,1,1,0,0,1,1,0,1,1,0,1,0,0,1,1,1,1,0,0,0,1,1,1,1,1,0,0,1,1,1,1,0,1,1,1,1,
0,1,1,1,1,1,1,1,1,1,1,0,0,0,0,0,1,0,0,1,0,1,0,0,1,1,1,1,1,1,1,1,1,1,0,1,1,1,1,1,
1,1,0,1,1,1,1,1,0,1,1,1,1,0,1,0,1,1,1,1,0,1,1,1,0,1,1,0,1,1,1,1,1,1,1,0,1,1,1,1,
0,0,1,0,1,1,1,1,1,0,1,1,1,1,1,1,1,1,1,1,1,1,1,1,1,0,0,0,1,1,1,1,1,1,1,0,1,1,1,0,
1,0,1,1,1,1,1,0,1,1,1,1,1,1,1,0,1,1,0,1,1,1,1,1,1,0,0,1,1,1,1,1,0,0,1,1,1,1,0,1,
1,1,1,1,1,0,1,1,1,1,1,1,1,1,1,1,1,0,1,1,1,1,1,1,0,0,1,0,1,1,1,1,1,0,0,1,0,1,1,1,
1,1,1,1,1,1,1,1,1,1,1,1,0,1,1,0,0,1,1,1,1,1,1,1,1,1,1,1,0,1,1,0,1,0,1,1,1,0,1,1,
1,1,0,1,1,1,1,1,1,1,0,1,1,0,1,1,1,0,1,1,0,1,0,1,1,1,1,1,1,0,1,1,1,1,0,1,1,0,1,1,
0,1,0,1,1,0,1,1,1,1,1,1,1,0,1,0,1,0,0,0,1,1,0,1,1,1,1,1,1,1,0,1,1,1,1,0,1,1,1,0,
1,1,1,1,1,1,1,0,1,1,1,1,0,1,1,0,1,1,0,0,0,1,1,1,1,1,1,1,0,1,1,0,0,1,1,0,1,1,1,0,
1,1,1,1,0,1,1,1,1,1,0,0,1,1,1,1,1,1,1,1,1,0,1,1,1,1,0,1,1,1,1,0,0,1,1,1,0,1,1,1,
0,1,1,1,1,1,1,1,0,1,1,1,1,1,1,1,1,1,1,1,1,1,1,1,1,1,0,0,0,1,1,1,1,0,1,1,1,1,1,1,
1,1,0,1,0,0,1,0,0,1,1,1,1,0,1,1,0,1,1,1,0,1,1,0,1,1,1,0,1,0,1,1,1,1,0,1,1,1,0,0,
1,1,1,1,0,1,1,1,0,1,0,0,0,1,1,0,0,1,1,1,1,1,0,1,0,0,1,1,1,1,0,0,1,1,1,0,0,1,1,1,
1,1,0,1,1,1,1,1,1,1,0,1,1,0,1,0,0,0,1,1,0,1,1,1,1,1,1,0,1,1,1,1,0,1,1,0,0,0,1,1,
1,1,1,1,1,0,1,1,1,1,1,1,0,0,0,0,1,1,1,1,1,0,1,1,1,1,1,1,0,0,1,1,1,1,1,1,0,0,1,1,
1,1,1,1,1,1,1,1,1,1,1,1,1,1,1,1,0,1,0,1,1,1,1,1,1,1,0,1,1,1,1,1,1,1,0,1,1,1,0,1,
1,0,1,1,1,1,1,1,1,1,0,1,1,0,1,1,1,1,1,1,0,1,1,1,1,0,1,1,1,1,0,0,1,1,0,1,1,1,1,0,
========================
Output Graph: 
Number of Vertices: 40
Number of Edges: 654
Graph Density: 0.838462
0,1,1,0,1,1,1,1,1,0,1,0,1,1,0,1,1,1,1,1,1,1,1,0,1,1,1,1,1,1,0,1,1,1,1,1,1,1,1,1,
1,0,1,1,1,1,1,0,0,1,1,1,1,1,1,1,1,1,1,1,1,1,1,1,1,1,0,1,1,1,1,1,1,1,1,1,1,1,1,0,
1,1,0,1,1,0,1,1,1,1,1,1,0,1,1,1,1,1,1,0,0,1,0,1,1,1,1,1,1,1,1,1,1,1,0,1,1,1,1,1,
0,1,1,0,1,1,1,1,1,1,1,1,1,1,1,1,1,1,1,0,0,1,1,1,1,0,1,1,1,1,1,1,1,1,1,1,1,1,1,1,
1,1,1,1,0,0,1,1,1,1,0,1,1,1,1,0,1,1,1,1,1,1,1,1,1,1,1,1,1,1,1,1,0,1,0,0,1,1,1,1,
1,1,0,1,0,0,0,1,1,0,1,1,1,1,1,1,1,1,1,1,1,1,1,1,1,1,1,0,1,1,0,1,1,1,1,1,1,1,1,1,
1,1,1,1,1,0,0,1,1,1,0,1,0,0,1,1,1,1,0,1,1,1,0,1,1,1,1,1,1,1,1,1,1,1,1,1,1,1,1,1,
1,0,1,1,1,1,1,0,1,1,1,1,1,0,1,1,1,0,0,1,0,1,0,1,1,1,1,1,1,1,1,1,1,1,0,1,1,1,1,1,
1,0,1,1,1,1,1,1,0,1,1,1,0,1,1,0,1,0,1,1,1,1,1,1,1,1,1,1,1,1,1,1,1,0,0,0,1,1,1,1,
0,1,1,1,1,0,1,1,1,0,1,1,1,0,1,1,1,1,1,1,1,1,1,1,1,0,1,1,1,1,1,1,1,1,1,1,1,1,1,1,
1,1,1,1,0,1,0,1,1,1,0,1,1,1,1,1,1,1,1,1,1,1,1,1,1,1,1,1,1,0,1,1,1,1,1,1,0,1,1,0,
0,1,1,1,1,1,1,1,1,1,1,0,0,1,1,0,1,1,1,1,1,1,1,1,1,1,1,1,1,1,1,1,0,1,1,0,1,1,1,1,
1,1,0,1,1,1,0,1,0,1,1,0,0,1,0,1,1,1,1,1,1,1,1,0,1,1,1,1,0,1,1,0,1,1,1,1,1,1,1,1,
1,1,1,1,1,1,0,0,1,0,1,1,1,0,1,1,1,1,1,1,1,1,1,0,0,1,1,1,1,0,0,1,1,1,1,1,0,1,1,0,
0,1,1,1,1,1,1,1,1,1,1,1,0,1,0,0,0,1,1,1,1,1,1,1,1,1,1,1,1,1,1,1,1,1,1,1,1,0,1,1,
1,1,1,1,0,1,1,1,0,1,1,0,1,1,0,0,1,1,1,1,1,1,1,0,0,1,0,1,0,1,0,0,1,1,1,0,0,1,1,1,
1,1,1,1,1,1,1,1,1,1,1,1,1,1,0,1,0,1,1,1,1,1,1,1,1,1,1,1,0,1,1,1,1,1,1,1,0,1,0,1,
1,1,1,1,1,1,1,0,0,1,1,1,1,1,1,1,1,0,1,1,1,1,1,0,1,1,1,0,1,0,0,1,1,1,1,1,0,1,1,1,
1,1,1,1,1,1,0,0,1,1,1,1,1,1,1,1,1,1,0,1,1,1,1,0,1,1,0,1,1,1,0,0,1,1,1,1,1,1,0,1,
1,1,0,0,1,1,1,1,1,1,1,1,1,1,1,1,1,1,1,0,1,0,1,1,1,1,1,1,1,1,0,0,1,1,1,1,1,1,1,1,
1,1,0,0,1,1,1,0,1,1,1,1,1,1,1,1,1,1,1,1,0,0,1,0,0,1,1,1,1,0,1,0,1,1,1,1,0,1,1,0,
1,1,1,1,1,1,1,1,1,1,1,1,1,1,1,1,1,1,1,0,0,0,0,1,1,1,1,1,1,1,1,1,0,1,1,1,1,0,1,1,
1,1,0,1,1,1,0,0,1,1,1,1,1,1,1,1,1,1,1,1,1,0,0,0,1,1,1,1,1,0,0,1,1,1,1,1,1,1,1,1,
0,1,1,1,1,1,1,1,1,1,1,1,0,0,1,0,1,0,0,1,0,1,0,0,1,1,1,1,1,1,1,1,1,1,0,1,1,1,1,1,
1,1,1,1,1,1,1,1,1,1,1,1,1,0,1,0,1,1,1,1,0,1,1,1,0,1,1,1,1,1,1,1,1,1,1,0,1,1,1,1,
1,1,1,0,1,1,1,1,1,0,1,1,1,1,1,1,1,1,1,1,1,1,1,1,1,0,0,0,1,1,1,1,1,1,1,1,1,1,1,0,
1,0,1,1,1,1,1,1,1,1,1,1,1,1,1,0,1,1,0,1,1,1,1,1,1,0,0,1,1,1,1,1,0,0,1,1,1,1,1,1,
1,1,1,1,1,0,1,1,1,1,1,1,1,1,1,1,1,0,1,1,1,1,1,1,1,0,1,0,1,1,1,1,1,0,0,1,1,1,1,1,
1,1,1,1,1,1,1,1,1,1,1,1,0,1,1,0,0,1,1,1,1,1,1,1,1,1,1,1,0,1,1,1,1,0,1,1,1,0,1,1,
1,1,1,1,1,1,1,1,1,1,0,1,1,0,1,1,1,0,1,1,0,1,0,1,1,1,1,1,1,0,1,1,1,1,0,1,1,0,1,1,
0,1,1,1,1,0,1,1,1,1,1,1,1,0,1,0,1,0,0,0,1,1,0,1,1,1,1,1,1,1,0,1,1,1,1,0,1,1,1,1,
1,1,1,1,1,1,1,1,1,1,1,1,0,1,1,0,1,1,0,0,0,1,1,1,1,1,1,1,1,1,1,0,0,1,1,0,1,1,1,1,
1,1,1,1,0,1,1,1,1,1,1,0,1,1,1,1,1,1,1,1,1,0,1,1,1,1,0,1,1,1,1,0,0,1,1,1,0,1,1,1,
1,1,1,1,1,1,1,1,0,1,1,1,1,1,1,1,1,1,1,1,1,1,1,1,1,1,0,0,0,1,1,1,1,0,1,1,1,1,1,1,
1,1,0,1,0,1,1,0,0,1,1,1,1,1,1,1,1,1,1,1,1,1,1,0,1,1,1,0,1,0,1,1,1,1,0,1,1,1,0,0,
1,1,1,1,0,1,1,1,0,1,1,0,1,1,1,0,1,1,1,1,1,1,1,1,0,1,1,1,1,1,0,0,1,1,1,0,0,1,1,1,
1,1,1,1,1,1,1,1,1,1,0,1,1,0,1,0,0,0,1,1,0,1,1,1,1,1,1,1,1,1,1,1,0,1,1,0,0,0,1,1,
1,1,1,1,1,1,1,1,1,1,1,1,1,1,0,1,1,1,1,1,1,0,1,1,1,1,1,1,0,0,1,1,1,1,1,1,0,0,1,1,
1,1,1,1,1,1,1,1,1,1,1,1,1,1,1,1,0,1,0,1,1,1,1,1,1,1,1,1,1,1,1,1,1,1,0,1,1,1,0,1,
1,0,1,1,1,1,1,1,1,1,0,1,1,0,1,1,1,1,1,1,0,1,1,1,1,0,1,1,1,1,1,1,1,1,0,1,1,1,1,0,
Is Output Graph Empty or Complete?: 0
Ratio of Added Edges Over Added + Removed Edges: 1
Changes from Input to Output: 
Added Edge: (0, 25)
Added Edge: (0, 33)
Added Edge: (1, 22)
Added Edge: (1, 25)
Added Edge: (2, 21)
Added Edge: (2, 24)
Added Edge: (2, 29)
Added Edge: (2, 30)
Added Edge: (2, 36)
Added Edge: (4, 14)
Added Edge: (4, 21)
Added Edge: (5, 12)
Added Edge: (5, 15)
Added Edge: (5, 34)
Added Edge: (5, 37)
Added Edge: (6, 8)
Added Edge: (6, 21)
Added Edge: (7, 26)
Added Edge: (7, 31)
Added Edge: (8, 24)
Added Edge: (10, 20)
Added Edge: (10, 22)
Added Edge: (10, 32)
Added Edge: (10, 35)
Added Edge: (11, 23)
Added Edge: (12, 13)
Added Edge: (12, 15)
Added Edge: (12, 35)
Added Edge: (12, 37)
Added Edge: (13, 22)
Added Edge: (13, 34)
Added Edge: (13, 37)
Added Edge: (14, 23)
Added Edge: (15, 22)
Added Edge: (15, 37)
Added Edge: (16, 22)
Added Edge: (16, 34)
Added Edge: (16, 35)
Added Edge: (18, 20)
Added Edge: (20, 34)
Added Edge: (22, 35)
Added Edge: (24, 27)
Added Edge: (25, 35)
Added Edge: (26, 38)
Added Edge: (27, 36)
Added Edge: (28, 31)
Added Edge: (30, 39)
Added Edge: (31, 39)
========================
