========================
TIME_LIMIT_SECONDS: 900
ODD_HOLE_TERMINATION_PERCENTAGE: 999
N_THREADS: 24
IS_RUNNING_HEURISTIC_ON_CANDIDATE: 0
IS_RUNNING_HEURISTIC_ON_RELAXATION: 0
ADD_ALL_AT_START: 0
========================
Wall-Clock Runtime (ms): 900246
Calculated Odd Hole Termination Batch Size: 0
Total Time of All Workers in OddHoleAlg (nano): 594681410
Total Time of All Workers in OddHoleAlg (ms): 594
OddHoleAlg calls: 156
Number of Found Odd-Holes: 106279
Number of Found Odd Anti-Holes: 27771
Is Optimal? (1e-6): 0
Optimality Gap: 0.651331
Objective Value: 207
Number of Feasible Solutions Found: 6
Number of Times Heuristic is Called: 0
Total number of added OH and OHbar Cuts: 134050
Number of Explored B&C tree nodes: 19608
Number of Unexplored B&C tree nodes: 8434
========================
Input Graph:
Number of Vertices: 40
Erdos Renyi p Parameter: 0.5
Number of Edges: 389
Expected No of Odd Holes: 10991
Expected No of Odd Anti Holes: 3280
ODD_HOLE_TERMINATION_BATCH_SIZE: 0
Graph Density: 0.498718
0,1,0,1,0,1,0,0,1,1,1,0,0,0,0,0,0,1,1,1,0,0,0,0,1,1,1,1,1,1,0,0,1,0,0,0,0,1,0,1,
1,0,0,1,1,0,0,1,1,0,0,1,0,0,1,0,0,0,0,1,0,1,0,1,1,0,0,0,1,0,0,0,1,1,0,1,1,1,1,1,
0,0,0,0,1,0,0,1,0,1,0,0,0,0,1,0,1,1,0,1,0,1,0,1,1,1,1,1,1,0,1,0,1,1,1,0,0,0,1,0,
1,1,0,0,0,0,0,0,1,0,0,1,0,0,0,1,0,1,1,0,1,0,0,0,1,0,0,1,1,1,1,1,1,1,1,1,1,0,1,1,
0,1,1,0,0,1,0,0,1,0,1,1,0,1,1,0,1,0,1,0,1,0,1,1,1,1,0,1,1,0,0,1,1,0,0,1,1,0,0,1,
1,0,0,0,1,0,0,1,0,0,1,0,0,1,1,1,1,0,0,0,0,0,1,1,0,0,1,0,1,1,0,0,0,1,1,1,0,0,1,0,
0,0,0,0,0,0,0,1,1,1,0,0,1,1,0,0,0,1,0,1,1,1,0,0,0,1,1,0,0,1,1,0,1,0,1,1,0,1,0,0,
0,1,1,0,0,1,1,0,0,0,1,1,1,1,0,0,0,0,1,0,1,1,0,0,0,1,0,1,1,0,1,1,0,0,0,0,0,0,1,1,
1,1,0,1,1,0,1,0,0,0,0,1,0,0,0,0,0,0,0,1,1,0,1,0,1,1,1,0,1,1,1,1,1,1,0,1,0,0,1,0,
1,0,1,0,0,0,1,0,0,0,0,0,1,0,0,1,1,1,0,0,0,0,0,0,1,0,0,1,0,0,0,1,0,0,1,1,1,1,0,1,
1,0,0,0,1,1,0,1,0,0,0,1,1,0,0,0,0,1,1,0,1,1,0,1,1,1,1,1,0,1,0,0,0,0,0,1,1,1,0,0,
0,1,0,1,1,0,0,1,1,0,1,0,0,1,1,1,1,0,1,1,1,1,1,0,1,1,1,1,1,1,1,1,1,0,1,0,1,1,0,1,
0,0,0,0,0,0,1,1,0,1,1,0,0,0,0,0,1,1,0,0,0,0,1,1,0,0,0,1,1,0,0,0,1,1,0,1,0,1,1,1,
0,0,0,0,1,1,1,1,0,0,0,1,0,0,0,0,0,0,0,0,1,1,1,1,1,0,1,0,1,1,0,0,1,0,1,0,0,1,1,0,
0,1,1,0,1,1,0,0,0,0,0,1,0,0,0,1,1,0,1,1,0,1,1,0,0,0,1,1,0,0,1,1,0,0,1,0,1,1,1,1,
0,0,0,1,0,1,0,0,0,1,0,1,0,0,1,0,1,1,0,0,1,0,0,1,1,0,0,0,1,1,0,1,0,0,0,1,0,1,1,1,
0,0,1,0,1,1,0,0,0,1,0,1,1,0,1,1,0,1,1,1,1,1,1,0,0,0,0,0,0,0,1,0,0,0,0,0,0,1,1,0,
1,0,1,1,0,0,1,0,0,1,1,0,1,0,0,1,1,0,0,1,1,1,0,0,0,1,1,0,0,1,0,1,0,1,1,0,0,0,0,1,
1,0,0,1,1,0,0,1,0,0,1,1,0,0,1,0,1,0,0,0,1,0,0,0,1,0,1,0,1,1,0,1,0,1,0,1,1,0,1,0,
1,1,1,0,0,0,1,0,1,0,0,1,0,0,1,0,1,1,0,0,1,0,1,1,0,1,0,1,0,1,1,1,1,0,1,1,0,1,1,0,
0,0,0,1,1,0,1,1,1,0,1,1,0,1,0,1,1,1,1,1,0,0,1,0,1,1,0,0,0,0,1,0,0,1,0,0,1,1,0,0,
0,1,1,0,0,0,1,1,0,0,1,1,0,1,1,0,1,1,0,0,0,0,1,0,0,0,1,0,1,1,1,1,1,0,1,1,0,1,1,1,
0,0,0,0,1,1,0,0,1,0,0,1,1,1,1,0,1,0,0,1,1,1,0,1,1,0,1,1,1,0,0,0,0,1,0,1,0,1,0,0,
0,1,1,0,1,1,0,0,0,0,1,0,1,1,0,1,0,0,0,1,0,0,1,0,1,0,0,0,0,1,0,1,0,0,1,1,1,0,1,1,
1,1,1,1,1,0,0,0,1,1,1,1,0,1,0,1,0,0,1,0,1,0,1,1,0,1,0,1,0,0,1,0,0,1,1,1,0,0,1,1,
1,0,1,0,1,0,1,1,1,0,1,1,0,0,0,0,0,1,0,1,1,0,0,0,1,0,1,1,1,0,1,1,0,0,1,0,1,1,0,0,
1,0,1,0,0,1,1,0,1,0,1,1,0,1,1,0,0,1,1,0,0,1,1,0,0,1,0,0,1,1,1,0,0,1,0,0,1,1,0,0,
1,0,1,1,1,0,0,1,0,1,1,1,1,0,1,0,0,0,0,1,0,0,1,0,1,1,0,0,0,0,0,0,0,1,0,0,0,0,0,1,
1,1,1,1,1,1,0,1,1,0,0,1,1,1,0,1,0,0,1,0,0,1,1,0,0,1,1,0,0,0,0,0,1,0,1,0,0,0,1,0,
1,0,0,1,0,1,1,0,1,0,1,1,0,1,0,1,0,1,1,1,0,1,0,1,0,0,1,0,0,0,0,1,1,0,1,0,1,1,0,1,
0,0,1,1,0,0,1,1,1,0,0,1,0,0,1,0,1,0,0,1,1,1,0,0,1,1,1,0,0,0,0,0,0,0,0,0,1,1,0,0,
0,0,0,1,1,0,0,1,1,1,0,1,0,0,1,1,0,1,1,1,0,1,0,1,0,1,0,0,0,1,0,0,1,1,1,1,1,0,1,0,
1,1,1,1,1,0,1,0,1,0,0,1,1,1,0,0,0,0,0,1,0,1,0,0,0,0,0,0,1,1,0,1,0,1,0,1,1,1,0,1,
0,1,1,1,0,1,0,0,1,0,0,0,1,0,0,0,0,1,1,0,1,0,1,0,1,0,1,1,0,0,0,1,1,0,0,1,1,1,0,1,
0,0,1,1,0,1,1,0,0,1,0,1,0,1,1,0,0,1,0,1,0,1,0,1,1,1,0,0,1,1,0,1,0,0,0,0,0,0,1,0,
0,1,0,1,1,1,1,0,1,1,1,0,1,0,0,1,0,0,1,1,0,1,1,1,1,0,0,0,0,0,0,1,1,1,0,0,1,0,1,0,
0,1,0,1,1,0,0,0,0,1,1,1,0,0,1,0,0,0,1,0,1,0,0,1,0,1,1,0,0,1,1,1,1,1,0,1,0,1,1,0,
1,1,0,0,0,0,1,0,0,1,1,1,1,1,1,1,1,0,0,1,1,1,1,0,0,1,1,0,0,1,1,0,1,1,0,0,1,0,0,1,
0,1,1,1,0,1,0,1,1,0,0,0,1,1,1,1,1,0,1,1,0,1,0,1,1,0,0,0,1,0,0,1,0,0,1,1,1,0,0,1,
1,1,0,1,1,0,0,1,0,1,0,1,1,0,1,1,0,1,0,0,0,1,0,1,1,0,0,1,0,1,0,0,1,1,0,0,0,1,1,0,
========================
Output Graph: 
Number of Vertices: 40
Number of Edges: 380
Graph Density: 0.487179
0,1,0,1,1,0,0,0,0,0,0,0,0,0,0,0,0,0,0,1,0,0,0,0,1,1,0,0,1,1,0,0,0,0,0,0,0,1,0,0,
1,0,0,1,1,0,0,0,0,0,0,1,0,0,0,0,0,0,0,1,0,1,0,0,1,1,0,0,1,1,0,0,1,0,0,1,0,1,1,0,
0,0,0,0,1,0,0,0,0,0,0,0,0,0,1,0,0,1,0,1,0,1,0,1,1,0,1,1,1,0,0,0,1,0,0,0,0,0,1,0,
1,1,0,0,1,0,0,0,1,0,1,1,1,0,0,1,1,1,0,1,1,1,1,1,1,1,1,1,1,1,1,1,1,1,1,1,1,1,1,1,
1,1,1,1,0,1,0,0,0,0,1,1,1,1,1,1,0,1,1,1,1,1,1,1,1,1,1,1,1,0,0,1,1,0,0,1,1,1,1,1,
0,0,0,0,1,0,0,0,0,0,0,0,0,1,0,0,1,1,0,1,0,0,1,1,1,0,0,0,1,1,0,0,0,1,0,0,0,0,1,0,
0,0,0,0,0,0,0,0,0,1,1,1,1,0,0,0,0,1,0,1,1,1,0,0,1,1,1,0,1,0,0,1,1,0,0,0,0,1,1,1,
0,0,0,0,0,0,0,0,0,0,0,1,0,0,0,0,0,0,0,0,1,1,0,0,0,0,0,0,0,0,0,1,0,0,0,0,0,0,1,1,
0,0,0,1,0,0,0,0,0,0,0,1,0,0,0,0,0,1,0,1,1,1,0,0,1,1,1,0,1,1,1,1,1,0,0,0,0,0,1,0,
0,0,0,0,0,0,1,0,0,0,0,0,1,0,0,0,0,1,0,0,0,0,0,0,1,0,0,0,0,0,0,1,0,0,0,0,0,1,0,1,
0,0,0,1,1,0,1,0,0,0,0,1,0,0,1,0,0,1,1,1,1,1,0,1,1,1,1,0,1,0,0,0,0,0,0,0,1,1,0,0,
0,1,0,1,1,0,1,1,1,0,1,0,1,1,1,1,1,1,1,1,1,1,1,1,1,1,1,1,1,1,1,1,1,1,1,0,1,1,1,1,
0,0,0,1,1,0,1,0,0,1,0,1,0,0,0,0,0,1,0,0,0,0,0,1,1,0,0,0,0,0,0,0,1,0,0,1,0,1,1,1,
0,0,0,0,1,1,0,0,0,0,0,1,0,0,0,0,0,0,0,0,0,1,0,1,1,0,0,0,1,1,0,0,0,0,0,0,0,1,1,0,
0,0,1,0,1,0,0,0,0,0,1,1,0,0,0,0,0,0,1,1,1,1,0,0,0,0,1,1,0,0,0,1,1,0,1,0,0,1,1,0,
0,0,0,1,1,0,0,0,0,0,0,1,0,0,0,0,0,1,0,0,0,0,0,1,1,0,0,0,1,1,0,1,0,0,0,0,0,1,1,0,
0,0,0,1,0,1,0,0,0,0,0,1,0,0,0,0,0,1,0,1,1,1,0,0,0,0,0,0,0,0,0,0,0,1,0,0,0,1,1,0,
0,0,1,1,1,1,1,0,1,1,1,1,1,0,0,1,1,0,0,1,1,1,0,0,1,1,1,0,1,1,0,1,1,1,1,0,1,1,1,1,
0,0,0,0,1,0,0,0,0,0,1,1,0,0,1,0,0,0,0,0,1,0,0,0,1,0,0,0,0,0,0,1,0,0,0,0,0,1,1,0,
1,1,1,1,1,1,1,0,1,0,1,1,0,0,1,0,1,1,0,0,1,1,1,1,1,1,0,1,1,1,1,1,1,1,1,1,1,1,1,0,
0,0,0,1,1,0,1,1,1,0,1,1,0,0,1,0,1,1,1,1,0,1,1,1,1,1,0,0,1,1,1,1,0,1,0,1,1,1,1,1,
0,1,1,1,1,0,1,1,1,0,1,1,0,1,1,0,1,1,0,1,1,0,1,1,1,1,1,0,1,1,1,1,1,1,1,1,0,1,1,1,
0,0,0,1,1,1,0,0,0,0,0,1,0,0,0,0,0,0,0,1,1,1,0,0,1,0,1,0,1,0,0,1,0,0,0,0,0,1,0,0,
0,0,1,1,1,1,0,0,0,0,1,1,1,1,0,1,0,0,0,1,1,1,0,0,1,1,1,0,1,1,0,1,1,0,1,1,1,1,1,1,
1,1,1,1,1,1,1,0,1,1,1,1,1,1,0,1,0,1,1,1,1,1,1,1,0,1,1,1,0,0,1,1,1,1,1,1,0,1,1,1,
1,1,0,1,1,0,1,0,1,0,1,1,0,0,0,0,0,1,0,1,1,1,0,1,1,0,1,1,1,1,1,1,1,0,1,1,1,1,1,0,
0,0,1,1,1,0,1,0,1,0,1,1,0,0,1,0,0,1,0,0,0,1,1,1,1,1,0,0,1,1,1,1,0,0,0,1,0,1,1,0,
0,0,1,1,1,0,0,0,0,0,0,1,0,0,1,0,0,0,0,1,0,0,0,0,1,1,0,0,0,0,0,0,0,0,0,0,0,0,1,0,
1,1,1,1,1,1,1,0,1,0,1,1,0,1,0,1,0,1,0,1,1,1,1,1,0,1,1,0,0,0,0,1,1,0,1,1,0,1,1,0,
1,1,0,1,0,1,0,0,1,0,0,1,0,1,0,1,0,1,0,1,1,1,0,1,0,1,1,0,0,0,1,1,1,1,0,1,0,1,1,0,
0,0,0,1,0,0,0,0,1,0,0,1,0,0,0,0,0,0,0,1,1,1,0,0,1,1,1,0,0,1,0,0,0,0,0,0,0,1,0,0,
0,0,0,1,1,0,1,1,1,1,0,1,0,0,1,1,0,1,1,1,1,1,1,1,1,1,1,0,1,1,0,0,1,1,1,1,1,1,1,1,
0,1,1,1,1,0,1,0,1,0,0,1,1,0,1,0,0,1,0,1,0,1,0,1,1,1,0,0,1,1,0,1,0,1,0,1,0,1,0,1,
0,0,0,1,0,1,0,0,0,0,0,1,0,0,0,0,1,1,0,1,1,1,0,0,1,0,0,0,0,1,0,1,1,0,0,0,0,1,1,0,
0,0,0,1,0,0,0,0,0,0,0,1,0,0,1,0,0,1,0,1,0,1,0,1,1,1,0,0,1,0,0,1,0,0,0,0,0,0,1,0,
0,1,0,1,1,0,0,0,0,0,0,0,1,0,0,0,0,0,0,1,1,1,0,1,1,1,1,0,1,1,0,1,1,0,0,0,0,0,1,0,
0,0,0,1,1,0,0,0,0,0,1,1,0,0,0,0,0,1,0,1,1,0,0,1,0,1,0,0,0,0,0,1,0,0,0,0,0,1,1,0,
1,1,0,1,1,0,1,0,0,1,1,1,1,1,1,1,1,1,1,1,1,1,1,1,1,1,1,0,1,1,1,1,1,1,0,0,1,0,1,1,
0,1,1,1,1,1,1,1,1,0,0,1,1,1,1,1,1,1,1,1,1,1,0,1,1,1,1,1,1,1,0,1,0,1,1,1,1,1,0,1,
0,0,0,1,1,0,1,1,0,1,0,1,1,0,0,0,0,1,0,0,1,1,0,1,1,0,0,0,0,0,0,1,1,0,0,0,0,1,1,0,
Is Output Graph Empty or Complete?: 0
Ratio of Added Edges Over Added + Removed Edges: 0.478261
Changes from Input to Output: 
Added Edge: (0, 4)
Removed Edge: (0, 5)
Removed Edge: (0, 8)
Removed Edge: (0, 9)
Removed Edge: (0, 10)
Removed Edge: (0, 17)
Removed Edge: (0, 18)
Removed Edge: (0, 26)
Removed Edge: (0, 27)
Removed Edge: (0, 32)
Removed Edge: (0, 39)
Removed Edge: (1, 7)
Removed Edge: (1, 8)
Removed Edge: (1, 14)
Removed Edge: (1, 23)
Added Edge: (1, 25)
Added Edge: (1, 29)
Removed Edge: (1, 33)
Removed Edge: (1, 36)
Removed Edge: (1, 39)
Removed Edge: (2, 7)
Removed Edge: (2, 9)
Removed Edge: (2, 16)
Removed Edge: (2, 25)
Removed Edge: (2, 30)
Removed Edge: (2, 33)
Removed Edge: (2, 34)
Added Edge: (3, 4)
Added Edge: (3, 10)
Added Edge: (3, 12)
Added Edge: (3, 16)
Removed Edge: (3, 18)
Added Edge: (3, 19)
Added Edge: (3, 21)
Added Edge: (3, 22)
Added Edge: (3, 23)
Added Edge: (3, 25)
Added Edge: (3, 26)
Added Edge: (3, 37)
Removed Edge: (4, 8)
Added Edge: (4, 12)
Added Edge: (4, 15)
Removed Edge: (4, 16)
Added Edge: (4, 17)
Added Edge: (4, 19)
Added Edge: (4, 21)
Added Edge: (4, 26)
Added Edge: (4, 37)
Added Edge: (4, 38)
Removed Edge: (5, 7)
Removed Edge: (5, 10)
Removed Edge: (5, 14)
Removed Edge: (5, 15)
Added Edge: (5, 17)
Added Edge: (5, 19)
Added Edge: (5, 24)
Removed Edge: (5, 26)
Removed Edge: (5, 34)
Removed Edge: (5, 35)
Removed Edge: (6, 7)
Removed Edge: (6, 8)
Added Edge: (6, 10)
Added Edge: (6, 11)
Removed Edge: (6, 13)
Added Edge: (6, 24)
Added Edge: (6, 28)
Removed Edge: (6, 29)
Removed Edge: (6, 30)
Added Edge: (6, 31)
Removed Edge: (6, 34)
Removed Edge: (6, 35)
Added Edge: (6, 38)
Added Edge: (6, 39)
Removed Edge: (7, 10)
Removed Edge: (7, 12)
Removed Edge: (7, 13)
Removed Edge: (7, 18)
Removed Edge: (7, 25)
Removed Edge: (7, 27)
Removed Edge: (7, 28)
Removed Edge: (7, 30)
Added Edge: (8, 17)
Added Edge: (8, 21)
Removed Edge: (8, 22)
Removed Edge: (8, 33)
Removed Edge: (8, 35)
Removed Edge: (9, 15)
Removed Edge: (9, 16)
Removed Edge: (9, 27)
Removed Edge: (9, 34)
Removed Edge: (9, 35)
Removed Edge: (9, 36)
Removed Edge: (10, 12)
Added Edge: (10, 14)
Added Edge: (10, 19)
Removed Edge: (10, 27)
Added Edge: (10, 28)
Removed Edge: (10, 29)
Removed Edge: (10, 35)
Added Edge: (11, 12)
Added Edge: (11, 17)
Added Edge: (11, 23)
Added Edge: (11, 33)
Added Edge: (11, 38)
Removed Edge: (12, 16)
Removed Edge: (12, 22)
Added Edge: (12, 24)
Removed Edge: (12, 27)
Removed Edge: (12, 28)
Removed Edge: (12, 33)
Removed Edge: (13, 20)
Removed Edge: (13, 22)
Removed Edge: (13, 26)
Removed Edge: (13, 32)
Removed Edge: (13, 34)
Removed Edge: (14, 15)
Removed Edge: (14, 16)
Added Edge: (14, 20)
Removed Edge: (14, 22)
Removed Edge: (14, 30)
Added Edge: (14, 32)
Removed Edge: (14, 36)
Removed Edge: (14, 39)
Removed Edge: (15, 16)
Removed Edge: (15, 20)
Removed Edge: (15, 35)
Removed Edge: (15, 39)
Removed Edge: (16, 18)
Removed Edge: (16, 22)
Removed Edge: (16, 30)
Added Edge: (16, 33)
Added Edge: (17, 24)
Added Edge: (17, 28)
Added Edge: (17, 32)
Added Edge: (17, 36)
Added Edge: (17, 37)
Added Edge: (17, 38)
Removed Edge: (18, 26)
Removed Edge: (18, 28)
Removed Edge: (18, 29)
Removed Edge: (18, 33)
Removed Edge: (18, 35)
Removed Edge: (18, 36)
Added Edge: (18, 37)
Added Edge: (19, 21)
Added Edge: (19, 24)
Added Edge: (19, 28)
Added Edge: (19, 33)
Added Edge: (19, 36)
Added Edge: (20, 21)
Added Edge: (20, 23)
Added Edge: (20, 28)
Added Edge: (20, 29)
Added Edge: (20, 31)
Added Edge: (20, 35)
Added Edge: (20, 38)
Added Edge: (20, 39)
Added Edge: (21, 23)
Added Edge: (21, 24)
Added Edge: (21, 25)
Added Edge: (21, 33)
Removed Edge: (22, 23)
Removed Edge: (22, 27)
Added Edge: (22, 31)
Removed Edge: (22, 33)
Removed Edge: (22, 35)
Added Edge: (23, 25)
Added Edge: (23, 26)
Added Edge: (23, 28)
Added Edge: (23, 32)
Added Edge: (23, 37)
Added Edge: (24, 26)
Added Edge: (24, 31)
Added Edge: (24, 32)
Added Edge: (24, 37)
Added Edge: (25, 29)
Added Edge: (25, 32)
Added Edge: (25, 35)
Added Edge: (25, 38)
Added Edge: (26, 31)
Removed Edge: (26, 33)
Added Edge: (26, 35)
Removed Edge: (26, 36)
Added Edge: (26, 38)
Removed Edge: (27, 33)
Added Edge: (27, 38)
Removed Edge: (27, 39)
Added Edge: (28, 31)
Added Edge: (28, 35)
Added Edge: (28, 37)
Added Edge: (29, 30)
Added Edge: (29, 33)
Removed Edge: (29, 34)
Added Edge: (29, 35)
Removed Edge: (29, 36)
Added Edge: (29, 38)
Removed Edge: (29, 39)
Removed Edge: (30, 36)
Added Edge: (31, 37)
Added Edge: (31, 39)
Removed Edge: (32, 36)
Removed Edge: (33, 35)
Removed Edge: (33, 36)
Added Edge: (33, 38)
Removed Edge: (33, 39)
Removed Edge: (35, 36)
Added Edge: (37, 38)
========================
