========================
TIME_LIMIT_SECONDS: 900
ODD_HOLE_TERMINATION_PERCENTAGE: 999
N_THREADS: 24
IS_RUNNING_HEURISTIC_ON_CANDIDATE: 0
IS_RUNNING_HEURISTIC_ON_RELAXATION: 0
ADD_ALL_AT_START: 0
========================
Wall-Clock Runtime (ms): 900139
Calculated Odd Hole Termination Batch Size: 0
Total Time of All Workers in OddHoleAlg (nano): 1340549636
Total Time of All Workers in OddHoleAlg (ms): 1340
OddHoleAlg calls: 90
Number of Found Odd-Holes: 19962
Number of Found Odd Anti-Holes: 352588
Is Optimal? (1e-6): 0
Optimality Gap: 0.27567
Objective Value: 55
Number of Feasible Solutions Found: 5
Number of Times Heuristic is Called: 0
Total number of added OH and OHbar Cuts: 372550
Number of Explored B&C tree nodes: 21267
Number of Unexplored B&C tree nodes: 9902
========================
Input Graph:
Number of Vertices: 40
Erdos Renyi p Parameter: 0.75
Number of Edges: 597
Expected No of Odd Holes: 1833
Expected No of Odd Anti Holes: 19717
ODD_HOLE_TERMINATION_BATCH_SIZE: 0
Graph Density: 0.765385
0,0,1,1,0,0,1,0,1,1,0,1,1,1,1,1,1,1,0,1,1,1,1,1,1,1,0,1,1,1,1,1,1,0,0,1,1,1,1,1,
0,0,1,0,0,1,1,1,1,1,1,0,1,1,1,1,1,1,0,1,1,0,1,1,1,1,0,1,1,1,1,0,1,1,1,1,1,1,1,1,
1,1,0,1,0,1,1,1,1,1,1,1,1,1,1,1,0,0,1,1,1,1,1,1,0,1,1,1,1,0,1,1,1,0,1,0,1,1,1,1,
1,0,1,0,1,0,1,1,1,1,1,1,1,0,1,0,1,1,1,1,1,1,1,0,1,1,1,1,1,1,1,1,1,1,1,0,1,0,1,1,
0,0,0,1,0,1,1,0,0,1,0,1,1,0,1,1,1,1,1,0,1,0,1,1,0,0,1,1,1,0,1,1,0,0,1,1,1,1,0,0,
0,1,1,0,1,0,1,1,1,1,1,1,0,0,1,1,1,1,1,1,1,1,1,1,1,1,0,1,1,1,1,0,1,1,0,1,1,1,1,1,
1,1,1,1,1,1,0,1,0,1,1,1,0,1,1,1,1,1,0,1,1,1,1,1,0,1,0,1,1,1,1,1,1,1,1,1,0,1,1,0,
0,1,1,1,0,1,1,0,0,1,0,1,1,1,1,1,1,1,1,0,1,1,1,0,1,0,1,0,1,1,1,1,1,1,1,1,1,1,1,1,
1,1,1,1,0,1,0,0,0,1,0,1,0,1,1,1,0,1,1,1,1,1,1,0,1,0,1,1,1,1,0,1,0,0,0,1,1,1,1,1,
1,1,1,1,1,1,1,1,1,0,1,1,1,1,1,1,1,0,1,1,1,0,1,1,1,1,0,0,0,1,1,1,1,1,0,1,0,1,1,1,
0,1,1,1,0,1,1,0,0,1,0,1,1,1,0,1,1,0,1,1,1,1,1,1,1,1,1,1,1,1,1,0,1,1,1,1,1,0,1,1,
1,0,1,1,1,1,1,1,1,1,1,0,1,1,1,1,0,1,1,1,1,1,0,1,0,0,1,0,1,1,1,1,1,0,1,1,1,1,1,1,
1,1,1,1,1,0,0,1,0,1,1,1,0,0,1,1,1,1,1,1,1,1,1,1,0,1,1,1,1,1,1,1,0,1,1,0,0,1,1,0,
1,1,1,0,0,0,1,1,1,1,1,1,0,0,0,0,1,0,1,1,1,1,0,1,1,1,0,1,0,0,1,0,0,1,1,1,1,1,0,1,
1,1,1,1,1,1,1,1,1,1,0,1,1,0,0,1,1,1,1,0,0,1,1,0,1,1,1,0,0,0,1,1,0,1,1,1,1,1,1,1,
1,1,1,0,1,1,1,1,1,1,1,1,1,0,1,0,0,1,0,1,1,1,1,1,1,0,1,1,0,0,1,0,1,1,1,0,0,1,1,1,
1,1,0,1,1,1,1,1,0,1,1,0,1,1,1,0,0,0,0,1,1,0,0,1,1,1,1,1,1,0,0,0,1,0,1,1,1,0,1,1,
1,1,0,1,1,1,1,1,1,0,0,1,1,0,1,1,0,0,1,1,1,1,0,1,1,1,1,0,0,1,1,1,1,1,0,0,0,1,1,1,
0,0,1,1,1,1,0,1,1,1,1,1,1,1,1,0,0,1,0,1,1,1,1,1,1,1,1,1,1,0,1,1,1,1,1,1,0,0,1,1,
1,1,1,1,0,1,1,0,1,1,1,1,1,1,0,1,1,1,1,0,0,1,1,1,0,0,0,1,1,1,0,1,1,1,0,1,0,1,1,1,
1,1,1,1,1,1,1,1,1,1,1,1,1,1,0,1,1,1,1,0,0,1,1,1,0,1,1,1,1,1,1,1,1,1,0,1,1,1,1,0,
1,0,1,1,0,1,1,1,1,0,1,1,1,1,1,1,0,1,1,1,1,0,0,1,1,1,1,1,1,0,1,1,1,1,1,1,0,1,0,1,
1,1,1,1,1,1,1,1,1,1,1,0,1,0,1,1,0,0,1,1,1,0,0,1,0,1,1,1,1,1,0,1,1,1,1,1,1,1,1,1,
1,1,1,0,1,1,1,0,0,1,1,1,1,1,0,1,1,1,1,1,1,1,1,0,1,0,1,1,1,0,0,1,1,1,1,1,1,0,1,1,
1,1,0,1,0,1,0,1,1,1,1,0,0,1,1,1,1,1,1,0,0,1,0,1,0,1,1,1,1,1,0,1,1,1,1,1,1,1,1,1,
1,1,1,1,0,1,1,0,0,1,1,0,1,1,1,0,1,1,1,0,1,1,1,0,1,0,1,1,1,0,1,1,1,1,1,1,0,1,0,0,
0,0,1,1,1,0,0,1,1,0,1,1,1,0,1,1,1,1,1,0,1,1,1,1,1,1,0,0,1,0,1,1,1,1,1,1,1,1,1,1,
1,1,1,1,1,1,1,0,1,0,1,0,1,1,0,1,1,0,1,1,1,1,1,1,1,1,0,0,0,1,1,1,1,0,0,1,1,1,0,0,
1,1,1,1,1,1,1,1,1,0,1,1,1,0,0,0,1,0,1,1,1,1,1,1,1,1,1,0,0,1,0,1,1,0,1,1,1,1,1,1,
1,1,0,1,0,1,1,1,1,1,1,1,1,0,0,0,0,1,0,1,1,0,1,0,1,0,0,1,1,0,0,0,1,1,1,1,1,0,1,0,
1,1,1,1,1,1,1,1,0,1,1,1,1,1,1,1,0,1,1,0,1,1,0,0,0,1,1,1,0,0,0,0,0,1,1,1,1,1,1,0,
1,0,1,1,1,0,1,1,1,1,0,1,1,0,1,0,0,1,1,1,1,1,1,1,1,1,1,1,1,0,0,0,1,1,1,1,0,1,1,1,
1,1,1,1,0,1,1,1,0,1,1,1,0,0,0,1,1,1,1,1,1,1,1,1,1,1,1,1,1,1,0,1,0,1,1,1,0,1,1,0,
0,1,0,1,0,1,1,1,0,1,1,0,1,1,1,1,0,1,1,1,1,1,1,1,1,1,1,0,0,1,1,1,1,0,1,1,1,1,1,1,
0,1,1,1,1,0,1,1,0,0,1,1,1,1,1,1,1,0,1,0,0,1,1,1,1,1,1,0,1,1,1,1,1,1,0,1,1,1,1,1,
1,1,0,0,1,1,1,1,1,1,1,1,0,1,1,0,1,0,1,1,1,1,1,1,1,1,1,1,1,1,1,1,1,1,1,0,1,1,1,0,
1,1,1,1,1,1,0,1,1,0,1,1,0,1,1,0,1,0,0,0,1,0,1,1,1,0,1,1,1,1,1,0,0,1,1,1,0,0,0,1,
1,1,1,0,1,1,1,1,1,1,0,1,1,1,1,1,0,1,0,1,1,1,1,0,1,1,1,1,1,0,1,1,1,1,1,1,0,0,0,1,
1,1,1,1,0,1,1,1,1,1,1,1,1,0,1,1,1,1,1,1,1,0,1,1,1,0,1,0,1,1,1,1,1,1,1,1,0,0,0,1,
1,1,1,1,0,1,0,1,1,1,1,1,0,1,1,1,1,1,1,1,0,1,1,1,1,0,1,0,1,0,0,1,0,1,1,0,1,1,1,0,
========================
Output Graph: 
Number of Vertices: 40
Number of Edges: 642
Graph Density: 0.823077
0,1,1,1,0,1,1,0,1,1,1,1,1,1,1,1,1,1,1,1,1,1,1,1,1,1,0,1,1,1,1,1,1,0,0,1,1,1,1,1,
1,0,1,0,0,1,1,1,1,1,1,0,1,1,1,1,1,1,1,1,1,0,1,1,1,1,0,1,1,1,1,0,1,1,1,1,1,1,1,1,
1,1,0,1,1,1,1,1,1,1,1,1,1,1,1,1,0,1,1,1,1,1,1,1,0,1,1,1,1,0,1,1,1,1,1,0,1,1,1,1,
1,0,1,0,1,0,1,1,1,1,1,1,1,0,1,1,1,1,1,1,1,1,1,0,1,1,1,1,1,1,1,1,1,1,1,0,1,1,1,1,
0,0,1,1,0,1,1,0,0,1,1,1,1,0,1,1,0,1,1,0,1,1,1,0,0,0,1,0,1,0,1,1,0,0,1,1,0,1,0,0,
1,1,1,0,1,0,1,1,1,1,1,1,0,0,1,1,1,1,1,1,1,1,1,1,1,1,0,1,1,1,1,0,1,1,1,1,1,1,1,1,
1,1,1,1,1,1,0,1,0,1,1,1,0,1,1,1,1,1,1,1,1,1,1,1,0,1,1,1,1,1,1,1,1,1,1,1,0,1,1,0,
0,1,1,1,0,1,1,0,0,1,1,1,1,1,1,1,1,1,1,0,1,1,1,0,1,1,1,0,1,1,1,1,1,1,1,1,1,1,1,1,
1,1,1,1,0,1,0,0,0,1,1,1,0,1,1,1,1,1,1,1,1,1,1,1,1,0,1,1,1,1,0,1,0,0,0,1,1,1,1,1,
1,1,1,1,1,1,1,1,1,0,1,1,1,1,1,1,1,0,1,1,1,0,1,1,1,1,0,0,1,1,1,1,1,1,0,1,1,1,1,1,
1,1,1,1,1,1,1,1,1,1,0,1,1,1,1,1,1,0,1,1,1,1,1,1,1,1,1,1,1,1,1,0,1,1,1,1,1,0,1,1,
1,0,1,1,1,1,1,1,1,1,1,0,1,1,1,1,0,1,1,1,1,1,0,1,0,1,1,0,1,1,1,1,1,1,1,1,1,1,1,1,
1,1,1,1,1,0,0,1,0,1,1,1,0,0,1,1,1,1,1,1,1,1,1,1,0,1,1,1,1,1,1,1,0,1,1,0,0,1,1,0,
1,1,1,0,0,0,1,1,1,1,1,1,0,0,0,0,1,0,1,1,1,1,1,1,1,1,0,1,0,1,1,0,0,1,1,1,1,1,1,1,
1,1,1,1,1,1,1,1,1,1,1,1,1,0,0,1,1,1,1,0,1,1,1,0,1,1,1,0,0,0,1,1,1,1,1,1,1,1,1,1,
1,1,1,1,1,1,1,1,1,1,1,1,1,0,1,0,0,1,0,1,1,1,1,1,1,1,1,1,0,0,1,1,1,1,1,0,0,1,1,1,
1,1,0,1,0,1,1,1,1,1,1,0,1,1,1,0,0,0,0,1,1,0,0,1,1,1,1,1,1,1,0,0,1,0,1,1,1,0,1,1,
1,1,1,1,1,1,1,1,1,0,0,1,1,0,1,1,0,0,1,1,1,1,0,1,1,1,1,0,0,1,1,1,1,1,1,0,0,1,1,1,
1,1,1,1,1,1,1,1,1,1,1,1,1,1,1,0,0,1,0,1,1,1,1,1,1,1,1,1,1,0,1,1,1,1,1,1,0,0,1,1,
1,1,1,1,0,1,1,0,1,1,1,1,1,1,0,1,1,1,1,0,0,1,1,1,1,0,0,1,1,1,0,1,1,1,0,1,1,1,1,1,
1,1,1,1,1,1,1,1,1,1,1,1,1,1,1,1,1,1,1,0,0,1,1,1,0,1,1,1,1,1,1,1,1,1,1,1,1,1,1,0,
1,0,1,1,1,1,1,1,1,0,1,1,1,1,1,1,0,1,1,1,1,0,0,1,1,1,1,0,1,0,1,1,1,1,1,1,0,1,0,1,
1,1,1,1,1,1,1,1,1,1,1,0,1,1,1,1,0,0,1,1,1,0,0,1,1,1,1,1,1,1,0,1,1,1,1,1,1,1,1,1,
1,1,1,0,0,1,1,0,1,1,1,1,1,1,0,1,1,1,1,1,1,1,1,0,1,0,1,1,1,1,0,1,1,1,1,1,1,0,1,1,
1,1,0,1,0,1,0,1,1,1,1,0,0,1,1,1,1,1,1,1,0,1,1,1,0,1,1,1,1,1,0,1,1,1,1,1,1,1,1,1,
1,1,1,1,0,1,1,1,0,1,1,1,1,1,1,1,1,1,1,0,1,1,1,0,1,0,1,1,1,0,1,1,1,1,1,1,0,1,1,0,
0,0,1,1,1,0,1,1,1,0,1,1,1,0,1,1,1,1,1,0,1,1,1,1,1,1,0,0,1,1,1,1,1,1,1,1,1,1,1,1,
1,1,1,1,0,1,1,0,1,0,1,0,1,1,0,1,1,0,1,1,1,0,1,1,1,1,0,0,1,1,1,1,1,0,0,1,1,1,0,1,
1,1,1,1,1,1,1,1,1,1,1,1,1,0,0,0,1,0,1,1,1,1,1,1,1,1,1,1,0,1,1,1,1,1,1,1,1,1,1,1,
1,1,0,1,0,1,1,1,1,1,1,1,1,1,0,0,1,1,0,1,1,0,1,1,1,0,1,1,1,0,0,0,1,1,1,1,1,0,1,1,
1,1,1,1,1,1,1,1,0,1,1,1,1,1,1,1,0,1,1,0,1,1,0,0,0,1,1,1,1,0,0,1,1,1,1,1,1,1,1,0,
1,0,1,1,1,0,1,1,1,1,0,1,1,0,1,1,0,1,1,1,1,1,1,1,1,1,1,1,1,0,1,0,1,1,1,1,0,1,1,1,
1,1,1,1,0,1,1,1,0,1,1,1,0,0,1,1,1,1,1,1,1,1,1,1,1,1,1,1,1,1,1,1,0,1,1,1,0,1,1,0,
0,1,1,1,0,1,1,1,0,1,1,1,1,1,1,1,0,1,1,1,1,1,1,1,1,1,1,0,1,1,1,1,1,0,1,1,1,1,1,1,
0,1,1,1,1,1,1,1,0,0,1,1,1,1,1,1,1,1,1,0,1,1,1,1,1,1,1,0,1,1,1,1,1,1,0,1,1,1,1,1,
1,1,0,0,1,1,1,1,1,1,1,1,0,1,1,0,1,0,1,1,1,1,1,1,1,1,1,1,1,1,1,1,1,1,1,0,1,1,1,1,
1,1,1,1,0,1,0,1,1,1,1,1,0,1,1,0,1,0,0,1,1,0,1,1,1,0,1,1,1,1,1,0,0,1,1,1,0,0,0,1,
1,1,1,1,1,1,1,1,1,1,0,1,1,1,1,1,0,1,0,1,1,1,1,0,1,1,1,1,1,0,1,1,1,1,1,1,0,0,1,1,
1,1,1,1,0,1,1,1,1,1,1,1,1,1,1,1,1,1,1,1,1,0,1,1,1,1,1,0,1,1,1,1,1,1,1,1,0,1,0,1,
1,1,1,1,0,1,0,1,1,1,1,1,0,1,1,1,1,1,1,1,0,1,1,1,1,0,1,1,1,1,0,1,0,1,1,1,1,1,1,0,
Is Output Graph Empty or Complete?: 0
Ratio of Added Edges Over Added + Removed Edges: 0.909091
Changes from Input to Output: 
Added Edge: (0, 1)
Added Edge: (0, 5)
Added Edge: (0, 10)
Added Edge: (0, 18)
Added Edge: (1, 18)
Added Edge: (2, 4)
Added Edge: (2, 17)
Added Edge: (2, 33)
Added Edge: (3, 15)
Added Edge: (3, 37)
Added Edge: (4, 10)
Removed Edge: (4, 16)
Added Edge: (4, 21)
Removed Edge: (4, 23)
Removed Edge: (4, 27)
Removed Edge: (4, 36)
Added Edge: (5, 34)
Added Edge: (6, 18)
Added Edge: (6, 26)
Added Edge: (7, 10)
Added Edge: (7, 25)
Added Edge: (8, 10)
Added Edge: (8, 16)
Added Edge: (8, 23)
Added Edge: (9, 28)
Added Edge: (9, 36)
Added Edge: (10, 14)
Added Edge: (11, 25)
Added Edge: (11, 33)
Added Edge: (13, 22)
Added Edge: (13, 29)
Added Edge: (13, 38)
Added Edge: (14, 20)
Added Edge: (14, 32)
Added Edge: (15, 25)
Added Edge: (15, 31)
Added Edge: (16, 29)
Added Edge: (17, 34)
Added Edge: (19, 24)
Added Edge: (19, 36)
Added Edge: (20, 34)
Removed Edge: (21, 27)
Added Edge: (22, 24)
Added Edge: (23, 29)
Added Edge: (25, 38)
Added Edge: (26, 29)
Added Edge: (27, 28)
Added Edge: (27, 39)
Added Edge: (28, 30)
Added Edge: (28, 33)
Added Edge: (29, 39)
Added Edge: (30, 31)
Added Edge: (30, 32)
Added Edge: (35, 39)
Added Edge: (37, 38)
========================
