========================
TIME_LIMIT_SECONDS: 900
ODD_HOLE_TERMINATION_PERCENTAGE: 999
N_THREADS: 24
IS_RUNNING_HEURISTIC_ON_CANDIDATE: 0
IS_RUNNING_HEURISTIC_ON_RELAXATION: 0
ADD_ALL_AT_START: 0
========================
Wall-Clock Runtime (ms): 900880
Calculated Odd Hole Termination Batch Size: 0
Total Time of All Workers in OddHoleAlg (nano): 284916780
Total Time of All Workers in OddHoleAlg (ms): 284
OddHoleAlg calls: 310
Number of Found Odd-Holes: 23325
Number of Found Odd Anti-Holes: 49677
Is Optimal? (1e-6): 0
Optimality Gap: 0.122568
Objective Value: 33
Number of Feasible Solutions Found: 9
Number of Times Heuristic is Called: 0
Total number of added OH and OHbar Cuts: 73002
Number of Explored B&C tree nodes: 316358
Number of Unexplored B&C tree nodes: 161915
========================
Input Graph:
Number of Vertices: 30
Erdos Renyi p Parameter: 0.75
Number of Edges: 314
Expected No of Odd Holes: 396
Expected No of Odd Anti Holes: 1341
ODD_HOLE_TERMINATION_BATCH_SIZE: 0
Graph Density: 0.721839
0,1,1,1,1,0,1,1,1,1,1,1,1,1,0,1,1,1,1,1,0,1,1,1,1,1,1,0,1,1,
1,0,0,0,1,1,1,0,1,0,0,0,1,1,1,1,1,0,0,1,0,1,0,1,1,1,1,0,1,1,
1,0,0,1,1,1,1,1,0,1,1,1,1,1,0,1,1,1,1,1,1,1,1,0,1,1,1,1,0,0,
1,0,1,0,1,1,1,1,0,0,0,1,1,1,1,1,0,0,0,1,1,1,1,1,1,0,1,0,1,1,
1,1,1,1,0,1,1,1,0,1,1,1,1,0,1,1,1,1,1,1,1,0,1,1,0,0,1,1,1,1,
0,1,1,1,1,0,1,0,1,1,1,1,1,0,0,1,1,1,1,0,1,1,0,0,1,1,1,1,1,1,
1,1,1,1,1,1,0,1,1,1,1,1,0,1,1,1,1,1,0,1,1,1,1,1,0,1,1,1,1,1,
1,0,1,1,1,0,1,0,0,1,1,1,1,1,1,1,1,1,1,1,0,0,0,0,1,1,0,1,0,1,
1,1,0,0,0,1,1,0,0,0,1,1,1,0,1,1,1,0,1,1,1,1,1,1,1,0,1,1,1,1,
1,0,1,0,1,1,1,1,0,0,0,1,0,0,1,1,0,1,1,0,1,1,1,1,0,0,0,1,1,1,
1,0,1,0,1,1,1,1,1,0,0,1,0,1,0,1,1,1,1,1,1,1,0,1,0,1,1,1,0,1,
1,0,1,1,1,1,1,1,1,1,1,0,0,1,1,1,1,1,1,1,1,1,1,0,1,1,0,1,0,1,
1,1,1,1,1,1,0,1,1,0,0,0,0,1,1,1,1,1,0,1,0,0,0,1,0,1,1,1,1,1,
1,1,1,1,0,0,1,1,0,0,1,1,1,0,0,0,0,0,0,1,0,1,1,1,1,0,1,1,0,1,
0,1,0,1,1,0,1,1,1,1,0,1,1,0,0,0,1,1,1,1,0,0,1,0,0,1,0,1,1,1,
1,1,1,1,1,1,1,1,1,1,1,1,1,0,0,0,0,0,1,1,1,0,1,0,1,1,1,1,0,1,
1,1,1,0,1,1,1,1,1,0,1,1,1,0,1,0,0,1,1,0,1,0,1,1,1,1,0,0,1,1,
1,0,1,0,1,1,1,1,0,1,1,1,1,0,1,0,1,0,1,1,1,0,1,1,1,0,1,0,0,1,
1,0,1,0,1,1,0,1,1,1,1,1,0,0,1,1,1,1,0,0,0,1,1,0,1,1,1,1,1,0,
1,1,1,1,1,0,1,1,1,0,1,1,1,1,1,1,0,1,0,0,1,1,0,1,1,1,0,0,1,0,
0,0,1,1,1,1,1,0,1,1,1,1,0,0,0,1,1,1,0,1,0,1,1,1,0,1,1,1,1,1,
1,1,1,1,0,1,1,0,1,1,1,1,0,1,0,0,0,0,1,1,1,0,1,1,1,0,1,1,0,1,
1,0,1,1,1,0,1,0,1,1,0,1,0,1,1,1,1,1,1,0,1,1,0,1,1,1,1,0,0,1,
1,1,0,1,1,0,1,0,1,1,1,0,1,1,0,0,1,1,0,1,1,1,1,0,0,1,1,1,1,0,
1,1,1,1,0,1,0,1,1,0,0,1,0,1,0,1,1,1,1,1,0,1,1,0,0,1,1,1,0,1,
1,1,1,0,0,1,1,1,0,0,1,1,1,0,1,1,1,0,1,1,1,0,1,1,1,0,1,1,1,0,
1,1,1,1,1,1,1,0,1,0,1,0,1,1,0,1,0,1,1,0,1,1,1,1,1,1,0,1,1,1,
0,0,1,0,1,1,1,1,1,1,1,1,1,1,1,1,0,0,1,0,1,1,0,1,1,1,1,0,1,0,
1,1,0,1,1,1,1,0,1,1,0,0,1,0,1,0,1,0,1,1,1,0,0,1,0,1,1,1,0,0,
1,1,0,1,1,1,1,1,1,1,1,1,1,1,1,1,1,1,0,0,1,1,1,0,1,0,1,0,0,0,
========================
Output Graph: 
Number of Vertices: 30
Number of Edges: 339
Graph Density: 0.77931
0,1,1,1,1,0,1,1,1,1,1,1,1,1,0,1,1,1,1,1,0,1,1,1,1,1,1,1,1,1,
1,0,0,1,1,1,1,0,1,0,0,0,1,1,1,1,1,0,0,1,0,1,0,1,1,1,1,0,1,1,
1,0,0,1,1,1,1,1,0,1,1,1,1,1,0,1,1,1,1,1,1,1,1,0,1,1,1,1,0,1,
1,1,1,0,1,1,1,1,1,0,0,1,1,1,1,1,0,0,0,1,1,1,0,1,1,0,1,0,1,1,
1,1,1,1,0,1,1,1,0,1,1,1,1,0,1,1,1,1,1,1,1,0,1,1,1,0,1,1,1,1,
0,1,1,1,1,0,1,1,1,1,1,1,1,0,0,1,1,1,1,0,1,1,1,0,1,1,1,1,1,1,
1,1,1,1,1,1,0,1,1,1,1,1,0,1,1,1,1,1,0,1,1,1,1,1,0,1,1,1,1,1,
1,0,1,1,1,1,1,0,0,1,1,1,1,1,1,1,1,1,1,1,1,0,1,0,1,1,0,1,0,1,
1,1,0,1,0,1,1,0,0,0,1,1,1,1,1,1,1,0,1,1,1,1,1,1,1,0,1,1,1,1,
1,0,1,0,1,1,1,1,0,0,0,1,0,0,1,1,0,1,1,0,1,0,1,1,1,0,0,1,1,1,
1,0,1,0,1,1,1,1,1,0,0,1,0,1,1,1,1,1,1,1,1,1,0,1,1,1,1,1,1,1,
1,0,1,1,1,1,1,1,1,1,1,0,0,1,1,1,1,1,1,1,1,1,1,0,1,1,0,1,0,1,
1,1,1,1,1,1,0,1,1,0,0,0,0,1,1,1,1,1,0,1,0,1,0,1,0,1,1,1,1,1,
1,1,1,1,0,0,1,1,1,0,1,1,1,0,1,0,0,0,0,1,0,1,1,1,1,0,1,1,1,1,
0,1,0,1,1,0,1,1,1,1,1,1,1,1,0,0,1,1,1,1,0,1,1,0,0,1,1,1,1,1,
1,1,1,1,1,1,1,1,1,1,1,1,1,0,0,0,1,1,1,1,1,0,1,0,1,1,1,1,0,1,
1,1,1,0,1,1,1,1,1,0,1,1,1,0,1,1,0,1,1,0,1,0,1,1,1,1,0,1,1,1,
1,0,1,0,1,1,1,1,0,1,1,1,1,0,1,1,1,0,1,1,1,0,1,1,1,0,1,1,0,1,
1,0,1,0,1,1,0,1,1,1,1,1,0,0,1,1,1,1,0,0,1,1,1,0,1,1,1,1,0,0,
1,1,1,1,1,0,1,1,1,0,1,1,1,1,1,1,0,1,0,0,1,1,0,1,1,1,1,0,1,0,
0,0,1,1,1,1,1,1,1,1,1,1,0,0,0,1,1,1,1,1,0,1,1,0,1,1,1,1,1,1,
1,1,1,1,0,1,1,0,1,0,1,1,1,1,1,0,0,0,1,1,1,0,1,1,1,0,1,1,1,1,
1,0,1,0,1,1,1,1,1,1,0,1,0,1,1,1,1,1,1,0,1,1,0,1,1,1,1,0,0,1,
1,1,0,1,1,0,1,0,1,1,1,0,1,1,0,0,1,1,0,1,0,1,1,0,0,1,1,1,1,0,
1,1,1,1,1,1,0,1,1,1,1,1,0,1,0,1,1,1,1,1,1,1,1,0,0,1,1,1,0,1,
1,1,1,0,0,1,1,1,0,0,1,1,1,0,1,1,1,0,1,1,1,0,1,1,1,0,1,1,1,1,
1,1,1,1,1,1,1,0,1,0,1,0,1,1,1,1,0,1,1,1,1,1,1,1,1,1,0,1,1,1,
1,0,1,0,1,1,1,1,1,1,1,1,1,1,1,1,1,1,1,0,1,1,0,1,1,1,1,0,1,1,
1,1,0,1,1,1,1,0,1,1,1,0,1,1,1,0,1,0,0,1,1,1,0,1,0,1,1,1,0,0,
1,1,1,1,1,1,1,1,1,1,1,1,1,1,1,1,1,1,0,0,1,1,1,0,1,1,1,1,0,0,
Is Output Graph Empty or Complete?: 0
Ratio of Added Edges Over Added + Removed Edges: 0.878788
Changes from Input to Output: 
Added Edge: (0, 27)
Added Edge: (1, 3)
Added Edge: (2, 29)
Added Edge: (3, 8)
Removed Edge: (3, 22)
Added Edge: (4, 24)
Added Edge: (5, 7)
Added Edge: (5, 22)
Added Edge: (7, 20)
Added Edge: (7, 22)
Added Edge: (8, 13)
Removed Edge: (9, 21)
Added Edge: (9, 24)
Added Edge: (10, 14)
Added Edge: (10, 24)
Added Edge: (10, 28)
Added Edge: (12, 21)
Added Edge: (13, 14)
Added Edge: (13, 28)
Added Edge: (14, 21)
Added Edge: (14, 26)
Added Edge: (15, 16)
Added Edge: (15, 17)
Added Edge: (16, 27)
Added Edge: (17, 27)
Added Edge: (18, 20)
Removed Edge: (18, 28)
Added Edge: (19, 26)
Removed Edge: (20, 23)
Added Edge: (20, 24)
Added Edge: (21, 28)
Added Edge: (25, 29)
Added Edge: (27, 29)
========================
