========================
TIME_LIMIT_SECONDS: 900
ODD_HOLE_TERMINATION_PERCENTAGE: 999
N_THREADS: 24
IS_RUNNING_HEURISTIC_ON_CANDIDATE: 0
IS_RUNNING_HEURISTIC_ON_RELAXATION: 1
ADD_ALL_AT_START: 0
========================
Wall-Clock Runtime (ms): 901405
Calculated Odd Hole Termination Batch Size: 0
Total Time of All Workers in OddHoleAlg (nano): 161660623
Total Time of All Workers in OddHoleAlg (ms): 161
OddHoleAlg calls: 18
Number of Found Odd-Holes: 65845
Number of Found Odd Anti-Holes: 14550
Is Optimal? (1e-6): 0
Optimality Gap: 0.390625
Objective Value: 118
Number of Feasible Solutions Found: 4283
Number of Times Heuristic is Called: 4280
Total number of added OH and OHbar Cuts: 80395
Number of Explored B&C tree nodes: 21438
Number of Unexplored B&C tree nodes: 16484
========================
Input Graph:
Number of Vertices: 40
Erdos Renyi p Parameter: 0.5
Number of Edges: 382
Expected No of Odd Holes: 10991
Expected No of Odd Anti Holes: 3280
ODD_HOLE_TERMINATION_BATCH_SIZE: 0
Graph Density: 0.489744
0,0,0,1,1,1,1,0,0,1,1,0,1,1,1,0,1,1,0,0,0,1,1,0,0,0,0,1,0,1,1,0,0,1,0,0,1,1,1,1,
0,0,0,1,0,1,1,1,1,0,1,1,0,0,1,0,0,1,1,1,0,0,1,1,1,0,0,1,1,1,0,1,1,1,1,1,0,0,0,1,
0,0,0,0,1,1,0,0,1,0,1,0,0,1,1,0,1,0,0,0,1,1,0,0,0,1,0,1,0,0,1,1,0,1,1,1,1,1,0,1,
1,1,0,0,0,0,0,0,0,1,1,0,0,1,1,1,0,0,1,0,0,0,1,1,0,1,0,0,1,0,1,0,1,1,0,1,0,1,0,1,
1,0,1,0,0,1,1,1,0,0,1,0,1,1,0,0,0,0,1,1,1,1,0,0,0,1,1,0,1,1,0,1,0,0,1,0,0,1,0,0,
1,1,1,0,1,0,1,0,1,0,0,1,1,0,0,1,0,0,0,1,0,1,1,1,0,0,0,1,0,1,0,1,0,1,1,0,1,0,1,0,
1,1,0,0,1,1,0,0,0,0,1,0,0,1,1,0,0,0,1,0,1,0,0,1,0,1,0,1,1,0,1,1,1,1,0,0,1,1,0,1,
0,1,0,0,1,0,0,0,1,1,0,0,1,1,0,0,1,1,1,0,0,1,1,0,1,1,0,0,1,0,1,0,0,1,0,1,0,1,0,0,
0,1,1,0,0,1,0,1,0,1,1,1,0,1,0,0,0,1,1,0,0,1,0,1,1,1,1,0,0,1,1,0,1,1,0,1,1,0,0,1,
1,0,0,1,0,0,0,1,1,0,0,0,1,1,0,0,1,0,1,0,0,0,1,0,0,0,0,0,0,0,0,0,1,0,0,1,0,0,1,1,
1,1,1,1,1,0,1,0,1,0,0,0,1,0,0,0,0,1,0,0,0,1,0,0,0,0,1,1,1,0,1,1,1,0,0,0,0,0,1,0,
0,1,0,0,0,1,0,0,1,0,0,0,1,0,1,1,1,1,1,0,0,0,1,0,1,1,1,0,0,1,0,1,1,1,1,1,1,1,1,0,
1,0,0,0,1,1,0,1,0,1,1,1,0,0,0,0,0,1,1,1,1,0,1,1,0,0,1,0,1,1,0,1,0,1,1,1,1,1,1,0,
1,0,1,1,1,0,1,1,1,1,0,0,0,0,1,0,0,0,1,1,0,1,1,0,1,1,0,0,0,0,1,1,1,1,1,1,1,0,0,0,
1,1,1,1,0,0,1,0,0,0,0,1,0,1,0,0,0,0,0,0,1,0,1,1,0,0,0,0,1,1,0,1,0,1,0,1,1,1,0,0,
0,0,0,1,0,1,0,0,0,0,0,1,0,0,0,0,1,1,0,1,1,0,0,1,1,0,0,1,0,0,1,0,0,0,0,1,0,1,1,0,
1,0,1,0,0,0,0,1,0,1,0,1,0,0,0,1,0,1,1,1,1,1,0,1,1,0,0,0,0,1,0,1,0,0,0,1,0,0,1,0,
1,1,0,0,0,0,0,1,1,0,1,1,1,0,0,1,1,0,1,0,1,0,0,0,0,0,1,0,0,0,1,0,0,1,0,0,1,1,1,1,
0,1,0,1,1,0,1,1,1,1,0,1,1,1,0,0,1,1,0,0,0,0,0,1,0,0,0,0,0,1,1,1,1,0,1,0,1,0,1,0,
0,1,0,0,1,1,0,0,0,0,0,0,1,1,0,1,1,0,0,0,0,0,1,0,1,0,1,0,0,0,1,1,0,0,1,1,0,0,0,1,
0,0,1,0,1,0,1,0,0,0,0,0,1,0,1,1,1,1,0,0,0,0,0,0,0,1,1,1,0,0,1,1,1,0,1,1,0,0,1,1,
1,0,1,0,1,1,0,1,1,0,1,0,0,1,0,0,1,0,0,0,0,0,0,1,1,0,1,1,0,0,1,0,1,0,0,0,0,0,1,0,
1,1,0,1,0,1,0,1,0,1,0,1,1,1,1,0,0,0,0,1,0,0,0,0,1,0,1,0,0,0,0,0,0,0,1,0,1,1,0,1,
0,1,0,1,0,1,1,0,1,0,0,0,1,0,1,1,1,0,1,0,0,1,0,0,1,0,0,1,0,1,1,0,1,0,1,0,1,1,0,0,
0,1,0,0,0,0,0,1,1,0,0,1,0,1,0,1,1,0,0,1,0,1,1,1,0,1,1,0,0,0,0,0,1,1,0,1,1,1,1,0,
0,0,1,1,1,0,1,1,1,0,0,1,0,1,0,0,0,0,0,0,1,0,0,0,1,0,0,0,1,1,0,0,1,0,1,0,1,1,1,1,
0,0,0,0,1,0,0,0,1,0,1,1,1,0,0,0,0,1,0,1,1,1,1,0,1,0,0,1,1,0,1,0,0,0,0,1,1,1,0,1,
1,1,1,0,0,1,1,0,0,0,1,0,0,0,0,1,0,0,0,0,1,1,0,1,0,0,1,0,0,1,1,1,0,1,0,0,1,1,1,0,
0,1,0,1,1,0,1,1,0,0,1,0,1,0,1,0,0,0,0,0,0,0,0,0,0,1,1,0,0,0,0,0,1,1,1,1,0,0,0,0,
1,1,0,0,1,1,0,0,1,0,0,1,1,0,1,0,1,0,1,0,0,0,0,1,0,1,0,1,0,0,0,0,0,1,1,0,0,0,0,1,
1,0,1,1,0,0,1,1,1,0,1,0,0,1,0,1,0,1,1,1,1,1,0,1,0,0,1,1,0,0,0,1,1,1,0,0,1,1,1,1,
0,1,1,0,1,1,1,0,0,0,1,1,1,1,1,0,1,0,1,1,1,0,0,0,0,0,0,1,0,0,1,0,1,0,0,0,0,1,1,0,
0,1,0,1,0,0,1,0,1,1,1,1,0,1,0,0,0,0,1,0,1,1,0,1,1,1,0,0,1,0,1,1,0,0,1,0,1,1,1,1,
1,1,1,1,0,1,1,1,1,0,0,1,1,1,1,0,0,1,0,0,0,0,0,0,1,0,0,1,1,1,1,0,0,0,0,0,1,0,1,1,
0,1,1,0,1,1,0,0,0,0,0,1,1,1,0,0,0,0,1,1,1,0,1,1,0,1,0,0,1,1,0,0,1,0,0,0,0,0,1,1,
0,1,1,1,0,0,0,1,1,1,0,1,1,1,1,1,1,0,0,1,1,0,0,0,1,0,1,0,1,0,0,0,0,0,0,0,0,1,1,1,
1,0,1,0,0,1,1,0,1,0,0,1,1,1,1,0,0,1,1,0,0,0,1,1,1,1,1,1,0,0,1,0,1,1,0,0,0,1,0,1,
1,0,1,1,1,0,1,1,0,0,0,1,1,0,1,1,0,1,0,0,0,0,1,1,1,1,1,1,0,0,1,1,1,0,0,1,1,0,1,1,
1,0,0,0,0,1,0,0,0,1,1,1,1,0,0,1,1,1,1,0,1,1,0,0,1,1,0,1,0,0,1,1,1,1,1,1,0,1,0,0,
1,1,1,1,0,0,1,0,1,1,0,0,0,0,0,0,0,1,0,1,1,0,1,0,0,1,1,0,0,1,1,0,1,1,1,1,1,1,0,0,
========================
Output Graph: 
Number of Vertices: 40
Number of Edges: 384
Graph Density: 0.492308
0,1,0,1,1,1,1,0,1,1,1,0,1,1,1,0,1,1,1,0,0,1,1,0,1,0,0,1,0,1,1,1,1,1,0,1,1,1,1,1,
1,0,1,1,0,1,1,1,1,0,1,1,1,1,1,0,0,1,1,1,0,0,1,1,1,0,0,1,1,1,1,1,1,1,1,1,0,1,1,1,
0,1,0,0,1,1,1,0,1,0,1,0,1,1,1,0,1,0,1,0,1,1,0,0,0,1,0,1,0,0,1,1,1,1,1,1,1,1,1,1,
1,1,0,0,0,0,0,0,0,0,0,0,0,1,1,0,0,0,1,0,0,0,0,1,0,0,0,0,1,0,1,0,1,1,0,1,0,1,0,1,
1,0,1,0,0,1,1,0,0,0,0,0,1,1,0,0,0,0,1,1,0,0,0,0,0,0,0,0,0,0,0,1,0,0,0,0,0,1,0,0,
1,1,1,0,1,0,1,0,1,0,0,1,1,0,0,1,0,0,1,1,0,1,1,1,0,0,0,1,0,1,1,1,1,1,1,1,1,0,1,1,
1,1,1,0,1,1,0,0,0,0,1,1,1,1,1,0,0,0,1,0,1,0,0,1,0,1,0,1,1,0,1,1,1,1,0,1,1,1,0,1,
0,1,0,0,0,0,0,0,1,0,0,0,1,1,0,0,0,1,1,0,0,0,0,0,0,0,0,0,0,0,1,0,0,1,0,1,0,1,0,0,
1,1,1,0,0,1,0,1,0,1,1,1,1,1,0,0,0,1,1,0,0,1,0,1,1,1,1,1,0,1,1,0,1,1,0,1,1,1,0,1,
1,0,0,0,0,0,0,0,1,0,0,0,1,1,0,0,0,0,1,0,0,0,0,0,0,0,0,0,0,0,0,0,1,0,0,1,0,0,1,1,
1,1,1,0,0,0,1,0,1,0,0,0,1,0,0,0,0,0,0,0,0,1,0,0,0,0,0,1,0,0,1,1,1,0,0,0,0,0,1,0,
0,1,0,0,0,1,1,0,1,0,0,0,1,1,1,1,1,1,1,0,0,0,1,0,1,1,1,1,0,1,1,1,1,1,1,1,1,1,1,1,
1,1,1,0,1,1,1,1,1,1,1,1,0,1,0,0,0,1,1,1,1,0,1,1,0,0,1,0,1,1,1,1,1,1,1,1,1,1,1,1,
1,1,1,1,1,0,1,1,1,1,0,1,1,0,1,0,0,0,1,1,0,1,1,1,1,1,0,1,0,0,1,1,1,1,1,1,1,0,1,1,
1,1,1,1,0,0,1,0,0,0,0,1,0,1,0,0,0,0,0,0,0,0,0,1,0,0,0,0,1,0,0,0,0,1,0,1,1,1,0,0,
0,0,0,0,0,1,0,0,0,0,0,1,0,0,0,0,1,0,0,0,0,0,0,1,0,0,0,1,0,0,1,0,0,0,0,1,0,1,1,0,
1,0,1,0,0,0,0,0,0,0,0,1,0,0,0,1,0,0,1,0,0,0,0,1,0,0,0,0,0,0,0,1,0,0,0,1,0,0,1,0,
1,1,0,0,0,0,0,1,1,0,0,1,1,0,0,0,0,0,1,0,0,0,0,0,0,0,0,0,0,0,1,0,0,1,0,0,1,1,1,1,
1,1,1,1,1,1,1,1,1,1,0,1,1,1,0,0,1,1,0,0,0,0,0,1,0,0,0,1,0,1,1,1,1,1,1,1,1,1,1,1,
0,1,0,0,1,1,0,0,0,0,0,0,1,1,0,0,0,0,0,0,0,0,0,0,0,0,0,0,0,0,1,1,0,0,0,1,0,0,0,1,
0,0,1,0,0,0,1,0,0,0,0,0,1,0,0,0,0,0,0,0,0,0,0,0,0,0,0,1,0,0,1,1,1,0,1,1,0,0,1,1,
1,0,1,0,0,1,0,0,1,0,1,0,0,1,0,0,0,0,0,0,0,0,0,1,0,0,0,1,0,0,1,0,1,0,0,0,0,0,1,0,
1,1,0,0,0,1,0,0,0,0,0,1,1,1,0,0,0,0,0,0,0,0,0,0,1,0,1,0,0,0,0,0,0,0,0,0,1,1,0,1,
0,1,0,1,0,1,1,0,1,0,0,0,1,1,1,1,1,0,1,0,0,1,0,0,1,0,0,1,0,1,1,1,1,1,1,1,1,1,1,1,
1,1,0,0,0,0,0,0,1,0,0,1,0,1,0,0,0,0,0,0,0,0,1,1,0,0,1,0,0,0,0,0,1,1,0,1,1,1,1,0,
0,0,1,0,0,0,1,0,1,0,0,1,0,1,0,0,0,0,0,0,0,0,0,0,0,0,0,0,0,0,0,0,1,0,0,0,1,1,1,1,
0,0,0,0,0,0,0,0,1,0,0,1,1,0,0,0,0,0,0,0,0,0,1,0,1,0,0,1,0,0,1,0,0,0,0,1,1,1,0,1,
1,1,1,0,0,1,1,0,1,0,1,1,0,1,0,1,0,0,1,0,1,1,0,1,0,0,1,0,0,1,1,1,1,1,0,1,1,1,1,0,
0,1,0,1,0,0,1,0,0,0,0,0,1,0,1,0,0,0,0,0,0,0,0,0,0,0,0,0,0,0,0,0,1,1,0,1,0,0,0,0,
1,1,0,0,0,1,0,0,1,0,0,1,1,0,0,0,0,0,1,0,0,0,0,1,0,0,0,1,0,0,0,0,0,1,0,0,0,0,0,1,
1,1,1,1,0,1,1,1,1,0,1,1,1,1,0,1,0,1,1,1,1,1,0,1,0,0,1,1,0,0,0,1,1,1,0,1,1,1,1,1,
1,1,1,0,1,1,1,0,0,0,1,1,1,1,0,0,1,0,1,1,1,0,0,1,0,0,0,1,0,0,1,0,1,0,0,1,0,1,1,1,
1,1,1,1,0,1,1,0,1,1,1,1,1,1,0,0,0,0,1,0,1,1,0,1,1,1,0,1,1,0,1,1,0,0,1,0,1,1,1,1,
1,1,1,1,0,1,1,1,1,0,0,1,1,1,1,0,0,1,1,0,0,0,0,1,1,0,0,1,1,1,1,0,0,0,0,0,1,1,1,1,
0,1,1,0,0,1,0,0,0,0,0,1,1,1,0,0,0,0,1,0,1,0,0,1,0,0,0,0,0,0,0,0,1,0,0,0,0,0,1,1,
1,1,1,1,0,1,1,1,1,1,0,1,1,1,1,1,1,0,1,1,1,0,0,1,1,0,1,1,1,0,1,1,0,0,0,0,1,1,1,1,
1,0,1,0,0,1,1,0,1,0,0,1,1,1,1,0,0,1,1,0,0,0,1,1,1,1,1,1,0,0,1,0,1,1,0,1,0,1,1,1,
1,1,1,1,1,0,1,1,1,0,0,1,1,0,1,1,0,1,1,0,0,0,1,1,1,1,1,1,0,0,1,1,1,1,0,1,1,0,1,1,
1,1,1,0,0,1,0,0,0,1,1,1,1,1,0,1,1,1,1,0,1,1,0,1,1,1,0,1,0,0,1,1,1,1,1,1,1,1,0,1,
1,1,1,1,0,1,1,0,1,1,0,1,1,1,0,0,0,1,1,1,1,0,1,1,0,1,1,0,0,1,1,1,1,1,1,1,1,1,1,0,
Is Output Graph Empty or Complete?: 0
Ratio of Added Edges Over Added + Removed Edges: 0.508475
Changes from Input to Output: 
Added Edge: (0, 1)
Added Edge: (0, 8)
Added Edge: (0, 18)
Added Edge: (0, 24)
Added Edge: (0, 31)
Added Edge: (0, 32)
Added Edge: (0, 35)
Added Edge: (1, 2)
Added Edge: (1, 12)
Added Edge: (1, 13)
Added Edge: (1, 30)
Added Edge: (1, 37)
Added Edge: (1, 38)
Added Edge: (2, 6)
Added Edge: (2, 12)
Added Edge: (2, 18)
Added Edge: (2, 32)
Added Edge: (2, 38)
Removed Edge: (3, 9)
Removed Edge: (3, 10)
Removed Edge: (3, 15)
Removed Edge: (3, 22)
Removed Edge: (3, 25)
Removed Edge: (4, 7)
Removed Edge: (4, 10)
Removed Edge: (4, 20)
Removed Edge: (4, 21)
Removed Edge: (4, 25)
Removed Edge: (4, 26)
Removed Edge: (4, 28)
Removed Edge: (4, 29)
Removed Edge: (4, 34)
Added Edge: (5, 18)
Added Edge: (5, 30)
Added Edge: (5, 32)
Added Edge: (5, 35)
Added Edge: (5, 39)
Added Edge: (6, 11)
Added Edge: (6, 12)
Added Edge: (6, 35)
Removed Edge: (7, 9)
Removed Edge: (7, 16)
Removed Edge: (7, 21)
Removed Edge: (7, 22)
Removed Edge: (7, 24)
Removed Edge: (7, 25)
Removed Edge: (7, 28)
Added Edge: (8, 12)
Added Edge: (8, 27)
Added Edge: (8, 37)
Removed Edge: (9, 16)
Removed Edge: (9, 22)
Removed Edge: (10, 17)
Removed Edge: (10, 26)
Removed Edge: (10, 28)
Added Edge: (11, 13)
Added Edge: (11, 27)
Added Edge: (11, 30)
Added Edge: (11, 39)
Added Edge: (12, 13)
Added Edge: (12, 30)
Added Edge: (12, 32)
Added Edge: (12, 39)
Added Edge: (13, 23)
Added Edge: (13, 27)
Added Edge: (13, 38)
Added Edge: (13, 39)
Removed Edge: (14, 20)
Removed Edge: (14, 22)
Removed Edge: (14, 29)
Removed Edge: (14, 31)
Removed Edge: (15, 17)
Removed Edge: (15, 19)
Removed Edge: (15, 20)
Removed Edge: (15, 24)
Removed Edge: (16, 17)
Removed Edge: (16, 19)
Removed Edge: (16, 20)
Removed Edge: (16, 21)
Removed Edge: (16, 24)
Removed Edge: (16, 29)
Removed Edge: (17, 20)
Removed Edge: (17, 26)
Added Edge: (18, 27)
Added Edge: (18, 33)
Added Edge: (18, 35)
Added Edge: (18, 37)
Added Edge: (18, 39)
Removed Edge: (19, 22)
Removed Edge: (19, 24)
Removed Edge: (19, 26)
Removed Edge: (19, 34)
Removed Edge: (20, 25)
Removed Edge: (20, 26)
Removed Edge: (21, 24)
Removed Edge: (21, 26)
Removed Edge: (22, 34)
Added Edge: (23, 31)
Added Edge: (23, 33)
Added Edge: (23, 35)
Added Edge: (23, 38)
Added Edge: (23, 39)
Removed Edge: (24, 25)
Removed Edge: (25, 28)
Removed Edge: (25, 29)
Removed Edge: (25, 34)
Removed Edge: (26, 28)
Added Edge: (27, 32)
Added Edge: (27, 35)
Removed Edge: (28, 34)
Removed Edge: (29, 34)
Added Edge: (30, 35)
Added Edge: (31, 35)
Added Edge: (31, 39)
Added Edge: (33, 37)
Added Edge: (35, 36)
Added Edge: (36, 38)
Added Edge: (38, 39)
========================
