========================
TIME_LIMIT_SECONDS: 900
ODD_HOLE_TERMINATION_PERCENTAGE: 999
N_THREADS: 24
IS_RUNNING_HEURISTIC_ON_CANDIDATE: 1
IS_RUNNING_HEURISTIC_ON_RELAXATION: 0
ADD_ALL_AT_START: 1
========================
Wall-Clock Runtime (ms): 900158
Calculated Odd Hole Termination Batch Size: 0
Total Time of All Workers in OddHoleAlg (nano): 139042382
Total Time of All Workers in OddHoleAlg (ms): 139
OddHoleAlg calls: 72
Number of Found Odd-Holes: 41648
Number of Found Odd Anti-Holes: 539
Is Optimal? (1e-6): 0
Optimality Gap: 0.450584
Objective Value: 135
Number of Feasible Solutions Found: 36
Number of Times Heuristic is Called: 34
Total number of added OH and OHbar Cuts: 42187
Number of Explored B&C tree nodes: 4857
Number of Unexplored B&C tree nodes: 2
========================
Input Graph:
Number of Vertices: 40
Erdos Renyi p Parameter: 0.5
Number of Edges: 389
Expected No of Odd Holes: 10991
Expected No of Odd Anti Holes: 3280
ODD_HOLE_TERMINATION_BATCH_SIZE: 0
Graph Density: 0.498718
0,1,0,1,0,1,0,0,1,1,1,0,0,0,0,0,0,1,1,1,0,0,0,0,1,1,1,1,1,1,0,0,1,0,0,0,0,1,0,1,
1,0,0,1,1,0,0,1,1,0,0,1,0,0,1,0,0,0,0,1,0,1,0,1,1,0,0,0,1,0,0,0,1,1,0,1,1,1,1,1,
0,0,0,0,1,0,0,1,0,1,0,0,0,0,1,0,1,1,0,1,0,1,0,1,1,1,1,1,1,0,1,0,1,1,1,0,0,0,1,0,
1,1,0,0,0,0,0,0,1,0,0,1,0,0,0,1,0,1,1,0,1,0,0,0,1,0,0,1,1,1,1,1,1,1,1,1,1,0,1,1,
0,1,1,0,0,1,0,0,1,0,1,1,0,1,1,0,1,0,1,0,1,0,1,1,1,1,0,1,1,0,0,1,1,0,0,1,1,0,0,1,
1,0,0,0,1,0,0,1,0,0,1,0,0,1,1,1,1,0,0,0,0,0,1,1,0,0,1,0,1,1,0,0,0,1,1,1,0,0,1,0,
0,0,0,0,0,0,0,1,1,1,0,0,1,1,0,0,0,1,0,1,1,1,0,0,0,1,1,0,0,1,1,0,1,0,1,1,0,1,0,0,
0,1,1,0,0,1,1,0,0,0,1,1,1,1,0,0,0,0,1,0,1,1,0,0,0,1,0,1,1,0,1,1,0,0,0,0,0,0,1,1,
1,1,0,1,1,0,1,0,0,0,0,1,0,0,0,0,0,0,0,1,1,0,1,0,1,1,1,0,1,1,1,1,1,1,0,1,0,0,1,0,
1,0,1,0,0,0,1,0,0,0,0,0,1,0,0,1,1,1,0,0,0,0,0,0,1,0,0,1,0,0,0,1,0,0,1,1,1,1,0,1,
1,0,0,0,1,1,0,1,0,0,0,1,1,0,0,0,0,1,1,0,1,1,0,1,1,1,1,1,0,1,0,0,0,0,0,1,1,1,0,0,
0,1,0,1,1,0,0,1,1,0,1,0,0,1,1,1,1,0,1,1,1,1,1,0,1,1,1,1,1,1,1,1,1,0,1,0,1,1,0,1,
0,0,0,0,0,0,1,1,0,1,1,0,0,0,0,0,1,1,0,0,0,0,1,1,0,0,0,1,1,0,0,0,1,1,0,1,0,1,1,1,
0,0,0,0,1,1,1,1,0,0,0,1,0,0,0,0,0,0,0,0,1,1,1,1,1,0,1,0,1,1,0,0,1,0,1,0,0,1,1,0,
0,1,1,0,1,1,0,0,0,0,0,1,0,0,0,1,1,0,1,1,0,1,1,0,0,0,1,1,0,0,1,1,0,0,1,0,1,1,1,1,
0,0,0,1,0,1,0,0,0,1,0,1,0,0,1,0,1,1,0,0,1,0,0,1,1,0,0,0,1,1,0,1,0,0,0,1,0,1,1,1,
0,0,1,0,1,1,0,0,0,1,0,1,1,0,1,1,0,1,1,1,1,1,1,0,0,0,0,0,0,0,1,0,0,0,0,0,0,1,1,0,
1,0,1,1,0,0,1,0,0,1,1,0,1,0,0,1,1,0,0,1,1,1,0,0,0,1,1,0,0,1,0,1,0,1,1,0,0,0,0,1,
1,0,0,1,1,0,0,1,0,0,1,1,0,0,1,0,1,0,0,0,1,0,0,0,1,0,1,0,1,1,0,1,0,1,0,1,1,0,1,0,
1,1,1,0,0,0,1,0,1,0,0,1,0,0,1,0,1,1,0,0,1,0,1,1,0,1,0,1,0,1,1,1,1,0,1,1,0,1,1,0,
0,0,0,1,1,0,1,1,1,0,1,1,0,1,0,1,1,1,1,1,0,0,1,0,1,1,0,0,0,0,1,0,0,1,0,0,1,1,0,0,
0,1,1,0,0,0,1,1,0,0,1,1,0,1,1,0,1,1,0,0,0,0,1,0,0,0,1,0,1,1,1,1,1,0,1,1,0,1,1,1,
0,0,0,0,1,1,0,0,1,0,0,1,1,1,1,0,1,0,0,1,1,1,0,1,1,0,1,1,1,0,0,0,0,1,0,1,0,1,0,0,
0,1,1,0,1,1,0,0,0,0,1,0,1,1,0,1,0,0,0,1,0,0,1,0,1,0,0,0,0,1,0,1,0,0,1,1,1,0,1,1,
1,1,1,1,1,0,0,0,1,1,1,1,0,1,0,1,0,0,1,0,1,0,1,1,0,1,0,1,0,0,1,0,0,1,1,1,0,0,1,1,
1,0,1,0,1,0,1,1,1,0,1,1,0,0,0,0,0,1,0,1,1,0,0,0,1,0,1,1,1,0,1,1,0,0,1,0,1,1,0,0,
1,0,1,0,0,1,1,0,1,0,1,1,0,1,1,0,0,1,1,0,0,1,1,0,0,1,0,0,1,1,1,0,0,1,0,0,1,1,0,0,
1,0,1,1,1,0,0,1,0,1,1,1,1,0,1,0,0,0,0,1,0,0,1,0,1,1,0,0,0,0,0,0,0,1,0,0,0,0,0,1,
1,1,1,1,1,1,0,1,1,0,0,1,1,1,0,1,0,0,1,0,0,1,1,0,0,1,1,0,0,0,0,0,1,0,1,0,0,0,1,0,
1,0,0,1,0,1,1,0,1,0,1,1,0,1,0,1,0,1,1,1,0,1,0,1,0,0,1,0,0,0,0,1,1,0,1,0,1,1,0,1,
0,0,1,1,0,0,1,1,1,0,0,1,0,0,1,0,1,0,0,1,1,1,0,0,1,1,1,0,0,0,0,0,0,0,0,0,1,1,0,0,
0,0,0,1,1,0,0,1,1,1,0,1,0,0,1,1,0,1,1,1,0,1,0,1,0,1,0,0,0,1,0,0,1,1,1,1,1,0,1,0,
1,1,1,1,1,0,1,0,1,0,0,1,1,1,0,0,0,0,0,1,0,1,0,0,0,0,0,0,1,1,0,1,0,1,0,1,1,1,0,1,
0,1,1,1,0,1,0,0,1,0,0,0,1,0,0,0,0,1,1,0,1,0,1,0,1,0,1,1,0,0,0,1,1,0,0,1,1,1,0,1,
0,0,1,1,0,1,1,0,0,1,0,1,0,1,1,0,0,1,0,1,0,1,0,1,1,1,0,0,1,1,0,1,0,0,0,0,0,0,1,0,
0,1,0,1,1,1,1,0,1,1,1,0,1,0,0,1,0,0,1,1,0,1,1,1,1,0,0,0,0,0,0,1,1,1,0,0,1,0,1,0,
0,1,0,1,1,0,0,0,0,1,1,1,0,0,1,0,0,0,1,0,1,0,0,1,0,1,1,0,0,1,1,1,1,1,0,1,0,1,1,0,
1,1,0,0,0,0,1,0,0,1,1,1,1,1,1,1,1,0,0,1,1,1,1,0,0,1,1,0,0,1,1,0,1,1,0,0,1,0,0,1,
0,1,1,1,0,1,0,1,1,0,0,0,1,1,1,1,1,0,1,1,0,1,0,1,1,0,0,0,1,0,0,1,0,0,1,1,1,0,0,1,
1,1,0,1,1,0,0,1,0,1,0,1,1,0,1,1,0,1,0,0,0,1,0,1,1,0,0,1,0,1,0,0,1,1,0,0,0,1,1,0,
========================
Output Graph: 
Number of Vertices: 40
Number of Edges: 388
Graph Density: 0.497436
0,0,0,1,0,1,0,0,1,0,0,0,0,0,0,0,0,1,0,1,0,0,0,0,1,1,1,0,1,1,0,0,1,0,0,0,0,1,0,1,
0,0,0,1,1,1,0,0,1,0,0,1,0,0,1,0,0,0,0,1,0,1,0,0,1,0,0,0,1,0,0,0,1,1,0,1,1,1,0,1,
0,0,0,0,1,0,0,0,0,0,0,0,0,0,1,0,0,0,0,1,0,1,0,0,1,1,1,1,1,0,0,0,1,1,0,0,0,0,0,0,
1,1,0,0,1,1,0,0,1,0,0,1,0,0,1,1,0,1,1,1,1,1,0,0,1,0,1,1,1,1,1,1,1,1,1,1,1,1,1,1,
0,1,1,1,0,1,0,0,1,0,1,1,0,1,1,0,1,0,1,0,1,0,1,0,1,1,1,1,1,1,0,1,1,0,0,1,1,1,0,1,
1,1,0,1,1,0,0,1,0,0,1,1,0,1,1,1,1,0,0,1,1,1,1,1,1,1,1,0,1,1,0,1,1,1,1,1,0,1,1,0,
0,0,0,0,0,0,0,0,0,0,0,0,0,0,0,0,0,1,0,1,1,1,0,0,0,1,1,0,0,1,0,0,1,0,0,0,0,1,0,0,
0,0,0,0,0,1,0,0,0,0,0,1,0,0,0,0,0,0,0,0,1,1,0,0,0,1,0,0,1,0,0,1,0,0,0,0,0,0,0,1,
1,1,0,1,1,0,0,0,0,0,0,1,0,0,1,0,0,0,0,1,1,1,1,0,1,1,1,0,1,1,1,1,1,1,0,1,0,1,1,0,
0,0,0,0,0,0,0,0,0,0,0,0,1,0,0,0,0,0,0,0,0,0,0,0,1,0,0,0,0,0,0,1,0,0,0,1,1,1,0,1,
0,0,0,0,1,1,0,0,0,0,0,1,0,0,0,0,0,0,0,0,1,1,0,0,1,1,1,0,0,1,0,0,0,0,0,0,1,1,0,0,
0,1,0,1,1,1,0,1,1,0,1,0,0,1,1,1,1,0,1,1,1,1,1,0,1,1,1,1,1,1,1,1,1,1,1,1,1,1,0,1,
0,0,0,0,0,0,0,0,0,1,0,0,0,0,0,0,0,0,0,0,0,0,0,0,0,0,0,0,0,0,0,0,1,1,0,1,0,1,0,1,
0,0,0,0,1,1,0,0,0,0,0,1,0,0,0,0,0,0,0,0,1,1,1,0,1,0,1,0,1,1,0,0,1,0,0,0,0,1,0,0,
0,1,1,1,1,1,0,0,1,0,0,1,0,0,0,1,1,0,1,1,1,1,1,0,0,1,1,1,0,1,1,1,1,1,1,0,1,1,1,1,
0,0,0,1,0,1,0,0,0,0,0,1,0,0,1,0,1,0,0,0,1,0,0,1,1,0,0,0,1,1,0,1,0,0,0,1,0,1,1,1,
0,0,0,0,1,1,0,0,0,0,0,1,0,0,1,1,0,0,0,1,0,1,0,0,0,0,0,0,0,0,0,0,0,0,0,0,0,1,1,0,
1,0,0,1,0,0,1,0,0,0,0,0,0,0,0,0,0,0,0,1,1,1,0,0,0,1,1,0,0,1,0,1,0,1,0,0,0,0,0,1,
0,0,0,1,1,0,0,0,0,0,0,1,0,0,1,0,0,0,0,0,1,0,0,0,1,0,1,0,1,1,0,1,0,1,0,1,1,0,0,0,
1,1,1,1,0,1,1,0,1,0,0,1,0,0,1,0,1,1,0,0,1,0,1,1,1,1,1,1,1,1,1,1,1,0,1,1,1,1,1,1,
0,0,0,1,1,1,1,1,1,0,1,1,0,1,1,1,0,1,1,1,0,1,1,0,1,1,0,0,1,1,1,0,1,1,0,0,1,1,0,1,
0,1,1,1,0,1,1,1,1,0,1,1,0,1,1,0,1,1,0,0,1,0,1,1,1,1,1,0,1,1,1,1,1,0,1,1,1,1,1,1,
0,0,0,0,1,1,0,0,1,0,0,1,0,1,1,0,0,0,0,1,1,1,0,0,1,0,1,0,1,0,0,0,0,1,0,0,0,1,0,0,
0,0,0,0,0,1,0,0,0,0,0,0,0,0,0,1,0,0,0,1,0,1,0,0,1,0,0,0,0,0,0,1,0,0,0,1,0,0,1,1,
1,1,1,1,1,1,0,0,1,1,1,1,0,1,0,1,0,0,1,1,1,1,1,1,0,1,1,1,0,1,1,1,1,1,1,1,1,1,1,1,
1,0,1,0,1,1,1,1,1,0,1,1,0,0,1,0,0,1,0,1,1,1,0,0,1,0,1,1,1,1,1,1,1,1,1,0,1,1,0,1,
1,0,1,1,1,1,1,0,1,0,1,1,0,1,1,0,0,1,1,1,0,1,1,0,1,1,0,0,1,1,1,0,1,1,0,0,1,1,0,1,
0,0,1,1,1,0,0,0,0,0,0,1,0,0,1,0,0,0,0,1,0,0,0,0,1,1,0,0,0,0,0,0,0,1,0,0,0,0,0,1,
1,1,1,1,1,1,0,1,1,0,0,1,0,1,0,1,0,0,1,1,1,1,1,0,0,1,1,0,0,1,0,1,1,1,1,0,1,1,1,1,
1,0,0,1,1,1,1,0,1,0,1,1,0,1,1,1,0,1,1,1,1,1,0,0,1,1,1,0,1,0,0,1,1,1,1,0,1,1,0,1,
0,0,0,1,0,0,0,0,1,0,0,1,0,0,1,0,0,0,0,1,1,1,0,0,1,1,1,0,0,0,0,0,0,0,0,0,1,1,0,0,
0,0,0,1,1,1,0,1,1,1,0,1,0,0,1,1,0,1,1,1,0,1,0,1,1,1,0,0,1,1,0,0,1,1,1,1,1,1,1,1,
1,1,1,1,1,1,1,0,1,0,0,1,1,1,1,0,0,0,0,1,1,1,0,0,1,1,1,0,1,1,0,1,0,1,0,1,1,1,0,1,
0,1,1,1,0,1,0,0,1,0,0,1,1,0,1,0,0,1,1,0,1,0,1,0,1,1,1,1,1,1,0,1,1,0,0,1,1,1,0,1,
0,0,0,1,0,1,0,0,0,0,0,1,0,0,1,0,0,0,0,1,0,1,0,0,1,1,0,0,1,1,0,1,0,0,0,0,0,0,0,0,
0,1,0,1,1,1,0,0,1,1,0,1,1,0,0,1,0,0,1,1,0,1,0,1,1,0,0,0,0,0,0,1,1,1,0,0,1,1,1,1,
0,1,0,1,1,0,0,0,0,1,1,1,0,0,1,0,0,0,1,1,1,1,0,0,1,1,1,0,1,1,1,1,1,1,0,1,0,1,1,0,
1,1,0,1,1,1,1,0,1,1,1,1,1,1,1,1,1,0,0,1,1,1,1,0,1,1,1,0,1,1,1,1,1,1,0,1,1,0,0,1,
0,0,0,1,0,1,0,0,1,0,0,0,0,0,1,1,1,0,0,1,0,1,0,1,1,0,0,0,1,0,0,1,0,0,0,1,1,0,0,1,
1,1,0,1,1,0,0,1,0,1,0,1,1,0,1,1,0,1,0,1,1,1,0,1,1,1,1,1,1,1,0,1,1,1,0,1,0,1,1,0,
Is Output Graph Empty or Complete?: 0
Ratio of Added Edges Over Added + Removed Edges: 0.496296
Changes from Input to Output: 
Removed Edge: (0, 1)
Removed Edge: (0, 9)
Removed Edge: (0, 10)
Removed Edge: (0, 18)
Removed Edge: (0, 27)
Added Edge: (1, 5)
Removed Edge: (1, 7)
Removed Edge: (1, 23)
Removed Edge: (1, 38)
Removed Edge: (2, 7)
Removed Edge: (2, 9)
Removed Edge: (2, 16)
Removed Edge: (2, 17)
Removed Edge: (2, 23)
Removed Edge: (2, 30)
Removed Edge: (2, 34)
Removed Edge: (2, 38)
Added Edge: (3, 4)
Added Edge: (3, 5)
Added Edge: (3, 14)
Added Edge: (3, 19)
Added Edge: (3, 21)
Added Edge: (3, 26)
Added Edge: (3, 37)
Removed Edge: (4, 23)
Added Edge: (4, 26)
Added Edge: (4, 29)
Added Edge: (4, 37)
Added Edge: (5, 11)
Added Edge: (5, 19)
Added Edge: (5, 20)
Added Edge: (5, 21)
Added Edge: (5, 24)
Added Edge: (5, 25)
Added Edge: (5, 31)
Added Edge: (5, 32)
Added Edge: (5, 37)
Removed Edge: (6, 7)
Removed Edge: (6, 8)
Removed Edge: (6, 9)
Removed Edge: (6, 12)
Removed Edge: (6, 13)
Removed Edge: (6, 30)
Removed Edge: (6, 34)
Removed Edge: (6, 35)
Removed Edge: (7, 10)
Removed Edge: (7, 12)
Removed Edge: (7, 13)
Removed Edge: (7, 18)
Removed Edge: (7, 27)
Removed Edge: (7, 30)
Removed Edge: (7, 38)
Added Edge: (8, 14)
Added Edge: (8, 21)
Added Edge: (8, 37)
Removed Edge: (9, 15)
Removed Edge: (9, 16)
Removed Edge: (9, 17)
Removed Edge: (9, 27)
Removed Edge: (9, 34)
Removed Edge: (10, 12)
Removed Edge: (10, 17)
Removed Edge: (10, 18)
Removed Edge: (10, 23)
Removed Edge: (10, 27)
Removed Edge: (10, 35)
Added Edge: (11, 33)
Added Edge: (11, 35)
Removed Edge: (12, 16)
Removed Edge: (12, 17)
Removed Edge: (12, 22)
Removed Edge: (12, 23)
Removed Edge: (12, 27)
Removed Edge: (12, 28)
Removed Edge: (12, 38)
Removed Edge: (13, 23)
Removed Edge: (13, 34)
Removed Edge: (13, 38)
Added Edge: (14, 20)
Added Edge: (14, 25)
Added Edge: (14, 29)
Added Edge: (14, 32)
Added Edge: (14, 33)
Removed Edge: (15, 17)
Removed Edge: (16, 17)
Removed Edge: (16, 18)
Removed Edge: (16, 20)
Removed Edge: (16, 22)
Removed Edge: (16, 30)
Removed Edge: (17, 34)
Removed Edge: (18, 38)
Added Edge: (19, 24)
Added Edge: (19, 26)
Added Edge: (19, 28)
Added Edge: (19, 36)
Added Edge: (19, 39)
Added Edge: (20, 21)
Added Edge: (20, 28)
Added Edge: (20, 29)
Added Edge: (20, 32)
Added Edge: (20, 39)
Added Edge: (21, 23)
Added Edge: (21, 24)
Added Edge: (21, 25)
Added Edge: (21, 36)
Removed Edge: (22, 23)
Removed Edge: (22, 27)
Removed Edge: (22, 35)
Removed Edge: (23, 29)
Removed Edge: (23, 34)
Removed Edge: (23, 36)
Added Edge: (24, 26)
Added Edge: (24, 29)
Added Edge: (24, 31)
Added Edge: (24, 32)
Added Edge: (24, 36)
Added Edge: (24, 37)
Added Edge: (25, 29)
Added Edge: (25, 32)
Added Edge: (25, 33)
Added Edge: (25, 39)
Added Edge: (26, 32)
Added Edge: (26, 39)
Added Edge: (28, 29)
Added Edge: (28, 31)
Added Edge: (28, 33)
Added Edge: (28, 36)
Added Edge: (28, 37)
Added Edge: (28, 39)
Added Edge: (29, 33)
Added Edge: (31, 37)
Added Edge: (31, 39)
Removed Edge: (34, 38)
Added Edge: (35, 37)
Added Edge: (35, 39)
========================
