========================
TIME_LIMIT_SECONDS: 900
ODD_HOLE_TERMINATION_PERCENTAGE: 999
N_THREADS: 24
IS_RUNNING_HEURISTIC_ON_CANDIDATE: 1
IS_RUNNING_HEURISTIC_ON_RELAXATION: 1
ADD_ALL_AT_START: 1
========================
Wall-Clock Runtime (ms): 900543
Calculated Odd Hole Termination Batch Size: 0
Total Time of All Workers in OddHoleAlg (nano): 52095657
Total Time of All Workers in OddHoleAlg (ms): 52
OddHoleAlg calls: 116
Number of Found Odd-Holes: 3270
Number of Found Odd Anti-Holes: 10322
Is Optimal? (1e-6): 0
Optimality Gap: 0.055362
Objective Value: 33
Number of Feasible Solutions Found: 71672
Number of Times Heuristic is Called: 71666
Total number of added OH and OHbar Cuts: 13592
Number of Explored B&C tree nodes: 438688
Number of Unexplored B&C tree nodes: 91784
========================
Input Graph:
Number of Vertices: 30
Erdos Renyi p Parameter: 0.75
Number of Edges: 315
Expected No of Odd Holes: 396
Expected No of Odd Anti Holes: 1341
ODD_HOLE_TERMINATION_BATCH_SIZE: 0
Graph Density: 0.724138
0,1,1,0,1,1,1,0,1,1,1,0,1,0,0,1,1,0,0,0,1,1,1,1,1,1,0,1,1,0,
1,0,1,0,1,1,1,0,0,0,1,1,1,1,0,1,1,0,1,1,1,1,1,1,1,1,1,0,1,1,
1,1,0,1,1,1,1,0,0,1,1,0,0,1,0,1,0,1,1,1,0,1,1,1,0,1,1,0,1,0,
0,0,1,0,0,0,0,1,1,1,0,0,1,1,1,0,1,1,1,1,1,0,1,1,1,1,1,1,1,1,
1,1,1,0,0,1,1,0,0,0,1,1,1,1,1,1,1,1,1,1,1,1,1,1,1,0,1,1,0,1,
1,1,1,0,1,0,1,0,1,1,0,1,1,0,1,1,1,1,1,1,1,1,0,0,1,1,1,1,1,0,
1,1,1,0,1,1,0,1,1,1,1,1,1,0,1,1,0,1,1,1,1,0,0,1,1,1,1,1,1,1,
0,0,0,1,0,0,1,0,1,0,0,1,1,1,0,1,0,1,1,1,0,1,1,1,1,1,0,1,1,1,
1,0,0,1,0,1,1,1,0,1,1,1,1,0,0,1,1,1,1,1,1,1,1,0,1,1,0,0,1,1,
1,0,1,1,0,1,1,0,1,0,1,1,1,0,1,1,1,0,1,1,1,1,1,1,1,1,1,0,1,1,
1,1,1,0,1,0,1,0,1,1,0,0,0,1,1,1,1,1,1,1,1,1,1,1,1,1,0,0,1,1,
0,1,0,0,1,1,1,1,1,1,0,0,1,1,0,0,1,0,1,1,1,1,1,1,0,1,0,0,1,1,
1,1,0,1,1,1,1,1,1,1,0,1,0,0,1,0,1,1,0,1,1,0,0,1,0,1,1,1,0,0,
0,1,1,1,1,0,0,1,0,0,1,1,0,0,1,0,1,1,1,1,0,1,1,1,1,1,1,1,0,1,
0,0,0,1,1,1,1,0,0,1,1,0,1,1,0,0,1,0,1,1,0,0,1,1,0,0,0,1,1,1,
1,1,1,0,1,1,1,1,1,1,1,0,0,0,0,0,1,0,1,1,1,1,1,1,0,1,0,1,0,1,
1,1,0,1,1,1,0,0,1,1,1,1,1,1,1,1,0,0,1,1,1,1,1,1,1,1,1,1,0,1,
0,0,1,1,1,1,1,1,1,0,1,0,1,1,0,0,0,0,1,1,1,1,1,1,0,1,0,1,0,0,
0,1,1,1,1,1,1,1,1,1,1,1,0,1,1,1,1,1,0,1,0,0,0,1,1,1,1,1,1,1,
0,1,1,1,1,1,1,1,1,1,1,1,1,1,1,1,1,1,1,0,0,1,1,0,1,0,0,0,1,1,
1,1,0,1,1,1,1,0,1,1,1,1,1,0,0,1,1,1,0,0,0,1,1,1,1,0,0,1,1,1,
1,1,1,0,1,1,0,1,1,1,1,1,0,1,0,1,1,1,0,1,1,0,1,1,1,1,1,0,1,1,
1,1,1,1,1,0,0,1,1,1,1,1,0,1,1,1,1,1,0,1,1,1,0,1,0,0,0,0,1,1,
1,1,1,1,1,0,1,1,0,1,1,1,1,1,1,1,1,1,1,0,1,1,1,0,0,1,1,1,1,0,
1,1,0,1,1,1,1,1,1,1,1,0,0,1,0,0,1,0,1,1,1,1,0,0,0,1,1,1,1,1,
1,1,1,1,0,1,1,1,1,1,1,1,1,1,0,1,1,1,1,0,0,1,0,1,1,0,1,0,1,0,
0,1,1,1,1,1,1,0,0,1,0,0,1,1,0,0,1,0,1,0,0,1,0,1,1,1,0,1,1,1,
1,0,0,1,1,1,1,1,0,0,0,0,1,1,1,1,1,1,1,0,1,0,0,1,1,0,1,0,1,1,
1,1,1,1,0,1,1,1,1,1,1,1,0,0,1,0,0,0,1,1,1,1,1,1,1,1,1,1,0,1,
0,1,0,1,1,0,1,1,1,1,1,1,0,1,1,1,1,0,1,1,1,1,1,0,1,0,1,1,1,0,
========================
Output Graph: 
Number of Vertices: 30
Number of Edges: 348
Graph Density: 0.8
0,1,1,0,1,1,1,0,1,1,1,0,1,0,0,1,1,0,0,1,1,1,1,1,1,1,0,1,1,1,
1,0,1,0,1,1,1,0,1,1,1,1,1,1,0,1,1,0,1,1,1,1,1,1,1,1,1,0,1,1,
1,1,0,1,1,1,1,1,0,1,1,1,1,1,1,1,0,1,1,1,0,1,1,1,0,1,1,1,1,0,
0,0,1,0,0,0,1,1,1,1,0,0,1,1,1,0,1,1,1,1,1,0,1,1,1,1,1,1,1,1,
1,1,1,0,0,1,1,0,1,1,1,1,1,1,1,1,1,1,1,1,1,1,1,1,1,0,1,1,1,1,
1,1,1,0,1,0,1,0,1,1,1,1,1,0,1,1,1,1,1,1,1,1,1,0,1,1,1,1,1,1,
1,1,1,1,1,1,0,1,1,1,1,1,1,1,1,1,0,1,1,1,1,0,0,1,1,1,1,1,1,1,
0,0,1,1,0,0,1,0,1,0,0,1,1,1,1,1,0,1,1,1,0,1,1,1,1,1,1,1,1,1,
1,1,0,1,1,1,1,1,0,1,1,1,1,0,0,1,1,1,1,1,1,1,1,0,1,1,0,0,1,1,
1,1,1,1,1,1,1,0,1,0,1,1,1,0,1,1,1,0,1,1,1,1,1,1,1,1,1,0,1,1,
1,1,1,0,1,1,1,0,1,1,0,1,0,1,1,1,1,1,1,1,1,1,1,1,1,1,0,0,1,1,
0,1,1,0,1,1,1,1,1,1,1,0,1,1,0,0,1,0,1,1,1,1,1,1,1,1,0,1,1,1,
1,1,1,1,1,1,1,1,1,1,0,1,0,1,1,0,1,1,1,1,1,0,0,1,0,1,1,1,0,0,
0,1,1,1,1,0,1,1,0,0,1,1,1,0,1,0,1,1,1,1,0,1,1,1,1,1,1,1,0,1,
0,0,1,1,1,1,1,1,0,1,1,0,1,1,0,0,1,1,1,1,0,0,1,1,0,1,1,1,1,1,
1,1,1,0,1,1,1,1,1,1,1,0,0,0,0,0,1,0,1,1,1,1,1,1,1,1,0,1,0,1,
1,1,0,1,1,1,0,0,1,1,1,1,1,1,1,1,0,0,1,1,1,1,1,1,1,1,1,1,1,1,
0,0,1,1,1,1,1,1,1,0,1,0,1,1,1,0,0,0,1,1,1,1,1,1,0,1,1,1,0,0,
0,1,1,1,1,1,1,1,1,1,1,1,1,1,1,1,1,1,0,1,0,0,0,1,1,1,1,1,1,1,
1,1,1,1,1,1,1,1,1,1,1,1,1,1,1,1,1,1,1,0,1,1,1,0,1,0,0,0,1,1,
1,1,0,1,1,1,1,0,1,1,1,1,1,0,0,1,1,1,0,1,0,1,1,1,1,0,0,1,1,1,
1,1,1,0,1,1,0,1,1,1,1,1,0,1,0,1,1,1,0,1,1,0,1,1,1,1,1,0,1,1,
1,1,1,1,1,1,0,1,1,1,1,1,0,1,1,1,1,1,0,1,1,1,0,1,1,0,0,0,1,1,
1,1,1,1,1,0,1,1,0,1,1,1,1,1,1,1,1,1,1,0,1,1,1,0,0,1,1,1,1,0,
1,1,0,1,1,1,1,1,1,1,1,1,0,1,0,1,1,0,1,1,1,1,1,0,0,1,1,1,1,1,
1,1,1,1,0,1,1,1,1,1,1,1,1,1,1,1,1,1,1,0,0,1,0,1,1,0,1,1,1,0,
0,1,1,1,1,1,1,1,0,1,0,0,1,1,1,0,1,1,1,0,0,1,0,1,1,1,0,1,1,1,
1,0,1,1,1,1,1,1,0,0,0,1,1,1,1,1,1,1,1,0,1,0,0,1,1,1,1,0,1,1,
1,1,1,1,1,1,1,1,1,1,1,1,0,0,1,0,1,0,1,1,1,1,1,1,1,1,1,1,0,1,
1,1,0,1,1,1,1,1,1,1,1,1,0,1,1,1,1,0,1,1,1,1,1,0,1,0,1,1,1,0,
Is Output Graph Empty or Complete?: 0
Ratio of Added Edges Over Added + Removed Edges: 1
Changes from Input to Output: 
Added Edge: (0, 19)
Added Edge: (0, 29)
Added Edge: (1, 8)
Added Edge: (1, 9)
Added Edge: (2, 7)
Added Edge: (2, 11)
Added Edge: (2, 12)
Added Edge: (2, 14)
Added Edge: (2, 27)
Added Edge: (3, 6)
Added Edge: (4, 8)
Added Edge: (4, 9)
Added Edge: (4, 28)
Added Edge: (5, 10)
Added Edge: (5, 22)
Added Edge: (5, 29)
Added Edge: (6, 13)
Added Edge: (7, 14)
Added Edge: (7, 26)
Added Edge: (10, 11)
Added Edge: (11, 24)
Added Edge: (11, 27)
Added Edge: (12, 13)
Added Edge: (12, 18)
Added Edge: (14, 17)
Added Edge: (14, 25)
Added Edge: (14, 26)
Added Edge: (15, 24)
Added Edge: (16, 28)
Added Edge: (17, 26)
Added Edge: (19, 20)
Added Edge: (22, 24)
Added Edge: (25, 27)
========================
