========================
TIME_LIMIT_SECONDS: 900
ODD_HOLE_TERMINATION_PERCENTAGE: 999
N_THREADS: 24
IS_RUNNING_HEURISTIC_ON_CANDIDATE: 1
IS_RUNNING_HEURISTIC_ON_RELAXATION: 1
ADD_ALL_AT_START: 0
========================
Wall-Clock Runtime (ms): 901396
Calculated Odd Hole Termination Batch Size: 0
Total Time of All Workers in OddHoleAlg (nano): 157727373
Total Time of All Workers in OddHoleAlg (ms): 157
OddHoleAlg calls: 28
Number of Found Odd-Holes: 38858
Number of Found Odd Anti-Holes: 3982
Is Optimal? (1e-6): 0
Optimality Gap: 0.34631
Objective Value: 81
Number of Feasible Solutions Found: 11832
Number of Times Heuristic is Called: 11829
Total number of added OH and OHbar Cuts: 42840
Number of Explored B&C tree nodes: 59980
Number of Unexplored B&C tree nodes: 46925
========================
Input Graph:
Number of Vertices: 35
Erdos Renyi p Parameter: 0.5
Number of Edges: 284
Expected No of Odd Holes: 4979
Expected No of Odd Anti Holes: 1175
ODD_HOLE_TERMINATION_BATCH_SIZE: 0
Graph Density: 0.477311
0,1,1,0,0,0,0,0,1,1,0,1,0,0,0,1,1,0,1,1,1,0,0,1,1,1,1,0,1,1,0,0,0,1,1,
1,0,0,1,0,0,1,0,1,0,0,0,0,1,0,1,0,0,0,1,0,0,1,1,1,0,0,0,0,1,0,0,0,0,1,
1,0,0,0,1,1,0,0,1,1,0,1,0,1,0,1,0,0,0,0,1,0,0,1,0,1,1,1,1,1,0,0,1,0,0,
0,1,0,0,0,0,0,1,0,0,1,0,0,0,1,1,0,1,0,0,0,0,0,1,1,0,1,1,1,1,0,0,0,1,0,
0,0,1,0,0,0,0,1,0,1,0,1,0,1,0,0,1,0,1,1,0,1,1,1,0,0,0,1,1,1,1,0,0,0,1,
0,0,1,0,0,0,0,0,1,1,0,0,1,0,0,0,1,1,0,0,1,0,0,0,1,1,0,1,1,0,1,1,1,1,1,
0,1,0,0,0,0,0,0,1,0,1,0,0,0,1,0,0,0,0,0,1,0,1,0,1,0,1,1,0,1,1,0,1,1,1,
0,0,0,1,1,0,0,0,1,0,1,0,1,1,1,0,1,1,0,0,0,0,1,1,1,0,0,1,1,0,1,0,1,1,1,
1,1,1,0,0,1,1,1,0,1,1,1,1,0,0,1,0,0,0,0,1,0,1,1,1,1,1,1,1,1,1,0,1,0,0,
1,0,1,0,1,1,0,0,1,0,1,1,0,1,0,1,0,0,1,1,1,1,1,0,0,1,0,0,0,1,1,0,0,1,0,
0,0,0,1,0,0,1,1,1,1,0,1,0,0,1,1,0,0,0,0,0,1,0,1,1,1,0,1,0,1,1,0,0,1,1,
1,0,1,0,1,0,0,0,1,1,1,0,0,0,0,0,1,1,1,0,0,1,0,0,0,1,0,1,1,0,0,0,1,0,0,
0,0,0,0,0,1,0,1,1,0,0,0,0,0,0,0,0,1,1,1,0,1,1,1,1,1,1,1,0,0,1,1,0,0,0,
0,1,1,0,1,0,0,1,0,1,0,0,0,0,0,1,1,1,1,1,1,0,0,1,0,1,1,0,0,1,1,0,1,0,0,
0,0,0,1,0,0,1,1,0,0,1,0,0,0,0,0,0,0,0,0,0,1,0,0,0,0,0,1,1,0,1,1,1,1,0,
1,1,1,1,0,0,0,0,1,1,1,0,0,1,0,0,1,0,1,0,1,1,0,0,0,1,0,1,1,0,0,1,0,0,0,
1,0,0,0,1,1,0,1,0,0,0,1,0,1,0,1,0,0,0,1,1,0,0,1,0,0,0,1,1,1,1,0,0,1,0,
0,0,0,1,0,1,0,1,0,0,0,1,1,1,0,0,0,0,0,1,1,0,0,1,1,1,0,1,1,1,0,0,1,0,1,
1,0,0,0,1,0,0,0,0,1,0,1,1,1,0,1,0,0,0,0,0,0,0,0,1,0,1,0,0,1,1,0,1,1,1,
1,1,0,0,1,0,0,0,0,1,0,0,1,1,0,0,1,1,0,0,0,0,1,0,1,1,0,1,1,1,1,1,0,0,0,
1,0,1,0,0,1,1,0,1,1,0,0,0,1,0,1,1,1,0,0,0,1,1,0,1,0,0,0,1,1,1,1,0,0,1,
0,0,0,0,1,0,0,0,0,1,1,1,1,0,1,1,0,0,0,0,1,0,1,0,1,0,0,1,1,0,1,1,0,0,0,
0,1,0,0,1,0,1,1,1,1,0,0,1,0,0,0,0,0,0,1,1,1,0,0,0,0,1,1,0,1,1,0,0,1,1,
1,1,1,1,1,0,0,1,1,0,1,0,1,1,0,0,1,1,0,0,0,0,0,0,0,0,1,1,1,1,0,0,0,0,0,
1,1,0,1,0,1,1,1,1,0,1,0,1,0,0,0,0,1,1,1,1,1,0,0,0,1,1,0,0,1,1,0,0,0,0,
1,0,1,0,0,1,0,0,1,1,1,1,1,1,0,1,0,1,0,1,0,0,0,0,1,0,1,1,1,1,0,1,0,1,0,
1,0,1,1,0,0,1,0,1,0,0,0,1,1,0,0,0,0,1,0,0,0,1,1,1,1,0,1,0,0,0,1,0,1,0,
0,0,1,1,1,1,1,1,1,0,1,1,1,0,1,1,1,1,0,1,0,1,1,1,0,1,1,0,0,1,1,1,1,0,0,
1,0,1,1,1,1,0,1,1,0,0,1,0,0,1,1,1,1,0,1,1,1,0,1,0,1,0,0,0,1,0,1,0,0,0,
1,1,1,1,1,0,1,0,1,1,1,0,0,1,0,0,1,1,1,1,1,0,1,1,1,1,0,1,1,0,0,0,0,0,0,
0,0,0,0,1,1,1,1,1,1,1,0,1,1,1,0,1,0,1,1,1,1,1,0,1,0,0,1,0,0,0,0,1,0,1,
0,0,0,0,0,1,0,0,0,0,0,0,1,0,1,1,0,0,0,1,1,1,0,0,0,1,1,1,1,0,0,0,0,1,0,
0,0,1,0,0,1,1,1,1,0,0,1,0,1,1,0,0,1,1,0,0,0,0,0,0,0,0,1,0,0,1,0,0,1,0,
1,0,0,1,0,1,1,1,0,1,1,0,0,0,1,0,1,0,1,0,0,0,1,0,0,1,1,0,0,0,0,1,1,0,1,
1,1,0,0,1,1,1,1,0,0,1,0,0,0,0,0,0,1,1,0,1,0,1,0,0,0,0,0,0,0,1,0,0,1,0,
========================
Output Graph: 
Number of Vertices: 35
Number of Edges: 269
Graph Density: 0.452101
0,1,1,0,1,0,0,1,1,1,0,1,0,1,0,1,1,0,1,1,1,0,0,1,1,1,1,1,1,1,1,0,0,1,1,
1,0,0,0,0,0,0,0,1,0,0,0,0,1,0,0,0,0,0,1,0,0,0,0,1,0,0,0,0,1,0,0,0,0,1,
1,0,0,0,1,0,0,0,1,1,0,1,0,1,0,1,0,0,0,0,1,0,0,1,0,1,0,1,1,1,0,0,0,0,0,
0,0,0,0,0,0,0,1,0,0,0,0,0,0,0,0,0,1,0,0,0,0,0,0,1,0,0,1,1,1,0,0,0,0,0,
1,0,1,0,0,0,0,1,1,1,1,1,0,1,0,0,1,1,1,1,0,1,1,1,1,0,0,1,1,1,1,0,0,0,1,
0,0,0,0,0,0,0,0,1,1,0,0,1,1,0,0,0,1,0,0,1,0,0,0,1,1,0,1,1,0,1,1,1,0,1,
0,0,0,0,0,0,0,0,1,0,1,0,0,0,0,0,0,0,0,0,1,0,1,0,1,0,0,1,0,1,1,0,0,0,1,
1,0,0,1,1,0,0,0,1,1,1,0,1,1,1,0,1,1,0,0,1,0,1,1,1,1,0,1,1,1,1,0,1,1,1,
1,1,1,0,1,1,1,1,0,1,1,1,1,1,0,1,0,0,0,1,1,0,1,1,1,1,1,1,1,1,1,0,1,0,1,
1,0,1,0,1,1,0,1,1,0,1,1,0,0,0,1,0,1,1,1,1,1,1,0,0,1,0,0,0,1,1,0,0,1,0,
0,0,0,0,1,0,1,1,1,1,0,1,0,1,1,1,0,0,0,0,1,1,0,1,1,1,0,1,1,1,1,0,0,1,1,
1,0,1,0,1,0,0,0,1,1,1,0,0,0,0,0,0,1,0,0,0,0,0,0,0,1,0,1,1,0,0,0,0,0,0,
0,0,0,0,0,1,0,1,1,0,0,0,0,0,0,0,0,1,0,1,0,0,1,0,1,1,0,1,0,0,1,0,0,0,0,
1,1,1,0,1,1,0,1,1,0,1,0,0,0,0,1,1,1,1,1,1,0,1,1,0,1,1,0,0,1,1,0,1,0,0,
0,0,0,0,0,0,0,1,0,0,1,0,0,0,0,0,0,0,0,0,0,1,0,0,0,0,0,1,1,0,1,0,0,0,0,
1,0,1,0,0,0,0,0,1,1,1,0,0,1,0,0,0,0,0,0,1,0,0,0,0,1,0,1,1,0,0,0,0,0,0,
1,0,0,0,1,0,0,1,0,0,0,0,0,1,0,0,0,0,0,1,1,0,0,0,0,0,0,1,1,1,1,0,0,0,0,
0,0,0,1,1,1,0,1,0,1,0,1,1,1,0,0,0,0,0,1,1,0,0,1,1,1,0,1,1,1,1,0,1,0,1,
1,0,0,0,1,0,0,0,0,1,0,0,0,1,0,0,0,0,0,0,0,0,0,0,1,0,0,0,0,1,1,0,0,0,1,
1,1,0,0,1,0,0,0,1,1,0,0,1,1,0,0,1,1,0,0,1,0,1,0,1,1,0,1,1,1,1,1,0,0,1,
1,0,1,0,0,1,1,1,1,1,1,0,0,1,0,1,1,1,0,1,0,1,1,0,1,0,0,1,1,1,1,1,0,0,1,
0,0,0,0,1,0,0,0,0,1,1,0,0,0,1,0,0,0,0,0,1,0,1,0,1,0,0,1,1,0,1,0,0,0,0,
0,0,0,0,1,0,1,1,1,1,0,0,1,1,0,0,0,0,0,1,1,1,0,0,1,1,1,1,1,1,1,0,0,1,1,
1,0,1,0,1,0,0,1,1,0,1,0,0,1,0,0,0,1,0,0,0,0,0,0,0,0,0,1,1,1,0,0,0,0,0,
1,1,0,1,1,1,1,1,1,0,1,0,1,0,0,0,0,1,1,1,1,1,1,0,0,1,1,0,0,1,1,0,0,0,0,
1,0,1,0,0,1,0,1,1,1,1,1,1,1,0,1,0,1,0,1,0,0,1,0,1,0,1,1,1,1,1,1,0,1,1,
1,0,0,0,0,0,0,0,1,0,0,0,0,1,0,0,0,0,0,0,0,0,1,0,1,1,0,1,0,0,0,0,0,0,0,
1,0,1,1,1,1,1,1,1,0,1,1,1,0,1,1,1,1,0,1,1,1,1,1,0,1,1,0,0,1,1,1,1,0,0,
1,0,1,1,1,1,0,1,1,0,1,1,0,0,1,1,1,1,0,1,1,1,1,1,0,1,0,0,0,1,1,1,0,0,0,
1,1,1,1,1,0,1,1,1,1,1,0,0,1,0,0,1,1,1,1,1,0,1,1,1,1,0,1,1,0,0,0,0,0,1,
1,0,0,0,1,1,1,1,1,1,1,0,1,1,1,0,1,1,1,1,1,1,1,0,1,1,0,1,1,0,0,0,1,0,1,
0,0,0,0,0,1,0,0,0,0,0,0,0,0,0,0,0,0,0,1,1,0,0,0,0,1,0,1,1,0,0,0,0,0,0,
0,0,0,0,0,1,0,1,1,0,0,0,0,1,0,0,0,1,0,0,0,0,0,0,0,0,0,1,0,0,1,0,0,0,0,
1,0,0,0,0,0,0,1,0,1,1,0,0,0,0,0,0,0,0,0,0,0,1,0,0,1,0,0,0,0,0,0,0,0,1,
1,1,0,0,1,1,1,1,1,0,1,0,0,0,0,0,0,1,1,1,1,0,1,0,0,1,0,0,0,1,1,0,0,1,0,
Is Output Graph Empty or Complete?: 0
Ratio of Added Edges Over Added + Removed Edges: 0.407407
Changes from Input to Output: 
Added Edge: (0, 4)
Added Edge: (0, 7)
Added Edge: (0, 13)
Added Edge: (0, 27)
Added Edge: (0, 30)
Removed Edge: (1, 3)
Removed Edge: (1, 6)
Removed Edge: (1, 15)
Removed Edge: (1, 22)
Removed Edge: (1, 23)
Removed Edge: (2, 5)
Removed Edge: (2, 26)
Removed Edge: (2, 32)
Removed Edge: (3, 10)
Removed Edge: (3, 14)
Removed Edge: (3, 15)
Removed Edge: (3, 23)
Removed Edge: (3, 26)
Removed Edge: (3, 33)
Added Edge: (4, 8)
Added Edge: (4, 10)
Added Edge: (4, 17)
Added Edge: (4, 24)
Added Edge: (5, 13)
Removed Edge: (5, 16)
Removed Edge: (5, 33)
Removed Edge: (6, 14)
Removed Edge: (6, 26)
Removed Edge: (6, 32)
Removed Edge: (6, 33)
Added Edge: (7, 9)
Added Edge: (7, 20)
Added Edge: (7, 25)
Added Edge: (7, 29)
Added Edge: (8, 13)
Added Edge: (8, 19)
Added Edge: (8, 34)
Removed Edge: (9, 13)
Added Edge: (9, 17)
Added Edge: (10, 13)
Added Edge: (10, 20)
Added Edge: (10, 28)
Removed Edge: (11, 16)
Removed Edge: (11, 18)
Removed Edge: (11, 21)
Removed Edge: (11, 32)
Removed Edge: (12, 18)
Removed Edge: (12, 21)
Removed Edge: (12, 23)
Removed Edge: (12, 26)
Removed Edge: (12, 31)
Added Edge: (13, 22)
Removed Edge: (14, 31)
Removed Edge: (14, 32)
Removed Edge: (14, 33)
Removed Edge: (15, 16)
Removed Edge: (15, 18)
Removed Edge: (15, 21)
Removed Edge: (15, 31)
Removed Edge: (16, 23)
Removed Edge: (16, 33)
Added Edge: (17, 30)
Removed Edge: (18, 26)
Removed Edge: (18, 32)
Removed Edge: (18, 33)
Added Edge: (19, 20)
Added Edge: (19, 34)
Added Edge: (20, 27)
Removed Edge: (21, 31)
Added Edge: (22, 24)
Added Edge: (22, 25)
Added Edge: (22, 28)
Removed Edge: (23, 26)
Added Edge: (25, 30)
Added Edge: (25, 34)
Removed Edge: (26, 31)
Removed Edge: (26, 33)
Added Edge: (28, 30)
Added Edge: (29, 34)
Removed Edge: (31, 33)
Removed Edge: (32, 33)
========================
