========================
TIME_LIMIT_SECONDS: 900
ODD_HOLE_TERMINATION_PERCENTAGE: 999
N_THREADS: 24
IS_RUNNING_HEURISTIC_ON_CANDIDATE: 1
IS_RUNNING_HEURISTIC_ON_RELAXATION: 0
ADD_ALL_AT_START: 0
========================
Wall-Clock Runtime (ms): 901109
Calculated Odd Hole Termination Batch Size: 0
Total Time of All Workers in OddHoleAlg (nano): 303456620
Total Time of All Workers in OddHoleAlg (ms): 303
OddHoleAlg calls: 164
Number of Found Odd-Holes: 72401
Number of Found Odd Anti-Holes: 144
Is Optimal? (1e-6): 0
Optimality Gap: 0.381172
Objective Value: 59
Number of Feasible Solutions Found: 82
Number of Times Heuristic is Called: 79
Total number of added OH and OHbar Cuts: 72545
Number of Explored B&C tree nodes: 129548
Number of Unexplored B&C tree nodes: 111832
========================
Input Graph:
Number of Vertices: 35
Erdos Renyi p Parameter: 0.25
Number of Edges: 164
Expected No of Odd Holes: 6448
Expected No of Odd Anti Holes: 1
ODD_HOLE_TERMINATION_BATCH_SIZE: 0
Graph Density: 0.27563
0,1,0,0,0,0,0,0,1,0,0,0,0,0,0,0,0,0,1,1,1,0,0,0,0,1,0,0,0,0,0,0,0,0,0,
1,0,0,0,0,0,0,0,0,0,0,1,1,0,0,0,0,0,0,1,0,0,1,0,0,0,0,0,0,0,0,0,0,0,1,
0,0,0,1,0,0,1,0,1,1,0,0,1,0,0,0,0,0,0,1,0,0,1,0,0,0,1,0,0,0,0,1,0,0,1,
0,0,1,0,0,0,0,0,0,0,0,1,0,0,1,0,1,0,1,1,1,0,0,0,0,0,0,1,0,0,0,0,1,0,0,
0,0,0,0,0,0,0,0,0,1,1,1,0,0,0,0,0,0,0,0,1,1,1,1,0,0,0,0,0,0,0,0,1,0,1,
0,0,0,0,0,0,0,0,0,0,0,1,0,1,1,1,1,0,1,0,1,1,0,0,0,1,0,0,0,0,1,0,1,0,0,
0,0,1,0,0,0,0,0,0,0,1,0,0,1,0,0,0,0,1,1,0,0,0,1,0,0,0,1,0,1,0,0,1,0,0,
0,0,0,0,0,0,0,0,0,0,1,0,0,0,0,0,0,0,0,0,0,0,0,0,0,0,1,1,0,1,0,0,0,0,1,
1,0,1,0,0,0,0,0,0,0,0,0,0,0,1,0,0,1,0,0,1,0,1,1,0,1,0,0,0,0,1,0,0,0,0,
0,0,1,0,1,0,0,0,0,0,0,0,0,1,1,0,0,1,1,0,0,0,0,1,0,1,0,0,1,0,1,0,0,1,1,
0,0,0,0,1,0,1,1,0,0,0,0,0,0,0,0,0,1,0,0,0,1,0,1,0,0,0,0,0,0,0,1,0,0,0,
0,1,0,1,1,1,0,0,0,0,0,0,0,1,0,0,0,0,1,0,0,0,0,0,0,0,0,1,0,0,0,0,0,0,0,
0,1,1,0,0,0,0,0,0,0,0,0,0,0,0,1,0,0,0,0,0,0,0,0,0,0,1,0,0,0,0,0,1,0,0,
0,0,0,0,0,1,1,0,0,1,0,1,0,0,0,0,1,1,0,0,0,0,0,0,0,0,0,1,1,1,0,1,1,1,1,
0,0,0,1,0,1,0,0,1,1,0,0,0,0,0,0,0,1,1,0,0,0,0,0,1,0,0,0,1,1,0,0,0,0,0,
0,0,0,0,0,1,0,0,0,0,0,0,1,0,0,0,1,0,0,1,0,1,0,0,1,1,1,1,0,1,0,0,1,1,1,
0,0,0,1,0,1,0,0,0,0,0,0,0,1,0,1,0,0,0,0,1,1,0,0,0,1,0,1,0,0,0,1,1,0,0,
0,0,0,0,0,0,0,0,1,1,1,0,0,1,1,0,0,0,0,1,1,1,1,0,0,0,0,0,0,0,0,0,1,0,1,
1,0,0,1,0,1,1,0,0,1,0,1,0,0,1,0,0,0,0,0,0,0,0,0,0,0,0,0,0,1,1,0,1,0,0,
1,1,1,1,0,0,1,0,0,0,0,0,0,0,0,1,0,1,0,0,0,1,0,0,1,0,1,0,0,1,0,1,0,1,1,
1,0,0,1,1,1,0,0,1,0,0,0,0,0,0,0,1,1,0,0,0,1,1,1,0,0,0,1,1,0,0,0,0,1,0,
0,0,0,0,1,1,0,0,0,0,1,0,0,0,0,1,1,1,0,1,1,0,1,0,0,0,0,0,0,0,1,0,0,1,0,
0,1,1,0,1,0,0,0,1,0,0,0,0,0,0,0,0,1,0,0,1,1,0,0,0,0,0,0,0,0,0,1,0,0,0,
0,0,0,0,1,0,1,0,1,1,1,0,0,0,0,0,0,0,0,0,1,0,0,0,0,0,0,0,0,0,1,0,0,0,0,
0,0,0,0,0,0,0,0,0,0,0,0,0,0,1,1,0,0,0,1,0,0,0,0,0,0,1,0,0,0,1,0,0,0,0,
1,0,0,0,0,1,0,0,1,1,0,0,0,0,0,1,1,0,0,0,0,0,0,0,0,0,0,1,0,0,0,0,0,0,0,
0,0,1,0,0,0,0,1,0,0,0,0,1,0,0,1,0,0,0,1,0,0,0,0,1,0,0,0,0,0,1,0,0,1,1,
0,0,0,1,0,0,1,1,0,0,0,1,0,1,0,1,1,0,0,0,1,0,0,0,0,1,0,0,0,1,0,0,0,1,1,
0,0,0,0,0,0,0,0,0,1,0,0,0,1,1,0,0,0,0,0,1,0,0,0,0,0,0,0,0,0,0,0,0,0,1,
0,0,0,0,0,0,1,1,0,0,0,0,0,1,1,1,0,0,1,1,0,0,0,0,0,0,0,1,0,0,0,1,0,0,1,
0,0,0,0,0,1,0,0,1,1,0,0,0,0,0,0,0,0,1,0,0,1,0,1,1,0,1,0,0,0,0,0,1,0,0,
0,0,1,0,0,0,0,0,0,0,1,0,0,1,0,0,1,0,0,1,0,0,1,0,0,0,0,0,0,1,0,0,1,1,1,
0,0,0,1,1,1,1,0,0,0,0,0,1,1,0,1,1,1,1,0,0,0,0,0,0,0,0,0,0,0,1,1,0,0,1,
0,0,0,0,0,0,0,0,0,1,0,0,0,1,0,1,0,0,0,1,1,1,0,0,0,0,1,1,0,0,0,1,0,0,0,
0,1,1,0,1,0,0,1,0,1,0,0,0,1,0,1,0,1,0,1,0,0,0,0,0,0,1,1,1,1,0,1,1,0,0,
========================
Output Graph: 
Number of Vertices: 35
Number of Edges: 123
Graph Density: 0.206723
0,1,0,0,0,0,0,0,0,0,0,0,0,0,0,0,0,0,0,1,0,0,0,0,0,0,0,0,0,0,0,0,0,0,0,
1,0,0,0,0,0,0,0,0,0,0,0,1,0,0,0,0,0,0,1,0,0,1,0,0,0,0,0,0,0,0,0,0,0,1,
0,0,0,0,0,0,0,0,0,0,0,0,1,0,0,1,0,0,0,1,0,0,1,0,0,0,1,0,0,0,0,1,0,0,1,
0,0,0,0,0,0,0,0,0,0,0,1,0,0,0,0,1,0,0,0,1,0,0,0,0,0,0,1,0,0,0,0,1,0,0,
0,0,0,0,0,0,0,0,0,1,1,0,0,1,0,0,0,0,0,0,1,1,0,1,0,0,0,0,0,0,0,0,1,0,1,
0,0,0,0,0,0,0,0,0,0,0,1,0,1,0,1,1,0,0,0,1,1,0,0,0,0,0,0,0,0,1,0,1,0,0,
0,0,0,0,0,0,0,0,0,0,0,0,0,1,0,0,0,0,0,0,0,0,0,0,0,0,0,1,0,1,0,0,1,0,0,
0,0,0,0,0,0,0,0,0,0,0,0,0,0,0,0,0,0,0,0,0,0,0,0,0,0,0,1,0,1,0,0,0,0,1,
0,0,0,0,0,0,0,0,0,0,0,0,0,0,0,0,0,0,0,0,1,0,0,1,0,0,0,0,0,0,0,0,0,0,0,
0,0,0,0,1,0,0,0,0,0,0,0,0,1,1,0,0,1,0,0,0,1,0,1,0,0,0,0,1,0,0,0,0,0,1,
0,0,0,0,1,0,0,0,0,0,0,0,0,0,0,0,0,1,0,0,0,1,0,1,0,0,0,0,0,0,0,0,0,0,0,
0,0,0,1,0,1,0,0,0,0,0,0,0,1,0,0,0,0,1,0,0,0,0,0,0,0,0,1,0,0,0,0,0,0,0,
0,1,1,0,0,0,0,0,0,0,0,0,0,0,0,1,0,0,0,0,0,0,0,0,0,0,1,0,0,0,0,0,0,0,0,
0,0,0,0,1,1,1,0,0,1,0,1,0,0,0,1,1,1,0,0,1,0,0,0,0,0,0,1,1,1,0,1,1,1,1,
0,0,0,0,0,0,0,0,0,1,0,0,0,0,0,0,0,1,0,0,0,0,0,0,0,0,0,0,1,0,0,0,0,0,0,
0,0,1,0,0,1,0,0,0,0,0,0,1,1,0,0,1,0,0,1,0,1,0,0,1,1,1,1,0,1,0,0,1,1,1,
0,0,0,1,0,1,0,0,0,0,0,0,0,1,0,1,0,0,0,0,1,1,0,0,0,1,0,1,0,0,0,0,1,0,0,
0,0,0,0,0,0,0,0,0,1,1,0,0,1,1,0,0,0,0,0,1,1,0,0,0,0,0,0,0,0,0,0,1,0,1,
0,0,0,0,0,0,0,0,0,0,0,1,0,0,0,0,0,0,0,0,0,0,0,0,0,0,0,0,0,0,1,0,1,0,0,
1,1,1,0,0,0,0,0,0,0,0,0,0,0,0,1,0,0,0,0,0,0,0,0,1,0,1,0,0,1,0,1,0,1,1,
0,0,0,1,1,1,0,0,1,0,0,0,0,1,0,0,1,1,0,0,0,1,0,1,0,0,0,1,1,0,0,0,0,0,1,
0,0,0,0,1,1,0,0,0,1,1,0,0,0,0,1,1,1,0,0,1,0,0,0,0,0,0,1,0,0,0,0,1,0,0,
0,1,1,0,0,0,0,0,0,0,0,0,0,0,0,0,0,0,0,0,0,0,0,0,0,0,0,0,0,0,0,1,0,0,0,
0,0,0,0,1,0,0,0,1,1,1,0,0,0,0,0,0,0,0,0,1,0,0,0,0,0,0,0,0,0,0,0,0,0,0,
0,0,0,0,0,0,0,0,0,0,0,0,0,0,0,1,0,0,0,1,0,0,0,0,0,0,1,0,0,0,0,0,0,0,0,
0,0,0,0,0,0,0,0,0,0,0,0,0,0,0,1,1,0,0,0,0,0,0,0,0,0,0,1,0,0,0,0,0,0,0,
0,0,1,0,0,0,0,0,0,0,0,0,1,0,0,1,0,0,0,1,0,0,0,0,1,0,0,0,0,0,0,0,0,1,1,
0,0,0,1,0,0,1,1,0,0,0,1,0,1,0,1,1,0,0,0,1,1,0,0,0,1,0,0,0,1,0,0,1,1,1,
0,0,0,0,0,0,0,0,0,1,0,0,0,1,1,0,0,0,0,0,1,0,0,0,0,0,0,0,0,0,0,0,0,0,1,
0,0,0,0,0,0,1,1,0,0,0,0,0,1,0,1,0,0,0,1,0,0,0,0,0,0,0,1,0,0,0,1,0,0,1,
0,0,0,0,0,1,0,0,0,0,0,0,0,0,0,0,0,0,1,0,0,0,0,0,0,0,0,0,0,0,0,0,1,0,0,
0,0,1,0,0,0,0,0,0,0,0,0,0,1,0,0,0,0,0,1,0,0,1,0,0,0,0,0,0,1,0,0,1,1,1,
0,0,0,1,1,1,1,0,0,0,0,0,0,1,0,1,1,1,1,0,0,1,0,0,0,0,0,1,0,0,1,1,0,0,1,
0,0,0,0,0,0,0,0,0,0,0,0,0,1,0,1,0,0,0,1,0,0,0,0,0,0,1,1,0,0,0,1,0,0,0,
0,1,1,0,1,0,0,1,0,1,0,0,0,1,0,1,0,1,0,1,1,0,0,0,0,0,1,1,1,1,0,1,1,0,0,
Is Output Graph Empty or Complete?: 0
Ratio of Added Edges Over Added + Removed Edges: 0.152542
Changes from Input to Output: 
Removed Edge: (0, 8)
Removed Edge: (0, 18)
Removed Edge: (0, 20)
Removed Edge: (0, 25)
Removed Edge: (1, 11)
Removed Edge: (2, 3)
Removed Edge: (2, 6)
Removed Edge: (2, 8)
Removed Edge: (2, 9)
Added Edge: (2, 15)
Removed Edge: (3, 14)
Removed Edge: (3, 18)
Removed Edge: (3, 19)
Removed Edge: (4, 11)
Added Edge: (4, 13)
Removed Edge: (4, 22)
Removed Edge: (5, 14)
Removed Edge: (5, 18)
Removed Edge: (5, 25)
Removed Edge: (6, 10)
Removed Edge: (6, 18)
Removed Edge: (6, 19)
Removed Edge: (6, 23)
Removed Edge: (7, 10)
Removed Edge: (7, 26)
Removed Edge: (8, 14)
Removed Edge: (8, 17)
Removed Edge: (8, 22)
Removed Edge: (8, 25)
Removed Edge: (8, 30)
Removed Edge: (9, 18)
Added Edge: (9, 21)
Removed Edge: (9, 25)
Removed Edge: (9, 30)
Removed Edge: (9, 33)
Removed Edge: (10, 31)
Removed Edge: (12, 32)
Added Edge: (13, 15)
Added Edge: (13, 20)
Removed Edge: (14, 18)
Removed Edge: (14, 24)
Removed Edge: (14, 29)
Removed Edge: (16, 31)
Removed Edge: (17, 19)
Removed Edge: (17, 22)
Removed Edge: (18, 29)
Removed Edge: (19, 21)
Removed Edge: (20, 22)
Removed Edge: (20, 33)
Added Edge: (20, 34)
Removed Edge: (21, 22)
Added Edge: (21, 27)
Removed Edge: (21, 30)
Added Edge: (21, 32)
Removed Edge: (21, 33)
Removed Edge: (23, 30)
Removed Edge: (24, 30)
Removed Edge: (26, 30)
Added Edge: (27, 32)
========================
