========================
TIME_LIMIT_SECONDS: 900
ODD_HOLE_TERMINATION_PERCENTAGE: 999
N_THREADS: 24
IS_RUNNING_HEURISTIC_ON_CANDIDATE: 0
IS_RUNNING_HEURISTIC_ON_RELAXATION: 0
ADD_ALL_AT_START: 0
========================
Wall-Clock Runtime (ms): 900684
Calculated Odd Hole Termination Batch Size: 0
Total Time of All Workers in OddHoleAlg (nano): 327848646
Total Time of All Workers in OddHoleAlg (ms): 327
OddHoleAlg calls: 186
Number of Found Odd-Holes: 66272
Number of Found Odd Anti-Holes: 6053
Is Optimal? (1e-6): 0
Optimality Gap: 0.425263
Objective Value: 92
Number of Feasible Solutions Found: 6
Number of Times Heuristic is Called: 0
Total number of added OH and OHbar Cuts: 72325
Number of Explored B&C tree nodes: 65151
Number of Unexplored B&C tree nodes: 53418
========================
Input Graph:
Number of Vertices: 35
Erdos Renyi p Parameter: 0.5
Number of Edges: 284
Expected No of Odd Holes: 4979
Expected No of Odd Anti Holes: 1175
ODD_HOLE_TERMINATION_BATCH_SIZE: 0
Graph Density: 0.477311
0,1,1,0,0,0,0,0,1,1,0,1,0,0,0,1,1,0,1,1,1,0,0,1,1,1,1,0,1,1,0,0,0,1,1,
1,0,0,1,0,0,1,0,1,0,0,0,0,1,0,1,0,0,0,1,0,0,1,1,1,0,0,0,0,1,0,0,0,0,1,
1,0,0,0,1,1,0,0,1,1,0,1,0,1,0,1,0,0,0,0,1,0,0,1,0,1,1,1,1,1,0,0,1,0,0,
0,1,0,0,0,0,0,1,0,0,1,0,0,0,1,1,0,1,0,0,0,0,0,1,1,0,1,1,1,1,0,0,0,1,0,
0,0,1,0,0,0,0,1,0,1,0,1,0,1,0,0,1,0,1,1,0,1,1,1,0,0,0,1,1,1,1,0,0,0,1,
0,0,1,0,0,0,0,0,1,1,0,0,1,0,0,0,1,1,0,0,1,0,0,0,1,1,0,1,1,0,1,1,1,1,1,
0,1,0,0,0,0,0,0,1,0,1,0,0,0,1,0,0,0,0,0,1,0,1,0,1,0,1,1,0,1,1,0,1,1,1,
0,0,0,1,1,0,0,0,1,0,1,0,1,1,1,0,1,1,0,0,0,0,1,1,1,0,0,1,1,0,1,0,1,1,1,
1,1,1,0,0,1,1,1,0,1,1,1,1,0,0,1,0,0,0,0,1,0,1,1,1,1,1,1,1,1,1,0,1,0,0,
1,0,1,0,1,1,0,0,1,0,1,1,0,1,0,1,0,0,1,1,1,1,1,0,0,1,0,0,0,1,1,0,0,1,0,
0,0,0,1,0,0,1,1,1,1,0,1,0,0,1,1,0,0,0,0,0,1,0,1,1,1,0,1,0,1,1,0,0,1,1,
1,0,1,0,1,0,0,0,1,1,1,0,0,0,0,0,1,1,1,0,0,1,0,0,0,1,0,1,1,0,0,0,1,0,0,
0,0,0,0,0,1,0,1,1,0,0,0,0,0,0,0,0,1,1,1,0,1,1,1,1,1,1,1,0,0,1,1,0,0,0,
0,1,1,0,1,0,0,1,0,1,0,0,0,0,0,1,1,1,1,1,1,0,0,1,0,1,1,0,0,1,1,0,1,0,0,
0,0,0,1,0,0,1,1,0,0,1,0,0,0,0,0,0,0,0,0,0,1,0,0,0,0,0,1,1,0,1,1,1,1,0,
1,1,1,1,0,0,0,0,1,1,1,0,0,1,0,0,1,0,1,0,1,1,0,0,0,1,0,1,1,0,0,1,0,0,0,
1,0,0,0,1,1,0,1,0,0,0,1,0,1,0,1,0,0,0,1,1,0,0,1,0,0,0,1,1,1,1,0,0,1,0,
0,0,0,1,0,1,0,1,0,0,0,1,1,1,0,0,0,0,0,1,1,0,0,1,1,1,0,1,1,1,0,0,1,0,1,
1,0,0,0,1,0,0,0,0,1,0,1,1,1,0,1,0,0,0,0,0,0,0,0,1,0,1,0,0,1,1,0,1,1,1,
1,1,0,0,1,0,0,0,0,1,0,0,1,1,0,0,1,1,0,0,0,0,1,0,1,1,0,1,1,1,1,1,0,0,0,
1,0,1,0,0,1,1,0,1,1,0,0,0,1,0,1,1,1,0,0,0,1,1,0,1,0,0,0,1,1,1,1,0,0,1,
0,0,0,0,1,0,0,0,0,1,1,1,1,0,1,1,0,0,0,0,1,0,1,0,1,0,0,1,1,0,1,1,0,0,0,
0,1,0,0,1,0,1,1,1,1,0,0,1,0,0,0,0,0,0,1,1,1,0,0,0,0,1,1,0,1,1,0,0,1,1,
1,1,1,1,1,0,0,1,1,0,1,0,1,1,0,0,1,1,0,0,0,0,0,0,0,0,1,1,1,1,0,0,0,0,0,
1,1,0,1,0,1,1,1,1,0,1,0,1,0,0,0,0,1,1,1,1,1,0,0,0,1,1,0,0,1,1,0,0,0,0,
1,0,1,0,0,1,0,0,1,1,1,1,1,1,0,1,0,1,0,1,0,0,0,0,1,0,1,1,1,1,0,1,0,1,0,
1,0,1,1,0,0,1,0,1,0,0,0,1,1,0,0,0,0,1,0,0,0,1,1,1,1,0,1,0,0,0,1,0,1,0,
0,0,1,1,1,1,1,1,1,0,1,1,1,0,1,1,1,1,0,1,0,1,1,1,0,1,1,0,0,1,1,1,1,0,0,
1,0,1,1,1,1,0,1,1,0,0,1,0,0,1,1,1,1,0,1,1,1,0,1,0,1,0,0,0,1,0,1,0,0,0,
1,1,1,1,1,0,1,0,1,1,1,0,0,1,0,0,1,1,1,1,1,0,1,1,1,1,0,1,1,0,0,0,0,0,0,
0,0,0,0,1,1,1,1,1,1,1,0,1,1,1,0,1,0,1,1,1,1,1,0,1,0,0,1,0,0,0,0,1,0,1,
0,0,0,0,0,1,0,0,0,0,0,0,1,0,1,1,0,0,0,1,1,1,0,0,0,1,1,1,1,0,0,0,0,1,0,
0,0,1,0,0,1,1,1,1,0,0,1,0,1,1,0,0,1,1,0,0,0,0,0,0,0,0,1,0,0,1,0,0,1,0,
1,0,0,1,0,1,1,1,0,1,1,0,0,0,1,0,1,0,1,0,0,0,1,0,0,1,1,0,0,0,0,1,1,0,1,
1,1,0,0,1,1,1,1,0,0,1,0,0,0,0,0,0,1,1,0,1,0,1,0,0,0,0,0,0,0,1,0,0,1,0,
========================
Output Graph: 
Number of Vertices: 35
Number of Edges: 278
Graph Density: 0.467227
0,1,1,0,0,0,0,1,1,1,1,1,0,0,0,1,1,1,1,1,1,0,1,1,1,1,1,1,1,1,1,0,0,1,1,
1,0,0,0,0,0,0,0,1,0,0,0,0,0,0,0,0,0,0,0,0,0,1,0,1,0,0,0,0,1,0,0,0,0,1,
1,0,0,0,1,1,0,1,1,1,0,1,0,1,0,1,0,0,0,1,1,0,0,1,1,1,1,1,1,1,1,0,1,1,0,
0,0,0,0,0,0,0,1,0,0,1,0,0,0,1,0,0,1,0,0,0,0,0,0,1,0,0,1,1,1,0,0,0,1,0,
0,0,1,0,0,0,0,1,0,1,1,1,0,0,0,0,1,1,1,1,1,1,1,0,1,1,0,1,1,1,1,0,0,0,1,
0,0,1,0,0,0,0,0,1,1,0,0,0,0,0,0,1,1,0,0,1,0,0,0,1,1,0,1,1,1,1,1,1,1,0,
0,0,0,0,0,0,0,0,1,0,1,0,0,0,0,0,0,0,0,0,1,0,1,0,1,0,0,1,0,1,1,0,0,1,1,
1,0,1,1,1,0,0,0,1,1,1,0,1,1,1,0,1,1,0,0,1,0,1,1,1,1,0,1,1,1,1,0,1,1,1,
1,1,1,0,0,1,1,1,0,1,1,1,1,0,0,0,1,1,0,0,1,0,1,1,1,1,1,1,1,1,1,0,1,1,1,
1,0,1,0,1,1,0,1,1,0,1,1,0,0,0,1,0,1,1,1,1,1,1,0,0,1,0,0,0,1,1,0,0,1,0,
1,0,0,1,1,0,1,1,1,1,0,1,0,0,1,0,0,0,0,0,1,1,0,0,1,0,0,1,1,1,1,0,0,1,1,
1,0,1,0,1,0,0,0,1,1,1,0,0,0,0,0,0,1,0,0,0,0,0,0,0,1,0,1,1,0,0,0,0,0,0,
0,0,0,0,0,0,0,1,1,0,0,0,0,0,0,0,0,1,0,0,0,0,1,0,1,1,0,1,0,0,1,0,0,0,0,
0,0,1,0,0,0,0,1,0,0,0,0,0,0,0,1,1,1,0,1,1,0,0,0,0,1,0,0,0,1,1,0,0,0,0,
0,0,0,1,0,0,0,1,0,0,1,0,0,0,0,0,0,0,0,0,0,0,0,0,0,0,0,1,1,0,1,0,0,1,0,
1,0,1,0,0,0,0,0,0,1,0,0,0,1,0,0,1,0,0,0,1,0,0,0,0,1,0,1,1,0,0,0,0,0,0,
1,0,0,0,1,1,0,1,1,0,0,0,0,1,0,1,0,0,0,1,1,0,0,0,0,0,0,1,1,1,1,0,0,1,0,
1,0,0,1,1,1,0,1,1,1,0,1,1,1,0,0,0,0,0,1,1,0,0,1,1,1,1,1,1,1,1,0,1,1,1,
1,0,0,0,1,0,0,0,0,1,0,0,0,0,0,0,0,0,0,0,0,0,0,0,1,0,0,0,0,1,1,0,0,0,1,
1,0,1,0,1,0,0,0,0,1,0,0,0,1,0,0,1,1,0,0,0,0,1,0,1,1,0,1,1,1,1,0,0,0,0,
1,0,1,0,1,1,1,1,1,1,1,0,0,1,0,1,1,1,0,0,0,1,1,0,1,1,0,1,1,1,1,1,0,1,1,
0,0,0,0,1,0,0,0,0,1,1,0,0,0,0,0,0,0,0,0,1,0,1,0,1,0,0,1,1,0,1,0,0,0,0,
1,1,0,0,1,0,1,1,1,1,0,0,1,0,0,0,0,0,0,1,1,1,0,0,1,0,1,1,1,1,1,0,0,1,1,
1,0,1,0,0,0,0,1,1,0,0,0,0,0,0,0,0,1,0,0,0,0,0,0,0,0,1,1,0,1,0,0,0,0,0,
1,1,1,1,1,1,1,1,1,0,1,0,1,0,0,0,0,1,1,1,1,1,1,0,0,1,1,0,0,1,1,0,0,1,0,
1,0,1,0,1,1,0,1,1,1,0,1,1,1,0,1,0,1,0,1,1,0,0,0,1,0,1,1,1,1,1,1,0,1,0,
1,0,1,0,0,0,0,0,1,0,0,0,0,0,0,0,0,1,0,0,0,0,1,1,1,1,0,1,0,0,0,0,0,1,0,
1,0,1,1,1,1,1,1,1,0,1,1,1,0,1,1,1,1,0,1,1,1,1,1,0,1,1,0,0,1,1,1,1,1,0,
1,0,1,1,1,1,0,1,1,0,1,1,0,0,1,1,1,1,0,1,1,1,1,0,0,1,0,0,0,1,1,1,0,1,0,
1,1,1,1,1,1,1,1,1,1,1,0,0,1,0,0,1,1,1,1,1,0,1,1,1,1,0,1,1,0,1,0,0,1,0,
1,0,1,0,1,1,1,1,1,1,1,0,1,1,1,0,1,1,1,1,1,1,1,0,1,1,0,1,1,1,0,0,1,0,1,
0,0,0,0,0,1,0,0,0,0,0,0,0,0,0,0,0,0,0,0,1,0,0,0,0,1,0,1,1,0,0,0,0,1,0,
0,0,1,0,0,1,0,1,1,0,0,0,0,0,0,0,0,1,0,0,0,0,0,0,0,0,0,1,0,0,1,0,0,1,0,
1,0,1,1,0,1,1,1,1,1,1,0,0,0,1,0,1,1,0,0,1,0,1,0,1,1,1,1,1,1,0,1,1,0,1,
1,1,0,0,1,0,1,1,1,0,1,0,0,0,0,0,0,1,1,0,1,0,1,0,0,0,0,0,0,0,1,0,0,1,0,
Is Output Graph Empty or Complete?: 0
Ratio of Added Edges Over Added + Removed Edges: 0.467391
Changes from Input to Output: 
Added Edge: (0, 7)
Added Edge: (0, 10)
Added Edge: (0, 17)
Added Edge: (0, 22)
Added Edge: (0, 27)
Added Edge: (0, 30)
Removed Edge: (1, 3)
Removed Edge: (1, 6)
Removed Edge: (1, 13)
Removed Edge: (1, 15)
Removed Edge: (1, 19)
Removed Edge: (1, 23)
Added Edge: (2, 7)
Added Edge: (2, 19)
Added Edge: (2, 24)
Added Edge: (2, 30)
Added Edge: (2, 33)
Removed Edge: (3, 15)
Removed Edge: (3, 23)
Removed Edge: (3, 26)
Added Edge: (4, 10)
Removed Edge: (4, 13)
Added Edge: (4, 17)
Added Edge: (4, 20)
Removed Edge: (4, 23)
Added Edge: (4, 24)
Added Edge: (4, 25)
Removed Edge: (5, 12)
Added Edge: (5, 29)
Removed Edge: (5, 34)
Removed Edge: (6, 14)
Removed Edge: (6, 26)
Removed Edge: (6, 32)
Added Edge: (7, 9)
Added Edge: (7, 20)
Added Edge: (7, 25)
Added Edge: (7, 29)
Removed Edge: (8, 15)
Added Edge: (8, 16)
Added Edge: (8, 17)
Added Edge: (8, 33)
Added Edge: (8, 34)
Removed Edge: (9, 13)
Added Edge: (9, 17)
Removed Edge: (10, 15)
Added Edge: (10, 20)
Removed Edge: (10, 23)
Removed Edge: (10, 25)
Added Edge: (10, 28)
Removed Edge: (11, 16)
Removed Edge: (11, 18)
Removed Edge: (11, 21)
Removed Edge: (11, 32)
Removed Edge: (12, 18)
Removed Edge: (12, 19)
Removed Edge: (12, 21)
Removed Edge: (12, 23)
Removed Edge: (12, 26)
Removed Edge: (12, 31)
Removed Edge: (13, 18)
Removed Edge: (13, 23)
Removed Edge: (13, 26)
Removed Edge: (13, 32)
Removed Edge: (14, 21)
Removed Edge: (14, 31)
Removed Edge: (14, 32)
Removed Edge: (15, 18)
Removed Edge: (15, 21)
Removed Edge: (15, 31)
Removed Edge: (16, 23)
Added Edge: (17, 26)
Added Edge: (17, 30)
Added Edge: (17, 33)
Removed Edge: (18, 26)
Removed Edge: (18, 32)
Removed Edge: (18, 33)
Removed Edge: (19, 31)
Added Edge: (20, 25)
Added Edge: (20, 27)
Added Edge: (20, 33)
Removed Edge: (21, 31)
Added Edge: (22, 24)
Added Edge: (22, 28)
Removed Edge: (23, 28)
Added Edge: (24, 33)
Added Edge: (25, 30)
Removed Edge: (26, 31)
Added Edge: (27, 33)
Added Edge: (28, 30)
Added Edge: (28, 33)
Added Edge: (29, 30)
Added Edge: (29, 33)
========================
