========================
TIME_LIMIT_SECONDS: 900
ODD_HOLE_TERMINATION_PERCENTAGE: 999
N_THREADS: 24
IS_RUNNING_HEURISTIC_ON_CANDIDATE: 1
IS_RUNNING_HEURISTIC_ON_RELAXATION: 0
ADD_ALL_AT_START: 0
========================
Wall-Clock Runtime (ms): 901093
Calculated Odd Hole Termination Batch Size: 0
Total Time of All Workers in OddHoleAlg (nano): 197005586
Total Time of All Workers in OddHoleAlg (ms): 197
OddHoleAlg calls: 262
Number of Found Odd-Holes: 38489
Number of Found Odd Anti-Holes: 8246
Is Optimal? (1e-6): 0
Optimality Gap: 0.240339
Objective Value: 52
Number of Feasible Solutions Found: 131
Number of Times Heuristic is Called: 125
Total number of added OH and OHbar Cuts: 46735
Number of Explored B&C tree nodes: 146914
Number of Unexplored B&C tree nodes: 102947
========================
Input Graph:
Number of Vertices: 30
Erdos Renyi p Parameter: 0.5
Number of Edges: 225
Expected No of Odd Holes: 2023
Expected No of Odd Anti Holes: 353
ODD_HOLE_TERMINATION_BATCH_SIZE: 0
Graph Density: 0.517241
0,1,1,1,0,1,0,1,0,0,1,0,0,1,1,0,1,1,1,1,1,0,1,1,1,1,0,1,1,1,
1,0,0,1,1,1,1,0,0,1,1,1,1,0,0,0,1,0,0,1,0,1,1,1,1,1,1,0,1,0,
1,0,0,0,0,0,1,1,0,1,0,1,1,1,0,1,1,1,0,0,1,1,0,0,1,1,1,0,0,1,
1,1,0,0,1,0,0,1,0,0,1,1,1,0,0,0,1,1,1,0,1,1,0,1,1,1,1,0,1,0,
0,1,0,1,0,0,0,1,0,0,0,1,1,0,1,1,0,0,1,1,1,1,0,1,1,0,1,0,0,0,
1,1,0,0,0,0,1,1,1,0,0,0,0,0,1,0,0,0,0,1,1,1,1,0,1,0,1,0,0,0,
0,1,1,0,0,1,0,1,0,0,1,0,0,0,1,1,0,1,0,0,0,1,0,1,0,0,1,1,0,0,
1,0,1,1,1,1,1,0,1,1,1,0,1,0,0,0,0,0,0,1,0,1,0,1,0,1,1,1,1,1,
0,0,0,0,0,1,0,1,0,1,1,0,0,0,0,0,1,1,0,1,0,1,1,1,1,0,0,1,0,0,
0,1,1,0,0,0,0,1,1,0,1,1,1,1,0,1,1,1,0,0,1,0,1,1,0,0,1,1,1,1,
1,1,0,1,0,0,1,1,1,1,0,0,0,0,1,0,0,1,0,0,0,1,0,1,0,0,1,0,1,0,
0,1,1,1,1,0,0,0,0,1,0,0,0,1,1,0,1,1,0,0,1,0,0,1,1,1,1,0,1,0,
0,1,1,1,1,0,0,1,0,1,0,0,0,1,1,0,0,0,1,0,1,0,1,1,0,1,1,0,0,0,
1,0,1,0,0,0,0,0,0,1,0,1,1,0,0,0,0,1,1,0,0,0,0,0,0,1,1,0,0,0,
1,0,0,0,1,1,1,0,0,0,1,1,1,0,0,1,1,1,0,1,1,1,1,1,1,1,1,0,0,0,
0,0,1,0,1,0,1,0,0,1,0,0,0,0,1,0,0,0,1,1,1,0,1,0,1,0,0,1,0,0,
1,1,1,1,0,0,0,0,1,1,0,1,0,0,1,0,0,0,1,0,1,0,1,0,1,0,0,1,0,0,
1,0,1,1,0,0,1,0,1,1,1,1,0,1,1,0,0,0,0,1,1,1,0,0,1,0,0,1,1,1,
1,0,0,1,1,0,0,0,0,0,0,0,1,1,0,1,1,0,0,1,0,1,1,1,1,0,1,1,1,0,
1,1,0,0,1,1,0,1,1,0,0,0,0,0,1,1,0,1,1,0,0,0,1,1,0,1,0,0,1,1,
1,0,1,1,1,1,0,0,0,1,0,1,1,0,1,1,1,1,0,0,0,0,0,0,0,1,1,1,1,0,
0,1,1,1,1,1,1,1,1,0,1,0,0,0,1,0,0,1,1,0,0,0,1,0,0,1,0,0,1,0,
1,1,0,0,0,1,0,0,1,1,0,0,1,0,1,1,1,0,1,1,0,1,0,0,0,0,0,1,0,1,
1,1,0,1,1,0,1,1,1,1,1,1,1,0,1,0,0,0,1,1,0,0,0,0,0,0,0,1,0,1,
1,1,1,1,1,1,0,0,1,0,0,1,0,0,1,1,1,1,1,0,0,0,0,0,0,1,0,0,1,1,
1,1,1,1,0,0,0,1,0,0,0,1,1,1,1,0,0,0,0,1,1,1,0,0,1,0,1,0,1,1,
0,1,1,1,1,1,1,1,0,1,1,1,1,1,1,0,0,0,1,0,1,0,0,0,0,1,0,1,0,1,
1,0,0,0,0,0,1,1,1,1,0,0,0,0,0,1,1,1,1,0,1,0,1,1,0,0,1,0,0,1,
1,1,0,1,0,0,0,1,0,1,1,1,0,0,0,0,0,1,1,1,1,1,0,0,1,1,0,0,0,1,
1,0,1,0,0,0,0,1,0,1,0,0,0,0,0,0,0,1,0,1,0,0,1,1,1,1,1,1,1,0,
========================
Output Graph: 
Number of Vertices: 30
Number of Edges: 229
Graph Density: 0.526437
0,1,1,1,1,1,0,1,1,1,1,0,0,1,1,0,1,1,1,1,1,0,1,1,1,1,1,1,1,1,
1,0,0,1,1,1,1,1,0,1,1,1,1,0,0,0,1,1,0,1,1,1,1,1,1,1,1,0,1,0,
1,0,0,0,0,0,1,1,0,1,0,1,1,1,0,1,1,1,0,0,1,1,0,1,1,1,1,0,0,0,
1,1,0,0,1,0,0,1,0,1,0,1,1,0,0,0,1,1,1,1,1,1,0,1,1,1,1,0,1,0,
1,1,0,1,0,0,0,1,0,1,0,1,1,0,1,0,0,0,1,1,1,1,0,1,1,0,1,0,0,0,
1,1,0,0,0,0,0,1,1,0,0,0,0,0,1,0,0,0,0,1,0,1,1,0,0,0,0,0,0,0,
0,1,1,0,0,0,0,1,0,0,1,0,0,0,1,0,0,1,0,0,0,0,0,1,0,0,1,0,0,0,
1,1,1,1,1,1,1,0,1,1,1,1,1,0,1,0,0,1,1,1,0,1,0,1,0,1,1,1,1,1,
1,0,0,0,0,1,0,1,0,1,0,0,0,0,0,0,0,1,0,1,0,1,1,1,1,0,0,0,0,0,
1,1,1,1,1,0,0,1,1,0,1,1,1,1,1,1,1,1,1,0,1,0,1,1,0,1,1,1,1,1,
1,1,0,0,0,0,1,1,0,1,0,0,0,0,1,0,0,1,0,0,0,1,0,1,0,0,1,0,0,0,
0,1,1,1,1,0,0,1,0,1,0,0,0,1,1,0,1,1,1,0,1,0,0,1,1,1,1,0,0,0,
0,1,1,1,1,0,0,1,0,1,0,0,0,1,1,0,0,1,1,0,1,0,0,1,0,1,1,0,0,0,
1,0,1,0,0,0,0,0,0,1,0,1,1,0,0,0,0,1,1,0,0,0,0,0,0,1,1,0,0,0,
1,0,0,0,1,1,1,1,0,1,1,1,1,0,0,1,1,1,0,1,1,1,1,1,1,1,1,0,0,0,
0,0,1,0,0,0,0,0,0,1,0,0,0,0,1,0,0,0,1,0,1,0,0,0,1,0,0,1,0,0,
1,1,1,1,0,0,0,0,0,1,0,1,0,0,1,0,0,0,1,0,1,0,0,0,1,0,0,1,0,0,
1,1,1,1,0,0,1,1,1,1,1,1,1,1,1,0,0,0,1,1,1,1,0,1,1,0,1,1,1,1,
1,0,0,1,1,0,0,1,0,1,0,1,1,1,0,1,1,1,0,1,1,1,1,1,1,1,1,1,1,0,
1,1,0,1,1,1,0,1,1,0,0,0,0,0,1,0,0,1,1,0,0,0,1,0,0,1,0,0,1,1,
1,1,1,1,1,0,0,0,0,1,0,1,1,0,1,1,1,1,1,0,0,0,0,0,0,1,0,1,0,0,
0,1,1,1,1,1,0,1,1,0,1,0,0,0,1,0,0,1,1,0,0,0,1,0,0,1,0,0,1,1,
1,1,0,0,0,1,0,0,1,1,0,0,0,0,1,0,0,0,1,1,0,1,0,0,0,0,0,0,0,1,
1,1,1,1,1,0,1,1,1,1,1,1,1,0,1,0,0,1,1,0,0,0,0,0,0,1,0,1,0,1,
1,1,1,1,1,0,0,0,1,0,0,1,0,0,1,1,1,1,1,0,0,0,0,0,0,1,0,1,1,1,
1,1,1,1,0,0,0,1,0,1,0,1,1,1,1,0,0,0,1,1,1,1,0,1,1,0,1,0,1,1,
1,1,1,1,1,0,1,1,0,1,1,1,1,1,1,0,0,1,1,0,0,0,0,0,0,1,0,1,0,1,
1,0,0,0,0,0,0,1,0,1,0,0,0,0,0,1,1,1,1,0,1,0,0,1,1,0,1,0,0,0,
1,1,0,1,0,0,0,1,0,1,0,0,0,0,0,0,0,1,1,1,0,1,0,0,1,1,0,0,0,1,
1,0,0,0,0,0,0,1,0,1,0,0,0,0,0,0,0,1,0,1,0,1,1,1,1,1,1,0,1,0,
Is Output Graph Empty or Complete?: 0
Ratio of Added Edges Over Added + Removed Edges: 0.538462
Changes from Input to Output: 
Added Edge: (0, 4)
Added Edge: (0, 8)
Added Edge: (0, 9)
Added Edge: (0, 26)
Added Edge: (1, 7)
Added Edge: (1, 17)
Added Edge: (1, 20)
Added Edge: (2, 23)
Removed Edge: (2, 29)
Added Edge: (3, 9)
Removed Edge: (3, 10)
Added Edge: (3, 19)
Added Edge: (4, 9)
Removed Edge: (4, 15)
Removed Edge: (5, 6)
Removed Edge: (5, 20)
Removed Edge: (5, 24)
Removed Edge: (5, 26)
Removed Edge: (6, 15)
Removed Edge: (6, 21)
Removed Edge: (6, 27)
Added Edge: (7, 11)
Added Edge: (7, 14)
Added Edge: (7, 17)
Added Edge: (7, 18)
Removed Edge: (8, 10)
Removed Edge: (8, 16)
Removed Edge: (8, 27)
Added Edge: (9, 14)
Added Edge: (9, 18)
Added Edge: (9, 25)
Removed Edge: (10, 28)
Added Edge: (11, 18)
Removed Edge: (11, 28)
Added Edge: (12, 17)
Removed Edge: (12, 22)
Removed Edge: (15, 19)
Removed Edge: (15, 22)
Removed Edge: (16, 22)
Added Edge: (17, 18)
Added Edge: (17, 23)
Added Edge: (17, 26)
Added Edge: (18, 20)
Added Edge: (18, 25)
Removed Edge: (19, 23)
Removed Edge: (20, 26)
Removed Edge: (20, 28)
Added Edge: (21, 29)
Removed Edge: (22, 27)
Added Edge: (23, 25)
Added Edge: (24, 27)
Removed Edge: (27, 29)
========================
