========================
TIME_LIMIT_SECONDS: 900
ODD_HOLE_TERMINATION_PERCENTAGE: 999
N_THREADS: 24
IS_RUNNING_HEURISTIC_ON_CANDIDATE: 0
IS_RUNNING_HEURISTIC_ON_RELAXATION: 1
ADD_ALL_AT_START: 1
========================
Wall-Clock Runtime (ms): 900607
Calculated Odd Hole Termination Batch Size: 0
Total Time of All Workers in OddHoleAlg (nano): 136308637
Total Time of All Workers in OddHoleAlg (ms): 136
OddHoleAlg calls: 122
Number of Found Odd-Holes: 2594
Number of Found Odd Anti-Holes: 22575
Is Optimal? (1e-6): 0
Optimality Gap: 0.0872268
Objective Value: 38
Number of Feasible Solutions Found: 23955
Number of Times Heuristic is Called: 23944
Total number of added OH and OHbar Cuts: 25169
Number of Explored B&C tree nodes: 141217
Number of Unexplored B&C tree nodes: 27372
========================
Input Graph:
Number of Vertices: 35
Erdos Renyi p Parameter: 0.75
Number of Edges: 453
Expected No of Odd Holes: 903
Expected No of Odd Anti Holes: 5546
ODD_HOLE_TERMINATION_BATCH_SIZE: 0
Graph Density: 0.761345
0,1,0,1,1,1,0,0,1,1,0,1,1,1,1,1,1,1,1,1,1,1,1,0,1,1,1,1,1,1,1,0,1,0,1,
1,0,1,0,1,1,1,1,1,1,1,1,1,1,1,1,0,1,0,1,1,1,0,0,1,1,0,1,1,1,1,1,1,1,1,
0,1,0,1,1,1,1,1,1,1,1,1,0,1,1,1,1,1,1,1,1,0,1,0,0,1,0,1,1,1,0,1,0,1,1,
1,0,1,0,1,1,1,1,1,0,1,0,1,1,1,1,1,1,1,1,1,1,1,1,1,1,1,1,1,1,1,1,0,1,1,
1,1,1,1,0,1,1,0,1,1,0,0,1,1,1,1,1,0,1,0,1,1,1,0,1,0,0,1,1,1,0,1,1,1,1,
1,1,1,1,1,0,1,0,1,1,1,1,1,1,1,1,1,1,1,1,1,0,1,0,1,0,1,1,1,1,1,1,1,1,1,
0,1,1,1,1,1,0,1,1,1,0,1,1,1,1,0,1,1,1,1,1,1,1,1,0,0,1,1,1,1,1,1,0,1,1,
0,1,1,1,0,0,1,0,1,1,0,1,0,1,1,1,1,1,1,1,1,1,1,1,1,1,1,1,1,1,1,0,1,1,0,
1,1,1,1,1,1,1,1,0,1,1,1,1,0,1,0,1,1,1,1,1,1,0,0,1,1,1,1,1,1,0,1,1,1,0,
1,1,1,0,1,1,1,1,1,0,1,0,1,1,1,1,0,0,1,0,1,0,1,0,0,1,0,0,0,0,1,1,1,0,1,
0,1,1,1,0,1,0,0,1,1,0,1,1,1,0,1,1,1,1,1,1,0,1,1,1,0,1,1,1,1,1,0,1,1,1,
1,1,1,0,0,1,1,1,1,0,1,0,1,1,1,1,0,1,1,1,1,1,1,0,1,0,1,1,1,1,1,1,1,0,1,
1,1,0,1,1,1,1,0,1,1,1,1,0,1,0,1,1,1,0,1,1,1,1,1,1,0,1,1,1,1,1,1,1,1,1,
1,1,1,1,1,1,1,1,0,1,1,1,1,0,1,0,0,1,0,1,1,1,1,1,1,0,1,0,1,0,1,0,1,1,1,
1,1,1,1,1,1,1,1,1,1,0,1,0,1,0,1,1,1,1,1,1,1,0,1,1,0,1,0,1,0,1,0,0,1,1,
1,1,1,1,1,1,0,1,0,1,1,1,1,0,1,0,1,1,1,1,1,0,1,1,1,1,1,1,0,1,1,1,1,1,1,
1,0,1,1,1,1,1,1,1,0,1,0,1,0,1,1,0,0,1,1,1,0,0,1,1,1,0,0,0,1,0,1,1,1,1,
1,1,1,1,0,1,1,1,1,0,1,1,1,1,1,1,0,0,0,0,1,1,0,1,1,1,1,1,0,1,1,1,1,1,1,
1,0,1,1,1,1,1,1,1,1,1,1,0,0,1,1,1,0,0,0,1,1,1,1,0,0,1,1,1,1,0,1,1,1,0,
1,1,1,1,0,1,1,1,1,0,1,1,1,1,1,1,1,0,0,0,0,1,0,1,1,0,1,1,1,0,1,0,1,1,1,
1,1,1,1,1,1,1,1,1,1,1,1,1,1,1,1,1,1,1,0,0,1,1,1,0,0,0,1,1,1,0,1,1,0,1,
1,1,0,1,1,0,1,1,1,0,0,1,1,1,1,0,0,1,1,1,1,0,1,0,1,1,0,1,1,1,0,1,1,1,1,
1,0,1,1,1,1,1,1,0,1,1,1,1,1,0,1,0,0,1,0,1,1,0,1,1,1,0,0,1,1,1,0,1,0,1,
0,0,0,1,0,0,1,1,0,0,1,0,1,1,1,1,1,1,1,1,1,0,1,0,0,1,1,1,1,0,0,1,0,1,0,
1,1,0,1,1,1,0,1,1,0,1,1,1,1,1,1,1,1,0,1,0,1,1,0,0,1,1,1,0,1,0,1,0,1,1,
1,1,1,1,0,0,0,1,1,1,0,0,0,0,0,1,1,1,0,0,0,1,1,1,1,0,1,1,1,0,1,1,1,1,0,
1,0,0,1,0,1,1,1,1,0,1,1,1,1,1,1,0,1,1,1,0,0,0,1,1,1,0,1,0,1,0,1,1,0,1,
1,1,1,1,1,1,1,1,1,0,1,1,1,0,0,1,0,1,1,1,1,1,0,1,1,1,1,0,1,1,0,1,1,1,1,
1,1,1,1,1,1,1,1,1,0,1,1,1,1,1,0,0,0,1,1,1,1,1,1,0,1,0,1,0,1,1,1,1,1,1,
1,1,1,1,1,1,1,1,1,0,1,1,1,0,0,1,1,1,1,0,1,1,1,0,1,0,1,1,1,0,1,1,0,1,1,
1,1,0,1,0,1,1,1,0,1,1,1,1,1,1,1,0,1,0,1,0,0,1,0,0,1,0,0,1,1,0,0,0,1,1,
0,1,1,1,1,1,1,0,1,1,0,1,1,0,0,1,1,1,1,0,1,1,0,1,1,1,1,1,1,1,0,0,0,1,1,
1,1,0,0,1,1,0,1,1,1,1,1,1,1,0,1,1,1,1,1,1,1,1,0,0,1,1,1,1,0,0,0,0,1,0,
0,1,1,1,1,1,1,1,1,0,1,0,1,1,1,1,1,1,1,1,0,1,0,1,1,1,0,1,1,1,1,1,1,0,0,
1,1,1,1,1,1,1,0,0,1,1,1,1,1,1,1,1,1,0,1,1,1,1,0,1,0,1,1,1,1,1,1,0,0,0,
========================
Output Graph: 
Number of Vertices: 35
Number of Edges: 489
Graph Density: 0.821849
0,1,1,1,1,1,0,0,1,1,1,1,1,1,1,1,1,1,1,1,1,1,1,0,1,1,1,1,1,1,1,0,1,0,1,
1,0,1,0,1,1,1,1,1,1,1,1,1,1,1,1,0,1,0,1,1,1,1,0,1,1,0,1,1,1,1,1,1,1,1,
1,1,0,1,1,1,1,1,1,1,1,1,1,1,1,1,1,1,1,1,1,0,1,0,0,1,0,1,1,1,0,1,1,1,1,
1,0,1,0,1,1,1,1,1,0,1,0,1,1,1,1,1,1,1,1,1,1,1,1,1,1,1,1,1,1,1,1,0,1,1,
1,1,1,1,0,1,1,0,1,1,1,1,1,1,1,1,0,0,1,0,1,1,1,0,1,0,0,1,1,1,1,1,1,1,1,
1,1,1,1,1,0,1,0,1,1,1,1,1,1,1,1,1,1,1,1,1,0,1,0,1,0,1,1,1,1,1,1,1,1,1,
0,1,1,1,1,1,0,1,1,1,0,1,1,1,1,0,1,1,1,1,1,1,1,1,1,1,1,1,1,1,1,1,0,1,1,
0,1,1,1,0,0,1,0,1,1,0,1,0,1,1,1,1,1,1,1,1,1,1,1,1,1,1,1,1,1,1,1,1,1,0,
1,1,1,1,1,1,1,1,0,1,1,1,1,0,1,0,1,1,1,1,1,1,0,1,1,1,1,1,1,1,0,1,1,1,0,
1,1,1,0,1,1,1,1,1,0,1,0,1,1,1,1,0,0,1,0,1,0,1,0,0,1,0,0,0,1,1,1,1,0,1,
1,1,1,1,1,1,0,0,1,1,0,1,1,1,0,1,1,1,1,1,1,0,1,1,1,0,1,1,1,1,1,0,1,1,1,
1,1,1,0,1,1,1,1,1,0,1,0,1,1,1,1,0,1,1,1,1,1,1,0,1,1,1,1,1,1,1,1,1,0,1,
1,1,1,1,1,1,1,0,1,1,1,1,0,1,0,1,1,1,0,1,1,1,1,1,1,0,1,1,1,1,1,1,1,1,1,
1,1,1,1,1,1,1,1,0,1,1,1,1,0,1,1,0,1,0,1,1,1,1,1,1,0,1,0,1,1,1,0,1,1,1,
1,1,1,1,1,1,1,1,1,1,0,1,0,1,0,1,1,1,1,1,1,1,0,1,1,1,1,1,1,0,1,1,0,1,1,
1,1,1,1,1,1,0,1,0,1,1,1,1,1,1,0,1,1,1,1,1,0,1,1,1,1,1,1,1,1,1,1,1,1,1,
1,0,1,1,0,1,1,1,1,0,1,0,1,0,1,1,0,0,1,1,1,1,0,1,1,1,1,0,0,1,0,1,1,1,1,
1,1,1,1,0,1,1,1,1,0,1,1,1,1,1,1,0,0,1,0,1,1,0,1,1,1,1,1,1,1,1,1,1,1,1,
1,0,1,1,1,1,1,1,1,1,1,1,0,0,1,1,1,1,0,1,1,1,1,1,1,1,1,1,1,1,0,1,1,1,0,
1,1,1,1,0,1,1,1,1,0,1,1,1,1,1,1,1,0,1,0,0,1,0,1,1,1,1,1,1,0,1,1,1,1,1,
1,1,1,1,1,1,1,1,1,1,1,1,1,1,1,1,1,1,1,0,0,1,1,1,0,0,0,1,1,1,1,1,1,0,1,
1,1,0,1,1,0,1,1,1,0,0,1,1,1,1,0,1,1,1,1,1,0,1,1,1,1,1,1,1,1,0,1,1,1,1,
1,1,1,1,1,1,1,1,0,1,1,1,1,1,0,1,0,0,1,0,1,1,0,1,1,1,0,0,1,1,1,0,1,0,1,
0,0,0,1,0,0,1,1,1,0,1,0,1,1,1,1,1,1,1,1,1,1,1,0,1,1,1,1,1,0,0,1,0,1,0,
1,1,0,1,1,1,1,1,1,0,1,1,1,1,1,1,1,1,1,1,0,1,1,1,0,1,1,1,0,1,0,1,0,1,1,
1,1,1,1,0,0,1,1,1,1,0,1,0,0,1,1,1,1,1,1,0,1,1,1,1,0,1,1,1,0,1,1,1,1,0,
1,0,0,1,0,1,1,1,1,0,1,1,1,1,1,1,1,1,1,1,0,1,0,1,1,1,0,1,0,1,0,1,1,1,1,
1,1,1,1,1,1,1,1,1,0,1,1,1,0,1,1,0,1,1,1,1,1,0,1,1,1,1,0,1,1,0,1,1,1,1,
1,1,1,1,1,1,1,1,1,0,1,1,1,1,1,1,0,1,1,1,1,1,1,1,0,1,0,1,0,1,1,1,1,1,1,
1,1,1,1,1,1,1,1,1,1,1,1,1,1,0,1,1,1,1,0,1,1,1,0,1,0,1,1,1,0,1,1,1,1,1,
1,1,0,1,1,1,1,1,0,1,1,1,1,1,1,1,0,1,0,1,1,0,1,0,0,1,0,0,1,1,0,0,1,1,1,
0,1,1,1,1,1,1,1,1,1,0,1,1,0,1,1,1,1,1,1,1,1,0,1,1,1,1,1,1,1,0,0,0,1,1,
1,1,1,0,1,1,0,1,1,1,1,1,1,1,0,1,1,1,1,1,1,1,1,0,0,1,1,1,1,1,1,0,0,1,1,
0,1,1,1,1,1,1,1,1,0,1,0,1,1,1,1,1,1,1,1,0,1,0,1,1,1,1,1,1,1,1,1,1,0,0,
1,1,1,1,1,1,1,0,0,1,1,1,1,1,1,1,1,1,0,1,1,1,1,0,1,0,1,1,1,1,1,1,1,0,0,
Is Output Graph Empty or Complete?: 0
Ratio of Added Edges Over Added + Removed Edges: 0.973684
Changes from Input to Output: 
Added Edge: (0, 2)
Added Edge: (0, 10)
Added Edge: (1, 22)
Added Edge: (2, 12)
Added Edge: (2, 32)
Added Edge: (4, 10)
Added Edge: (4, 11)
Removed Edge: (4, 16)
Added Edge: (4, 30)
Added Edge: (6, 24)
Added Edge: (6, 25)
Added Edge: (7, 31)
Added Edge: (8, 23)
Added Edge: (9, 29)
Added Edge: (11, 25)
Added Edge: (13, 15)
Added Edge: (13, 29)
Added Edge: (14, 25)
Added Edge: (14, 27)
Added Edge: (14, 31)
Added Edge: (15, 28)
Added Edge: (16, 21)
Added Edge: (16, 26)
Added Edge: (17, 18)
Added Edge: (17, 28)
Added Edge: (18, 19)
Added Edge: (18, 24)
Added Edge: (18, 25)
Added Edge: (19, 25)
Added Edge: (19, 31)
Added Edge: (20, 30)
Added Edge: (21, 23)
Added Edge: (21, 26)
Added Edge: (23, 24)
Added Edge: (26, 33)
Added Edge: (29, 32)
Added Edge: (30, 32)
Added Edge: (32, 34)
========================
