========================
TIME_LIMIT_SECONDS: 900
ODD_HOLE_TERMINATION_PERCENTAGE: 999
N_THREADS: 24
IS_RUNNING_HEURISTIC_ON_CANDIDATE: 0
IS_RUNNING_HEURISTIC_ON_RELAXATION: 1
ADD_ALL_AT_START: 1
========================
Wall-Clock Runtime (ms): 900958
Calculated Odd Hole Termination Batch Size: 0
Total Time of All Workers in OddHoleAlg (nano): 19803733
Total Time of All Workers in OddHoleAlg (ms): 19
OddHoleAlg calls: 56
Number of Found Odd-Holes: 1150
Number of Found Odd Anti-Holes: 2086
Is Optimal? (1e-6): 0
Optimality Gap: 0.108198
Objective Value: 47
Number of Feasible Solutions Found: 44151
Number of Times Heuristic is Called: 44149
Total number of added OH and OHbar Cuts: 3236
Number of Explored B&C tree nodes: 245831
Number of Unexplored B&C tree nodes: 113813
========================
Input Graph:
Number of Vertices: 30
Erdos Renyi p Parameter: 0.5
Number of Edges: 225
Expected No of Odd Holes: 2023
Expected No of Odd Anti Holes: 353
ODD_HOLE_TERMINATION_BATCH_SIZE: 0
Graph Density: 0.517241
0,1,1,1,0,1,0,1,0,0,1,0,0,1,1,0,1,1,1,1,1,0,1,1,1,1,0,1,1,1,
1,0,0,1,1,1,1,0,0,1,1,1,1,0,0,0,1,0,0,1,0,1,1,1,1,1,1,0,1,0,
1,0,0,0,0,0,1,1,0,1,0,1,1,1,0,1,1,1,0,0,1,1,0,0,1,1,1,0,0,1,
1,1,0,0,1,0,0,1,0,0,1,1,1,0,0,0,1,1,1,0,1,1,0,1,1,1,1,0,1,0,
0,1,0,1,0,0,0,1,0,0,0,1,1,0,1,1,0,0,1,1,1,1,0,1,1,0,1,0,0,0,
1,1,0,0,0,0,1,1,1,0,0,0,0,0,1,0,0,0,0,1,1,1,1,0,1,0,1,0,0,0,
0,1,1,0,0,1,0,1,0,0,1,0,0,0,1,1,0,1,0,0,0,1,0,1,0,0,1,1,0,0,
1,0,1,1,1,1,1,0,1,1,1,0,1,0,0,0,0,0,0,1,0,1,0,1,0,1,1,1,1,1,
0,0,0,0,0,1,0,1,0,1,1,0,0,0,0,0,1,1,0,1,0,1,1,1,1,0,0,1,0,0,
0,1,1,0,0,0,0,1,1,0,1,1,1,1,0,1,1,1,0,0,1,0,1,1,0,0,1,1,1,1,
1,1,0,1,0,0,1,1,1,1,0,0,0,0,1,0,0,1,0,0,0,1,0,1,0,0,1,0,1,0,
0,1,1,1,1,0,0,0,0,1,0,0,0,1,1,0,1,1,0,0,1,0,0,1,1,1,1,0,1,0,
0,1,1,1,1,0,0,1,0,1,0,0,0,1,1,0,0,0,1,0,1,0,1,1,0,1,1,0,0,0,
1,0,1,0,0,0,0,0,0,1,0,1,1,0,0,0,0,1,1,0,0,0,0,0,0,1,1,0,0,0,
1,0,0,0,1,1,1,0,0,0,1,1,1,0,0,1,1,1,0,1,1,1,1,1,1,1,1,0,0,0,
0,0,1,0,1,0,1,0,0,1,0,0,0,0,1,0,0,0,1,1,1,0,1,0,1,0,0,1,0,0,
1,1,1,1,0,0,0,0,1,1,0,1,0,0,1,0,0,0,1,0,1,0,1,0,1,0,0,1,0,0,
1,0,1,1,0,0,1,0,1,1,1,1,0,1,1,0,0,0,0,1,1,1,0,0,1,0,0,1,1,1,
1,0,0,1,1,0,0,0,0,0,0,0,1,1,0,1,1,0,0,1,0,1,1,1,1,0,1,1,1,0,
1,1,0,0,1,1,0,1,1,0,0,0,0,0,1,1,0,1,1,0,0,0,1,1,0,1,0,0,1,1,
1,0,1,1,1,1,0,0,0,1,0,1,1,0,1,1,1,1,0,0,0,0,0,0,0,1,1,1,1,0,
0,1,1,1,1,1,1,1,1,0,1,0,0,0,1,0,0,1,1,0,0,0,1,0,0,1,0,0,1,0,
1,1,0,0,0,1,0,0,1,1,0,0,1,0,1,1,1,0,1,1,0,1,0,0,0,0,0,1,0,1,
1,1,0,1,1,0,1,1,1,1,1,1,1,0,1,0,0,0,1,1,0,0,0,0,0,0,0,1,0,1,
1,1,1,1,1,1,0,0,1,0,0,1,0,0,1,1,1,1,1,0,0,0,0,0,0,1,0,0,1,1,
1,1,1,1,0,0,0,1,0,0,0,1,1,1,1,0,0,0,0,1,1,1,0,0,1,0,1,0,1,1,
0,1,1,1,1,1,1,1,0,1,1,1,1,1,1,0,0,0,1,0,1,0,0,0,0,1,0,1,0,1,
1,0,0,0,0,0,1,1,1,1,0,0,0,0,0,1,1,1,1,0,1,0,1,1,0,0,1,0,0,1,
1,1,0,1,0,0,0,1,0,1,1,1,0,0,0,0,0,1,1,1,1,1,0,0,1,1,0,0,0,1,
1,0,1,0,0,0,0,1,0,1,0,0,0,0,0,0,0,1,0,1,0,0,1,1,1,1,1,1,1,0,
========================
Output Graph: 
Number of Vertices: 30
Number of Edges: 232
Graph Density: 0.533333
0,1,1,1,1,1,0,1,0,1,1,0,0,1,1,0,1,1,1,1,1,0,1,1,1,1,1,1,1,1,
1,0,0,1,1,1,1,0,0,1,1,1,1,0,0,0,1,1,0,1,0,1,1,1,1,1,1,0,1,0,
1,0,0,0,0,0,0,0,0,1,0,1,1,0,0,0,1,1,0,0,1,1,0,0,1,1,1,0,0,0,
1,1,0,0,1,0,0,1,0,1,1,1,1,0,1,0,1,1,1,0,1,1,0,1,1,1,1,0,1,0,
1,1,0,1,0,0,0,1,0,1,0,1,1,0,1,0,0,0,1,1,1,1,0,0,1,0,1,0,0,0,
1,1,0,0,0,0,0,1,0,0,0,0,0,0,1,0,0,0,0,1,0,1,1,0,1,0,1,0,0,0,
0,1,0,0,0,0,0,1,0,0,1,0,0,0,1,0,0,1,0,0,0,1,0,1,0,0,1,0,0,0,
1,0,0,1,1,1,1,0,1,1,1,0,1,0,0,0,0,1,0,1,0,1,1,1,1,1,1,1,1,1,
0,0,0,0,0,0,0,1,0,1,0,0,0,0,0,0,0,1,0,1,0,0,1,1,1,0,0,1,0,0,
1,1,1,1,1,0,0,1,1,0,1,1,1,1,1,1,1,1,1,0,1,0,1,1,0,1,1,1,1,1,
1,1,0,1,0,0,1,1,0,1,0,0,0,0,1,0,0,1,0,0,0,1,0,1,0,0,1,0,1,0,
0,1,1,1,1,0,0,0,0,1,0,0,0,1,1,0,1,1,1,0,1,0,0,1,1,1,1,0,1,0,
0,1,1,1,1,0,0,1,0,1,0,0,0,1,1,0,0,1,1,0,1,0,1,1,1,1,1,0,1,0,
1,0,0,0,0,0,0,0,0,1,0,1,1,0,0,0,0,1,1,0,0,0,0,0,0,1,1,0,0,0,
1,0,0,1,1,1,1,0,0,1,1,1,1,0,0,0,1,1,0,1,1,1,1,1,1,1,1,0,1,0,
0,0,0,0,0,0,0,0,0,1,0,0,0,0,0,0,0,0,1,1,0,0,1,0,1,0,0,1,0,0,
1,1,1,1,0,0,0,0,0,1,0,1,0,0,1,0,0,0,1,0,1,0,0,0,1,0,0,0,0,0,
1,1,1,1,0,0,1,1,1,1,1,1,1,1,1,0,0,0,1,1,1,1,0,0,1,0,0,1,1,1,
1,0,0,1,1,0,0,0,0,1,0,1,1,1,0,1,1,1,0,1,0,1,1,1,1,1,1,1,1,0,
1,1,0,0,1,1,0,1,1,0,0,0,0,0,1,1,0,1,1,0,0,0,1,1,0,1,1,0,1,1,
1,0,1,1,1,0,0,0,0,1,0,1,1,0,1,0,1,1,0,0,0,0,0,0,0,1,1,0,1,0,
0,1,1,1,1,1,1,1,0,0,1,0,0,0,1,0,0,1,1,0,0,0,1,1,0,1,1,0,1,0,
1,1,0,0,0,1,0,1,1,1,0,0,1,0,1,1,0,0,1,1,0,1,0,0,1,0,0,1,0,1,
1,1,0,1,0,0,1,1,1,1,1,1,1,0,1,0,0,0,1,1,0,1,0,0,1,0,0,1,0,1,
1,1,1,1,1,1,0,1,1,0,0,1,1,0,1,1,1,1,1,0,0,0,1,1,0,1,1,0,1,1,
1,1,1,1,0,0,0,1,0,1,0,1,1,1,1,0,0,0,1,1,1,1,0,0,1,0,1,0,1,1,
1,1,1,1,1,1,1,1,0,1,1,1,1,1,1,0,0,0,1,1,1,1,0,0,1,1,0,1,1,1,
1,0,0,0,0,0,0,1,1,1,0,0,0,0,0,1,0,1,1,0,0,0,1,1,0,0,1,0,0,1,
1,1,0,1,0,0,0,1,0,1,1,1,1,0,1,0,0,1,1,1,1,1,0,0,1,1,1,0,0,1,
1,0,0,0,0,0,0,1,0,1,0,0,0,0,0,0,0,1,0,1,0,0,1,1,1,1,1,1,1,0,
Is Output Graph Empty or Complete?: 0
Ratio of Added Edges Over Added + Removed Edges: 0.574468
Changes from Input to Output: 
Added Edge: (0, 4)
Added Edge: (0, 9)
Added Edge: (0, 26)
Added Edge: (1, 17)
Removed Edge: (2, 6)
Removed Edge: (2, 7)
Removed Edge: (2, 13)
Removed Edge: (2, 15)
Removed Edge: (2, 29)
Added Edge: (3, 9)
Added Edge: (3, 14)
Added Edge: (4, 9)
Removed Edge: (4, 15)
Removed Edge: (4, 23)
Removed Edge: (5, 6)
Removed Edge: (5, 8)
Removed Edge: (5, 20)
Removed Edge: (6, 15)
Removed Edge: (6, 27)
Added Edge: (7, 17)
Added Edge: (7, 22)
Added Edge: (7, 24)
Removed Edge: (8, 10)
Removed Edge: (8, 16)
Removed Edge: (8, 21)
Added Edge: (9, 14)
Added Edge: (9, 18)
Added Edge: (9, 25)
Added Edge: (11, 18)
Added Edge: (12, 17)
Added Edge: (12, 24)
Added Edge: (12, 28)
Removed Edge: (14, 15)
Added Edge: (14, 28)
Removed Edge: (15, 20)
Removed Edge: (16, 22)
Removed Edge: (16, 27)
Added Edge: (17, 18)
Added Edge: (18, 25)
Added Edge: (19, 26)
Removed Edge: (20, 27)
Added Edge: (21, 23)
Added Edge: (21, 26)
Added Edge: (22, 24)
Added Edge: (23, 24)
Added Edge: (24, 26)
Added Edge: (26, 28)
========================
