========================
TIME_LIMIT_SECONDS: 900
ODD_HOLE_TERMINATION_PERCENTAGE: 999
N_THREADS: 24
IS_RUNNING_HEURISTIC_ON_CANDIDATE: 1
IS_RUNNING_HEURISTIC_ON_RELAXATION: 0
ADD_ALL_AT_START: 0
========================
Wall-Clock Runtime (ms): 51716
Calculated Odd Hole Termination Batch Size: 0
Total Time of All Workers in OddHoleAlg (nano): 45946627
Total Time of All Workers in OddHoleAlg (ms): 45
OddHoleAlg calls: 128
Number of Found Odd-Holes: 6723
Number of Found Odd Anti-Holes: 754
Is Optimal? (1e-6): 1
Optimality Gap: 0
Objective Value: 28
Number of Feasible Solutions Found: 64
Number of Times Heuristic is Called: 59
Total number of added OH and OHbar Cuts: 7477
Number of Explored B&C tree nodes: 230941
Number of Unexplored B&C tree nodes: 0
========================
Input Graph:
Number of Vertices: 25
Erdos Renyi p Parameter: 0.5
Number of Edges: 152
Expected No of Odd Holes: 705
Expected No of Odd Anti Holes: 83
ODD_HOLE_TERMINATION_BATCH_SIZE: 0
Graph Density: 0.506667
0,1,0,0,1,1,1,1,0,1,1,0,0,1,1,1,1,0,1,0,1,0,1,0,1,
1,0,1,0,0,0,0,0,0,0,0,0,0,0,1,1,1,1,0,0,1,0,1,0,1,
0,1,0,0,1,1,0,0,1,0,0,1,0,0,0,1,1,1,1,0,0,0,1,0,1,
0,0,0,0,1,0,1,0,0,0,0,0,0,1,1,1,1,1,1,0,1,0,1,1,0,
1,0,1,1,0,1,1,1,1,0,1,0,1,0,0,0,1,0,1,0,1,0,0,0,1,
1,0,1,0,1,0,0,1,1,1,1,1,0,0,0,1,1,0,0,1,0,0,1,0,1,
1,0,0,1,1,0,0,1,1,0,1,1,0,0,1,1,1,0,1,0,1,0,0,0,1,
1,0,0,0,1,1,1,0,0,1,1,0,1,1,1,0,1,1,1,0,0,1,0,0,1,
0,0,1,0,1,1,1,0,0,0,0,0,1,1,0,0,1,1,0,0,1,1,1,0,1,
1,0,0,0,0,1,0,1,0,0,0,1,1,0,1,0,1,0,0,1,1,0,1,0,0,
1,0,0,0,1,1,1,1,0,0,0,0,1,0,0,1,0,0,1,0,1,1,0,1,0,
0,0,1,0,0,1,1,0,0,1,0,0,0,0,0,1,0,0,1,0,0,1,1,0,1,
0,0,0,0,1,0,0,1,1,1,1,0,0,1,1,1,0,0,0,1,0,0,0,1,1,
1,0,0,1,0,0,0,1,1,0,0,0,1,0,1,0,1,1,1,0,0,0,0,0,1,
1,1,0,1,0,0,1,1,0,1,0,0,1,1,0,0,1,0,1,1,0,0,1,0,0,
1,1,1,1,0,1,1,0,0,0,1,1,1,0,0,0,0,1,0,1,1,0,1,0,0,
1,1,1,1,1,1,1,1,1,1,0,0,0,1,1,0,0,1,0,0,0,1,1,0,1,
0,1,1,1,0,0,0,1,1,0,0,0,0,1,0,1,1,0,1,0,1,1,1,1,1,
1,0,1,1,1,0,1,1,0,0,1,1,0,1,1,0,0,1,0,0,1,0,1,1,0,
0,0,0,0,0,1,0,0,0,1,0,0,1,0,1,1,0,0,0,0,1,1,1,0,0,
1,1,0,1,1,0,1,0,1,1,1,0,0,0,0,1,0,1,1,1,0,0,1,1,1,
0,0,0,0,0,0,0,1,1,0,1,1,0,0,0,0,1,1,0,1,0,0,1,0,1,
1,1,1,1,0,1,0,0,1,1,0,1,0,0,1,1,1,1,1,1,1,1,0,1,0,
0,0,0,1,0,0,0,0,0,0,1,0,1,0,0,0,0,1,1,0,1,0,1,0,1,
1,1,1,0,1,1,1,1,1,0,0,1,1,1,0,0,1,1,0,0,1,1,0,1,0,
========================
Output Graph: 
Number of Vertices: 25
Number of Edges: 146
Graph Density: 0.486667
0,1,0,0,1,1,1,1,0,1,1,0,0,1,1,1,1,1,1,0,1,0,1,0,1,
1,0,1,0,0,0,0,0,0,0,0,0,0,0,0,1,1,1,0,0,1,0,1,0,1,
0,1,0,0,1,1,1,0,0,0,0,1,0,0,0,1,1,1,1,0,0,0,1,0,1,
0,0,0,0,1,1,1,0,0,0,0,0,0,1,1,1,1,1,1,0,1,0,1,1,1,
1,0,1,1,0,1,1,1,1,0,1,0,1,0,0,0,1,0,1,0,1,0,1,0,1,
1,0,1,1,1,0,0,1,1,1,1,1,0,0,0,1,1,0,1,1,1,0,1,0,1,
1,0,1,1,1,0,0,1,1,0,1,1,0,0,0,1,1,0,1,0,1,0,0,0,1,
1,0,0,0,1,1,1,0,0,1,1,0,1,1,1,0,1,1,1,0,1,1,1,0,1,
0,0,0,0,1,1,1,0,0,0,0,0,0,1,0,0,1,1,0,0,1,1,1,0,1,
1,0,0,0,0,1,0,1,0,0,0,0,1,0,1,0,1,0,0,1,1,0,1,0,0,
1,0,0,0,1,1,1,1,0,0,0,0,0,0,0,0,0,0,1,0,1,0,0,0,0,
0,0,1,0,0,1,1,0,0,0,0,0,0,0,0,1,0,0,1,0,0,0,1,0,1,
0,0,0,0,1,0,0,1,0,1,0,0,0,0,1,0,0,0,0,1,0,0,0,0,1,
1,0,0,1,0,0,0,1,1,0,0,0,0,0,0,0,1,1,1,0,0,0,0,0,1,
1,0,0,1,0,0,0,1,0,1,0,0,1,0,0,0,1,0,0,1,0,0,1,0,0,
1,1,1,1,0,1,1,0,0,0,0,1,0,0,0,0,0,1,0,0,1,0,1,0,0,
1,1,1,1,1,1,1,1,1,1,0,0,0,1,1,0,0,1,0,0,1,1,1,0,1,
1,1,1,1,0,0,0,1,1,0,0,0,0,1,0,1,1,0,1,0,1,1,1,1,1,
1,0,1,1,1,1,1,1,0,0,1,1,0,1,0,0,0,1,0,0,1,0,1,1,0,
0,0,0,0,0,1,0,0,0,1,0,0,1,0,1,0,0,0,0,0,1,0,1,0,0,
1,1,0,1,1,1,1,1,1,1,1,0,0,0,0,1,1,1,1,1,0,0,1,1,1,
0,0,0,0,0,0,0,1,1,0,0,0,0,0,0,0,1,1,0,0,0,0,1,0,1,
1,1,1,1,1,1,0,1,1,1,0,1,0,0,1,1,1,1,1,1,1,1,0,1,1,
0,0,0,1,0,0,0,0,0,0,0,0,0,0,0,0,0,1,1,0,1,0,1,0,1,
1,1,1,1,1,1,1,1,1,0,0,1,1,1,0,0,1,1,0,0,1,1,1,1,0,
Is Output Graph Empty or Complete?: 0
Ratio of Added Edges Over Added + Removed Edges: 0.392857
Changes from Input to Output: 
Added Edge: (0, 17)
Removed Edge: (1, 14)
Added Edge: (2, 6)
Removed Edge: (2, 8)
Added Edge: (3, 5)
Added Edge: (3, 24)
Added Edge: (4, 22)
Added Edge: (5, 18)
Added Edge: (5, 20)
Removed Edge: (6, 14)
Added Edge: (7, 20)
Added Edge: (7, 22)
Removed Edge: (8, 12)
Removed Edge: (9, 11)
Removed Edge: (10, 12)
Removed Edge: (10, 15)
Removed Edge: (10, 21)
Removed Edge: (10, 23)
Removed Edge: (11, 21)
Removed Edge: (12, 13)
Removed Edge: (12, 15)
Removed Edge: (12, 23)
Removed Edge: (13, 14)
Removed Edge: (14, 18)
Removed Edge: (15, 19)
Added Edge: (16, 20)
Removed Edge: (19, 21)
Added Edge: (22, 24)
========================
