========================
TIME_LIMIT_SECONDS: 900
ODD_HOLE_TERMINATION_PERCENTAGE: 999
N_THREADS: 24
IS_RUNNING_HEURISTIC_ON_CANDIDATE: 0
IS_RUNNING_HEURISTIC_ON_RELAXATION: 1
ADD_ALL_AT_START: 1
========================
Wall-Clock Runtime (ms): 901810
Calculated Odd Hole Termination Batch Size: 0
Total Time of All Workers in OddHoleAlg (nano): 235293132
Total Time of All Workers in OddHoleAlg (ms): 235
OddHoleAlg calls: 70
Number of Found Odd-Holes: 1836
Number of Found Odd Anti-Holes: 49942
Is Optimal? (1e-6): 0
Optimality Gap: 0.478298
Objective Value: 83
Number of Feasible Solutions Found: 2352
Number of Times Heuristic is Called: 2350
Total number of added OH and OHbar Cuts: 51778
Number of Explored B&C tree nodes: 11460
Number of Unexplored B&C tree nodes: 147
========================
Input Graph:
Number of Vertices: 40
Erdos Renyi p Parameter: 0.75
Number of Edges: 584
Expected No of Odd Holes: 1833
Expected No of Odd Anti Holes: 19717
ODD_HOLE_TERMINATION_BATCH_SIZE: 0
Graph Density: 0.748718
0,1,0,1,0,1,0,1,1,1,1,1,0,1,1,1,1,1,1,1,1,1,1,1,0,1,1,1,1,1,1,1,1,1,0,1,0,1,1,1,
1,0,1,1,1,1,0,0,1,1,1,1,0,1,1,1,1,0,1,0,0,1,1,0,1,1,0,1,1,1,1,1,1,1,0,1,1,1,1,0,
0,1,0,1,1,1,1,1,1,1,1,1,0,1,0,1,1,0,1,1,1,1,1,1,1,1,1,0,1,1,0,1,1,0,1,1,1,0,1,1,
1,1,1,0,1,1,1,1,0,1,0,0,1,1,1,0,1,1,0,1,1,1,1,1,1,1,1,1,1,1,1,0,1,1,1,1,1,0,1,0,
0,1,1,1,0,0,1,1,1,1,1,0,1,1,1,1,1,1,1,1,1,1,1,1,0,0,1,0,1,1,0,1,1,1,1,0,1,1,1,1,
1,1,1,1,0,0,1,1,1,1,1,1,1,1,1,1,0,1,1,1,1,1,0,1,1,1,0,0,1,1,0,1,1,1,1,1,1,1,0,1,
0,0,1,1,1,1,0,0,1,1,1,1,0,1,1,1,0,1,1,1,1,0,1,1,1,1,1,1,1,0,1,1,0,1,1,1,0,1,1,1,
1,0,1,1,1,1,0,0,1,0,1,1,1,1,1,1,0,1,0,1,0,1,1,0,0,1,1,1,1,0,1,0,1,1,1,1,0,1,1,1,
1,1,1,0,1,1,1,1,0,1,0,1,1,1,1,1,0,1,0,1,0,1,1,0,1,1,1,0,1,0,1,1,1,1,0,1,0,1,0,1,
1,1,1,1,1,1,1,0,1,0,0,0,1,0,1,0,1,1,1,1,1,1,0,0,0,1,1,1,1,1,0,0,1,1,1,0,1,0,1,1,
1,1,1,0,1,1,1,1,0,0,0,1,1,1,1,1,1,0,1,0,1,1,1,1,1,1,0,1,1,1,1,1,1,1,1,1,1,1,1,1,
1,1,1,0,0,1,1,1,1,0,1,0,0,0,1,0,1,1,1,0,1,0,1,1,1,1,1,1,1,0,1,0,1,1,1,1,1,1,1,1,
0,0,0,1,1,1,0,1,1,1,1,0,0,1,0,0,0,1,1,0,1,1,1,0,0,1,1,1,1,1,1,1,0,0,0,1,1,1,0,0,
1,1,1,1,1,1,1,1,1,0,1,0,1,0,0,1,0,1,1,1,0,1,1,1,1,1,1,0,1,0,1,1,1,1,0,0,0,1,1,1,
1,1,0,1,1,1,1,1,1,1,1,1,0,0,0,1,1,0,0,1,1,1,1,1,0,1,0,1,1,1,1,1,1,1,1,1,1,0,0,1,
1,1,1,0,1,1,1,1,1,0,1,0,0,1,1,0,0,0,0,1,1,1,1,1,1,1,1,1,0,1,1,1,1,1,1,0,0,0,0,1,
1,1,1,1,1,0,0,0,0,1,1,1,0,0,1,0,0,1,1,1,0,1,1,1,1,1,1,1,0,1,1,1,1,1,1,1,1,1,1,0,
1,0,0,1,1,1,1,1,1,1,0,1,1,1,0,0,1,0,0,0,1,1,1,1,1,1,1,0,0,0,1,1,1,1,0,1,1,1,0,1,
1,1,1,0,1,1,1,0,0,1,1,1,1,1,0,0,1,0,0,1,1,0,1,1,1,1,1,1,1,1,1,0,1,1,1,1,1,1,1,1,
1,0,1,1,1,1,1,1,1,1,0,0,0,1,1,1,1,0,1,0,1,0,1,1,1,1,0,1,0,0,0,1,1,0,0,0,1,1,0,1,
1,0,1,1,1,1,1,0,0,1,1,1,1,0,1,1,0,1,1,1,0,1,1,1,1,1,1,1,1,1,1,1,1,1,1,1,0,1,1,0,
1,1,1,1,1,1,0,1,1,1,1,0,1,1,1,1,1,1,0,0,1,0,1,1,1,1,1,1,0,0,0,1,1,1,1,1,1,1,1,0,
1,1,1,1,1,0,1,1,1,0,1,1,1,1,1,1,1,1,1,1,1,1,0,0,0,1,0,1,1,1,1,1,1,1,1,1,1,0,0,1,
1,0,1,1,1,1,1,0,0,0,1,1,0,1,1,1,1,1,1,1,1,1,0,0,1,1,1,1,0,1,1,0,1,1,1,1,1,1,1,0,
0,1,1,1,0,1,1,0,1,0,1,1,0,1,0,1,1,1,1,1,1,1,0,1,0,0,0,1,1,1,0,1,1,1,0,1,1,1,1,1,
1,1,1,1,0,1,1,1,1,1,1,1,1,1,1,1,1,1,1,1,1,1,1,1,0,0,1,1,1,0,1,0,1,0,0,1,0,0,1,0,
1,0,1,1,1,0,1,1,1,1,0,1,1,1,0,1,1,1,1,0,1,1,0,1,0,1,0,1,1,1,1,1,1,1,1,0,0,1,1,1,
1,1,0,1,0,0,1,1,0,1,1,1,1,0,1,1,1,0,1,1,1,1,1,1,1,1,1,0,0,1,0,1,1,1,1,1,0,1,1,1,
1,1,1,1,1,1,1,1,1,1,1,1,1,1,1,0,0,0,1,0,1,0,1,0,1,1,1,0,0,0,1,1,1,1,0,1,1,0,1,0,
1,1,1,1,1,1,0,0,0,1,1,0,1,0,1,1,1,0,1,0,1,0,1,1,1,0,1,1,0,0,1,0,0,1,1,1,0,1,1,1,
1,1,0,1,0,0,1,1,1,0,1,1,1,1,1,1,1,1,1,0,1,0,1,1,0,1,1,0,1,1,0,0,0,0,1,1,0,1,0,1,
1,1,1,0,1,1,1,0,1,0,1,0,1,1,1,1,1,1,0,1,1,1,1,0,1,0,1,1,1,0,0,0,1,0,1,1,1,1,1,1,
1,1,1,1,1,1,0,1,1,1,1,1,0,1,1,1,1,1,1,1,1,1,1,1,1,1,1,1,1,0,0,1,0,1,1,1,1,0,1,1,
1,1,0,1,1,1,1,1,1,1,1,1,0,1,1,1,1,1,1,0,1,1,1,1,1,0,1,1,1,1,0,0,1,0,1,1,1,1,1,0,
0,0,1,1,1,1,1,1,0,1,1,1,0,0,1,1,1,0,1,0,1,1,1,1,0,0,1,1,0,1,1,1,1,1,0,0,1,0,0,1,
1,1,1,1,0,1,1,1,1,0,1,1,1,0,1,0,1,1,1,0,1,1,1,1,1,1,0,1,1,1,1,1,1,1,0,0,1,1,1,1,
0,1,1,1,1,1,0,0,0,1,1,1,1,0,1,0,1,1,1,1,0,1,1,1,1,0,0,0,1,0,0,1,1,1,1,1,0,0,1,1,
1,1,0,0,1,1,1,1,1,0,1,1,1,1,0,0,1,1,1,1,1,1,0,1,1,0,1,1,0,1,1,1,0,1,0,1,0,0,0,1,
1,1,1,1,1,0,1,1,0,1,1,1,0,1,0,0,1,0,1,0,1,1,0,1,1,1,1,1,1,1,0,1,1,1,0,1,1,0,0,1,
1,0,1,0,1,1,1,1,1,1,1,1,0,1,1,1,0,1,1,1,0,0,1,0,1,0,1,1,0,1,1,1,1,0,1,1,1,1,1,0,
========================
Output Graph: 
Number of Vertices: 40
Number of Edges: 605
Graph Density: 0.775641
0,1,1,1,1,1,1,1,1,1,1,1,0,1,1,1,1,1,1,1,1,1,1,1,0,1,1,1,1,1,1,1,1,1,0,1,0,1,1,1,
1,0,1,1,1,1,0,0,0,1,1,1,0,1,1,1,1,0,1,0,0,1,1,1,1,1,1,1,1,1,1,1,1,1,0,1,1,1,1,1,
1,1,0,1,1,1,1,1,1,1,1,1,0,1,0,1,1,0,1,1,1,1,1,1,1,1,1,0,1,1,0,1,1,1,1,1,1,0,1,1,
1,1,1,0,1,1,1,1,0,1,1,0,1,1,1,0,1,1,0,1,1,1,1,1,1,1,1,1,1,1,1,0,1,1,1,1,1,0,1,1,
1,1,1,1,0,0,1,1,1,1,1,1,1,1,1,1,1,1,1,1,1,1,1,1,0,1,1,0,1,1,0,1,1,1,1,1,1,1,1,1,
1,1,1,1,0,0,1,1,1,1,1,1,1,1,1,1,1,1,1,1,1,1,1,1,1,1,1,0,1,1,0,1,1,1,1,1,1,1,1,1,
1,0,1,1,1,1,0,0,1,1,1,1,0,1,1,1,0,1,1,1,1,1,1,1,1,1,1,1,1,0,1,1,1,1,1,1,0,1,1,1,
1,0,1,1,1,1,0,0,1,0,1,1,1,1,1,1,0,1,1,1,0,1,1,0,0,1,1,1,1,0,1,1,1,1,1,1,0,0,1,1,
1,0,1,0,1,1,1,1,0,0,0,1,1,1,1,0,0,1,0,0,0,1,1,0,0,1,1,1,1,0,1,1,1,1,0,1,0,0,0,1,
1,1,1,1,1,1,1,0,0,0,0,0,0,0,1,0,1,0,1,0,1,1,0,0,1,0,1,1,1,0,0,0,1,1,0,0,1,0,1,1,
1,1,1,1,1,1,1,1,0,0,0,1,1,1,1,1,1,0,1,0,1,1,1,1,1,1,0,1,1,1,1,1,1,1,1,1,1,1,1,1,
1,1,1,0,1,1,1,1,1,0,1,0,1,0,1,0,1,1,0,0,1,1,1,1,1,1,1,1,1,0,1,0,1,1,1,1,0,1,1,1,
0,0,0,1,1,1,0,1,1,0,1,1,0,1,0,0,0,1,1,0,1,1,1,0,0,1,1,1,1,0,1,1,0,0,0,1,0,0,0,0,
1,1,1,1,1,1,1,1,1,0,1,0,1,0,1,1,1,1,1,1,1,1,1,1,1,1,1,1,1,0,1,1,1,1,1,0,0,1,1,1,
1,1,0,1,1,1,1,1,1,1,1,1,0,1,0,1,1,0,1,1,1,1,1,1,0,1,1,1,1,1,1,1,1,1,1,1,1,0,0,1,
1,1,1,0,1,1,1,1,0,0,1,0,0,1,1,0,1,0,0,1,1,1,1,1,1,1,1,1,0,0,1,1,1,1,1,0,0,0,0,1,
1,1,1,1,1,1,0,0,0,1,1,1,0,1,1,1,0,1,1,1,0,1,1,1,1,1,1,1,1,1,1,1,1,1,1,1,1,1,1,1,
1,0,0,1,1,1,1,1,1,0,0,1,1,1,0,0,1,0,0,0,1,1,1,1,0,1,1,0,0,0,1,1,1,1,0,1,0,0,0,1,
1,1,1,0,1,1,1,1,0,1,1,0,1,1,1,0,1,0,0,1,1,1,1,1,1,1,1,1,1,1,1,0,1,1,1,1,1,1,1,1,
1,0,1,1,1,1,1,1,0,0,0,0,0,1,1,1,1,0,1,0,1,0,1,1,0,1,0,1,0,0,0,1,1,0,0,0,0,0,0,1,
1,0,1,1,1,1,1,0,0,1,1,1,1,1,1,1,0,1,1,1,0,1,1,1,1,1,1,1,1,1,1,1,1,1,1,1,0,1,1,1,
1,1,1,1,1,1,1,1,1,1,1,1,1,1,1,1,1,1,1,0,1,0,1,1,1,1,1,1,0,0,1,1,1,1,1,1,1,1,1,1,
1,1,1,1,1,1,1,1,1,0,1,1,1,1,1,1,1,1,1,1,1,1,0,0,0,1,1,1,1,1,1,1,1,1,1,1,1,0,0,1,
1,1,1,1,1,1,1,0,0,0,1,1,0,1,1,1,1,1,1,1,1,1,0,0,1,1,1,1,1,1,1,1,1,1,1,1,1,1,1,1,
0,1,1,1,0,1,1,0,0,1,1,1,0,1,0,1,1,0,1,0,1,1,0,1,0,0,1,0,1,1,0,1,1,1,0,1,1,0,1,1,
1,1,1,1,1,1,1,1,1,0,1,1,1,1,1,1,1,1,1,1,1,1,1,1,0,0,1,1,1,0,1,1,1,0,0,1,0,0,1,0,
1,1,1,1,1,1,1,1,1,1,0,1,1,1,1,1,1,1,1,0,1,1,1,1,1,1,0,1,1,1,1,1,1,1,1,1,1,1,1,1,
1,1,0,1,0,0,1,1,1,1,1,1,1,1,1,1,1,0,1,1,1,1,1,1,0,1,1,0,1,1,0,1,1,1,1,1,0,1,1,1,
1,1,1,1,1,1,1,1,1,1,1,1,1,1,1,0,1,0,1,0,1,0,1,1,1,1,1,1,0,0,1,1,1,1,0,1,1,0,1,1,
1,1,1,1,1,1,0,0,0,0,1,0,0,0,1,0,1,0,1,0,1,0,1,1,1,0,1,1,0,0,1,0,0,1,0,1,0,0,1,1,
1,1,0,1,0,0,1,1,1,0,1,1,1,1,1,1,1,1,1,0,1,1,1,1,0,1,1,0,1,1,0,1,1,1,1,1,0,1,0,1,
1,1,1,0,1,1,1,1,1,0,1,0,1,1,1,1,1,1,0,1,1,1,1,1,1,1,1,1,1,0,1,0,1,1,1,1,1,1,1,1,
1,1,1,1,1,1,1,1,1,1,1,1,0,1,1,1,1,1,1,1,1,1,1,1,1,1,1,1,1,0,1,1,0,1,1,1,1,0,1,1,
1,1,1,1,1,1,1,1,1,1,1,1,0,1,1,1,1,1,1,0,1,1,1,1,1,0,1,1,1,1,1,1,1,0,1,1,1,1,1,0,
0,0,1,1,1,1,1,1,0,0,1,1,0,1,1,1,1,0,1,0,1,1,1,1,0,0,1,1,0,0,1,1,1,1,0,0,0,0,0,1,
1,1,1,1,1,1,1,1,1,0,1,1,1,0,1,0,1,1,1,0,1,1,1,1,1,1,1,1,1,1,1,1,1,1,0,0,1,1,1,1,
0,1,1,1,1,1,0,0,0,1,1,0,0,0,1,0,1,0,1,0,0,1,1,1,1,0,1,0,1,0,0,1,1,1,0,1,0,0,1,0,
1,1,0,0,1,1,1,0,0,0,1,1,0,1,0,0,1,0,1,0,1,1,0,1,0,0,1,1,0,0,1,1,0,1,0,1,0,0,0,1,
1,1,1,1,1,1,1,1,0,1,1,1,0,1,0,0,1,0,1,0,1,1,0,1,1,1,1,1,1,1,0,1,1,1,0,1,1,0,0,1,
1,1,1,1,1,1,1,1,1,1,1,1,0,1,1,1,1,1,1,1,1,1,1,1,1,0,1,1,1,1,1,1,1,0,1,1,0,1,1,0,
Is Output Graph Empty or Complete?: 0
Ratio of Added Edges Over Added + Removed Edges: 0.626506
Changes from Input to Output: 
Added Edge: (0, 2)
Added Edge: (0, 4)
Added Edge: (0, 6)
Removed Edge: (1, 8)
Added Edge: (1, 23)
Added Edge: (1, 26)
Added Edge: (1, 39)
Added Edge: (2, 33)
Added Edge: (3, 10)
Added Edge: (3, 39)
Added Edge: (4, 11)
Added Edge: (4, 25)
Added Edge: (4, 35)
Added Edge: (5, 16)
Added Edge: (5, 22)
Added Edge: (5, 26)
Added Edge: (5, 38)
Added Edge: (6, 21)
Added Edge: (6, 32)
Added Edge: (7, 18)
Added Edge: (7, 31)
Removed Edge: (7, 37)
Removed Edge: (8, 9)
Removed Edge: (8, 15)
Removed Edge: (8, 19)
Removed Edge: (8, 24)
Added Edge: (8, 27)
Removed Edge: (8, 37)
Removed Edge: (9, 12)
Removed Edge: (9, 17)
Removed Edge: (9, 19)
Added Edge: (9, 24)
Removed Edge: (9, 25)
Removed Edge: (9, 29)
Removed Edge: (9, 34)
Added Edge: (11, 12)
Removed Edge: (11, 18)
Added Edge: (11, 21)
Removed Edge: (11, 36)
Removed Edge: (12, 29)
Removed Edge: (12, 36)
Removed Edge: (12, 37)
Added Edge: (13, 14)
Added Edge: (13, 16)
Added Edge: (13, 20)
Added Edge: (13, 27)
Added Edge: (13, 34)
Added Edge: (14, 18)
Added Edge: (14, 26)
Added Edge: (15, 16)
Removed Edge: (15, 29)
Added Edge: (16, 28)
Added Edge: (16, 39)
Removed Edge: (17, 24)
Removed Edge: (17, 36)
Removed Edge: (17, 37)
Added Edge: (18, 21)
Removed Edge: (19, 24)
Removed Edge: (19, 36)
Removed Edge: (19, 37)
Added Edge: (20, 39)
Added Edge: (21, 30)
Added Edge: (21, 39)
Added Edge: (22, 26)
Added Edge: (23, 28)
Added Edge: (23, 31)
Added Edge: (23, 39)
Added Edge: (24, 26)
Removed Edge: (24, 27)
Removed Edge: (24, 37)
Added Edge: (25, 31)
Added Edge: (26, 35)
Added Edge: (26, 36)
Added Edge: (27, 28)
Added Edge: (28, 39)
Removed Edge: (29, 34)
Removed Edge: (29, 37)
Added Edge: (30, 31)
Added Edge: (30, 32)
Added Edge: (30, 33)
Added Edge: (31, 33)
Removed Edge: (34, 36)
Removed Edge: (36, 39)
========================
