========================
TIME_LIMIT_SECONDS: 900
ODD_HOLE_TERMINATION_PERCENTAGE: 999
N_THREADS: 24
IS_RUNNING_HEURISTIC_ON_CANDIDATE: 1
IS_RUNNING_HEURISTIC_ON_RELAXATION: 1
ADD_ALL_AT_START: 0
========================
Wall-Clock Runtime (ms): 900670
Calculated Odd Hole Termination Batch Size: 0
Total Time of All Workers in OddHoleAlg (nano): 718282630
Total Time of All Workers in OddHoleAlg (ms): 718
OddHoleAlg calls: 56
Number of Found Odd-Holes: 260910
Number of Found Odd Anti-Holes: 74
Is Optimal? (1e-6): 0
Optimality Gap: 0.494115
Objective Value: 85
Number of Feasible Solutions Found: 2800
Number of Times Heuristic is Called: 2797
Total number of added OH and OHbar Cuts: 260984
Number of Explored B&C tree nodes: 14062
Number of Unexplored B&C tree nodes: 3400
========================
Input Graph:
Number of Vertices: 40
Erdos Renyi p Parameter: 0.25
Number of Edges: 202
Expected No of Odd Holes: 21547
Expected No of Odd Anti Holes: 3
ODD_HOLE_TERMINATION_BATCH_SIZE: 0
Graph Density: 0.258974
0,0,0,1,0,0,0,0,0,0,1,1,0,0,1,0,1,0,1,0,0,0,0,0,0,0,1,0,0,0,1,0,1,0,1,0,0,0,0,1,
0,0,0,0,1,0,1,0,0,0,0,0,1,0,0,1,0,0,0,0,0,0,1,0,0,1,0,0,0,1,0,1,0,0,1,0,0,0,0,0,
0,0,0,0,0,1,0,0,0,0,0,1,0,0,1,0,0,1,0,0,0,0,0,0,0,0,1,0,0,0,0,0,0,0,1,0,0,0,0,0,
1,0,0,0,0,0,0,0,0,0,1,0,0,0,1,0,0,1,1,0,0,1,0,0,0,1,0,0,0,0,0,0,1,1,0,0,0,0,0,0,
0,1,0,0,0,0,0,0,0,0,0,0,0,1,1,0,1,0,0,0,0,0,1,0,0,0,0,0,0,0,0,0,1,0,0,0,0,0,0,1,
0,0,1,0,0,0,0,0,0,0,1,0,1,1,0,0,0,0,0,1,0,0,0,0,0,1,0,1,0,0,0,0,1,1,0,0,0,0,1,0,
0,1,0,0,0,0,0,1,0,0,0,0,0,0,0,0,0,1,0,0,0,0,0,0,0,0,0,0,0,0,0,0,0,0,0,0,0,1,0,0,
0,0,0,0,0,0,1,0,0,0,1,0,1,0,0,1,1,0,1,0,0,1,0,1,0,0,0,1,0,0,0,0,0,0,0,0,0,0,1,0,
0,0,0,0,0,0,0,0,0,1,0,0,0,0,0,0,0,0,1,0,1,1,0,0,0,1,0,1,0,0,0,0,1,1,0,0,1,0,0,1,
0,0,0,0,0,0,0,0,1,0,0,1,0,1,0,0,0,0,0,1,0,0,0,0,0,0,0,1,1,1,0,0,0,1,1,1,1,1,0,0,
1,0,0,1,0,1,0,1,0,0,0,0,0,1,0,0,1,1,1,0,1,1,1,1,0,0,0,0,0,0,1,0,0,0,0,0,1,0,0,0,
1,0,1,0,0,0,0,0,0,1,0,0,0,0,1,0,0,0,0,1,0,0,0,0,0,1,0,1,0,0,0,0,1,0,0,1,0,0,0,0,
0,1,0,0,0,1,0,1,0,0,0,0,0,0,1,0,0,0,0,0,0,1,0,0,0,0,1,0,1,0,0,1,0,0,1,0,1,0,0,1,
0,0,0,0,1,1,0,0,0,1,1,0,0,0,1,0,0,0,0,0,0,1,0,1,1,1,0,1,0,0,0,0,0,0,0,1,0,0,0,1,
1,0,1,1,1,0,0,0,0,0,0,1,1,1,0,0,0,0,0,0,1,0,0,0,0,1,0,1,0,0,0,1,0,0,0,1,1,1,0,0,
0,1,0,0,0,0,0,1,0,0,0,0,0,0,0,0,0,1,0,0,0,1,1,0,1,1,1,0,0,0,0,0,1,0,0,0,1,1,0,0,
1,0,0,0,1,0,0,1,0,0,1,0,0,0,0,0,0,0,1,1,0,0,1,0,0,0,0,0,1,0,0,1,0,1,1,0,0,1,0,0,
0,0,1,1,0,0,1,0,0,0,1,0,0,0,0,1,0,0,0,0,0,0,1,1,0,1,0,0,0,1,0,0,0,0,0,0,0,0,0,0,
1,0,0,1,0,0,0,1,1,0,1,0,0,0,0,0,1,0,0,0,0,0,1,0,0,0,0,0,0,0,1,0,0,1,0,0,1,1,1,1,
0,0,0,0,0,1,0,0,0,1,0,1,0,0,0,0,1,0,0,0,0,0,0,0,1,0,0,0,0,0,1,0,0,0,0,0,1,1,0,0,
0,0,0,0,0,0,0,0,1,0,1,0,0,0,1,0,0,0,0,0,0,0,0,0,0,1,0,0,0,0,0,0,1,1,1,0,0,0,0,0,
0,0,0,1,0,0,0,1,1,0,1,0,1,1,0,1,0,0,0,0,0,0,0,0,0,0,1,0,0,0,0,0,0,1,0,1,0,0,0,0,
0,1,0,0,1,0,0,0,0,0,1,0,0,0,0,1,1,1,1,0,0,0,0,1,1,0,1,0,0,1,0,0,0,1,0,0,1,1,0,0,
0,0,0,0,0,0,0,1,0,0,1,0,0,1,0,0,0,1,0,0,0,0,1,0,0,0,0,1,0,0,1,1,0,1,1,0,0,0,0,0,
0,0,0,0,0,0,0,0,0,0,0,0,0,1,0,1,0,0,0,1,0,0,1,0,0,0,0,0,1,1,0,0,1,0,1,0,0,1,1,0,
0,1,0,1,0,1,0,0,1,0,0,1,0,1,1,1,0,1,0,0,1,0,0,0,0,0,0,0,0,1,0,0,1,0,0,1,0,0,1,0,
1,0,1,0,0,0,0,0,0,0,0,0,1,0,0,1,0,0,0,0,0,1,1,0,0,0,0,0,0,0,0,0,1,0,0,0,0,1,0,0,
0,0,0,0,0,1,0,1,1,1,0,1,0,1,1,0,0,0,0,0,0,0,0,1,0,0,0,0,1,0,0,0,0,1,1,0,1,0,0,1,
0,0,0,0,0,0,0,0,0,1,0,0,1,0,0,0,1,0,0,0,0,0,0,0,1,0,0,1,0,0,0,0,0,1,0,0,0,0,0,0,
0,1,0,0,0,0,0,0,0,1,0,0,0,0,0,0,0,1,0,0,0,0,1,0,1,1,0,0,0,0,0,0,0,1,0,0,0,0,0,1,
1,0,0,0,0,0,0,0,0,0,1,0,0,0,0,0,0,0,1,1,0,0,0,1,0,0,0,0,0,0,0,0,0,1,0,0,0,0,0,1,
0,1,0,0,0,0,0,0,0,0,0,0,1,0,1,0,1,0,0,0,0,0,0,1,0,0,0,0,0,0,0,0,0,0,1,0,0,0,0,1,
1,0,0,1,1,1,0,0,1,0,0,1,0,0,0,1,0,0,0,0,1,0,0,0,1,1,1,0,0,0,0,0,0,0,1,0,0,0,1,0,
0,0,0,1,0,1,0,0,1,1,0,0,0,0,0,0,1,0,1,0,1,1,1,1,0,0,0,1,1,1,1,0,0,0,0,1,0,0,0,1,
1,1,1,0,0,0,0,0,0,1,0,0,1,0,0,0,1,0,0,0,1,0,0,1,1,0,0,1,0,0,0,1,1,0,0,0,0,1,0,0,
0,0,0,0,0,0,0,0,0,1,0,1,0,1,1,0,0,0,0,0,0,1,0,0,0,1,0,0,0,0,0,0,0,1,0,0,0,0,0,0,
0,0,0,0,0,0,0,0,1,1,1,0,1,0,1,1,0,0,1,1,0,0,1,0,0,0,0,1,0,0,0,0,0,0,0,0,0,0,1,0,
0,0,0,0,0,0,1,0,0,1,0,0,0,0,1,1,1,0,1,1,0,0,1,0,1,0,1,0,0,0,0,0,0,0,1,0,0,0,0,0,
0,0,0,0,0,1,0,1,0,0,0,0,0,0,0,0,0,0,1,0,0,0,0,0,1,1,0,0,0,0,0,0,1,0,0,0,1,0,0,0,
1,0,0,0,1,0,0,0,1,0,0,0,1,1,0,0,0,0,1,0,0,0,0,0,0,0,0,1,0,1,1,1,0,1,0,0,0,0,0,0,
========================
Output Graph: 
Number of Vertices: 40
Number of Edges: 177
Graph Density: 0.226923
0,0,0,0,0,0,0,0,0,0,1,0,0,0,1,0,1,0,1,0,0,0,0,0,0,0,0,0,0,0,1,0,0,0,1,0,0,0,0,1,
0,0,0,0,0,0,1,0,0,0,0,0,0,0,0,1,0,0,0,0,0,0,1,0,0,1,0,0,0,1,0,0,0,0,1,0,0,0,0,0,
0,0,0,0,0,0,0,0,0,0,0,1,0,0,1,0,0,0,0,0,0,0,0,0,0,0,0,0,0,0,0,0,0,0,1,0,0,0,0,0,
0,0,0,0,0,0,0,0,0,0,1,0,0,0,1,0,0,0,1,0,0,1,0,0,0,1,0,0,0,0,0,0,0,1,0,0,0,0,0,0,
0,0,0,0,0,0,0,0,0,0,0,0,0,1,1,0,1,0,0,0,0,0,1,0,0,0,0,0,0,0,0,0,1,0,0,0,0,0,0,0,
0,0,0,0,0,0,0,0,0,0,1,0,0,1,0,0,0,0,0,0,0,0,0,0,0,1,0,1,0,0,0,0,1,1,0,0,0,0,1,0,
0,1,0,0,0,0,0,0,0,0,0,0,0,0,0,0,0,1,0,0,0,0,0,0,0,0,0,0,0,0,0,0,0,0,0,0,0,0,0,0,
0,0,0,0,0,0,0,0,0,0,1,0,0,0,0,0,1,0,0,0,0,0,0,1,0,0,0,1,0,0,0,0,0,0,0,0,0,0,0,0,
0,0,0,0,0,0,0,0,0,0,0,0,0,0,0,0,0,0,1,0,1,0,0,0,0,1,0,1,0,0,0,0,1,1,0,0,0,0,0,0,
0,0,0,0,0,0,0,0,0,0,0,0,0,1,0,0,0,0,0,0,0,0,0,0,0,0,0,1,0,0,0,0,0,1,0,1,0,0,0,0,
1,0,0,1,0,1,0,1,0,0,0,0,0,1,1,0,1,0,1,0,1,1,1,1,0,0,0,1,0,0,1,0,0,0,1,0,1,0,0,1,
0,0,1,0,0,0,0,0,0,0,0,0,0,0,1,0,0,0,0,0,0,0,0,0,0,1,0,1,0,0,0,0,1,0,0,0,0,0,0,0,
0,0,0,0,0,0,0,0,0,0,0,0,0,0,1,0,0,0,0,0,0,0,0,0,0,0,0,0,0,0,0,1,0,0,1,0,0,0,0,1,
0,0,0,0,1,1,0,0,0,1,1,0,0,0,1,0,1,0,1,0,0,1,1,1,1,1,0,1,0,0,0,0,1,1,1,1,0,0,0,1,
1,0,1,1,1,0,0,0,0,0,1,1,1,1,0,0,1,0,1,0,1,0,0,0,1,1,0,1,0,0,0,1,1,1,0,1,1,1,0,0,
0,1,0,0,0,0,0,0,0,0,0,0,0,0,0,0,0,1,0,0,0,0,1,0,1,1,1,0,0,0,0,0,1,0,0,0,0,1,0,0,
1,0,0,0,1,0,0,1,0,0,1,0,0,1,1,0,0,0,1,1,0,0,1,0,1,1,0,1,1,0,0,1,1,1,1,0,0,1,0,0,
0,0,0,0,0,0,1,0,0,0,0,0,0,0,0,1,0,0,0,0,0,0,1,0,0,1,0,0,0,1,0,0,0,0,0,0,0,0,0,0,
1,0,0,1,0,0,0,0,1,0,1,0,0,1,1,0,1,0,0,0,0,0,1,0,0,1,0,1,0,0,1,0,1,1,1,0,1,1,1,1,
0,0,0,0,0,0,0,0,0,0,0,0,0,0,0,0,1,0,0,0,0,0,0,0,1,0,0,0,0,0,0,0,0,0,0,0,0,1,0,0,
0,0,0,0,0,0,0,0,1,0,1,0,0,0,1,0,0,0,0,0,0,0,0,0,0,1,0,0,0,0,0,0,1,1,1,0,0,0,0,0,
0,0,0,1,0,0,0,0,0,0,1,0,0,1,0,0,0,0,0,0,0,0,0,0,0,0,0,0,0,0,0,0,0,1,0,0,0,0,0,0,
0,1,0,0,1,0,0,0,0,0,1,0,0,1,0,1,1,1,1,0,0,0,0,0,1,1,1,0,0,1,0,0,1,1,0,0,0,1,0,0,
0,0,0,0,0,0,0,1,0,0,1,0,0,1,0,0,0,0,0,0,0,0,0,0,0,0,0,1,0,0,0,1,0,1,1,0,0,0,0,0,
0,0,0,0,0,0,0,0,0,0,0,0,0,1,1,1,1,0,0,1,0,0,1,0,0,0,0,0,0,0,0,0,1,0,1,0,0,1,0,0,
0,1,0,1,0,1,0,0,1,0,0,1,0,1,1,1,1,1,1,0,1,0,1,0,0,0,0,1,0,1,0,0,1,0,1,1,0,0,1,0,
0,0,0,0,0,0,0,0,0,0,0,0,0,0,0,1,0,0,0,0,0,0,1,0,0,0,0,0,0,0,0,0,1,0,0,0,0,1,0,0,
0,0,0,0,0,1,0,1,1,1,1,1,0,1,1,0,1,0,1,0,0,0,0,1,0,1,0,0,1,0,0,0,1,1,1,0,1,0,0,1,
0,0,0,0,0,0,0,0,0,0,0,0,0,0,0,0,1,0,0,0,0,0,0,0,0,0,0,1,0,0,0,0,0,1,0,0,0,0,0,0,
0,1,0,0,0,0,0,0,0,0,0,0,0,0,0,0,0,1,0,0,0,0,1,0,0,1,0,0,0,0,0,0,0,1,0,0,0,0,0,0,
1,0,0,0,0,0,0,0,0,0,1,0,0,0,0,0,0,0,1,0,0,0,0,0,0,0,0,0,0,0,0,0,0,1,0,0,0,0,0,1,
0,0,0,0,0,0,0,0,0,0,0,0,1,0,1,0,1,0,0,0,0,0,0,1,0,0,0,0,0,0,0,0,0,0,1,0,0,0,0,1,
0,0,0,0,1,1,0,0,1,0,0,1,0,1,1,1,1,0,1,0,1,0,1,0,1,1,1,1,0,0,0,0,0,0,1,0,0,1,1,0,
0,0,0,1,0,1,0,0,1,1,0,0,0,1,1,0,1,0,1,0,1,1,1,1,0,0,0,1,1,1,1,0,0,0,1,1,0,0,0,1,
1,1,1,0,0,0,0,0,0,0,1,0,1,1,0,0,1,0,1,0,1,0,0,1,1,1,0,1,0,0,0,1,1,1,0,0,0,1,0,0,
0,0,0,0,0,0,0,0,0,1,0,0,0,1,1,0,0,0,0,0,0,0,0,0,0,1,0,0,0,0,0,0,0,1,0,0,0,0,0,0,
0,0,0,0,0,0,0,0,0,0,1,0,0,0,1,0,0,0,1,0,0,0,0,0,0,0,0,1,0,0,0,0,0,0,0,0,0,0,0,0,
0,0,0,0,0,0,0,0,0,0,0,0,0,0,1,1,1,0,1,1,0,0,1,0,1,0,1,0,0,0,0,0,1,0,1,0,0,0,0,0,
0,0,0,0,0,1,0,0,0,0,0,0,0,0,0,0,0,0,1,0,0,0,0,0,0,1,0,0,0,0,0,0,1,0,0,0,0,0,0,0,
1,0,0,0,0,0,0,0,0,0,1,0,1,1,0,0,0,0,1,0,0,0,0,0,0,0,0,1,0,0,1,1,0,1,0,0,0,0,0,0,
Is Output Graph Empty or Complete?: 0
Ratio of Added Edges Over Added + Removed Edges: 0.352941
Changes from Input to Output: 
Removed Edge: (0, 3)
Removed Edge: (0, 11)
Removed Edge: (0, 26)
Removed Edge: (0, 32)
Removed Edge: (1, 4)
Removed Edge: (1, 12)
Removed Edge: (1, 31)
Removed Edge: (2, 5)
Removed Edge: (2, 17)
Removed Edge: (2, 26)
Removed Edge: (3, 17)
Removed Edge: (3, 32)
Removed Edge: (4, 39)
Removed Edge: (5, 12)
Removed Edge: (5, 19)
Removed Edge: (6, 7)
Removed Edge: (6, 37)
Removed Edge: (7, 12)
Removed Edge: (7, 15)
Removed Edge: (7, 18)
Removed Edge: (7, 21)
Removed Edge: (7, 38)
Removed Edge: (8, 9)
Removed Edge: (8, 21)
Removed Edge: (8, 36)
Removed Edge: (8, 39)
Removed Edge: (9, 11)
Removed Edge: (9, 19)
Removed Edge: (9, 28)
Removed Edge: (9, 29)
Removed Edge: (9, 34)
Removed Edge: (9, 36)
Removed Edge: (9, 37)
Added Edge: (10, 14)
Removed Edge: (10, 17)
Added Edge: (10, 27)
Added Edge: (10, 34)
Added Edge: (10, 39)
Removed Edge: (11, 19)
Removed Edge: (11, 35)
Removed Edge: (12, 21)
Removed Edge: (12, 26)
Removed Edge: (12, 28)
Removed Edge: (12, 36)
Added Edge: (13, 16)
Added Edge: (13, 18)
Added Edge: (13, 22)
Added Edge: (13, 32)
Added Edge: (13, 33)
Added Edge: (13, 34)
Added Edge: (14, 16)
Added Edge: (14, 18)
Added Edge: (14, 24)
Added Edge: (14, 32)
Added Edge: (14, 33)
Removed Edge: (15, 21)
Removed Edge: (15, 36)
Added Edge: (16, 24)
Added Edge: (16, 25)
Added Edge: (16, 27)
Added Edge: (16, 32)
Removed Edge: (17, 23)
Added Edge: (18, 25)
Added Edge: (18, 27)
Added Edge: (18, 32)
Added Edge: (18, 34)
Removed Edge: (19, 30)
Removed Edge: (19, 36)
Removed Edge: (21, 26)
Removed Edge: (21, 35)
Removed Edge: (22, 23)
Added Edge: (22, 25)
Added Edge: (22, 32)
Removed Edge: (22, 36)
Removed Edge: (23, 30)
Removed Edge: (24, 28)
Removed Edge: (24, 29)
Removed Edge: (24, 38)
Added Edge: (25, 27)
Added Edge: (25, 34)
Added Edge: (27, 32)
Removed Edge: (29, 39)
Added Edge: (32, 37)
Added Edge: (33, 34)
Removed Edge: (36, 38)
========================
