========================
TIME_LIMIT_SECONDS: 900
ODD_HOLE_TERMINATION_PERCENTAGE: 999
N_THREADS: 24
IS_RUNNING_HEURISTIC_ON_CANDIDATE: 0
IS_RUNNING_HEURISTIC_ON_RELAXATION: 0
ADD_ALL_AT_START: 0
========================
Wall-Clock Runtime (ms): 6232
Calculated Odd Hole Termination Batch Size: 0
Total Time of All Workers in OddHoleAlg (nano): 80409044
Total Time of All Workers in OddHoleAlg (ms): 80
OddHoleAlg calls: 130
Number of Found Odd-Holes: 3534
Number of Found Odd Anti-Holes: 7712
Is Optimal? (1e-6): 1
Optimality Gap: 0
Objective Value: 22
Number of Feasible Solutions Found: 8
Number of Times Heuristic is Called: 0
Total number of added OH and OHbar Cuts: 11246
Number of Explored B&C tree nodes: 24896
Number of Unexplored B&C tree nodes: 0
========================
Input Graph:
Number of Vertices: 30
Erdos Renyi p Parameter: 0.75
Number of Edges: 330
Expected No of Odd Holes: 396
Expected No of Odd Anti Holes: 1341
ODD_HOLE_TERMINATION_BATCH_SIZE: 0
Graph Density: 0.758621
0,1,1,0,1,1,1,1,1,0,0,1,1,1,1,1,1,1,1,1,1,1,0,0,1,0,1,1,1,1,
1,0,1,1,1,1,0,1,1,1,0,1,1,1,1,1,1,0,1,1,1,0,1,1,1,1,0,1,0,1,
1,1,0,1,1,1,1,1,1,0,0,1,1,1,1,1,1,1,0,0,1,0,1,0,1,1,1,1,1,1,
0,1,1,0,1,1,1,1,1,1,1,0,1,1,1,1,1,1,0,1,1,0,1,0,1,1,1,1,0,1,
1,1,1,1,0,1,1,1,1,1,1,1,1,0,1,1,1,1,1,1,1,1,1,1,1,1,1,0,1,1,
1,1,1,1,1,0,1,1,0,0,1,1,1,1,1,1,1,0,1,0,0,0,1,0,0,1,1,1,1,0,
1,0,1,1,1,1,0,1,1,1,0,1,1,0,1,1,1,1,1,1,0,0,1,1,1,1,1,0,1,1,
1,1,1,1,1,1,1,0,1,1,1,0,0,0,0,1,1,1,0,1,0,0,1,0,1,1,1,0,1,1,
1,1,1,1,1,0,1,1,0,0,0,1,1,1,1,1,1,0,1,0,0,1,1,1,1,1,1,1,1,1,
0,1,0,1,1,0,1,1,0,0,0,1,0,1,0,0,1,1,1,1,0,1,1,0,0,0,1,1,1,1,
0,0,0,1,1,1,0,1,0,0,0,0,1,0,0,1,1,1,0,0,1,1,1,0,1,1,1,0,0,1,
1,1,1,0,1,1,1,0,1,1,0,0,1,0,0,1,0,1,0,1,1,1,1,1,1,1,1,0,1,1,
1,1,1,1,1,1,1,0,1,0,1,1,0,1,1,1,1,1,1,1,1,0,1,1,1,0,1,1,1,1,
1,1,1,1,0,1,0,0,1,1,0,0,1,0,0,1,1,1,0,1,0,0,0,1,1,1,1,1,1,0,
1,1,1,1,1,1,1,0,1,0,0,0,1,0,0,0,1,1,1,1,1,1,1,0,0,0,0,1,1,1,
1,1,1,1,1,1,1,1,1,0,1,1,1,1,0,0,1,1,1,1,1,1,0,0,1,1,1,1,1,1,
1,1,1,1,1,1,1,1,1,1,1,0,1,1,1,1,0,1,1,1,1,1,1,0,0,1,1,1,1,0,
1,0,1,1,1,0,1,1,0,1,1,1,1,1,1,1,1,0,0,1,0,1,1,1,1,1,1,0,1,0,
1,1,0,0,1,1,1,0,1,1,0,0,1,0,1,1,1,0,0,1,1,1,1,1,1,1,1,1,0,1,
1,1,0,1,1,0,1,1,0,1,0,1,1,1,1,1,1,1,1,0,1,1,1,1,1,1,1,1,1,1,
1,1,1,1,1,0,0,0,0,0,1,1,1,0,1,1,1,0,1,1,0,1,1,1,1,0,0,1,1,1,
1,0,0,0,1,0,0,0,1,1,1,1,0,0,1,1,1,1,1,1,1,0,1,1,1,0,1,1,1,1,
0,1,1,1,1,1,1,1,1,1,1,1,1,0,1,0,1,1,1,1,1,1,0,1,1,0,0,1,0,1,
0,1,0,0,1,0,1,0,1,0,0,1,1,1,0,0,0,1,1,1,1,1,1,0,1,1,1,1,1,1,
1,1,1,1,1,0,1,1,1,0,1,1,1,1,0,1,0,1,1,1,1,1,1,1,0,1,1,1,1,1,
0,1,1,1,1,1,1,1,1,0,1,1,0,1,0,1,1,1,1,1,0,0,0,1,1,0,1,1,0,1,
1,0,1,1,1,1,1,1,1,1,1,1,1,1,0,1,1,1,1,1,0,1,0,1,1,1,0,1,1,1,
1,1,1,1,0,1,0,0,1,1,0,0,1,1,1,1,1,0,1,1,1,1,1,1,1,1,1,0,1,0,
1,0,1,0,1,1,1,1,1,1,0,1,1,1,1,1,1,1,0,1,1,1,0,1,1,0,1,1,0,1,
1,1,1,1,1,0,1,1,1,1,1,1,1,0,1,1,0,0,1,1,1,1,1,1,1,1,1,0,1,0,
========================
Output Graph: 
Number of Vertices: 30
Number of Edges: 346
Graph Density: 0.795402
0,1,1,0,1,1,1,1,1,0,0,1,1,1,1,1,1,1,1,1,1,1,0,0,1,0,1,1,1,1,
1,0,1,1,1,1,0,1,1,1,0,1,1,1,1,1,1,1,1,1,1,0,1,1,1,1,1,1,1,1,
1,1,0,1,1,1,1,1,1,1,0,1,1,1,1,1,1,1,0,1,1,0,1,0,1,1,1,1,1,1,
0,1,1,0,1,1,1,1,1,1,1,1,1,1,1,1,1,1,0,1,1,0,1,0,1,1,1,1,0,1,
1,1,1,1,0,1,1,1,1,1,1,1,1,0,1,1,1,1,1,1,1,1,1,1,1,1,1,0,1,1,
1,1,1,1,1,0,1,1,0,0,1,1,1,1,1,1,1,0,1,0,0,1,1,0,0,1,1,1,1,0,
1,0,1,1,1,1,0,1,1,1,0,1,1,0,1,1,1,1,1,1,0,0,1,1,1,1,1,0,1,1,
1,1,1,1,1,1,1,0,1,1,1,0,0,0,0,1,1,1,0,1,0,0,1,0,1,1,1,0,1,1,
1,1,1,1,1,0,1,1,0,0,0,1,1,1,1,1,1,0,1,0,0,1,1,1,1,1,1,1,1,1,
0,1,1,1,1,0,1,1,0,0,0,1,1,1,0,0,1,1,1,1,0,1,1,0,0,0,1,1,1,1,
0,0,0,1,1,1,0,1,0,0,0,0,1,0,0,1,1,1,0,0,0,0,1,0,1,1,1,0,0,1,
1,1,1,1,1,1,1,0,1,1,0,0,1,0,0,1,1,1,0,1,1,1,1,1,1,1,1,0,1,1,
1,1,1,1,1,1,1,0,1,1,1,1,0,1,1,1,1,1,1,1,1,0,1,1,1,0,1,1,1,1,
1,1,1,1,0,1,0,0,1,1,0,0,1,0,0,1,1,1,0,1,0,0,1,1,1,1,1,1,1,1,
1,1,1,1,1,1,1,0,1,0,0,0,1,0,0,0,1,1,1,1,1,1,1,1,1,0,0,1,1,1,
1,1,1,1,1,1,1,1,1,0,1,1,1,1,0,0,1,1,1,1,1,1,1,0,1,1,1,1,1,1,
1,1,1,1,1,1,1,1,1,1,1,1,1,1,1,1,0,1,1,1,1,1,1,0,0,1,1,1,1,0,
1,1,1,1,1,0,1,1,0,1,1,1,1,1,1,1,1,0,1,1,0,1,1,1,1,1,1,1,1,0,
1,1,0,0,1,1,1,0,1,1,0,0,1,0,1,1,1,1,0,1,1,1,1,1,1,1,1,1,1,1,
1,1,1,1,1,0,1,1,0,1,0,1,1,1,1,1,1,1,1,0,1,1,1,1,1,1,1,1,1,1,
1,1,1,1,1,0,0,0,0,0,0,1,1,0,1,1,1,0,1,1,0,1,1,1,1,0,0,1,1,1,
1,0,0,0,1,1,0,0,1,1,0,1,0,0,1,1,1,1,1,1,1,0,1,1,1,0,1,1,1,1,
0,1,1,1,1,1,1,1,1,1,1,1,1,1,1,1,1,1,1,1,1,1,0,1,1,0,1,1,0,1,
0,1,0,0,1,0,1,0,1,0,0,1,1,1,1,0,0,1,1,1,1,1,1,0,1,0,1,1,1,1,
1,1,1,1,1,0,1,1,1,0,1,1,1,1,1,1,0,1,1,1,1,1,1,1,0,1,1,1,1,1,
0,1,1,1,1,1,1,1,1,0,1,1,0,1,0,1,1,1,1,1,0,0,0,0,1,0,1,1,0,1,
1,1,1,1,1,1,1,1,1,1,1,1,1,1,0,1,1,1,1,1,0,1,1,1,1,1,0,1,1,1,
1,1,1,1,0,1,0,0,1,1,0,0,1,1,1,1,1,1,1,1,1,1,1,1,1,1,1,0,1,1,
1,1,1,0,1,1,1,1,1,1,0,1,1,1,1,1,1,1,1,1,1,1,0,1,1,0,1,1,0,1,
1,1,1,1,1,0,1,1,1,1,1,1,1,1,1,1,0,0,1,1,1,1,1,1,1,1,1,1,1,0,
Is Output Graph Empty or Complete?: 0
Ratio of Added Edges Over Added + Removed Edges: 0.863636
Changes from Input to Output: 
Added Edge: (1, 17)
Added Edge: (1, 26)
Added Edge: (1, 28)
Added Edge: (2, 9)
Added Edge: (2, 19)
Added Edge: (3, 11)
Added Edge: (5, 21)
Added Edge: (9, 12)
Removed Edge: (10, 20)
Removed Edge: (10, 21)
Added Edge: (11, 16)
Added Edge: (13, 22)
Added Edge: (13, 29)
Added Edge: (14, 23)
Added Edge: (14, 24)
Added Edge: (15, 22)
Added Edge: (17, 18)
Added Edge: (17, 27)
Added Edge: (18, 28)
Added Edge: (22, 26)
Removed Edge: (23, 25)
Added Edge: (27, 29)
========================
