00001110000000000000011111111111111111111111111111
00001110000000000000000000001111111111111111111111
00000000011110000000011111111111111111111111111111
00000000000000000111100000001111111111111111111111
11000010000000000111111111111111111111111111111111
11000000000000000111111111111111111111111111111111
11001000000000000111111111111111111111111111111111
00000000000110000000000000001111111111111111111111
00000000000110000000000000001111111111111111111111
00100000000010000000000000001111111111111111111111
00100000000000000000011111111111111111111111111111
00100001100010000000011111111111111111111111111111
00100001110100000000000000001111111111111111111111
00000000000000001011000000001111111111111111111111
00000000000000000111100000001111111111111111111111
00000000000000000100100000001111111111111111111111
00000000000001000011000000001111111111111111111111
00011110000000110011111111111111111111111111111111
00011110000001101100111111111111111111111111111111
00011110000001101100111111111111111111111111111111
00011110000000110111011111111111111111111111111111
10101110001100000111100001011111111111111111111111
10101110001100000111100001111111111111111111111111
10101110001100000111100000111111111111111111111111
10101110001100000111100000001111111111111111111111
10101110001100000111111000111111111111111111111111
10101110001100000111101101001111111111111111111111
10101110001100000111111101001111111111111111111111
11111111111111111111111111110111000011111111011110
11111111111111111111111111111011100000001000111111
11111111111111111111111111111101110000001000111111
11111111111111111111111111111110111100001000111111
11111111111111111111111111110111010111111111111111
11111111111111111111111111110011101111111111111111
11111111111111111111111111110001010011111111010110
11111111111111111111111111110001110000001000111111
11111111111111111111111111111000111001110000111111
11111111111111111111111111111000111010110100111111
11111111111111111111111111111000111011011000111111
11111111111111111111111111111000111011101010111111
11111111111111111111111111111111111100110101111111
11111111111111111111111111111000111001001000111111
11111111111111111111111111111000111000010001111111
11111111111111111111111111111000111000001010111111
11111111111111111111111111110111110111111111011100
11111111111111111111111111111111111111111111101101
11111111111111111111111111111111110111111111110110
11111111111111111111111111111111111111111111111010
11111111111111111111111111111111111111111111001101
11111111111111111111111111110111110111111111010010
