00011111111111111111100000001110000111111111111111
00001111111111111111111111111111111111111111111111
00001111111111111111111111111111111000000001111111
10000011111111111111100000001110000000000001111111
11100100000000000010100000001110000111111111111111
11101000000000000010111111111111111111111111111111
11110000111111000010100000001110000111111111111111
11110000111110000010100000001110000111111111111111
11110011000111111111100000001110000111111111111111
11110011000101111111100000001110000111111111111111
11110011000011111111100000001110000111111111111111
11110011110011111111100000001110000111111111111111
11110011101101111111100000001110000111111111111111
11110010111110111111100000001110000111111111111111
11110000111111011111000000001110000111111111111111
11110000111111101110000000001110000111111111111111
11110000111111110110100000001110000111111111111111
11110000111111111011100000001110000111111111111111
11111111111111111101111111111111111111111111111111
11110000111111100110000000001110000111111111111111
11111111111111001110011111111111111111111111111111
01100100000000000010101010011110000111111111111111
01100100000000000010110101001111111111111111111111
01100100000000000010101010101110000111111111111111
01100100000000000010110101101110000111111111111111
01100100000000000010101010111111111111111111111111
01100100000000000010100111001110000111111111111111
01100100000000000010110001001110000111111111111111
11111111111111111111111111110100010111111111111111
11111111111111111111111111111011000111111111111111
11111111111111111111111111110101000111111111111111
01100100000000000010101001000110000111111111111111
01100100000000000010101001000000010111111111111111
01100100000000000010101001001000101111111111111111
01100100000000000010101001000000010111111111111111
11001111111111111111111111111111111011000001111111
11001111111111111111111111111111111101100001111111
11001111111111111111111111111111111110111001111111
11001111111111111111111111111111111011010101111111
11001111111111111111111111111111111001101101111111
11001111111111111111111111111111111001010001111111
11001111111111111111111111111111111000110001111111
11001111111111111111111111111111111000000001111111
11111111111111111111111111111111111111111110011101
11111111111111111111111111111111111111111110001111
11111111111111111111111111111111111111111111001010
11111111111111111111111111111111111111111111110001
11111111111111111111111111111111111111111111100011
11111111111111111111111111111111111111111110110101
11111111111111111111111111111111111111111111101110
