01010100000000011111111100000000000000000111111111
10101000000000011111111100000000000000000111111111
01010100000000011111111110011100000000000111111111
10101001111100011111111100000000000000000111111111
01010111000000011111111100000000000000000111111111
10101010111100011111111100000000000000000111111111
00001100000000011111111100000000000000000111111111
00011000000000011111111100000000000000000111111111
00010100000101111111111100000000000000000111111111
00010100000010111111111100000000000000000111111111
00010100000001111111111100000000000000000111111111
00010100100001111111111100000000000000000111111111
00000000010000011111111100000000000000000111111111
00000000101100111111111100000000000000000111111111
00000000111101011111111100000000000000000111111111
11111111111111100001111100000000000000000111111111
11111111111111100001011100000000000000000111111111
11111111111111100000101100000000000000000111111111
11111111111111100000011000000000000000000111111111
11111111111111111000111100001101010000000111111111
11111111111111110101000100000000000000000111111111
11111111111111111011001100000000000000000111111111
11111111111111111111010100000000000000000111111111
11111111111111111101111000010000000000000111111111
00100000000000000000000000110100000000000111111111
00000000000000000000000000011100000000000111111111
00000000000000000000000010001100000000000111111111
00100000000000000000000111001100000000000111111111
00100000000000000001000001110000000000000111111111
00100000000000000001000011110000000000000111111111
00000000000000000000000000000000111110101111111111
00000000000000000001000000000000010000000111111111
00000000000000000000000000000010010000000111111111
00000000000000000001000000000011101110101111111111
00000000000000000000000000000010010001111111111111
00000000000000000000000000000010010000011111111111
00000000000000000000000000000010010000111111111111
00000000000000000000000000000000001000001111111111
00000000000000000000000000000010011010011111111111
00000000000000000000000000000000001110101111111111
00000000000000000000000000000010011111110111111111
11111111111111111111111111111111111111111000001001
11111111111111111111111111111111111111111000000101
11111111111111111111111111111111111111111000000010
11111111111111111111111111111111111111111000000010
11111111111111111111111111111111111111111000000001
11111111111111111111111111111111111111111100000000
11111111111111111111111111111111111111111010000000
11111111111111111111111111111111111111111001100000
11111111111111111111111111111111111111111110010000
