01000011111111111111111111111111111111111111111111
10100011111111111111111111111111111111111111111111
01011011111111111111111111111111111111111111111111
00100011111111111111111111111111111111111111111111
00100000000000111111111111111111000000000000000000
00000000000000111111111111111111111111111000000000
11110001010000000000000111111111111111111111111111
11110010111110000000000111111111111111111111111111
11110001010100000000000111111111111111111111111111
11110011101000000000000111111111111111111000000000
11110001010101000000000111111111111111111000000000
11110001101010000000000111111111111111111000000000
11110001000101000000000111111111111111111111111111
11110000001010000000000111111111111111111000000000
11111100000000011010000111111111111111111000000000
11111100000000101101000111111111111111111000000000
11111100000000110111000111111111111111111000000000
11111100000000011010001111111111111111111000000000
11111100000000101101110111111111111111111000000000
11111100000000011010110111111111111111111000000000
11111100000000000011000111111111111111111000000000
11111100000000000011000111111111111111111000000000
11111100000000000100000111111111111111111000000000
11111111111111111111111011010010111111111111111111
11111111111111111111111101101001111111111111111111
11111111111111111111111110111101111111111111111111
11111111111111111111111011010011111111111111111111
11111111111111111111111101101100111111111111111111
11111111111111111111111011010111111111111111111111
11111111111111111111111001011010111111111111111111
11111111111111111111111100101100111111111111111111
11111111111111111111111011101000111111111111111111
11110111111111111111111111111111011101011111111111
11110111111111111111111111111111101110100111111111
11110111111111111111111111111111110111011111111111
11110111111111111111111111111111111011011111111111
11110111111111111111111111111111011101100111111111
11110111111111111111111111111111101110101111111111
11110111111111111111111111111111010011010111111111
11110111111111111111111111111111101100100111111111
11110111111111111111111111111111101101000111111111
11110011100010000000000111111111111111111011101101
11110011100010000000000111111111111111111101110000
11110011100010000000000111111111111111111110110000
11110011100010000000000111111111111111111111011110
11110011100010000000000111111111111111111011101101
11110011100010000000000111111111111111111100110110
11110011100010000000000111111111111111111100111010
11110011100010000000000111111111111111111000101101
11110011100010000000000111111111111111111100010010
