00011100100110000000011111111111111111111111111111
00011110000000000000011011000111111111111111111111
00000110000000000000011011000111111111111111111111
11000010000000000000011111111111111111111111111111
11000000000000000000011111111111111111111111111111
11100010000000000000011011000111111111111111111111
01110100000000000000011111111111111111111111111111
00000000001111000000011011000111111111111111111111
10000000000011000000011011000111111111111111111111
00000000000101000000011011000111111111111111111111
00000001000000000000011011000111111111111111111111
10000001010011000000011011000111111111111111111111
10000001100101000000011011000111111111111111111111
00000001110110000000011111111111111111111111111111
00000000000000011010011011000111111111110111111111
00000000000000101100011011000111111111111111111111
00000000000000110100011011000111111111111111111111
00000000000000011011111011000111111111010111111111
00000000000000100100111011000111111111111111111111
00000000000000000100111011000111111111111111111111
00000000000000000111011011000111111111111111111111
11111111111111111111101000000111111111111111111111
11111111111111111111110100000111111111111111111111
10011010000001000000001010000111111111111111111111
11111111111111111111100101000111111111111111111111
11111111111111111111100010111111111111111111111111
10011010000001000000000001010111111111111111111111
10011010000001000000000001100111111111111111111111
10011010000001000000000001000111111111111111111111
11111111111111111111111111111011010101111111111111
11111111111111111111111111111101100101111111111111
11111111111111111111111111111110101001111111111111
11111111111111111111111111111011010001111111111111
11111111111111111111111111111100101011111111111111
11111111111111111111111111111001010001111111111111
11111111111111111111111111111110000001111111111111
11111111111111111111111111111000010001111111111111
11111111111111111111111111111111111110101011111111
11111111111111111011111111111111111111010011111111
11111111111111111111111111111111111110101111111111
11111111111111011011111111111111111111010011111111
11111111111111111111111111111111111110010011111111
11111111111111111111111111111111111111111101111010
11111111111111111111111111111111111111111110111101
11111111111111111111111111111111111111111111010000
11111111111111111111111111111111111111111111100000
11111111111111111111111111111111111111111111000110
11111111111111111111111111111111111111111101001000
11111111111111111111111111111111111111111110001001
11111111111111111111111111111111111111111101000010
