01100001111111111111101111110111111111111111111111
10100001111111100000011111111000000000000000000000
11010001111111100000011111111000000000000000000000
00100001111111111111101111110111111111111111111111
00000101111111100000011111111000000000000000000000
00001011111111100000011111111000000000000000000000
00000101111111111111101111110111111111111111111111
11111110110100011111111111111111111111111111111111
11111111011001011111111111111111111111111111111111
11111111101010011111111111111111111111111111111111
11111110110000011111111111111111111111111111111111
11111111000000011111111111111111111111111111111111
11111110010000011111111111111111111111111111111111
11111110100000011111111111111111111111111111111111
11111110000000011111111111111111111111111111111111
10010011111111100011111111111000000111111110000000
10010011111111100011111111111000000000000000000000
10010011111111100000011111111000000000000000000000
10010011111111111000111111111111111000000001111111
10010011111111111000111111111111111111111111111111
10010011111111111011011111111111111000000001111111
01101101111111111111101111110111111111111111111111
11111111111111111111110111000111111111111111111111
11111111111111111111111011011111111111111111111111
11111111111111111111111101100111111111111111111111
11111111111111111111111110111111111111111111111111
11111111111111111111110011000111111111111111111111
11111111111111111111110101001111111111111111111111
01101101111111111111100101010111111111111111111111
10010011111111100011111111111011100111111110000000
10010011111111100011111111111101100111111110000000
10010011111111100011111111111110000111111111111111
10010011111111100011111111111110010111111110000000
10010011111111100011111111111000100111111110000000
10010011111111100011111111111000000111111110000000
10010011111111110001011111111111111010000001111111
10010011111111110001011111111111111100001101111111
10010011111111110001011111111111111000100001111111
10010011111111110001011111111111111001010011111111
10010011111111110001011111111111111000100001111111
10010011111111110001011111111111111010000001111111
10010011111111110001011111111111111010000001111111
10010011111111110001011111111111111000100001111111
10010011111111100011111111111001000111111110110110
10010011111111100011111111111001000111111111011000
10010011111111100011111111111001000111111111101101
10010011111111100011111111111001000111111110110110
10010011111111100011111111111001000111111111011010
10010011111111100011111111111001000111111111001100
10010011111111100011111111111001000111111110010000
