01100100111111111000000001111111110000000111111111
10110000111111111000000001111111110000000111111111
11011011011111111000000001111111110000000111111111
01101100011111111000000001111111110000000111111111
00110110011111111000000001111111110000000111111111
10011000011111111000000001111111110000000111111111
00101001011111111000000001111111110000000111111111
00100010011111111000000001111111110000000111111111
11000000011111111000000001111111110000000111111111
11111111100001111000000001111111110000000000000000
11111111100000101000000001111111110000000000000000
11111111100000011000000001111111110000000000000000
11111111100000010000000001111111110000000000000000
11111111110000000000000001111111110000000111111111
11111111111000000000000001111111110000000000000000
11111111110110001000000001111111110000000111111111
11111111111100010000000001111111110000000111111111
00000000000000000000011011111111110000000000000000
00000000000000000000001011111111110000000000000000
00000000000000000000000111111111110000000000000000
00000000000000000000000101111111110000000000000000
00000000000000000100000101111111111110010000000000
00000000000000000110000001111111110000000000000000
00000000000000000001110011111111111110010000000000
00000000000000000111000101111111111110010000000000
11111111111111111111111110000111101110010111111111
11111111111111111111111110000101011110010111111111
11111111111111111111111110000010111110010111111111
11111111111111111111111110000000001110010111111111
11111111111111111111111111100011111110010111111111
11111111111111111111111111010101111110010111111111
11111111111111111111111111100110111110010111111111
11111111111111111111111111010111011110010111111111
11111111111111111111111110110111101110010111111111
00000000000000000000010111111111110010001000000000
00000000000000000000010111111111110000111000000000
00000000000000000000010111111111111000001000000000
00000000000000000000000000000000000000011000000000
00000000000000000000000000000000000100011000000000
00000000000000000000010111111111110101101000000000
00000000000000000000000000000000001111110000000000
11111111100001011000000001111111110000000000001110
11111111100001011000000001111111110000000000001001
11111111100001011000000001111111110000000000000101
11111111100001011000000001111111110000000000000010
11111111100001011000000001111111110000000000000000
11111111100001011000000001111111110000000110000011
11111111100001011000000001111111110000000101000011
11111111100001011000000001111111110000000100101100
11111111100001011000000001111111110000000011001100
