01101000000000000001111111111111111111111111111111
10110001111110000001111111111111111111111111111111
11010111111110000001111111111111111111111111111111
01101100000000000001111111111111111111111111111111
10010111111110000001111111111111111111111111111111
00111001111110000001111111110000000111111111111010
00101000000000000001111111111111111111111111111111
01101100001110000001111111110000000111111111111010
01101100010110000001111111110000000111111111111010
01101100100010000001111111110000000111111111111010
01101101000010000001111111110000000111111111111010
01101101100010000001111111110000000111111111111010
01101101111100000001111111110000000111111111111010
00000000000000001111111111110000000111111111111010
00000000000000000101111111110000000111111111111010
00000000000000000111111111110000000111111111111010
00000000000001000111111111110000000111111111111010
00000000000001111011111111110000000111111111111010
00000000000001011101111111110000000111111111111010
11111111111111111110001011111111111111111111111111
11111111111111111110000101111111111111111111111111
11111111111111111110000011111111111111111111111111
11111111111111111111000010011111111111111111111111
11111111111111111110100000101111111010001011111111
11111111111111111111011000111111111111111111111111
11111111111111111111110000111111111111111111111111
11111111111111111111110111001111111111111111111111
11111111111111111111111011001111111110100011111111
11111010000000000001111111110000111111111111111111
11111010000000000001111111110000111111111111111010
11111010000000000001111111110000010111111111111010
11111010000000000001111111110000001111111111111010
11111010000000000001111111111100011111111111111010
11111010000000000001111111111110100111111111111010
11111010000000000001111111111101100111111111111111
11111111111111111111111011111111111011010011111111
11111111111111111111111111111111111101101011111111
11111111111111111111111011101111111110101111111111
11111111111111111111111011111111111011010111111111
11111111111111111111111011101111111100101011111111
11111111111111111111111111101111111011010011111111
11111111111111111111111011101111111001100011111111
11111111111111111111111111111111111111111101100000
11111111111111111111111111111111111111111110101100
11111111111111111111111111111111111111111111010000
11111111111111111111111111111111111111111100101010
11111111111111111111111111111111111111111101010101
11111010000000000001111111111000001111111101001000
11111111111111111111111111111111111111111100010000
11111010000000000001111111111000001111111100001000
