00010011000000000000000011111111111111111100000000
00001011000000000000000011111111111111111100000000
00000111000000000000000011111111111111111100000000
10000011000000000000000011111111111111111100000000
01000011000000000000000011111111111111111100000000
00100011000000000000000011111111111111111100000000
11111101000000000000000011111111111111111100000000
11111110111111111010001011111111111111111100000000
00000001000101111000000011111111111111111100000000
00000001000010011000000011111111111111111100000000
00000001000000101000000011111111111111111100000000
00000001100001111000000011111111111111111100000000
00000001010000011000000011111111111111111100000000
00000001100100011000000011111111111111111100000000
00000001101100011000000011111111111111111100000000
00000001110111100000000011111111111111111100000000
00000001111111100000000011111111111111111100000000
00000000000000000000111111111111111111111100000000
00000001000000000000000111111111111111111100000000
00000000000000000000001111111111111111111100000000
00000000000000000100011111111111111111111100000000
00000000000000000100100011111111111111111100000000
00000001000000000101100111111111111111111100000000
00000000000000000111101011111111111111111100000000
11111111111111111111111100000110111111111100000000
11111111111111111111111100000101111111111100000000
11111111111111111111111100000101111111111100000000
11111111111111111111111100000011111111111100000000
11111111111111111111111100000010011111111100000000
11111111111111111111111111100000011111111100000000
11111111111111111111111110011000011111111100000000
11111111111111111111111101110000011111111100000000
11111111111111111111111111110000011111111100000000
11111111111111111111111111111111100001111100000000
11111111111111111111111111111111100000111100000000
11111111111111111111111111111111100000000100000000
11111111111111111111111111111111100000000000000000
11111111111111111111111111111111110000011100000000
11111111111111111111111111111111111000001100000000
11111111111111111111111111111111111001001100000000
11111111111111111111111111111111111001110100000000
11111111111111111111111111111111111101111000000000
00000000000000000000000000000000000000000000000011
00000000000000000000000000000000000000000000000111
00000000000000000000000000000000000000000000000001
00000000000000000000000000000000000000000000000001
00000000000000000000000000000000000000000000000001
00000000000000000000000000000000000000000001000010
00000000000000000000000000000000000000000011000100
00000000000000000000000000000000000000000011111000
