00100100000000000000000000000111111111111100000000
00000111111110000000000000000111111111111100000000
10001100000001111111110000000111111111111100000000
00000111111111111111110000000111111111111100000000
00100011111111111111111110001111111111111100000000
11110011111111111111110000000111111111111100000000
01011100011111111111110000000111111111111100000000
01011100001011111111110000000111111111111100000000
01011100000101111111110000000111111111111100000000
01011110000111111111110000000111111111111100000000
01011111000001111111110000000111111111111100000000
01011110110011111111110000000111111111111100000000
01011111010101111111110000000111111111111100000000
00111111111110000111110001010111111111111100000000
00111111111110000101110000000111111111111100000000
00111111111110000011110000000111111111111100000000
00111111111110000010010000000111111111111100000000
00111111111111100000110000000111111111111100000000
00111111111111011001000000000111111111111100000000
00111111111111110010110000000111111111111100000000
00111111111111110101000000000111111111111100000000
00111111111111111101000000000111111111111100000000
00001000000000000000000000111111111111111100000000
00001000000000000000000000111111111111111100000000
00001000000000000000000000000111111111111100000000
00000000000001000000000000011111111111111100000000
00000000000000000000001100001111111111111100000000
00000000000001000000001101000111111111111100000000
00001000000000000000001101100111111111111100000000
11111111111111111111111111111000111111111100000000
11111111111111111111111111111000010111111100000000
11111111111111111111111111111000001011111100000000
11111111111111111111111111111100011111111100000000
11111111111111111111111111111110101111111100000000
11111111111111111111111111111101110011111100000000
11111111111111111111111111111110110000000000000000
11111111111111111111111111111111111000010000000000
11111111111111111111111111111111111000001100000000
11111111111111111111111111111111111000000000000000
11111111111111111111111111111111111010000000000000
11111111111111111111111111111111111001000100000000
11111111111111111111111111111111111001001000000000
00000000000000000000000000000000000000000000011110
00000000000000000000000000000000000000000000000100
00000000000000000000000000000000000000000000000001
00000000000000000000000000000000000000000010000111
00000000000000000000000000000000000000000010000011
00000000000000000000000000000000000000000011010001
00000000000000000000000000000000000000000010011001
00000000000000000000000000000000000000000000111110
