00101111111111111111000000000010111000111000000000
00001111111111111111000000000010111000111000000000
10001000000000000000000000000000000000000000000000
00000111111111111111010001000010111000111000000000
11100011111111111111000000000010111000111000000000
11010011111111111111010001000010111000111000000000
11011101111111111111010001000010111000111000000000
11011110001011111111010001000010111000111000000000
11011110000101100000010001000000000000000000000000
11011110000001100000010001000000000000000000000000
11011111000011111111010001000010111000111000000000
11011110100001100000010001000000000000000000000000
11011111001000111111010001000010111000111000000000
11011111111100000000010001000000000000000000000000
11011111111110011111010001000010111000111000000000
11011111001010100111010001000010110000000000000000
11011111001010100010010001000000000000000000000000
11011111001010110011010001000000000000000000000000
11011111001010111101010001000000001000111000000000
11011111001010110110010001000010111000111000000000
00000000000000000000000111100000000000000000000000
00010111111111111111000001110010111000111000000000
00000000000000000000000010110000000000000000000000
00000000000000000000100000000000000000000000000000
00000000000000000000101000110000000000000000000000
00010111111111111111110000010010111000111000000000
00000000000000000000111010010000000000000000000000
00000000000000000000011011100000000000000000000000
00000000000000000000000000000001110000000000000000
00000000000000000000000000000000000000000000000000
11011111001010110001010001000000110000000000000000
00000000000000000000000000001000010000000000000000
11011111001010110001010001001010010000000000000000
11011111001010110001010001001011100000000000000000
11011111001010100011010001000000000001110000000000
00000000000000000000000000000000000000100000000000
00000000000000000000000000000000000000000000000000
00000000000000000000000000000000001000011000000000
11011111001010100011010001000000001100001000000000
11011111001010100011010001000000001001001000000000
11011111001010100011010001000000000001110000000000
00000000000000000000000000000000000000000000011111
00000000000000000000000000000000000000000000000011
00000000000000000000000000000000000000000000000011
00000000000000000000000000000000000000000000000010
00000000000000000000000000000000000000000100001111
00000000000000000000000000000000000000000100010101
00000000000000000000000000000000000000000100011001
00000000000000000000000000000000000000000111110000
00000000000000000000000000000000000000000111011100
