01000011111100000000111111000000000000000000000000
10110011111100000000111111000000000000000000000000
01000011111100000000111111000000000000000000000000
01000001111100000000111111000000000000000000000000
00000011111100000000111111000000000000000000000000
00000011111100000000111111000000000000000000000000
11101101101000000000111111000000000000000000000000
11111110100000000000111111000000000000000000000000
11111111010000000000111111000000000000000000000000
11111100101000000000111111000000000000000000000000
11111110010100000000111111000000000000000000000000
11111100001000000000111111000000000000000000000000
00000000000001110110111111000000000000000000000000
00000000000010111000111111000000000000000000000000
00000000000011011000111111111111110000000000000000
00000000000011101100111111111111110000000000000000
00000000000001110110111111000000000000000000000000
00000000000010011010111111000000000000000000000000
00000000000010001100111111000000000000000000000000
00000000000000000000111111000000000000000000000000
11111111111111111111011100111111110000000000000000
11111111111111111111101110111111110000000000000000
11111111111111111111110110111111110000000000000000
11111111111111111111111011111111110000000000000000
11111111111111111111011100111111110000000000000000
11111111111111111111000100111111110000000000000000
00000000000000110000111111011101000000000000000000
00000000000000110000111111101101100000000000000000
00000000000000110000111111110110000000000000000000
00000000000000110000111111111010010000000000000000
00000000000000110000111111001100010000000000000000
00000000000000110000111111110000100000000000000000
00000000000000110000111111010001000000000000000000
00000000000000110000111111000110000000000000000000
00000000000000000000000000000000000111010000000000
00000000000000000000000000000000001011101000000000
00000000000000000000000000000000001101110000000000
00000000000000000000000000000000001110100100000000
00000000000000000000000000000000000111010000000000
00000000000000000000000000000000001010101000000000
00000000000000000000000000000000000100010000000000
00000000000000000000000000000000000001000000000000
00000000000000000000000000000000000000000001110000
00000000000000000000000000000000000000000010110100
00000000000000000000000000000000000000000011011001
00000000000000000000000000000000000000000011101110
00000000000000000000000000000000000000000000110000
00000000000000000000000000000000000000000001010010
00000000000000000000000000000000000000000000010100
00000000000000000000000000000000000000000000100000
