00011000000000000000000000000000000000000111111111
00000111111110000000111111111000000000000111111111
00000111111110000000111111111000000000000000000000
10000111111110010011111111111000000000000111111111
10000000000000010011000000000000000000000111111111
01110001011110010011111111111100100000000000000000
01110000111110010011000000000000000000000000000000
01110100001100010011111111111000000000000000000000
01110010010110010011000000000000000000000000000000
01110110100110010011000000000000000000000000000000
01110111000110010011111111111000000000000000000000
01110111111010010011000000000000000000000000000000
01110110111100010011111111111000000000000000000000
00000000000000001111000000000000000000000000000000
00000000000000001111000000000000000000000000000000
00011111111110000110111111111000000000000111111111
00000000000001100001000000000000000000000000000000
00000000000001110001000000000000000000000000000000
00011111111111110000111111111000000000000111111111
00011111111111101100111111111000000000000111111111
01110101001010010011000010011000000000000000000000
01110101001010010011000001100001000000000000000000
01110101001010010011000001100000000000000000000000
01110101001010010011000000111000000000000000000000
01110101001010010011100000010000000000000000000000
01110101001010010011011000001000000000000000000000
01110101001010010011011100001100100000000000000000
01110101001010010011100110001000000000000000000000
01110101001010010011100101110000000000000000000000
00000100000000000000000000100000100000000000000000
00000000000000000000000000000001000000000000000000
00000000000000000000010000000010111111111000000000
00000100000000000000000000100101011111111000000000
00000000000000000000000000000001100101111000000000
00000000000000000000000000000001100011111000000000
00000000000000000000000000000001110000101000000000
00000000000000000000000000000001101000011000000000
00000000000000000000000000000001111000111000000000
00000000000000000000000000000001111101011000000000
00000000000000000000000000000001111011100000000000
00000000000000000000000000000001111111100000000000
11011000000000010011000000000000000000000000100110
11011000000000010011000000000000000000000000010111
11011000000000010011000000000000000000000000001011
11011000000000010011000000000000000000000100000100
11011000000000010011000000000000000000000010000001
11011000000000010011000000000000000000000001000000
11011000000000010011000000000000000000000110100001
11011000000000010011000000000000000000000111000001
11011000000000010011000000000000000000000011010110
