00001111110100000000000000000111111000000000000000
00001011100000000000000000000111111000000000000000
00000101100000000000000000000111111000000000000000
00000011100000000000000000000111111000000000000000
11000101100000000000000000000111111000000000000000
10101001100001000000000000000111111000000000000000
11010000100000000000000000000111111000000000000000
11111100100000000000000000000111111000000000000000
11111111000000000000000000000111111000000000000000
10000000000111000000000000000111111000000000000000
00000000000011000000000000000111111000000000000000
10000000010001000000000000000111111000000000000000
00000000011000000000000000000111111100000110000000
00000100011100000000000000000111111100000110000000
00000000000000000011010000000001010000000000000000
00000000000000000001110000000111111000000000000000
00000000000000000000110000000111111000000000000000
00000000000000000000010000000111111000000000000000
00000000000000100000000000000111111000000000000000
00000000000000110000010000000111111000000000000000
00000000000000011000000000000111111000000000000000
00000000000000111101000000000111111000000000000000
00000000000000000000000110010111111000000000000000
00000000000000000000001010100111111000000000000000
00000000000000000000001101100011111000000000000111
00000000000000000000000010111111111000000000000000
00000000000000000000000111011111111000000000000111
00000000000000000000001001100111111000000000000111
00000000000000000000000001100111000000000000000111
11111111111111011111111101111011100100000110000111
11111111111111011111111111111101000100000110000111
11111111111111111111111111111110010100000110000111
11111111111111011111111111110100010100000110000111
11111111111111111111111111110001100100000110000111
11111111111111011111111111110000000100000110000111
00000000000011000000000000000111111000001010000000
00000000000000000000000000000000000000011000000000
00000000000000000000000000000000000000010110000000
00000000000000000000000000000000000000000100000000
00000000000000000000000000000000000011001010000000
00000000000000000000000000000000000110010010000000
00000000000011000000000000000111111001100010000000
00000000000011000000000000000111111101011100000000
00000000000000000000000000000000000000000000001101
00000000000000000000000000000000000000000000001001
00000000000000000000000000000000000000000000000011
00000000000000000000000000000000000000000001100001
00000000000000000000000010111111111000000001000011
00000000000000000000000010111111111000000000010100
00000000000000000000000010111111111000000001111100
