00000011111111100000001111111001000100000000000000
00000011111111100000001111111001000111110000000000
00000111111111100000001111111001000100000000000000
00000111111111100000000000000000000000000000000000
00000111111111100000000000000000000000000000000000
00111011111111100011101111111001000100000000000000
11111100000111100000001111111001000100000000000000
11111100000111100000001111111001000100000000000000
11111100000111000000001111111001000100000000000000
11111100000011100000001111111001000100000000000000
11111100000001100000001111111001000100000000000000
11111111100010110000011111111001000100000000000000
11111111110100100000001111111001000111000000000000
11111111111000100000001111111001000100000000000000
11111111011111000000001111111001000100001000000000
00000000000100000001110000000000000000000000000000
00000000000000000011110000000000000000000000000000
00000000000000000010010000000000000000000000000000
00000100000000001100110000000000000000000000000000
00000100000000011000110000000000000000000000000000
00000100000000011011010000000000000000000000000000
00000000000100011111100000000000000000000000000000
11100111111111100000000001111000000000000000000000
11100111111111100000000000101001000100000000000000
11100111111111100000000000011001000100000000000000
11100111111111100000001000001000000000000000000000
11100111111111100000001100000000000000000000000000
11100111111111100000001010001000000000000000000000
11100111111111100000001111010001000100000000000000
00000000000000000000000000000000101100000111111111
00000000000000000000000000000000011000000000000000
11100111111111100000000110001000001100000000000000
00000000000000000000000000000100000100000111111111
00000000000000000000000000000010001000000000000000
00000000000000000000000000000111010000000000000000
11100111111111100000000110001101100000000111111111
01000000000010000000000000000000000000111000000000
01000000000010000000000000000000000000011000000000
01000000000000000000000000000000000010011000000000
01000000000000000000000000000000000011100000000000
00000000000000100000000000000000000011100000000000
00000000000000000000000000000100100100000000010111
00000000000000000000000000000100100100000000001101
00000000000000000000000000000100100100000000001101
00000000000000000000000000000100100100000000000011
00000000000000000000000000000100100100000100000010
00000000000000000000000000000100100100000011000111
00000000000000000000000000000100100100000111001001
00000000000000000000000000000100100100000100111000
00000000000000000000000000000100100100000111101100
