00010111100000111111111111100000000000000000000000
00001001100000111111111111100000000000000000000000
00000010100000111111111111100000000000000000000000
10000111100000111111111111100000000000000000000000
01000001111111111111111111100000000000000000000000
10010000100000111111111111100000000000000000000000
10110000100000111111111111100000000000000000000000
11011000111110111111111111100000000000000000000000
11111111011010111111111111100000000000000000000000
00001001100011111111111111100000000000000000000000
00001001100001111111111111100000000000000000000000
00001001000000111111111111100000000000000000000000
00001001110001111111111111100000000000000000000000
00001000011010111111111111100000000000000000000000
11111111111111011100011111100000000000000000000000
11111111111111101010011111100000000000000000000000
11111111111111110100011111100000000000000000000000
11111111111111101010011111100000000000000000000000
11111111111111010100011111100000000000000000000000
11111111111111000000011110000000000000000000000000
11111111111111000000010111100000000000000000000000
11111111111111111111101101100000000000000000000000
11111111111111111111010110000000000000000000000000
11111111111111111111111010000000000000000000000000
11111111111111111111101101100000000000000000000000
11111111111111111110110010000000000000000000000000
11111111111111111110110010000000000000000000000000
00000000000000000000000000001000000000000000000000
00000000000000000000000000010101000000000000000000
00000000000000000000000000001011110000000000000000
00000000000000000000000000000100000000000000000000
00000000000000000000000000001100000000000000000000
00000000000000000000000000000100000000000000000000
00000000000000000000000000000100000000000000000000
00000000000000000000000000000000000110000000000000
00000000000000000000000000000000001011001000000000
00000000000000000000000000000000001101010000000000
00000000000000000000000000000000000110100000000000
00000000000000000000000000000000000001011000000000
00000000000000000000000000000000000010101100000000
00000000000000000000000000000000000100110100000000
00000000000000000000000000000000000000011000000000
00000000000000000000000000000000000000000001111000
00000000000000000000000000000000000000000010111000
00000000000000000000000000000000000000000011011101
00000000000000000000000000000000000000000011101110
00000000000000000000000000000000000000000011110110
00000000000000000000000000000000000000000000111001
00000000000000000000000000000000000000000000011001
00000000000000000000000000000000000000000000100110
