01100000000000000000111111110000000000000000000000
10100000000000000000111111110000000000000000000000
11000000000000000000111111110000000000000000000000
00001100000000000000111111110000000000000000000000
00010100000000000000111111110000000000000000000000
00011000000000000000111111110000000000000000000000
00000000000000000000111111110000000000000000000000
00000000110001111100111111110000000000000000000000
00000001010101100000111111110000000000000000000000
00000001101000000111111111110000000000000000000000
00000000010110000000111111110000000000000000000000
00000000101010000000111111110000000000000000000000
00000000001100000000111111110000000000000000000000
00000001100000000000111111110000000000000000000000
00000001100000000011111111110000000000000000000000
00000001000000000111111111110000000000000000000000
00000001000000000101111111110000000000000000000000
00000001010000011001111111110000000000000000000000
00000000010000110000111111110000000000000000000000
00000000010000111100111111110000000000000000000000
11111111111111111111000010100000000001001100111011
11111111111111111111000001010000000000000000111011
11111111111111111111000000110000000000000000111011
11111111111111111111000000100000000000000000111011
11111111111111111111100000110000000001000100111011
11111111111111111111010000010000000000000000111011
11111111111111111111101110010000000000011000111011
11111111111111111111011011100000000000000000111011
00000000000000000000000000000000111110000000000000
00000000000000000000000000000000011110000000000000
00000000000000000000000000000000001110000000000000
00000000000000000000000000000000000110000000000000
00000000000000000000000000001000001010000000000000
00000000000000000000000000001100000110000000000000
00000000000000000000000000001110100000000000000000
00000000000000000000000000001111010010000000000000
00000000000000000000000000001111110100000000000000
00000000000000000000100010000000000000001100111011
00000000000000000000000000000000000000000100000000
00000000000000000000000000100000000000001100000000
00000000000000000000100000100000000001010000111011
00000000000000000000100010000000000001110000111011
00000000000000000000000000000000000000000000011111
00000000000000000000000000000000000000000000000110
00000000000000000000111111110000000001001100001001
00000000000000000000111111110000000001001110000111
00000000000000000000111111110000000001001110100001
00000000000000000000000000000000000000000011010011
00000000000000000000111111110000000001001111010101
00000000000000000000111111110000000001001110111110
