00010111111111111111101111111111111111111111100011
00001111111111111111101111111111111111111111100000
00000001011111111111111111111111111110110110100000
10000111111111111111111111111111111111111111100000
01000111111111111111111111111111111111111111100000
11011010111111111111111111111111111111111111100010
11011100011111111111111111111111111111111111100000
11111000111111111111111111111111111111111111100000
11011101011111111111111111111111111111111111100000
11111111100011011111111111111111111111111111100000
11111111100010111111111111111111111111111111100000
11111111100000001111111111111110000011111111100000
11111111111000111111111111111111111111111111100000
11111111110000111111111111111111111111111111100000
11111111101011000111111111111111111111111111100000
11111111111011001111111111111111100001111111100000
11111111111111010111111111111111111111111111100000
11111111111111111010001111111111111111111111100000
11111111111111111101111111111111111110110110100000
11111111111111111010001111111111111111111111100000
11111111111111111010011111111111111110110110100000
00111111111111111010101111111111111111111111100000
11111111111111111111110111010001111111111111100000
11111111111111111111111011100001111111111111100000
11111111111111111111111101111001111111111111111101
11111111111111111111111110111111111111111111100000
11111111111111111111110111010101111111111111100000
11111111111111111111111011101001111111111111100000
11111111111111111111110011010101111111111111100000
11111111111111111111110001101011111111111111100000
11111111111111111111110001000101111111111111100000
11111111111011111111111111111110101001111111100000
11111111111011111111111111111111010001111111100000
11111111111011101111111111111110100001111111100000
11111111111011101111111111111111000101111111100000
11111111111011101111111111111110001011111111100000
11111111111111101111111111111110000101111111100000
11011111111111111101011111111111111110110110000000
11111111111111111111111111111111111111011000000000
11111111111111111111111111111111111111101101111001
11011111111111111101011111111111111110110110000000
11111111111111111111111111111111111111011011100000
11111111111111111111111111111111111111001101000000
11011111111111111101011111111111111110010110100000
11111111111111111111111111111111111110010101000000
00000000000000000000000010000000000000010000000101
00000000000000000000000010000000000000010000000011
00000000000000000000000010000000000000000000010000
10000100000000000000000000000000000000000000001000
10000000000000000000000010000000000000010000011000
