01110001111111111111111000000111100111111111100000
10111000000000111111111000111000000011111111100011
11011000000000111111111000000000000011111111100000
11101000000000111111111000000000000011111111100000
01110100000000111111111000000000000011111111100000
00001010000000111111111000000000000011111111100000
00000100000000111111111000000000000011111111100000
10000000100000111111111000000111100111111111100000
10000001010100111111111000000111100111111111100000
10000000101010111111111000000000000011111111100000
10000000010110111111111000000000000011111111100000
10000000101010111111111000000000000011111111100000
10000000011100111111111000000000000011111111100000
10000000000000111111111000000000000011111111100000
11111111111111011000100000000111100111111111100001
11111111111111101100000000000111100111111111101100
11111111111111110111000100011111100111111111100000
11111111111111011010111000000111100111111111100000
11111111111111001101000000000111100111111111100000
11111111111111001010100000000111100111111111100000
11111111111111100101010000000111100111111111100000
11111111111111000100101000000111100111111111100000
11111111111111000100010000000111100111111111100000
00000000000000001000000001111000000011111111100000
00000000000000000000000001111000000011111111100000
00000000000000000000000110111000000011111111100000
01000000000000000000000111011000000011111111100000
01000000000000001000000111101000000011111111100000
01000000000000001000000111110000000011111111100000
10000001100000111111111000000001011111111111100000
10000001100000111111111000000000101111111111100000
10000001100000111111111000000100011011111111100000
10000001100000111111111000000010010011111111100000
00000000000000000000000000000101101111111111100000
00000000000000000000000000000111010111111111100000
10000001100000111111111000000110011011111111100000
11111111111111111111111111111111111100001101100000
11111111111111111111111111111111111100001011100000
11111111111111111111111111111111111100000111100000
11111111111111111111111111111111111100000111100000
11111111111111111111111111111111111111000001100000
11111111111111111111111111111111111110110000100000
11111111111111111111111111111111111101110000000000
11111111111111111111111111111111111111111000100000
11111111111111111111111111111111111111111101010011
00000000000000000000000000000000000000000000100011
00000000000000010000000000000000000000000000000001
00000000000000010000000000000000000000000000000001
01000000000000000000000000000000000000000000110000
01000000000000100000000000000000000000000000111100
