00011110000000111111110000011111111111111111111111
00010110000000111111110000011111111111111111111111
00001110000000111111110000011111111111111111111111
11000010000000111111110000011111111111111111111111
10100011111111111111111111111111111111111111111111
11100000000000111111110000011111111111111111111111
11111001111111111111110000011111111111111111111111
00001010001110111111110000011111111111111111111111
00001010000000111111110000011111111111111111111111
00001010000010111111110000011111111111111111111111
00001011000001111111110000011111111111111111111111
00001011000011111111111000111111111111111111111111
00001011010101111111110000011111111111111111111111
00001010001110111111111000111111111111111111111111
11111111111111000111110000000000001111111111111111
11111111111111000101010000000000001111111111111111
11111111111111000011110000000000001111111111111111
11111111111111110000110000000000001111111111111111
11111111111111101000110000011111111111111111111111
11111111111111111000110000000000001111111111111111
11111111111111101111000000000000001111111111111111
11111111111111111111000000000000001111111111111111
00001000000101000000000000000000001111111111111111
00001000000000000000000000100000001111111111111111
00001000000000000000000000100000001111111111111111
00001000000000000000000000000000001111111111111111
00001000000101000000000110000000001111111111111111
11111111111111000010000000000011001111111111111111
11111111111111000010000000000000111111111111111111
11111111111111000010000000000000111111111111111111
11111111111111000010000000010000011111111111111111
11111111111111000010000000010000001111111111111111
11111111111111000010000000001100011111111111111111
11111111111111000010000000001110101111111111111111
11111111111111111111111111111111110000101111111111
11111111111111111111111111111111110000101111111111
11111111111111111111111111111111110000011111111111
11111111111111111111111111111111110000010111111111
11111111111111111111111111111111111100001111111111
11111111111111111111111111111111110011001111111111
11111111111111111111111111111111111110110111111111
11111111111111111111111111111111111111111000101111
11111111111111111111111111111111111111111000011111
11111111111111111111111111111111111111111000001000
11111111111111111111111111111111111111111100001111
11111111111111111111111111111111111111111010000111
11111111111111111111111111111111111111111111100011
11111111111111111111111111111111111111111110110001
11111111111111111111111111111111111111111110111001
11111111111111111111111111111111111111111110111110
