00011111111111110000010000000000000000000001111111
00101111111111110000000000000000000000000001111111
01001111111111110000000000000000000000000001111111
10001111111111110000000000000000000000000001111111
11110111111111110000000000000000000000000001111111
11111001111111110000000000000000000000000001111111
11111001111111110000000000000000000000000001111111
11111110001011110000000111000000000000000001111111
11111110000101110000000000000000000000000001111111
11111110000011110000000000000000000000000001111111
11111111000011110000000000000000000000000001111111
11111110100000010000000000000000000000000001111111
11111111011000010000010000000000000000000001111111
11111111111000110000000000000000000000000001111111
11111111111001000000000000000000000000000001111111
11111111111111000000000000000000000000000001111111
00000000000000000011100000111111111111111111111111
00000000000000000001100000111111111111111111111111
00000000000000001000100000111111111111111111111111
00000000000000001100000000111111110000000001111111
00000000000000001110000000111111111111111111111111
10000000000010000000000111000000000000000001111111
00000000000000000000000011000000000000000001111111
00000001000000000000010011000000000000000001111111
00000001000000000000011101000000000000000001111111
00000001000000000000011110000000000000000001111111
00000000000000001111100000000010011111111111111111
00000000000000001111100000000010001111111111111111
00000000000000001111100000000001111111111111111111
00000000000000001111100000000001101111111111111111
00000000000000001111100000110000101111111111111111
00000000000000001111100000001100011111111111111111
00000000000000001111100000001110011111111111111111
00000000000000001111100000101001101111111111111111
00000000000000001110100000111111110000100111111111
00000000000000001110100000111111110000011011111111
00000000000000001110100000111111110000011011111111
00000000000000001110100000111111110000000001111111
00000000000000001110100000111111111000000101111111
00000000000000001110100000111111110110001111111111
00000000000000001110100000111111110110010101111111
00000000000000001110100000111111111000111011111111
00000000000000001110100000111111111110010101111111
11111111111111111111111111111111111111111110001011
11111111111111111111111111111111111111111110000011
11111111111111111111111111111111111111111110000011
11111111111111111111111111111111111111111111000001
11111111111111111111111111111111111111111110000001
11111111111111111111111111111111111111111111110001
11111111111111111111111111111111111111111111111110
