00101111000000000000000000000000000000000000100000
00011011000000000000000000000000000000000000100000
10000111000000000000000000000000000000000000100000
01001001011010100000000000000000000000000000100000
11010111000000000000000000000000000000000000100000
10101011011010100000000000000000000000000000100000
11101101011010100000000000000000000000000000100000
11111110000000000000000000000000000000000000100000
00000000000110100000000000111111111000000000100000
00010110000011100000000000111111111000000000100000
00010110000001000011100000111111111111111111111111
00000000100001100000000000111111111000000000100000
00010110110001000000000000111111111000000000100000
00000000011110100000000000000000000000000000100000
00010110110101000000000000111111111000000000100000
00000000000000000101100000000000000000000000100000
00000000000000000010000000000000000111111111111111
00000000000000010000100000000000000111111111111111
00000000001000001001000000000000000111111111111111
00000000001000010010100000000000000111111111111111
00000000001000010101000000000000000000000000100000
00000000000000000000001101000000000000000000100000
00000000000000000000010101000000000000000000100000
00000000000000000000011001000000000000000000100000
00000000000000000000000000000000000000000000100000
00000000000000000000011100000000000000000000100000
00000000111110100000000000011100100000000000100000
00000000111110100000000000101110000000000000100000
00000000111110100000000000110111000000000000100000
00000000111110100000000000111011010000000000100000
00000000111110100000000000011101111000000000100000
00000000111110100000000000001110100000000000100000
00000000111110100000000000100011000000000000100000
00000000111110100000000000000110001000000000100000
00000000111110100000000000000010010000000000100000
00000000001000001111000000000000000011100111111111
00000000001000001111000000000000000101101001111111
00000000001000001111000000000000000110110011111111
00000000001000001111000000000000000111011001111111
00000000001000001111000000000000000001100001111111
00000000001000001111000000000000000010100101111111
00000000001000001111000000000000000100001001111111
00000000001000001111000000000000000101000000100000
00000000001000001111000000000000000111111100111100
11111111111111111111111111111111111111111111011100
00000000001000001111000000000000000111111101101101
00000000001000001111000000000000000111111101110110
00000000001000001111000000000000000111111101111010
00000000001000001111000000000000000111111100001100
00000000001000001111000000000000000111111100010000
