01101100000000000000000111100000000110000000000000
10110000000000000000000111100000000110000000000000
11010010000000000000000111100000000110000000000000
01101100000000000000000111100000000110000000000000
10010100000000000000000111100000000110000000000000
10011011111111111111111111100000000111110000000000
00100100000000000000000111000000000110000000000000
00000100000000000000000000100000000110000000000000
00000100011000011111111111100000000110000000000000
00000100101110011111111111100000000110000000000000
00000100110111011111111111100000000111011000000000
00000100011001011111111011000000000100000000000000
00000100011001011111111111100000000110000000000000
00000100001110000000000111100000000110000000000000
00000100000000011111111111100000000110000000000000
00000100111110101110000111100000000110000000000000
00000100111110110111010111100000000110000000000000
00000100111110111011100111100000000110000000000000
00000100111110111101110111100000000110000000000000
00000100111110101110001111100000000110000000000000
00000100111110100110010111100000000110000000000000
00000100111110101010100111100000000110001000000000
00000100111110100001000111100000000110000000000000
11111110111011111111111010000000000110000000000000
11111110111111111111111100000000000111111000000000
11111110111111111111111000000000000110000000000000
11111101111011111111111000000000000110000000000000
00000000000000000000000000001111001010000000000000
00000000000000000000000000010111100110000000000000
00000000000000000000000000011011101110000000000000
00000000000000000000000000011101110110000000000000
00000000000000000000000000011110110110000000000000
00000000000000000000000000001111010110000000000000
00000000000000000000000000000011100110000000000000
00000000000000000000000000010100000110000000000000
11111111111111111111111111101111111000000000000000
11111111111011111111111111111111111000000000000000
00000100001000000000000010000000000000011000000000
00000100000000000000000010000000000000011000000000
00000100001000000000000010000000000001101000000000
00000000001000000000010010000000000001110000000000
00000000000000000000000000000000000000000000010011
00000000000000000000000000000000000000000000001111
00000000000000000000000000000000000000000000001101
00000000000000000000000000000000000000000000001100
00000000000000000000000000000000000000000100000011
00000000000000000000000000000000000000000011100011
00000000000000000000000000000000000000000011100000
00000000000000000000000000000000000000000110011000
00000000000000000000000000000000000000000111011000
