01110000000000000000000000000000000000000000000000
10100100000000000000000000000000111111111000000000
11011100000000000000000000000000111111111000000000
10101000000000000000000000000000111111111000000000
00110000000000000000000000000000000000000000000000
01100000000000000000000000000000000000000000000000
00000000000000000000000000000000111111111000000000
00000000000000000000000000000000111111111000000000
00000000011010011111111000000000000000000111111111
00000000101100011111111000000000000000000111111111
00000000110111111111111000000000000000000111111111
00000000011010011111111000000000000000000111111111
00000000101101011111111000000000000000000111111111
00000000001010011111111000000000000000000111111111
00000000001000011111111000000000000000000111111111
00000000111111101010000000000000000000000000000000
00000000111111110100000000000000000000000111111111
00000000111111101011000000000000000000000000000000
00000000111111110100100000000000000000000111111111
00000000111111100100000000000000000000000111111111
00000000111111100010010000000000000000000111111111
00000000111111100000100000000000000000000111111111
00000000111111100000000000000000000000000111111111
00000000000000000000000011100101000000000000000000
00000000000000000000000101110100000000000000000000
00000000000000000000000110111000000000000000000000
00000000000000000000000111011001000000000000000000
00000000000000000000000011101111000000000000000000
00000000000000000000000001110110000000000000000000
00000000000000000000000110011010000000000000000000
00000000000000000000000000011100000000000000000000
00000000000000000000000100110000000000000000000000
01110011000000000000000000000000000101110000000000
01110011000000000000000000000000000010111000000000
01110011000000000000000000000000000001101000000000
01110011000000000000000000000000100001010000000000
01110011000000000000000000000000010000111000000000
01110011000000000000000000000000101100001000000000
01110011000000000000000000000000111010001000000000
01110011000000000000000000000000110110001000000000
01110011000000000000000000000000011011110000000000
00000000111111101011111000000000000000000000001111
00000000111111101011111000000000000000000000000111
00000000111111101011111000000000000000000000000011
00000000111111101011111000000000000000000000000011
00000000111111101011111000000000000000000000000001
00000000111111101011111000000000000000000100000111
00000000111111101011111000000000000000000110001001
00000000111111101011111000000000000000000111101000
00000000111111101011111000000000000000000111111100
