00001101111111100010011000000000000000000111111111
00011110000000000000000000000000000000000000000000
00001110000000000000000000000000000000000000000000
01001010000000000000000000000000000000000000000000
11110010000000000000000000000000000000000000000000
11100011111111100010011111000000000000000111111111
01111101111111100010011000000000000000000111111111
10000110000111100000000000000000000000000111111111
10000110000011100000000000000000000000000111111111
10000110000011000000000000000000000000000111111111
10000110000010100000000000000000000000000111111111
10000111000011000010011111000000000000000111111111
10000111111100100000000101111111000000000111111111
10000111110100100010011000000000000000000111111111
10000111101011000010011000000000000000000111111111
00000000000000000010101000000000000000000000000000
00000000000000000001101000000000000000000000000000
00000000000000000001010000000000000000000000000000
10000110000101110000111000000000000000000111111111
00000000000000001100011000000000000000000000000000
00000000000000011010011000000000000000000000000000
10000110000101100111101000000000000000000111111111
10000110000101111011110000000000000000000111111111
00000100000110000000000000111111000000000000000000
00000100000100000000000000111111000000000000000000
00000100000110000000000000000000000000000000000000
00000000000010000000000110011111000000000000000000
00000000000010000000000110100001111000100000000000
00000000000010000000000110100001001000000000000000
00000000000010000000000110100000111000000000000000
00000000000010000000000110100000011000000000000000
00000000000010000000000110111000010100011000000000
00000000000000000000000000010100001000000000000000
00000000000000000000000000010111001011111000000000
00000000000000000000000000011110110000000000000000
00000000000000000000000000000001000000011000000000
00000000000000000000000000000000010000010000000000
00000000000000000000000000000000010000001000000000
00000000000000000000000000010000010000001000000000
00000000000000000000000000000001010110001000000000
00000000000000000000000000000001010101110000000000
10000111111111100010011000000000000000000000101101
10000111111111100010011000000000000000000000011110
10000111111111100010011000000000000000000000010111
10000111111111100010011000000000000000000100001011
10000111111111100010011000000000000000000011000111
10000111111111100010011000000000000000000110100011
10000111111111100010011000000000000000000111010011
10000111111111100010011000000000000000000011111101
10000111111111100010011000000000000000000101111110
