01000011111111111111101011101111111111111111100000
10100011111111111111101011101111111111111111110001
01010011111111111111101011101111111111111111100000
00100011111111111111101011101111111111111111100000
00000011111111111111101011101111111100000000000000
00000011111111111111101011101111111100000000000000
11111101111001111111000000001111111111111111101100
11111110111100000000000000000000000011111111100000
11111111011100000000000000000000000011111111100000
11111111101100000000000000000000000011111111100000
11111111110101111111101011101111111111111111100000
11111101111011111111000000001111111111111111100000
11111100000101111111101011101111111111111111100000
11111110001110001111000000001111111111111111100000
11111110001110001111000000000000000011111111100000
11111110001110000101000000000000000011111111100000
11111110001111100011000000000000000011111111100000
11111110001111110010000000000000000011111111100000
11111110001111101101000000000000000011111111100000
11111110001111111010000000001111111111111111100000
11111100001010000000000100110000000011111111100000
00000000000000000000000011110000000000000000000000
11111100001010000000000011010000000011111111100000
00000000000000000000100000100000000000000000000000
11111100001010000000011001010000000011111111100000
11111100001010000000011010010000000011111111100000
11111100001010000000110100010000000011111111100000
00000000000000000000111011100000000000000000000000
11111110001111000001000000000001111111111111100000
11111110001111000001000000000000100011111111100000
11111110001111000001000000000000011111111111100000
11111110001111000001000000001000011111111111100000
11111110001111000001000000001100011111111111100000
11111110001111000001000000001011100111111111100000
11111110001111000001000000001011100011111111100000
11111110001111000001000000001011110011111111100000
11110011111111111111101011101111111100001100100000
11110011111111111111101011101111111100001011000000
11110011111111111111101011101111111100000101100000
11110011111111111111101011101111111100000011100000
11110011111111111111101011101111111111000011100000
11110011111111111111101011101111111110100011100000
11110011111111111111101011101111111101011101100000
11110011111111111111101011101111111101111110100000
11110011111111111111101011101111111110111111000000
01000000000000000000000000000000000000000000000011
00000010000000000000000000000000000000000000000001
00000010000000000000000000000000000000000000000001
00000000000000000000000000000000000000000000010001
01000000000000000000000000000000000000000000011110
