01101100000000001111111110011111111000000001111111
10110000000000001111111101111111111000000001111111
11010000000000001111111100011111111000000001111111
01101000000000001111111100000000000000000001111111
10010000000000001111111100011111111000000001111111
10000010000000001111111100011111111000000001111111
00000100000000001111111100000000000000000001111111
00000000111010011111111100000000000000000001111111
00000001011101001111111100000000000000000001111111
00000001101110001111111100000000000000000001111111
00000001110111011111111100000000000000000001111111
00000000111010101111111100000000000000000001111111
00000001011101101111111100000000000000000001111111
00000000101010111111111100000000000000000001111111
00000000000111001111111100000000000000000001111111
00000001001001001111111100000000000000000001111111
11111111111111110110100001011111111000000001111111
11111111111111111011010000011111111000000001111111
11111111111111111101101000011111111000000001111111
11111111111111110110100000011111111000000001111111
11111111111111111011010000011111111000000001111111
11111111111111110100101000011111111000000001111111
11111111111111110010010000011111111000000001111111
11111111111111110000000000011111111000000001111111
10000000000000000000000001100000000000000001111111
01000000000000001000000010000000000000000001111111
01000000000000000000000010000000000000000001111111
11101100000000001111111100000001111000000001111111
11101100000000001111111100000001011000000001111111
11101100000000001111111100000000110000000001111111
11101100000000001111111100000000001000000001111111
11101100000000001111111100011000001000000001111111
11101100000000001111111100010100000000000001111111
11101100000000001111111100011100001000000001111111
11101100000000001111111100011011010000000001111111
00000000000000000000000000000000000000010111111111
00000000000000000000000000000000000000001111111111
00000000000000000000000000000000000000001111111111
00000000000000000000000000000000000000000001111111
00000000000000000000000000000000000100000011111111
00000000000000000000000000000000000011000111111111
00000000000000000000000000000000000111001011111111
00000000000000000000000000000000000111011101111111
11111111111111111111111111111111111111111110000001
11111111111111111111111111111111111111111110000011
11111111111111111111111111111111111111111110000011
11111111111111111111111111111111111111111110000001
11111111111111111111111111111111111111111110000000
11111111111111111111111111111111111111111110110000
11111111111111111111111111111111111111111111111000
