00001110000000000011111110000000011111111100000000
00000110000000000011111110000000011111111100000000
00000010000000000011111110000000011111111100000000
00000010000000000011111110000000011111111100000000
10000000000000000011111110000000011111111100000000
11000010000000000011111110000000011111111100000000
11110101111111001111111111111111111111111100000000
00000010010111000011111110000000011111111100000000
00000010000001000011111110000000011111111100000000
00000011000101000011111110000000011111111100000000
00000010000001010111111111111111111111111100000000
00000011010010000011111110000000011111111100000000
00000011000101000011111111111111111111111100000000
00000011111010000011111110000000011111111100000000
00000000000000000111111111111111111111111100000000
00000000001000001111111111111111111111111100000000
00000010000000010011111111111111111111111100000000
00000010001000110011111111111111111111111100000000
11111111111111111100010011111111111111111100000000
11111111111111111100001111111111111111111100000000
11111111111111111100000111111111111111111100000000
11111111111111111110000011111111111111111100000000
11111111111111111101000011111111111111111100000000
11111111111111111101100011111111111111111100000000
11111111111111111111111101111111111111111100000000
00000010001010111111111110000100111111111100000000
00000010001010111111111110000100111111111100000000
00000010001010111111111110000011111111111100000000
00000010001010111111111110000011111111111100000000
00000010001010111111111111100001111111111100000000
00000010001010111111111110011000111111111100000000
00000010001010111111111110011100011111111100000000
00000010001010111111111111111110011111111100000000
11111111111111111111111111111111100001010000000000
11111111111111111111111111111111100000111000000000
11111111111111111111111111111111100000101100000000
11111111111111111111111111111111100000011100000000
11111111111111111111111111111111110000000100000000
11111111111111111111111111111111101100001100000000
11111111111111111111111111111111111010000100000000
11111111111111111111111111111111101110100100000000
11111111111111111111111111111111100111111000000000
00000000000000000000000000000000000000000000000111
00000000000000000000000000000000000000000000000111
00000000000000000000000000000000000000000000000111
00000000000000000000000000000000000000000000000011
00000000000000000000000000000000000000000000000001
00000000000000000000000000000000000000000011100001
00000000000000000000000000000000000000000011110000
00000000000000000000000000000000000000000011111100
