00001001100000000000001111111100000010111011000000
00000101000000000000000000000000000000000000000000
00000011000000000000000000000000000000000000000000
00000001100000000000000000000000000000000000000000
10000000110011111111110000000000000000000000000000
01000000100000000000000000000000000000000000000000
00100000000000000000000000000000000000000000000000
11110000100000000000000000000000000000000000000000
10011101000000000000000000000000000000000000000000
00001000000110000000001111111100000010111011000000
00000000000110000000000000000000000000000000000000
00000000011011111111111111111100000010111011000000
00001000011101111111111111111100001010111011000000
00001000000110000101101111111100000110111011000000
00001000000110000010011111111100000010111011000000
00001000000110000000111111111100000010111011000000
00001000000110000000111111111100000010111011000000
00001000000111000001101111111100000010111011000000
00001000000110100000011111111100000010111011100111
00001000000111000100001111111110100110111011000000
00001000000111011100001111111100000010111011000000
00001000000110111010001111111100000010111011000111
10000000010111111111110000101100000010111011000000
10000000010111111111110000010100000010111011000000
10000000010111111111110000011100000000000000000000
10000000010111111111110000000100000000000000000000
10000000010111111111111000001100000000000000000000
10000000010111111111110110000000000000000000000000
10000000010111111111111010100100000000000000000000
10000000010111111111111111101000000010111011000000
00000000000000000001000000000000011100000000000000
00000000000000000000000000000000011100000000000000
00000000000000000001000000000000010100000000000000
00000000000000000000000000000011100100000000000000
00000000000010000000000000000011000100000000000000
00000000000001000001000000000011111000000000000000
10000000010111111111111100000100000000010111000000
00000000000000000000000000000000000000001011000000
10000000010111111111111100000100000000000101000000
10000000010111111111111100000100000010000111000000
10000000010111111111111100000100000001000001000000
00000000000000000000000000000000000010110011000000
10000000010111111111111100000100000011010100000000
10000000010111111111111100000100000011111100000000
00000000000000000010000000000000000000000000001010
00000000000000000000000000000000000000000000000111
00000000000000000000000000000000000000000000100001
00000000000000000010010000000000000000000000010000
00000000000000000010010000000000000000000000110001
00000000000000000010010000000000000000000000011010
