01110000011111111111111000000000000011111110000111
10111010011111111111111000000000000011111110000111
11011100011111111111111000000000000011111110000111
11101100011111111111111010010000000011111110000111
01110000011111111111111000000000000011111110000111
00110000011111111111111000000000000011111110000111
01000001011111111111111000000000000011111110000111
00000010111111111111111000000000000011111110000111
00000001011111111111111000000000000011111110000111
11111111101010000111111000000000000011111110000111
11111111110100000011111110100000000011111110000111
11111111101010010111111000000000000011111110000111
11111111110101100011001000000000000011111110000111
11111111100010000111111000000000000011111110000111
11111111100010000111111000000000000011111110000111
11111111100100000111111000000000000011111110000111
11111111100000000111111000000000000011111110000111
11111111110101111011100000000000000011111110000111
11111111111111111101100000000000000011111110000111
11111111111111111110110000000000000011111110000111
11111111111101111111011000100000000011111110000111
11111111111101111001100000000000000011111110000111
11111111111111111000100000000000000011111110000111
00000000001000000000000000110000000011111110000111
00010000001000000000000000000000000011111110000111
00000000000000000000000000100000000011111110000111
00000000001000000000100101010000000011111110000111
00010000000000000000000100100000000011111110000111
00000000000000000000000000000000110111111110000111
00000000000000000000000000000000001111111110000111
00000000000000000000000000000000001011111110000111
00000000000000000000000000000000000011111110000111
00000000000000000000000000001000000111111110000111
00000000000000000000000000001000000011111110000111
00000000000000000000000000000110000111111110000111
00000000000000000000000000001100101011111110000111
11111111111111111111111111111111111100001110000000
11111111111111111111111111111111111100001110000000
11111111111111111111111111111111111100000010000111
11111111111111111111111111111111111100000000000111
11111111111111111111111111111111111111000100000000
11111111111111111111111111111111111111001000000111
11111111111111111111111111111111111111100000000111
00000000000000000000000000000000000000000000010111
00000000000000000000000000000000000000000000001011
00000000000000000000000000000000000000000001000000
00000000000000000000000000000000000000000000100011
11111111111111111111111111111111111100110111000011
11111111111111111111111111111111111100110111101100
11111111111111111111111111111111111100110111101100
