01110000000000111111100000000101000000000001111111
10111010000000111111100000000101000000000001111111
11010101111111111111111111111111111111111111111111
11101001111111111111111111111111111111111111111111
01010101111111111111111111111111111111111111111111
00101000000000111111100000000101000000000001111111
01000000000000111111100000000101000000000001111111
00111000110010111111100000000111110000000001111111
00111001011000111111100000000111110000000001111111
00111001101100111111100000000111110000000001111111
00111000110110111111100000000111110000000001111111
00111000011010111111100000000111110000000001111111
00111001001100111111100000000101000000000001111111
00111000000000111111111111111111111111111111111111
11111111111111011101011111111111111111111111111111
11111111111111101110011111111111111111111111111111
11111111111111110110111111111111111111111111111111
11111111111111111011011111111111111111111111111111
11111111111111011101111111111111111111111111111111
11111111111111100110011111111111111111111111111111
11111111111111001010011111111111111111111111111111
00111000000001111111101100000111111111111111111111
00111000000001111111110110000111111111111111111111
00111000000001111111111011000111111111111111111111
00111000000001111111101100100111111111111111111111
00111000000001111111100100110111111111111111111111
00111000000001111111100011000111111111111111111111
00111000000001111111100001001111110000000001111111
00111000000001111111100000010111110000000001111111
11111111111111111111111111111010111111111111111111
00111001111101111111111111111101101111111111111111
11111111111111111111111111111010101111111111111111
00111001111101111111111111111111011111111111111111
00111001111101111111111111111100101111111111111111
00111000000001111111111111100111110111011001111111
00111000000001111111111111100111111011100001111111
00111000000001111111111111100111111101100001111111
00111000000001111111111111100111111110100101111111
00111000000001111111111111100111110111011001111111
00111000000001111111111111100111111000101001111111
00111000000001111111111111100111111000110111111111
00111000000001111111111111100111110001001011111111
00111000000001111111111111100111110000001101111111
11111111111111111111111111111111111111111110111101
11111111111111111111111111111111111111111111011010
11111111111111111111111111111111111111111111101100
11111111111111111111111111111111111111111111110111
11111111111111111111111111111111111111111111011010
11111111111111111111111111111111111111111110101101
11111111111111111111111111111111111111111111001010
