01100000000001111111111111111111111111111100000000
10111000000001111111111111111111111111111100000000
11011100000001111111111111111111111111111100000000
01100000000001111111111111111111111110111000000000
01100100000001111111111111111111111111111100000000
00101000000000000000000111110100100011111100000000
00000001100000000000000111110100100011111100001011
00000010111100000000000111110100100011111100001011
00000011010000000000000111110100100011111100000000
00000001101010000000000111110100100011111100001011
00000001010000000000000111110100100011111100000000
00000001000000000000000111110100100011100100000000
00000000010000000000000111110100100000010000000000
11111000000000110000111111110100100011111100000000
11111000000001010000111111111111111111111100000000
11111000000001101001111111110100100011111100000000
11111000000000010000000111111111111111111100000000
11111000000000000010000111110100100011111100000000
11111000000000000100000111110100100011111100000000
11111000000000010000000111110100100011111100000000
11111000000001110000011101000100100011111100000000
11111000000001110000101110100100100011111100000000
11111000000001110000110111000100100011111100000000
11111111111111111111111011001111111111111100001011
11111111111111111111011101111111111111111100001011
11111111111111111111101110101111111111111100001011
11111111111111111111010011001111111111111100001011
11111111111111111111000010001111111111111100001011
11111000000000101000000111110110000011111100000000
11111111111111111111111111111011000011111100001011
11111000000000101000000111111101110111111100000000
11111000000000101000000111110110001011111100000000
11111111111111111111111111110010000011111100001011
11111000000000101000000111110010001011111100000000
11111000000000101000000111110001010111111100000000
11111000000000101000000111110010001011111100000000
11111111111101111111111111111111111101001000001011
11101111111101111111111111111111111110110000001011
11111111111101111111111111111111111101011000001011
11111111111011111111111111111111111101100000001011
11111111111001111111111111111111111110100100001011
11101111111101111111111111111111111100001000001011
00000000000000000000000000000000000000000000001111
00000000000000000000000000000000000000000000000101
00000000000000000000000000000000000000000000000001
00000000000000000000000000000000000000000000000000
00000011010000000000000111110100100011111110000010
00000000000000000000000000000000000000000011000010
00000011010000000000000111110100100011111110001101
00000011010000000000000111110100100011111111100010
