00011011111111000000000000001100101111111000000000
00010111111111000000000000000000000111111000000000
00001101111111000000000000000000000111111000000000
11000011111111000000000000101100101111111000000000
10100011111111000000000000101100101111111000000000
01100011111111000000000000101100101111111000000000
11011101111111000000000000100000000111111000000000
11111110000011000000000000101100101000000000000000
11111110000011000000000000101100101000000000000000
11111110000010000000000000101100101000000000000000
11111110000001000000000000101100101000000000000000
11111110000001000000000000101100101000000000000000
11111111110000000000000000101100101111111000000000
11111111101100000000000000101100101111111000000000
00000000000000010100000000000000000000000000000000
00000000000000101010000000000000000000000000000000
00000000000000010110100000000000000000000000000000
00000000000000101011000000000000000000000000000000
00000000000000011101100000000000000000000000000000
00000000000000000110000000000000000000000000000000
00000000000000001010000000000000000000000000000000
00000000000000000000000001100000000000000111111111
00000000000000000000000001100000000000000111111111
00000000000000000000000001100000000000000111111111
00000000000000000000000000000000000000000000000000
00000000000000000000011100000000000000000111111111
00011111111111000000011100001100101111111000000000
00000000000000000000000000000011011000000000000000
10011101111111000000000000100000111111111000000000
10011101111111000000000000100000101111111000000000
00000000000000000000000000010001011000000000000000
00000000000000000000000000010010010000000000000000
10011101111111000000000000101100000111111000000000
00000000000000000000000000011011000000000000000000
10011101111111000000000000111110000111111000000000
11111110000011000000000000101100101001111000000000
11111110000011000000000000101100101000111000000000
11111110000011000000000000101100101100010000000000
11111110000011000000000000101100101110011000000000
11111110000011000000000000101100101111101000000000
11111110000011000000000000101100101110110000000000
00000000000000000000011101000000000000000000011111
00000000000000000000011101000000000000000000011011
00000000000000000000011101000000000000000000001111
00000000000000000000011101000000000000000000000101
00000000000000000000011101000000000000000110001111
00000000000000000000011101000000000000000111010010
00000000000000000000011101000000000000000101110011
00000000000000000000011101000000000000000111011101
00000000000000000000011101000000000000000111110110
