00001110000010000000000000001111111100000000000000
00001110000010000000000000001111111100000000000000
00001010000000000000000000001111111100000000000000
00000110000000000000000000001111111100000000000000
11100100000000000000000000001111111100000000000000
11011010000010000000000000001111111100000000000000
11110100000010000000000000001111111100000000000000
00000000001110000000000000001111111100000000000000
00000000000100000000000000001111111100000000000000
00000000000000000000000000001111111100000000000000
00000001000110000000000000001111111100000000000000
00000001101000000000000000001111111100000000000000
11000111001000000000000000001111111100000000000000
00000000000000000101001111111111111100000000000000
00000000000000000100110000001111111100000000000000
00000000000000000011100000001111111100000000000000
00000000000000000011010000001111111100000000000000
00000000000001100001110000001111111100000000000000
00000000000000011000110000001111111100000000000000
00000000000001011100110000001111111100000000000000
00000000000000110111010000001111111100000000000000
00000000000000101111100000001111111100000000000000
00000000000001000000000010111111111100000000000000
00000000000001000000000001101111111100000000000000
00000000000001000000001000111111111100000000000000
00000000000001000000000100011111111100000000000000
00000000000001000000001110011111111100000000000000
00000000000001000000001011101111111100000000000000
11111111111111111111111111110110101000000000000000
11111111111111111111111111111011000000000000000000
11111111111111111111111111111101010000000000000000
11111111111111111111111111110110110100000000000000
11111111111111111111111111111001001100000000000000
11111111111111111111111111110011000000000000000000
11111111111111111111111111111000100000000000000000
11111111111111111111111111110001100000000000000000
00000000000000000000000000000000000001011110000000
00000000000000000000000000000000000010010110000000
00000000000000000000000000000000000000001010000000
00000000000000000000000000000000000011000110000000
00000000000000000000000000000000000010100000000000
00000000000000000000000000000000000011010010000000
00000000000000000000000000000000000011110100000000
00000000000000000000000000000000000000000000000101
00000000000000000000000000000000000000000000000011
00000000000000000000000000000000000000000000000011
00000000000000000000000000000000000000000000000011
00000000000000000000000000000000000000000001000001
00000000000000000000000000000000000000000000111000
00000000000000000000000000000000000000000001111100
