00011111111111110000000000000000011111111100000000
00010111111111110000000000000000011111111100000000
00000000111111110000000000000000011111111100000000
11000111111111110000000000000000011111111100000000
10000111111111110000000000111111111111111100111001
11011001111111110010000000000000011111111100000000
11011001111111110000000000111111111111111100111001
11011110111111110000000000000000011111111100000000
11111111000101110000000000111111111111111100111001
11111111000011010000100000111111111111111100111001
11111111000010110000000000111111111111111100111001
11111111100000110000000000111111111111111100111001
11111111011001011111100011111111111111111100111001
11111111110010100111001000111111111111111100111001
11111111101101010000000000111111111111111100111001
11111111111110100000000000111111111111111100111001
00000000000010000001100000000000011111111100000000
00000000000011000001001011000000011111111100000000
00000100000011000000000000000000011111111100000000
00000000000011001100111001000000011111111100000000
00000000010010001001000000000000011111111100000000
00000000000000000001000111000000011111111100000000
00000000000001000101000011000000011111111100000000
00000000000000000000010001000000011111111100000000
00000000000010000100011001000000011111111100000000
00000000000010000101011110000000011111111100000000
00001010111111110000000000000010111111111100000000
00001010111111110000000000000001111111111100111001
00001010111111110000000000000001111111111100111001
00001010111111110000000000000000111111111100000000
00001010111111110000000000100000111111111100000000
00001010111111110000000000011000011111111100111001
00001010111111110000000000111110011111111100000000
11111111111111111111111111111111100001010100111001
11111111111111111111111111111111100000111100111001
11111111111111111111111111111111100000110100111001
11111111111111111111111111111111100000101000111001
11111111111111111111111111111111110000001100111001
11111111111111111111111111111111101110001100111001
11111111111111111111111111111111111100001100111001
11111111111111111111111111111111101011110000111001
11111111111111111111111111111111111101110000111001
00000000000000000000000000000000000000000000000111
00000000000000000000000000000000000000000000000101
00001010111111110000000000011001011111111100000011
00001010111111110000000000011001011111111100000011
00001010111111110000000000011001011111111100000010
00000000000000000000000000000000000000000011000000
00000000000000000000000000000000000000000010111001
00001010111111110000000000011001011111111111110010
