00001101000000000000001000000000000000000011100100
00001011000000000000000000000000000000000011100100
00000111000000000000000000000000000000000011100100
00000010000000000000000000000000000000000011100100
11000111000000000111110000000000000000000011100100
10101000000000000000000000000000000000000011100100
01111001000000000000000000000000000000000011100100
11101010000000000111001000000000000000000011111111
00000000000010111000000000000000000000000011100100
00000000000001010000000000000000000000000011100100
00000000000000110000000000000000000000000011100100
00000000000000100000000000000000000000000011100100
00000000100000111000000000000000000000000011100100
00000000010000001000000000000000000000000011100100
00000000101110001000000000000000000000000011100100
00000000111010001000000000000000000000000011100100
00000000100011110000000000000000000000000011100100
00001001000000000000111000000000000000000011100100
00001001000000000000111000000000000000000011100100
00001001000000000000001000000000000000000011100100
00001000000000000110011000000000000000000011100100
00001000000000000110101000000000000000000011100100
10000001000000000111110000000000000000000011100100
00000000000000000000000000001111111111010011100100
00000000000000000000000000001111111110000011100100
00000000000000000000000000011000000000000011100100
00000000000000000000000000011000000000000011100100
00000000000000000000000001100111111110000011100100
00000000000000000000000111100111111110000011100100
00000000000000000000000110011001100011001111100100
00000000000000000000000110011000111110000011100100
00000000000000000000000110011100000010010011100100
00000000000000000000000110011110001010000011100100
00000000000000000000000110011010000100000011100100
00000000000000000000000110011010100100000011100100
00000000000000000000000110011010011000000011100100
00000000000000000000000110011111100001101011100100
00000000000000000000000100000100000010001111100100
00000000000000000000000000000000000010001111100100
00000000000000000000000100000001000000000011100100
00000000000000000000000000000100000011100111100100
00000000000000000000000000000100000001101011100100
11111111111111111111111111111111111111111101110011
11111111111111111111111111111111111111111110111000
11111111111111111111111111111111111111111111011101
00000001000000000000000000000000000000000011101110
00000001000000000000000000000000000000000001110110
11111111111111111111111111111111111111111100111010
00000001000000000000000000000000000000000010011101
00000001000000000000000000000000000000000010100010
