00000111000000000000000011111111111111111100000000
00011111000000000000000011111111111111111100000000
00011011000000000000000011111111111111111100000000
01100001000000000000000011111111111111111100000000
01100001000000000000000011111111111111111100000000
11000011000000000000000011111111111111111100000000
11100100000000000000000011111111111111111100000000
11111100000000000000000011111111111111111100000000
00000000011010000000000011111111111111111100000000
00000000101101001111111111111111111111111100000000
00000000110110000000000011111111111111111100000000
00000000011010101111111111111111111111111100000000
00000000101101100000000011111111111111111100000000
00000000010010101111111111111111111111111100000000
00000000000111000000000011111111111111111100000000
00000000000000000000000011111111111111111100000000
00000000010101000101000011111111111111111100000000
00000000010101001010000111111111111111111100000000
00000000010101000101000011111111111111111100000000
00000000010101001010110011111111111111111100000000
00000000010101000001001011111111111111111100000000
00000000010101000001001011111111111111111100000000
00000000010101000000110011111111111111111100000000
00000000010101000100000011111111111111111100000000
11111111111111111111111101101100011111111100000000
11111111111111111111111110110010111111111100000000
11111111111111111111111111010011011111111100000000
11111111111111111111111101101100011111111100000000
11111111111111111111111110010000011111111100000000
11111111111111111111111110010001011111111100000000
11111111111111111111111101100000011111111100000000
11111111111111111111111100100100011111111100000000
11111111111111111111111101000000011111111100000000
11111111111111111111111111111111101110110000000000
11111111111111111111111111111111110111001000000000
11111111111111111111111111111111111011010100000000
11111111111111111111111111111111111101101000000000
11111111111111111111111111111111101110111000000000
11111111111111111111111111111111110011000000000000
11111111111111111111111111111111110101000000000000
11111111111111111111111111111111101011000000000000
11111111111111111111111111111111100100000000000000
00000000000000000000000000000000000000000000000111
00000000000000000000000000000000000000000000000101
00000000000000000000000000000000000000000000000011
00000000000000000000000000000000000000000000000000
00000000000000000000000000000000000000000000000000
00000000000000000000000000000000000000000011000011
00000000000000000000000000000000000000000010100100
00000000000000000000000000000000000000000011100100
