01000001111111100000000011111111111111111000000000
10101001111111100000000011111111111111111000000000
01000001111111100000000011111111111111111000000000
00001101111111100000000011111100010011111000000000
01010010010011000000000011111111111111111000000000
00010000010011000000000011111111111111111000000000
00001000010011000000000011111111111111111000000000
11110000111010000000000011111111111111111000000000
11110001011101100000000011111111111111111000000000
11111111101101100000000011111111111111111000000000
11110001110110100000000011111111111111111000000000
11110000111010000000000011111111111111111000000000
11111111001101000000000011111111111111111000000000
11111110110010000000000011111111111111111000000000
11110000111000000000000011111111111111111000000000
00000000000000001110110011111111111111111000000000
00000000000000010111010011111111111111111000000000
00000000000000011011101011111111111111111000000000
00000000000000011101101011111111111111111000000000
00000000000000001110110011111111101011111000000000
00000000000000010111010011111111111111111000000000
00000000000000011001101111111111111111111000000000
00000000000000000110010011111111111111111000000000
00000000000000000000010011111111100111111000000000
11111111111111111111111101010011111111111000000000
11111111111111111111111110101011111111011000000000
11111111111111111111111101010011111111111000000000
11111111111111111111111110101011111111110000000000
11111111111111111111111101010111111111111000000000
11111111111111111111111100001011111111111000000000
11101111111111111111111111111101000011111000000000
11101111111111111111111111111110110011111000000000
11101111111111111111111111111101010011111000000000
11111111111111111110111011111101101011111000000000
11101111111111111111111011111100010011111000000000
11101111111111111110111111111100000011111000000000
11111111111111111111111111111111111101111000000000
11111111111111111111111111111111111110111000000000
11111111111111111111111110111111111111010000000000
11111111111111111111111111111111111111101000000000
11111111111111111111111111101111111111010000000000
00000000000000000000000000000000000000000000010101
00000000000000000000000000000000000000000000001010
00000000000000000000000000000000000000000000000101
00000000000000000000000000000000000000000000000100
00000000000000000000000000000000000000000100000011
00000000000000000000000000000000000000000010000010
00000000000000000000000000000000000000000101100001
00000000000000000000000000000000000000000010011001
00000000000000000000000000000000000000000101010110
