00010111000000000000011111111111111111111100001011
00001110000000000000011111111111111111111100001011
00001011000000000000011111111111111111111100001011
10000101000000000000011101000000000011111100001011
01100011000000000000011111111111111111111100001011
11010011000000000000011111111111111111111100001011
11101101000000000000011111111111111111111100001011
10111110000000000000011111111111111111111100001011
00000000000101100000111101000000000011111100001011
00000000000011100000111101000000000011111100001011
00000000000010000000011101000000000011111100001011
00000000100001100000111101000000000011111100001011
00000000011001100000111101000000000011111100001011
00000000110110000000011101000000000011111100001011
00000000110110000000111101000000000011111100001011
00000000000000000011011101000000000011111100001011
00000000000000000001111101000000000011111100001011
00000000000000000000111101000000000011111100001011
00000000000000010001011101000000000011111100001011
00000000000000011010011101000000000011111100001011
00000000110110101100011101000000000011111100001011
11111111111111111111101001011111111111111100001011
11111111111111111111110000111111111111111100001011
11111111111111111111100010011111111111111100001011
11101111000000000000000100000000000011111100001011
11111111111111111111110000100000000011111100001011
11101111000000000000001001000000000011111100001011
11101111000000000000011100000010111011111100001011
11101111000000000000011100000001111111111100001011
11101111000000000000011100000000111111111100001011
11101111000000000000011100010000011111111100001011
11101111000000000000011100001000000011111100001011
11101111000000000000011100011100011111111100001011
11101111000000000000011100011110100111111100001011
11101111000000000000011100011110100111111100001011
11101111000000000000011100001110111011111100001011
11111111111111111111111111111111111100001100001011
11111111111111111111111111111111111100011100000000
11111111111111111111111111111111111100001100000000
11111111111111111111111111111111111101001100000000
11111111111111111111111111111111111111110000000000
11111111111111111111111111111111111111110000000000
00000000000000000000000000000000000000000000101111
00000000000000000000000000000000000000000000010111
00000000000000000000000000000000000000000010000101
00000000000000000000000000000000000000000001000100
11111111111111111111111111111111111110000010000011
00000000000000000000000000000000000000000011110001
11111111111111111111111111111111111110000011001001
11111111111111111111111111111111111110000011101110
