01101000011111111000000000000000000111111111000000
10110000011111111000000000000000000111111111000000
11011100111111111000000000000000000111111111000000
01101011011111111000000000000000000111111111000000
10110111011111111000000000000000000111111111000000
00101010011111111000000000000000000111111111000000
00011100011111111000000000000000000111111111000000
00011000111111111000000000000000000111111111000000
00100001011111111000000000000000000111111111000000
11111111101101100000000000000000000111111111110010
11111111110110100000000000000000000111111111000000
11111111111011010000000000000000000000000000111101
11111111101101101000000000000000000111111111000000
11111111110110111000000000000000000111111111000000
11111111111011010000000000000000000000000000000000
11111111100101100000000000000000000111111111000000
11111111100011000000000000000000000000000000000000
00000000000000000011101000000000000000000000000000
00000000000000000101101011000000000000000000000000
00000000000000000110110010000000000000000000000000
00000000000000000111010101000000000000000000000000
00000000000000000001101111000000000000000000000000
00000000000000000110010100000000000000000000000000
00000000000000000000111000000000000000000000000000
00000000000000000011010000000000000000000000000000
00000000000000000010110000000000000000000000000000
00000000000000000000000000000011111000000000000000
00000000000000000000000000000011101000000000000000
00000000000000000000000000000001111000000000000000
00000000000000000000000000000000010000000000000000
00000000000000000000000000110000111000000000000000
00000000000000000000000000111000010000000000000000
00000000000000000000000000111010001000000000000000
00000000000000000000000000101111001000000000000000
00000000000000000000000000111010110000000000000000
11111111111011010000000000000000000000010011000000
11111111111011010000000000000000000000001111000000
11111111111011010000000000000000000000001111000000
11111111111011010000000000000000000000000000000000
11111111111011010000000000000000000100000001000000
11111111111011010000000000000000000011000111000000
11111111111011010000000000000000000011001001000000
11111111111011010000000000000000000111001001000000
11111111111011010000000000000000000111011110000000
00000000010100000000000000000000000000000000000011
00000000010100000000000000000000000000000000000000
00000000000100000000000000000000000000000000000000
00000000000100000000000000000000000000000000000000
00000000010000000000000000000000000000000000100001
00000000000100000000000000000000000000000000100010
