01111111111111100000001011110111000011111111111111
10011111111111100000001111111111000011111111111111
10001111111111100000001011110111000011111111111111
11000111111111100000001111111111000011111111111111
11100111111111100000001111111111000011111111111111
11111011111111100000001111111111000011111111111111
11111101111000000000001111111111000011111111111111
11111110111010000000001111111111000011111111111111
11111111011100000000001111111111000011111111111111
11111111101101000000001111111111000011111111111111
11111111110110000000001111111111000011111111111111
11111100111010100000001111111111000011111111111111
11111101001101100000001111111111000011111111111111
11111100010010100000001111111111000011111111111111
11111100000111000000001111111111000011111111111111
00000000000000001111101011110111000011111111111111
00000000000000010110001011110111111111111111111111
00000000000000011010101011110111111111111111111111
00000000000000011101001011110111000011111111111111
00000000000000010010001011110111111111111111111111
00000000000000010100001011110111111111111111111111
00000000000000000000001011110111000011111111111111
11111111111111111111110110000111111111111111111111
01011111111111100000001011101111000011111111111111
11111111111111111111111101010111111111111111111111
11111111111111111111110110100111111111111111111111
11111111111111111111110101010111111101111000000000
11111111111111111111110010100111111111111111111111
01011111111111100000000100000111000011111111111111
11111111111111111111111111111011100011111111111111
11111111111111111111111111111101011011111111111111
11111111111111111111111111111110100011111111111111
00000000000000001101101011110101001111111111111111
00000000000000001101101011110010001011111111111111
00000000000000001101101011110010110011111111111111
00000000000000001101101011110000100011111111111111
11111111111111111111111111011111111101110000000000
11111111111111111111111111111111111110110001111111
11111111111111111111111111111111111111010001111111
11111111111111111111111111111111111111100001111111
11111111111111111111111111111111111100000111111111
11111111111111111111111111011111111100001011111111
11111111111111111111111111011111111100001100000000
11111111111111111111111111011111111101111100100000
11111111111111111111111111011111111101111101010000
11111111111111111111111111011111111101111100100001
11111111111111111111111111011111111101111100000100
11111111111111111111111111011111111101111100001000
11111111111111111111111111011111111101111100000000
11111111111111111111111111011111111101111100010000
