01110101111111000001111111111001111111111100000000
10111001111111111111111111111001111111111100000000
11011001111111111101111111111001111111111100000000
11101001111111000001111111111001111111111100000000
01110111111111000001111111100000001111111100000000
10001010001101000000000000000000001111111100000000
00001100001101000000000000011001111111111100000000
11111000110100000001111111111001111111111100000000
11111001011010001011111111111001111111111100000000
11111001101100000001111111111001111111111100000000
11111110110111000001111111111001111111111100000000
11111111011010000001111111111001111111111100000000
11111000101101000001111111111001111111111100000000
11111110001010000001111111111001111111111100000000
01100000000000000110000000000000001111111100000000
01100000000000000000000000011001111111111100000000
01100000100000000010000000000000001111111100000000
01100000000000100000000000000000001111111100000000
01000000100000101000000000000000001111111100000000
11111001111111000000000011111001111111111100000000
11111001111111000000001011111001111111111100000000
11111001111111000000000100111001111111111100000000
11111001111111000000100011111001111111111100000000
11111001111111000000010000011001111111111100000000
11111001111111000001101000111001111111111100000000
11111001111111000001101000111001111111111100000000
11111001111111000001111011011001111111111100000000
11110011111111010001111111100111111111111100000000
11110011111111010001111111100001111111111100000000
00000000000000000000000000010011111111111100000000
00000000000000000000000000010100001111111100000000
11110011111111010001111111111100011111111100000000
11110011111111010001111111111100001111111100000000
11110011111111010001111111111101001111111100000000
11111111111111111111111111111111110001111100000000
11111111111111111111111111111111110000111100000000
11111111111111111111111111111111110000000000000000
11111111111111111111111111111111111000001000000000
11111111111111111111111111111111111100000100000000
11111111111111111111111111111111111100000000000000
11111111111111111111111111111111111101000100000000
11111111111111111111111111111111111100101000000000
00000000000000000000000000000000000000000000011111
00000000000000000000000000000000000000000000010011
00000000000000000000000000000000000000000000001101
00000000000000000000000000000000000000000011000011
00000000000000000000000000000000000000000010100011
00000000000000000000000000000000000000000010100000
00000000000000000000000000000000000000000011011001
00000000000000000000000000000000000000000011111010
