00010100000000000000001111100000001111111110000000
00001011111111100000001111100000001111111110000000
00000110000000000000001111111111111111111110000000
10000000000000000000001111100000001111111110000000
01000011111111100000001111100000001111111110000000
10100010000000010000111111111111111111111110000000
01101100000000000000001111111111111111111110000000
01001000000101100000001111111111111111111110000000
01001000000010100000001111111111111111111110000000
01001000000000100000001111111111111111111110000000
01001000000001000000001110111111111111111110000000
01001001000000100000001111111111111111111110000000
01001000100000100000001111111111111111111110000000
01001001001000000000001111111111111111111110000000
01001001110110000000001011011111111111111110000000
00000100000000000010111111100000001111111110000000
00000000000000000001111111100000001111111110000000
00000000000000000000010100000000001111111110000000
00000000000000010000001111100000001111111110000000
00000000000000001000001111100000001111111110000000
00000100000000011000011111100000001111111110000000
00000100000000011100101111100000001111111110000000
11111111111111111011110100011111111111111110000000
11111111111111011111111010011111111111111110000000
11111111111111111011110100111111111111111110000000
11111111110111111011110000011111111111111110000000
11111111111111011011110010011111111111111110000000
00100111111111100000001111101000101111111110000000
00100111111111100000001111110111001111111110000000
00100111111111100000001111101000101111111110000000
00100111111111100000001111101001001111111110000000
00100111111111100000001111101010001111111110000000
00100111111111100000001111110100011111111110000000
00100111111111100000001111100000101111111110000000
11111111111111111111111111111111110001011110000000
11111111111111111111111111111111110000101010000000
11111111111111111111111111111111110000011110000000
11111111111111111111111111111111111000011110000000
11111111111111111111111111111111110100000110000000
11111111111111111111111111111111111011001100000000
11111111111111111111111111111111111111010110000000
11111111111111111111111111111111111011111010000000
11111111111111111111111111111111111111101100000000
00000000000000000000000000000000000000000000011101
00000000000000000000000000000000000000000000000111
00000000000000000000000000000000000000000001001101
00000000000000000000000000000000000000000001010000
00000000000000000000000000000000000000000001110011
00000000000000000000000000000000000000000000100100
00000000000000000000000000000000000000000001110100
