00010011111111110000001011100000011111111000000000
00001111111111110000001011100000011111111000000000
00001101111111110000001011100000011111111000000000
10000000111111110001001011100000011111111000000000
01100001111111110000001011100000011111111000000000
01100011111111110000001011100000011111111000000000
11000100111111110000001011100000011111111000000000
11101100111111110000001011100000011111111000000000
11111111001011110000000000000000011111111000000000
11111111000110110000000000000000011111111000000000
11111111100001111011000000000000011111111000000000
11111111010001110000000000000000011111111000000000
11111111110001110000001011100000011111111000000000
11111111101110000000000000000000011111111000000000
11111111111110010000001011100000011111111000000000
11111111111110101110001011100000011111111000000000
00000000001000010011000000000000011111111000000000
00000000000000010000000000000000011111111000000000
00000000001000011001000000000000011111111000000000
00010000001000001010000000000000011111111000000000
00000000000000000000001111100000011111111000000000
00000000000000000000000111101101011111111111111111
11111111000010110000100101100000011111111111111111
00000000000000000000111010111111011111111111111111
11111111000010110000110100000000111111111111111111
11111111000010110000111000100000011111111111111111
11111111000010110000111101000000011111111000000000
00000000000000000000000100000010111111111000000000
00000000000000000000010100000001111111111000000000
00000000000000000000010100000001011111111000000000
00000000000000000000000100010000111111111000000000
00000000000000000000010100001100111111111000000000
00000000000000000000000010011011011111111000000000
11111111111111111111111111111111100011111111111111
11111111111111111111111111111111100011111111111111
11111111111111111111111111111111100001011111111111
11111111111111111111111111111111111001111111111111
11111111111111111111111111111111111110001111111111
11111111111111111111111111111111111010011111111111
11111111111111111111111111111111111110101111111111
11111111111111111111111111111111111111110111111111
00000000000000000000011111000000011111111000010011
00000000000000000000011111000000011111111000001111
00000000000000000000011111000000011111111000001101
00000000000000000000011111000000011111111000000111
00000000000000000000011111000000011111111100000011
00000000000000000000011111000000011111111011000111
00000000000000000000011111000000011111111011101000
00000000000000000000011111000000011111111110111001
00000000000000000000011111000000011111111111111010
