01101000111111111000000000000000000000000111111111
10110100111111111000000000000000000000000111111111
11011000111111111000000000000000000000000111111111
01101110111111111000000000000000000000000111111111
10110100111111111000000000000000000000000111111111
01011011111111111000000000000000000000000111111111
00010101111111111000000001111111100000000111111111
00000110111111111000000001111111100000000111111111
11111111011101000000000001111111100000000111111111
11111111101101110000000001111111100000000111111111
11111111110110000000000001111111100000000111111111
11111111111010101000000001111111100000000111111111
11111111001101010000000001111111100000000111111111
11111111110010111000000001111111100000000111111111
11111111010101011000000001111111100000000111111111
11111111010011100000000001111111100000000111111111
11111111000101100000000001111111100000000111111111
00000000000000000011110000000000000000000111111111
00000000000000000101100010000000000000000111111111
00000000000000000110110010000000000000000111111111
00000000000000000111011100000000000000000111111111
00000000000000000101101100000000000000000111111111
00000000000000000000110000000000000000000111111111
00000000000000000000110000000000000000000111111111
00000000000000000011000000000000000000000111111111
00000011111111111000000000000111100000000111111111
00000011111111111000000000000111100000000111111111
00000011111111111000000000000011100000000111111111
00000011111111111000000000000001100000000111111111
00000011111111111000000001100001100000000111111111
00000011111111111000000001110000100000000111111111
00000011111111111000000001111100100000000111111111
00000011111111111000000001111111000000000111111111
00000000000000000000000000000000000001111111111111
00000000000000000000000000000000000001011111111111
00000000000000000000000000000000000000110111111111
00000000000000000000000000000000000000101111111111
00000000000000000000000000000000011000000111111111
00000000000000000000000000000000010110011111111111
00000000000000000000000000000000011100101111111111
00000000000000000000000000000000011010110111111111
11111111111111111111111111111111111111111000000100
11111111111111111111111111111111111111111000000011
11111111111111111111111111111111111111111000000011
11111111111111111111111111111111111111111000000011
11111111111111111111111111111111111111111000000011
11111111111111111111111111111111111111111000000001
11111111111111111111111111111111111111111100000000
11111111111111111111111111111111111111111011110001
11111111111111111111111111111111111111111011111010
