01110000110011111111111111111111111000000000000000
10111000111111111111111111111111111000000000010010
11011100111101110111111111111111111000000000010010
11101110111111111111111111111111111000000000010010
01110010110011111111111111111111111000000000010010
00110011101111111111111111111111111000000000010010
00011101111100000111111111111111111000000000010010
00000110111111111111111111111111111000000000010010
11111111010011111000000000111111111000000000010010
11111011100111111111111111111111111000000000010010
01110111000011111111111111111111111000000000010010
01110111010011111000000000111111111000000000010010
11011101111101101111111111111111111000000000010010
11111101111110101111111111111111111000000000010010
11111101111111001111111111111111111000000000010010
11111101111100001111111111111111111000000000010010
11011101111111110111111111111111111000000000010010
11111111011011111011100000111111111000000000010010
11111111011011111101110100111111111000000000010010
11111111011011111110111000111111111000000000010010
11111111011011111111011011111111111000000000010010
11111111011011111011101000111111111000000000010010
11111111011011111001110100111111111000000000010010
11111111011011111010001000111111111000000000010010
11111111011011111000100000111111111000000000010010
11111111011011111000100000111111111000000000010010
11111111111111111111111111011100100000000000010010
11111111111111111111111111101110111000000000010010
11111111111111111111111111110111000000000000010010
11111111111111111111111111111011011000000000010010
11111111111111111111111111011101100000000000010010
11111111111111111111111111001110110000000000010010
11111111111111111111111111110011000000000000010010
11111111111111111111111111010101001000000000010010
11111111111111111111111111010100010000000000010010
00000000000000000000000000000000000011100000000000
00000000000000000000000000000000000101000000000000
00000000000000000000000000000000000110000000000000
00000000000000000000000000000000000100000000000000
00000000000000000000000000000000000000001000000000
00000000000000000000000000000000000000010100000000
00000000000000000000000000000000000000001000000000
00000000000000000000000000000000000000000000010011
00000000000000000000000000000000000000000000001111
00000000000000000000000000000000000000000000001111
01111111111111111111111111111111111000000010000110
00000000000000000000000000000000000000000001100001
00000000000000000000000000000000000000000001110001
01111111111111111111111111111111111000000011110001
00000000000000000000000000000000000000000011101110
