00110000000000000011110010111001111111111111101000
00001000110000000011111111111111111111111111111111
10000000000000000011110010111001111111111111101000
10001000000000000011110010111001111111111111111111
01010100111111111111111111111111111111111111111111
00001001110000000011110010111001111111111111101000
00000000110000000011110010111001111111111111101000
00000100110000000011110010111001111111111111111111
01001111010000000011111111111111111111111111101000
01001111100000000011111111111111111111111111101000
00001000000001011011110010111001111111110011101000
00001000000000111111110010111001111110101111101000
00001000000000000111110010111001111111111111101000
00001000001000010111110010111001111111111111101000
00001000000100000111110010111001111111111111101000
00001000001101001111110010111001111111111111101000
00001000001100010111110010111001111111111111101000
00001000000111111011110010111001111111111111101000
11111111111111111101100111111111110001111111111111
11111111111111111110111011111111111111111111111111
11111111111111111111011011111111111111111111111111
11111111111111111101101111111111111101111111111111
01001000110000000001110110111001111111111111111111
01001000110000000010011010111001111111111111111111
11111111111111111111111101100001111111111111111111
01001000110000000011110010110011111111111111111111
11111111111111111111111111001111111111111111111111
11111111111111111111111101000101111111111111111111
11111111111111111111111100100001111111111111111111
01001000110000000011110000110001111111111111111111
01001000110000000011110001100001111111111111111111
11111111111111111111111111111110110001111111111111
11111111111111111111111111111111010001111111111111
11111111111111111111111111111111101101111111111111
11111111111111111101111111111110010001111111111111
11111111111111111101111111111110010011111111111111
11111111111111111101101111111110000101111111111111
11111111111011111111111111111111111110100011101000
11111111111111111111111111111111111111011011111111
11111111111011111111111111111111111110100011111111
11111111110111111111111111111111111110100011101000
11111111110111111111111111111111111110000011101000
11111111111111111111111111111111111111111101010000
11111111111111111111111111111111111111111110110110
11111111111111111111111111111111111111111101010000
01011001000000000011111111111111111110110011101101
11111111111111111111111111111111111111111100010010
01011001000000000011111111111111111110110001010011
01011001000000000011111111111111111110110001001100
01011001000000000011111111111111111110110000010100
