01110000111111000000011111111111111110100101111111
10110000111111000000011111111111111111111111111111
11011101111111000000011111111111111111111111111111
11101110111111000000011111111111111111111111111111
00110101111010000000011111111111111110011111111111
00111010111010000000011111111111111111111111111111
00010100111010000000011111111111111111111111111111
00101000111010000000011111111111111111111111111111
11111111011010000000000000000111101001111111111111
11111111101100000000000000000111101001111111111111
11111111110100000000000000000111111111111111111111
11110000011010000000000000000111111111111111111111
11111111100100000000011111111111111111111111111111
11110000000000000000011111111111101001111111111111
00000000000000011000000000000111101001111111111111
00000000000000101001000000000111101001111111111111
00000000000000110110000000000111101001111111111111
00000000000000001010100000000111101001111111111111
00000000000000001100000000000111101001111111111111
00000000000000010000000000000111101001111111111111
00000000000000000100000000000111101001111111111111
11111111000011000000001110000111111111111111111111
11111111000011000000010111000111111111111111111111
11111111000011000000011011010111111111111111111111
11111111000011000000011101101111111111111111111111
11111111000011000000001110001111111111111111111111
11111111000011000000000010010111111111111111111111
11111111000011000000000100100111111111111111111111
11111111000011000000000011000111111111111111111111
11111111111111111111111111111011010001111111111111
11111111111111111111111111111101100001111111111111
11111111111111111111111111111110110101111111111111
11111111111111111111111111111011011101111111111111
11111111001110000000011111111101101111111111111111
11111111111111111111111111111000110001111111111111
11111111001110000000011111111001110001111111111111
11111111001110000000011111111000010001111111111111
01110111111111111111111111111111111110111001111111
11110111111111111111111111111111111111011101111111
01111111111111111111111111111111111111101111111111
01111111111111111111111111111111111111110111111111
11111111111111111111111111111111111110111001111111
01111111111111111111111111111111111110011001111111
11111111111111111111111111111111111111111110110001
11111111111111111111111111111111111111111111011110
11111111111111111111111111111111111111111111101110
11111111111111111111111111111111111111111110110001
11111111111111111111111111111111111111111110110001
11111111111111111111111111111111111111111110110001
11111111111111111111111111111111111111111111001110
