01110000000000001111111100010111111110010100000000
10111010000000001111111100000011111111111100000000
11011100100000001111111100000011111111111100000000
11101101000000001111111100011011111111111100000000
01110100000000001111111100000011111111111100000000
00111011000000001111111100000011111111111100000000
01000101000000001111111100000011111111111100000000
00010110000000001111111100000011111111111100000000
00100000000000001111111100000011111111111100000000
00000000001100101111111100000011111111111100000000
00000000010110101111111100000011111111111100000000
00000000011011001111111100000011111111111100000000
00000000001101111111111100000011111111111100000000
00000000000110111111111100000011111111111100000000
00000000011011011111111100000011111111111100000000
00000000000011101111111100000011111111111100000000
11111111111111110110100001001111111111111100000000
11111111111111111011000000000011111011111100000000
11111111111111111101000000000011111111111100000000
11111111111111110110110000000011111111111100000000
11111111111111111001001100000011111111111100000000
11111111111111110001001000000011111111111100000000
11111111111111110000110000000011111111111100000000
11111111111111110000100000000011111111111100000000
00000000000000000000000000101111111101111100000000
00000000000000001000000000010111111111111100000000
00000000000000000000000010001111111111111100000000
10010000000000000000000001000111111111111100000000
00010000000000001000000010100111111111111100000000
10000000000000001000000011111011111111111100000000
11111111111111111111111111111101010111111100000000
11111111111111111111111111111110101001111100000000
11111111111111111111111111111101010111111100000000
11111111111111111111111111111110101001111100000000
11111111111111111111111111111101010111111100000000
11111111111111111011111111111110101001111100000000
11111111111111111111111101111110101001111100000000
01111111111111111111111111111111111110110000000000
01111111111111111111111111111111111111011000000000
11111111111111111111111111111111111111101100000000
01111111111111111111111111111111111110110100000000
11111111111111111111111111111111111110011000000000
00000000000000000000000000000000000000000000001111
00000000000000000000000000000000000000000000001111
00000000000000000000000000000000000000000000000011
00000000000000000000000000000000000000000000000011
00000000000000000000000000000000000000000011000111
00000000000000000000000000000000000000000011001000
00000000000000000000000000000000000000000011111001
00000000000000000000000000000000000000000011111010
