00001111111111111011000000000010000100000000000000
00001011111111111011000000000010000100000000000000
00000111111111110000000000000010000100000000000000
00000100111111110000000000000010000100000000000000
11000111111111111011000000000010000100000000000000
10111001111111111011000000000010000100000000000000
11101001111111111011000000000010000100000000000000
11101110111111111011000000000010000100000000000000
11111111000110111011000000000010000100000000000000
11111111000010111011000000000010000100000000000000
11111111000001111011000000000010000100000000000000
11111111100001011011000000000010000100000000000000
11111111110001011011000000000010000100000000000000
11111111001110111011000000000010000100000000000000
11111111111001001011000000000010000100000000000000
11111111111111001011000000000010000100000000000000
11001111111111110010000000000010000100000000000000
00000000000000000001100000000010000100000000000000
11001111111111111000111111111111111100000000000000
11001111111111110100111111111111111100000000000000
00000000000000000111011111111111111100000000000000
00000000000000000011101010000111111100000000000000
00000000000000000011110100000111111100000000000000
00000000000000000011101010000111111100000000000000
00000000000000000011110101111111111100000000000000
00000000000000000011100010110010000100000000000000
00000000000000000011100011010010000100000000000000
00000000000000000011100011101010000100000000000000
00000000000000000011100010010010000100000000000000
00000000000000000011111110000011100000000000000000
11111111111111111111111111111101101000000000000000
00000000000000000011111110000110110000000000000000
00000000000000000011111110000111011000000000000000
00000000000000000011111110000001100000000000000000
00000000000000000011111110000010100100000000000000
11111111111111111111111111111000001000000000000000
00000000000000000000000000000000000001100100000000
00000000000000000000000000000000000010110000000000
00000000000000000000000000000000000011011000000000
00000000000000000000000000000000000001101000000000
00000000000000000000000000000000000000110000000000
00000000000000000000000000000000000010000000000000
00000000000000000000000000000000000000000000011011
00000000000000000000000000000000000000000000001110
00000000000000000000000000000000000000000000000111
00000000000000000000000000000000000000000010001000
00000000000000000000000000000000000000000011010011
00000000000000000000000000000000000000000001100011
00000000000000000000000000000000000000000011101101
00000000000000000000000000000000000000000010101110
