00100111111111111000000000000000001111111111111111
00011011111111111000000000000000001111111111111111
10000001111111111000000000000000001111111111111111
01001111111111111111111111000000001111111111111111
01010111111111111111111111000000001111111111111111
10011001111111111111111111000000001111111111111111
11011001111111111111111111000000001111111111111111
11111110111111111111111111000000001111111111111111
11111111000011111111111111000000001111111111111111
11111111000010111111111111000000001111111111111111
11111111000001011111111111000000001111111111111111
11111111000000111111111111000000001111111111111111
11111111110001010111111111000000001111111111111111
11111111101010011111111111000000001111111111111111
11111111110100001111111111000000001111111111111111
11111111111111001111111111000000001111111111111111
11111111111101110111111111000000001111111111111111
00011111111111111000101111000000001111111111111111
00011111111111111000011111000000001111111111111111
00011111111111111000010111000000001111111111111111
00011111111111111100001011000000001111111111111111
00011111111111111011000101000000001111111111111111
00011111111111111110100010000000001111111111111111
00011111111111111111010001000000001111111111111111
00011111111111111111101001000000001111111111111111
00011111111111111111110110000000001111111111111111
00000000000000000000000000000011111111111111111111
00000000000000000000000000000010111111111111111111
00000000000000000000000000000001111111111111111111
00000000000000000000000000000001011111111111111111
00000000000000000000000000110000111111111111111111
00000000000000000000000000101100111111111111111111
00000000000000000000000000111011011111111111111111
00000000000000000000000000111111101111111111111111
11111111111111111111111111111111110001111111111111
11111111111111111111111111111111110001011111111111
11111111111111111111111111111111110000100111111111
11111111111111111111111111111111111100011111111111
11111111111111111111111111111111111010011101111111
11111111111111111111111111111111111101101111111111
11111111111111111111111111111111111101110011111111
11111111111111111111111111111111111111110011111111
11111111111111111111111111111111111111011101111111
11111111111111111111111111111111111111111110010101
11111111111111111111111111111111111111111110000010
11111111111111111111111111111111111111111111000101
11111111111111111111111111111111111111111110000001
11111111111111111111111111111111111111111111010000
11111111111111111111111111111111111111111110100000
11111111111111111111111111111111111111111111011000
