01010100111001111111111111111111111111111111111111
10100100111001111111111111111111111100000111111111
01011100111001111111111111111111111100000111111111
10101100111001111111111111111111111100000111111111
00110111111110100111011111111111100100000111111111
11111011000101111111111111111111111100000111111111
00001101100000100111011111111111100100000111111111
00001110110010100111011111111111100100000111111111
11111011011101111111111111111111111100000111111111
11111001100001111111111111111111111100000111111111
11111000100001111111111111111111111100000111111111
00001100100000100111011111111111100100000111111111
00001001000000100111011111111111100100000111111111
11110100111000111000011111111111111100000111111111
11111111111111011100111111111111111100001111111111
11110100111001101110011111111111111100000111111111
11110100111001110111011111111111111100000111111111
11111111111110111000011111111111111100000111111111
11111111111110011000011111111111111100000111111111
11111111111110001000011111111111111100000111111111
11110100111000100000011111111111111100000111111111
11111111111111111111101100010111111100000111111111
11111111111111111111110110000111111100000111111111
11111111111111111111111010001111111100000111111111
11111111111111111111101101100111111100000111111111
11111111111111111111100010000111111100000111111111
11111111111111111111100010000111111100000111111111
11111111111111111111110000000111111100000111111111
11111111111111111111100100000111111100000111111111
11111111111111111111111111111011011100000111111111
11111111111111111111111111111101101110010111111111
11111111111111111111111111111110111000111111111111
11111111111111111111111111111011010000000111111111
11110100111001111111111111111101101000000111111111
11110100111001111111111111111111010000000111111111
11111111111111111111111111111110000000000111111111
10000000000000000000000000000010000000111111111111
10000000000000000000000000000000000000111111111111
10000000000000000000000000000001000011011111111111
10000000000000000000000000000011000011101111111111
10000000000000100000000000000001000011110111111111
11111111111111111111111111111111111111111000011001
11111111111111111111111111111111111111111000010111
11111111111111111111111111111111111111111000001111
11111111111111111111111111111111111111111000000010
11111111111111111111111111111111111111111110000111
11111111111111111111111111111111111111111101000111
11111111111111111111111111111111111111111011011000
11111111111111111111111111111111111111111011111001
11111111111111111111111111111111111111111111011010
