01110100000000000000000000000000000000000011101100
10111000000000000000000000000000000000000011101100
11011001000000000000000000000000000000000011101100
11101011100000000000000000000000000000000011101100
01110110000000000000000000000000000000000011101100
10001000000000000000000000000000000000000011101100
00011000000000000000000000000000000000000011101100
00110000100000000000000000000000000000000011101100
00010001000000000000000000000000000000000011101100
00000000001101000000000000000000000000000011101100
00000000010110000000000000000000000000000011101100
00000000011011111000000000000000000000000011101100
00000000001101000000000000000000000000000011101100
00000000010110001000000000000000000000000011101100
00000000000100010000000000000000000000000011101100
00000000000100100000000000000000000000000011101100
00000000000101000000000000000000000000000011101100
00000000000000000011101001000000000000000011101100
00000000000000000101110100000000000000000011101100
00000000000000000110110101000000000000000011101100
00000000000000000111011010000000000000000011101100
00000000000000000011101010000000000000000011101100
00000000000000000100110111000000000000000011101100
00000000000000000011001010000000000000000011101100
00000000000000000000111100000000000000000011101100
00000000000000000101001000000000000000000011101100
00000000000000000000000000011101110000000011101100
00000000000000000000000000101110010000000011111111
00000000000000000000000000110110110000000011101100
00000000000000000000000000111011000000000011111111
00000000000000000000000000011101100000000011111111
00000000000000000000000000100110000000000011101100
00000000000000000000000000101010000000000011101100
00000000000000000000000000111000000000000011101100
00000000000000000000000000000000000110110011101100
00000000000000000000000000000000001011000011101100
00000000000000000000000000000000001101001111101100
00000000000000000000000000000000000110110011101100
00000000000000000000000000000000001001000111101100
00000000000000000000000000000000001001001011101100
00000000000000000000000000000000000010010011101100
00000000000000000000000000000000000010100011101100
11111111111111111111111111111111111111111101110000
11111111111111111111111111111111111111111110110001
11111111111111111111111111111111111111111111010010
00000000000000000000000000010110000000000011101100
11111111111111111111111111111111111111111100010110
11111111111111111111111111111111111111111100011010
00000000000000000000000000010110000000000000101100
00000000000000000000000000010110000000000001000000
