00101111000110011111111000000000111111111000000000
00010111000110011111111000000000111111111000000000
10001110000000011111111000000000111111111000000000
01000111000110011111111000000000111111111000000000
10100011000110011111111000000000111111111000000000
11110011000110011111111000000000111111111000000000
11111101000000011111111000000000111111111000000000
11011110000110011111111000000000111111111000000000
00000000000011111111111000000000111111111000000000
00000000000001111111111000000000111111111111111111
00000000000001111111111000000000111111111111111111
11011101000000011111111000000000111111111111111111
11011101100000011111111000000000111111111000000000
00000000111000011111111000000000111111111111111111
00000000111000011111111000000000111111111111111111
11111111111111100010111000000000111111111111111111
11111111111111100001111000000000111111111111111111
11111111111111100000011000000000000000000111111111
11111111111111110000101000000000000000000111111111
11111111111111101000010000000000111111111111111111
11111111111111111010010000000000111111111111111111
11111111111111111101101000000000000000000111111111
11111111111111111110010000000000111111111111111111
00000000000000000000000000011111000000000000000000
00000000000000000000000000001011000000000000000000
00000000000000000000000000000111000000000000000000
00000000000000000000000000000111000000000000000000
00000000000000000000000100000011000000000000000000
00000000000000000000000110000101000000000000000000
00000000000000000000000101101010000000000000000000
00000000000000000000000111110101000000000000000000
00000000000000000000000111111010000000000000000000
11111111111111111001101000000000000010001111111111
11111111111111111001101000000000000001110111111111
11111111111111111001101000000000000001101111111111
11111111111111111001101000000000000000011111111111
11111111111111111001101000000000100000001111111111
11111111111111111001101000000000011000110111111111
11111111111111111001101000000000011001010111111111
11111111111111111001101000000000010101101111111111
11111111111111111001101000000000101110010111111111
00000000011101111111111000000000111111111000010111
00000000011101111111111000000000111111111000010101
00000000011101111111111000000000111111111000001011
00000000011101111111111000000000111111111000001011
00000000011101111111111000000000111111111110000111
00000000011101111111111000000000111111111001100001
00000000011101111111111000000000111111111110010011
00000000011101111111111000000000111111111101110100
00000000011101111111111000000000111111111111111100
