01110001111101110001111111111111111111111111110000
10101001111111111111111111111111111111111111110000
11010101111111111111111111111111111111111111110000
10101001100011111111111111111111111111111111110000
01010001111101110001111111111111111111111111110000
00100001100001110001111111111111111111111111110000
00000001100001110001111111111111111111111111110000
11111110111011111111111111111111111111111111110000
11111111000011111111111111111111111111111111110000
11101001001011111111111111111111111111111111110000
11101001010111111111111111111111111111111111110000
11101000001011111111111111111111111111111111110000
01110001111101110001111111111111111111111111110000
11111111111110110011111111111111111111111111110000
11111111111111001100000000001111111111111111110000
11111111111111001110000000001111111111111111110000
01110001111100110101111111111111111111111111110000
01110001111100111001111111111111111111111111110000
01110001111101010000000000001111111111111111110000
11111111111111001100110000001111111111111111110000
11111111111111001101011000001111111111111111110000
11111111111111001101101100001111111111111111110000
11111111111111001100110110001111111111111111110000
11111111111111001100011011011111111111111111110000
11111111111111001100001101101111111111111111110000
11111111111111001100000110101111111111111111110000
11111111111111001100000011011111111111111111110000
11111111111111001100000100101111111111111111110000
11111111111111111111111111110111010001111111110000
11111111111111111111111111111011101001111111110000
11111111111111111111111111111101110101111111110000
11111111111111111111111111111110111011111111110000
11111111111111111111111111110111010111111111110000
11111111111111111111111111111011101111111111110000
11111111111111111111111111110101010101111111110000
11111111111111111111111111110010111001111111110000
11111111111111111111111111110001110001111111110000
11111111111111111111111111111111111110111010000000
11111111111111111111111111111111111111011100110000
11111111111111111111111111111111111111101110000000
11111111111111111111111111111111111111110111000000
11111111111111111111111111111111111110111011000000
11111111111111111111111111111111111111011101110000
11111111111111111111111111111111111110001110000000
11111111111111111111111111111111111110100010000000
11111111111111111111111111111111111110100010000000
00000000000000000000000000000000000000000000000011
00000000000000000000000000000000000000000000000000
00000000000000000000000000000000000000000000001000
00000000000000000000000000000000000000000000001000
