01101000000000111110000000000000000000000111111111
10101000000000111110000000000000000000000111111111
11010101111111111110000000011111111000000111111111
00100000000000111110000000000000000000000111111111
11000001111111111110000000011111111000000111111111
00100010000000111110000000000000000000000111111111
00000100000000111110000000000000000000000111111111
00101000101000111110000000011111111000000111111111
00101001010000010100000000011111111000000111111111
00101000101000111110000000011111111000000111111111
00101001010001010010000000000000000000000111111111
00101000000010101110000000011111111000000111111111
00101000000101111110000000000000000000000111111111
00101000001010111110000000000000000000000111111111
11111111010111011000000000011111111010000111111111
11111111111011101110000000011111111000000111111111
11111111010111110110000000011111111000001111111111
11111111110111011000000000011111111000000111111111
11111111011111011000000000011111111000000111111111
00000000000000000000010111000000000000000111111111
00000000000000000000001011100000000000000111111111
00000000000000000001000101100000000000000111111111
00000000000000000000100010100000000000000111111111
00000000000000000001010001100000000000000111111111
00000000000000000001101000100000000000000111111111
00000000000000000001110100000000000000000111111111
00000000000000000000111110000000000000000111111111
00101001110100111110000000000001111000000111111111
00101001110100111110000000000000111000000111111111
00101001110100111110000000000000110000000111111111
00101001110100111110000000000000001000000111111111
00101001110100111110000000010000001000000111111111
00101001110100111110000000011100011000000111111111
00101001110100111110000000011100100000000111111111
00101001110100111110000000011011100000000111111111
00000000000000000000000000000000000001111111111111
00000000000000100000000000000000000000011111111111
00000000000000000000000000000000000100110111111111
00000000000000000000000000000000000101001111111111
00000000000000000000000000000000000111001111111111
00000000000000001000000000000000000110110111111111
11111111111111111111111111111111111111111000011000
11111111111111111111111111111111111111111000000110
11111111111111111111111111111111111111111000000101
11111111111111111111111111111111111111111000000010
11111111111111111111111111111111111111111100001000
11111111111111111111111111111111111111111100010000
11111111111111111111111111111111111111111011000001
11111111111111111111111111111111111111111010100001
11111111111111111111111111111111111111111001000110
