01110011100011111111111111111111111100000000011111
10111011100011111111111111111111111100000000011111
11010011111111111111111111111111111111111111111111
11100111100011111111111111111111111100000000011111
01000011100011111111111111111111111100000000011111
00010011100011111111111111111111111100000000011111
11111100110011111111111111111111111100000000011111
11111100110011111111111111111111111100000000011111
11111111010111111111111111111111111100000000011111
00100011101011111111111111111111111111111111111111
00100000010111111111111111111111111111111111111111
00100000101011111111111111111111111111111111111111
11111111111101010001111111111111111111111111111101
11111111111110011001111111111111111111111111111111
11111111111100000001111111111111111111111111111110
11111111111111001000000000000000000011111111111111
11111111111101010000000000000000000011111111111111
11111111111100000000000000000000000011111111101110
11111111111100000000000000000000000011111111111111
11111111111111100000111000000000000011111111111111
11111111111111100001011000000000000011111111111111
11111111111111100001101010000000000011111111111111
11111111111111100001110110100000000011111111111111
11111111111111100000001010100000000011111111111111
11111111111111100000011101000000000011111111111111
11111111111111100000000010100000000011111111111111
11111111111111100000001101000000000011111111111111
11111111111111100000000000001110110111111111111111
11111111111111100000000000010111000011111111111111
11111111111111100000000000011011001111111111111111
11111111111111100000000000011101100011111111111111
11111111111111100000000000001110111111111111111111
11111111111111100000000000010011011011111111111111
11111111111111100000000000010001101011111111111111
11111111111111100000000000000101110011111111111111
11111111111111100000000000010101000011111111111111
00100000011111111111111111111111111101110110011111
00100000011111111111111111111111111110111000111111
00100000011111111111111111111111111111011010011111
00100000011111111111111111111111111111101101011111
00100000011111111111111111111111111101110110011111
00100000011111111111111111111111111110011010011111
00100000011111111111111111111111111110101101011111
00100000011111111111111111111111111100010010011111
00100000011111111111111111111111111101000000011111
11111111111111111011111111111111111111111111101000
11111111111111111111111111111111111111111111110111
11111111111111111111111111111111111111111111101001
11111111111101111111111111111111111111111111101000
11111111111111011011111111111111111111111111101100
