00000101101101111111111000000001000111111110000000
00001110000000111111111000000000000111111110000000
00001100000000111111111000000000000111111110000000
00000110000000111111111000000000000111111110000000
01100010000000111111111000000000000111111110000000
11110010000000111111111000000011110111111110000000
01011101101101111111111000000000000111111110000000
10000010001111111111111000000000000111111110000000
10000010000010111111111000000000000111111111010101
00000000000011111111111000000000000111111111010101
10000011000100111111111000000000000111111110000000
10000011001001111111111000000000000111111111010101
00000001110001111111111000000000000111111111010101
10000011010110111111111000000000000111111111010101
11111111111111011110001011000000000111111111010101
11111111111111101110111000000000000111111111010101
11111111111111110111000000000000000111111111010101
11111111111111111011000000000010011111111111010101
11111111111111111101100000000100011111111111010101
11111111111111001110111000000000000111111111010101
11111111111111010011010000000000000111111111010101
11111111111111010001100000000000000111111111010101
11111111111111110001000000000000000111111111010101
00000000000000000000000000111100000111111110000000
00000000000000100000000000101100000111111110000000
00000000000000100000000000011100000111111110000000
00000000000000000000000110001100000111111110000000
00000000000000000000000101000000000111111110000000
00000000000000000000000111100100000111111110000000
00000000000000000010000111101000000111111110000000
00000100000000000100000000000000101111111110000000
10000100000000000000000000000000010111111110000000
00000100000000000000000000000010011111111110000000
00000100000000000110000000000001101111111110000000
00000000000000000110000000000010110111111110000000
11111111111111111111111111111111111000011111010101
11111111111111111111111111111111111000011111010101
11111111111111111111111111111111111000011111010101
11111111111111111111111111111111111000001111010101
11111111111111111111111111111111111111000111010101
11111111111111111111111111111111111111100011010101
11111111111111111111111111111111111111110011010101
11111111111111111111111111111111111111111101010101
00000000110111111111111000000000000111111110000011
00000000000000000000000000000000000000000000000111
00000000110111111111111000000000000111111110000111
00000000000000000000000000000000000000000000000011
00000000110111111111111000000000000111111110110011
00000000000000000000000000000000000000000001111101
00000000110111111111111000000000000111111111111110
