01110000000000000000000000111111111111111111111111
10100000111111111000000000111111111111111111111111
11001110111111111000000000111111111111111111111111
10001000111111111000000000111111111111111111111111
00110110000000000000000000111111111111111111111111
00101000000000000000000000111111111111111111111111
00101000000000000000000000111111111111111111111111
00000000000000000000000000111111111111111111111111
01110000011010000000000000111111111111111111111111
01110000101100010000000000111111111111111111111111
01110000110101000000000000111111111111111111111111
01110000011011100000000000111111111111111111111111
01110000100100110000000000111111111111111111111111
01110000001100000000000000111111111111111111111111
01110000000110000000000000111111111111111111111111
01110000010010001000000000111111111111111111111111
01110000000000010000000000111111111111111111111111
00000000000000000011110001111111111111111111111111
00000000000000000101111000111111111111111111111111
00000000000000000110111100111111111111111111111111
00000000000000000111011100111111111111111111111111
00000000000000000111101110111111111111111111111111
00000000000000000011110010111111111111111111111111
00000000000000000001110001111111111111111111111111
00000000000000000000011000111111111111111111111111
00000000000000000100000100111111111111111111111111
11111111111111111111111111011010001011111111111111
11111111111111111111111111101100001011111111111111
11111111111111111111111111110111001011111111111111
11111111111111111111111111011010101011111111111111
11111111111111111111111111101101111011111111111111
11111111111111111111111111001010101111111111111111
11111111111111111111111111000111001011111111111111
11111111111111111111111111000010001111111111111111
11111111111111111111111111111111110110100111111111
11111111111111111111111111000001011011100111111111
11111111111111111111111111111111111101000111111111
11111111111111111111111111111111110110111111111111
11111111111111111111111111111111111101000111111111
11111111111111111111111111111111110001001111111111
11111111111111111111111111111111110001010111111111
11111111111111111111111111111111111111111011110000
11111111111111111111111111111111111111111101110000
11111111111111111111111111111111111111111110110100
11111111111111111111111111111111111111111111011010
11111111111111111111111111111111111111111111101110
11111111111111111111111111111111111111111000110101
11111111111111111111111111111111111111111001011000
11111111111111111111111111111111111111111000110000
11111111111111111111111111111111111111111000001000
