00010111111111111111111111111111111111000000000000
00001011111111111111111111111111111111000000000000
00000111011111111111111111111111111111000000000000
10000000101000111011011111111100011110000000000000
01000001111111111111111111111111111111000000000000
10100000111111111111111111111111111111000000000000
11100000111111111111111111111111111111000000000000
11101000111100111011011111111100011110000000000000
11011111011111111111111111111111111111000000000000
11101111101010111011011111111100011110000000000000
11111111110100111111111111111111111111000000000000
11101111101010111011011111111100011110000000000000
11101110110100111111111111111111111111000000000000
11101110100000111011011111111100011110000000000000
11111111111111011101011111111100011110000000000000
11111111111111101110011111111111111111000000000000
11111111111111110110111111111111111111000000000000
11101110101010111011111111111100011110000000000000
11111111111111011101011111111111111111000000000000
11111111111111100110011111111100011110000000000000
11101110101010001100011111111100011110000000000000
11111111111111111111101110101011111111000000000000
11111111111111111111110111010011111111000000001100
11111111111111111111111011100011111111000000001010
11111111111111111111111101100011111111000000000000
11111111111111111111101110101011111111000000000000
11111111111111111111110111010111111111000000000000
11111111111111111111101000100011111111000000000000
11111111111111111111110001000011111111000000000000
11111111111111111111100000100011111111000000000000
11101110101010011010011111111101111000000000000000
11101110101010011010011111111110111000000000000000
11101110101010011010011111111111011000000000000000
11111111111111111111111111111111101110000000000000
11111111111111111111111111111111110111000000000010
11111111111111111111111111111100011000000000001101
11111111111111111111111111111100011001000000000000
11101110101010011010011111111100001010000000000000
00000000000000000000000000000000000000000101110000
00000000000000000000000000000000000000000010010000
00000000000000000000000000000000000000000000110000
00000000000000000000000000000000000000100001110000
00000000000000000000000000000000000000010000010000
00000000000000000000000000000000000000100100110000
00000000000000000000000000000000000000101101010000
00000000000000000000000000000000000000111111100000
00000000000000000000001100000000000100000000000001
00000000000000000000001000000000000100000000000001
00000000000000000000000100000000001000000000000000
00000000000000000000000000000000000100000000001100
