00101110000000000000000000000001111111111110000000
00010111111111100000000111111111111111111110000000
10001011111111100000000111111111111111111110000000
01000011111111100000000111111111111100100000000000
10100001111111100000000111111111111111111110000000
11000011111111100000000111111111111111111110000000
11110101111111100000000111111111111111111110000000
01111110110000100000000111111111111111111110000000
01111111011000100000000000000001111111111110000000
01111111101000000000000111111111111111111110000000
01111110110110000000000111111111111111111110000000
01111110001001000000000111111111111111111110000000
01111110001001000000000111111111111111111110000000
01111110000110000000000111111111111111111110000000
01111111100000000000000000000001111111111110000000
00000000000000001101100000000001111111111110000000
00000000000000010110000000000001111111111110000000
00000000000000011011000000000001111111111110000000
00000000000000001101111000000000111011111110000000
00000000000000010110011000000001111111111110000000
00000000000000010010010000000001111111111110000000
00000000000000000011100000000001111111111110000000
00000000000000000011000000000001111111111110000000
01111111011111000000000011110101111111111110000000
01111111011111000000000101110111111111111110000000
01111111011111000000000110111111111111111110000000
01111111011111000000000111011001111111111110000000
01111111011111000000000111101001111111111110000000
01111111011111000000000001110001111111111110000000
01111111011111000000000111000011111111111110000000
01111111011111000000000011000101111111111110000000
11111111111111111101111111111110110011111110000000
11111111111111111111111111111111011000100000000000
11111111111111111111111111111111100011111110000000
11111111111111111111111111111110100011111110000000
11111111111111111101111111111110000000100000000000
11101111111111111111111111111111011001101100000000
11101111111111111111111111111111011010110000000000
11111111111111111111111111111111111111010010000000
11101111111111111111111111111111011001101110000000
11101111111111111111111111111111011010010000000000
11101111111111111111111111111111011010010000000000
11101111111111111111111111111111011000110000000000
00000000000000000000000000000000000000000000000110
00000000000000000000000000000000000000000000000100
00000000000000000000000000000000000000000000000001
00000000000000000000000000000000000000000000000001
00000000000000000000000000000000000000000001100010
00000000000000000000000000000000000000000001000100
00000000000000000000000000000000000000000000011000
