01110000000000001111111100000000000000111111111111
10101000111111111111111111111111111111111111111111
11010100111111111111111111111111111111111111111111
10101110111111111111111111111111111111111111111111
01010000000000001111111100000000000000111111111010
00110000000000001111111100000000000000111111110100
00010000000000001111111100000000000000111111111111
00000000000000001111111100000000000000111111111111
01110000011100001111111111111111111111111111110001
01110000101110011111111100000000000000111111111111
01110000110111001111111100000000000000111111111111
01110000111011101111111100000000000000111111111111
01110000011101001111111111111111111111111111110000
01110000001110001111111111111111111111111111111111
01110000000100001111111111111111111111111111111111
01110000010000001111111100000000000000111111111111
11111111111111110001011011111111111111000000001111
11111111111111110000100011111111111111000000001111
11111111111111110000011111111111111111000000001111
11111111111111111000001011111111111111000000001111
11111111111111110100010111111111111111111111111111
11111111111111111010100111111111111111111111111111
11111111111111111011000111111111111111111111111111
11111111111111110010111011111111111111111111111111
01110000100011101111111100001111111111111111111111
01110000100011101111111100001111111111111111111111
01110000100011101111111100001111111111111111111111
01110000100011101111111100000010000000111111111111
01110000100011101111111111100010111111111111111111
01110000100011101111111111100001111111111111111111
01110000100011101111111111111001000000111111111111
01110000100011101111111111100110111111111111111111
01110000100011101111111111101101011010111111111111
01110000100011101111111111101101101101111111111111
01110000100011101111111111101101110111111111111111
01110000100011101111111111101101011010111111111111
01110000100011101111111111101101101100111111111111
01110000100011101111111111101101011000111111111111
11111111111111110000111111111111111111011110101111
11111111111111110000111111111111111111101110101111
11111111111111110000111111111111111111110100111111
11111111111111110000111111111111111111111001001111
11111111111111110000111111111111111111110001011111
11111111111111110000111111111111111111000110011111
11111111111111110000111111111111111111111000001111
11111111111111110000111111111111111111001011001111
11111011011101111111111111111111111111111111110100
11110111011101111111111111111111111111111111111000
11111011011101111111111111111111111111111111110001
11110011111101111111111111111111111111111111110010
