00010111011111111111110010111111111111111110000000
00001011111111111111110000001111111111111110000000
00000101111111111111110000001111111111111110000000
10000100111111111111110000001111111111111110000000
01000011011111111111110000001111111111111110000000
10110000111111111111110000001111111111111110000000
11001000111111111111110000001111111111111110000000
11101000111111111111110000001111111111111110000000
01110111011111111111110000001111111111111110000000
11111111100001111111110000001111111100000000000000
11111111100011111111110000001100100000000000000000
11111111100000011111110000001100100000000000000000
11111111101001111111110000001111111111111110000000
11111111111010011111110000001111111100000000000000
11111111111010011111110000001111111111111110000000
11111111111111100011010000001111111111111110000000
11111111111111100000110000001111111111111110000000
11111111111111100011110000001111111111111110000000
11111111111111110100100000001111111111111110000000
11111111111111110100000000001111111111111110000000
11111111111111101110010000001111111111111110000000
11111111111111111100100000001111111111111110000000
00000000000000000000000010111111111100000000000000
00000000000000000000000001111100100000000000000000
10000000000000000000001000001100100000000000000000
00000000000000000000000100111100100000000000000000
10000000000000000000001101011100100000000000000000
10000000000000000000001101101100100000000000000000
11111111111111111111111111110110010011111110000000
11111111111111111111111111111011000011111110000000
11111111110011111111111000001101100111111110000000
11111111110011111111111000000110110011111110000000
11111111111111111111111111110011010011111110000000
11111111110011111111111000001001101011111110000000
11111111110011111111111000000000010011111110000000
11111111110011111111111000000010000011111110000000
11111111100010111111110000001111111100011110000000
11111111100010111111110000001111111100000000000000
11111111100010111111110000001111111100000010000000
11111111100010111111110000001111111110001100000000
11111111100010111111110000001111111110010110000000
11111111100010111111110000001111111110011010000000
11111111100010111111110000001111111110101100000000
00000000000000000000000000000000000000000000000111
00000000000000000000000000000000000000000000000001
00000000000000000000000000000000000000000000000001
00000000000000000000000000000000000000000000000011
00000000000000000000000000000000000000000001000011
00000000000000000000000000000000000000000001001101
00000000000000000000000000000000000000000001111110
