01000000000000000000000011111111111111111100000000
10000000000000000000000011111111111111111100000000
00010000000000000000000011111111111111111100000000
00101000000000000000000011111111111111111100000000
00010000000000000000000011111111111111111100000000
00000010000000000000000011111111111111111100000000
00000100000000000000000011111111111111111100000000
00000000111000000000000011111111111111111100000000
00000001011101000000000011111111111111111100000000
00000001101110000000000011111111111111111100000000
00000001110110100000000011111111111111111100000000
00000000111001010000000011111111111111111100000000
00000000011001000000000011111111111111111100000000
00000000100110110000000011111111111111111100000000
00000000001001000000000011111111111111111100000000
00000000000101000000000011111111111111111100000000
00000000000000000100110011111111111111111100000000
00000000000000001011001111111111111111111100000000
00000000000000000100110011111111111111111100000000
00000000000000000100111111111111111111111100000000
00000000000000001011000011111111111111111100000000
00000000000000001011000011111111111111111100000000
00000000000000000101000011111111111111111100000000
00000000000000000101000011111111111111111100000000
11111111111111111111111101101011001111111100000000
11111111111111111111111110110111001111111100000000
11111111111111111111111111011011001111111100000000
11111111111111111111111101101011111111111100000000
11111111111111111111111110110111111111111100000000
11111111111111111111111101001011111111111100000000
11111111111111111111111111111101101111111100000000
11111111111111111111111111111110111111111100000000
11111111111111111111111100011111001111000000000000
11111111111111111111111100011101001111000000000000
11111111111111111111111111111111110110110000000000
11111111111111111111111111111111111011001000000000
11111111111111111111111111111111111101100000000000
11111111111111111111111111111111110110111000000000
11111111111111111111111111111111001011011000000000
11111111111111111111111111111111001001101000000000
11111111111111111111111111111111000101110000000000
11111111111111111111111111111111000000000000000000
00000000000000000000000000000000000000000000011111
00000000000000000000000000000000000000000000000111
00000000000000000000000000000000000000000000000111
00000000000000000000000000000000000000000010001111
00000000000000000000000000000000000000000010010001
00000000000000000000000000000000000000000011110001
00000000000000000000000000000000000000000011110001
00000000000000000000000000000000000000000011111110
