01110110000000011111100001111001100100000000000000
10011110000000011111100001111001100100000000000000
10001110000001011111100001111001100100000000000000
11001110000001011111100001111001100100000000000000
01110010000001011111100001111001100100000000000000
11110010000001011111100001111001100100000000000000
11111100000001011111100001111001100100000000000000
00000000000110111111100001111001100100000000000000
00000000000010111111100001111001100100000000000000
00000000000001011111100001111001100100000000000000
00000000000000111111100001111001100100000000000000
00000001000000111111100001111001100100000000000000
00000001100000011111100001111001100100000000000000
00111110010000011111100001111001100100000000000000
00000001101100011111100001111001100100000000000000
11111111111111100011000000001001100100000000000000
11111111111111100011100000000000000000000000000000
11111111111111100001100000001001100100000000000000
11111111111111111000100001110000000000000000000000
11111111111111111100100001110000000000000000000000
11111111111111101111000000001001100100000000000000
00000000000000000000000011010000000000000000000000
00000000000000000000000010110000000000000000000000
00000000000000000000000000010000000000000000000000
00000000000000000000011000010000000000000000000000
11111111111111100011010000011001100100000000000000
11111111111111100011001000011001100100000000000000
11111111111111100011011111101001100100000000000000
11111111111111110100100001110000110100000000000000
00000000000000000000000000000000001100000000000000
00000000000000000000000000000000001000000000000000
11111111111111110100100001110000000000000000000000
11111111111111110100100001111000010100000000000000
00000000000000000000000000001000100000000000000000
00000000000000000000000000000110000000000000000000
11111111111111110100100001111100100000000000000000
00000000000000000000000000000000000000101000000000
00000000000000000000000000000000000000001100000000
00000000000000000000000000000000000010000000000000
00000000000000000000000000000000000000000100000000
00000000000000000000000000000000000011000100000000
00000000000000000000000000000000000001011000000000
00000000000000000000000000000000000000000000010110
00000000000000000000000000000000000000000000001001
00000000000000000000000000000000000000000000000011
00000000000000000000000000000000000000000010000011
00000000000000000000000000000000000000000001000111
00000000000000000000000000000000000000000010001001
00000000000000000000000000000000000000000010111001
00000000000000000000000000000000000000000001111110
