01100011111111111111111100000000011111100001110001
10110000111111111111111100000000011111100001110001
11011000111111111111111100000000011111111111110001
01100100111111111111111100000000011111100001110001
00100100111111111111111100000000011111100001110001
00011000111111111111111100000000011111100001110001
10000001111111111111111100000000011111100001110001
10000010111111110000000000000000011111100001110001
11111111011100001111111100000000011111100001110001
11111111101110001111111100000000011111100001110001
11111111110110101111111100000000011111100001110001
11111111111011001111111100000000011111100001110001
11111111011100011111111100000000011111100001110001
11111111000100101111111100000000011111100001110001
11111111001001001111111100000000011111100001110001
11111111000010001111111100000000011111100001110001
11111110111111110111100000000000011111110011110001
11111110111111111010000000000000011111100001110001
11111110111111111100010000000000011111100001110001
11111110111111111000001000000000011111100001110001
11111110111111111000011000000000011111100001110001
11111110111111110010100000000000011111100001110001
11111110111111110001100000000000011111100001110001
11111110111111110000000000000000011111100001110001
00000000000000000000000001101000111111100001110001
00000000000000000000000010110100011111100001110001
00000000000000000000000011011000011111100001110001
00000000000000000000000001101011011111100001110001
00000000000000000000000010110111111111100001110001
00000000000000000000000001001011011111100001110001
00000000000000000000000000011100011111100001110001
00000000000000000000000000011100011111100001110001
00000000000000000000000010001000011111100001110001
11111111111111111111111111111111100111100001110001
11111111111111111111111111111111100011100000000000
11111111111111111111111111111111110011100001110001
11111111111111111111111111111111111100100000000000
11111111111111111111111111111111111100100000000000
11111111111111111111111111111111111111000000000000
00100000000000001000000000000000000000000011110001
00100000000000000000000000000000000000000010000000
00100000000000000000000000000000000000000010000000
00100000000000001000000000000000000000011101110001
11111111111111111111111111111111110100010010001011
11111111111111111111111111111111110100010010000111
11111111111111111111111111111111110100010010000011
00000000000000000000000000000000000000000001000010
00000000000000000000000000000000000000000000100011
00000000000000000000000000000000000000000001111101
11111111111111111111111111111111110100010011110110
