00001011111111111111111111111111111111111111111111
00000101111111111111111111111111111111111111111111
00000011111111111111111111111111111111111111111111
00000001111111111111111111111111111111111111111111
10000000011111111111111111111111111111111111111111
01000001111111111111111111111111111111111111111111
10100001111111111111111111111111111111111111111111
11110110011111111111111111111111111111111111111111
11110110011111111111111111111111111111111111111111
11111111100011111000000000000000000000010111111111
11111111100010101000000000000000000000010111111111
11111111100001010000000000000000000000010111111111
11111111111000011000000000000000000000010111111111
11111111110100011111111111111111111111111111111111
11111111111000011111111111111111111111111111111111
11111111110111100111111111111111111111111111111111
11111111111011100111111111111111111111111111111111
11111111100001111011010100000000000000010111111111
11111111100001111101101000000000000000010111111111
11111111100001111110110011111111111111111111111111
11111111100001111011011110000000000000010111111111
11111111100001111101101000000000000000010111111111
11111111100001111010110100000000000000010111111111
11111111100001111100101000000000000000010111111111
11111111100001111001100001111111111111111111111111
11111111100001111001000010111000000000010111111111
11111111100001111001000011011000011111111111111111
11111111100001111001000011101110000000010111111111
11111111100001111001000011110111100000010111111111
11111111100001111001000010011000011111111111111111
11111111100001111001000010011000000000010111111111
11111111100001111001000010001000111111111111111111
11111111100001111001000010001001000000010111111111
11111111100001111001000010100101001110100111111111
11111111100001111001000010100101010111000111111111
11111111100001111001000010100101011011010111111111
11111111100001111001000010100101011101110111111111
11111111100001111001000010100101001110100111111111
11111111100001111001000010100101010011011111111111
11111111111111111111111111111111100110101111111111
11111111100001111001000010100101000000110111111111
11111111111111111111111111111111111111111011101110
11111111111111111111111111111111111111111101101111
11111111111111111111111111111111111111111110110000
11111111111111111111111111111111111111111111010000
11111111111111111111111111111111111111111001101000
11111111111111111111111111111111111111111110010100
11111111111111111111111111111111111111111110001011
11111111111111111111111111111111111111111110000100
11111111111111111111111111111111111111111010000100
