00011111111111110000000000000000000000000000000000
00010111111111110000000000000000000000000000000000
00000110000000000000000000000000000000000000000000
11000100000000000000000000000000000000000000000000
10000011111111111111111110000000000000000000000000
11110011111111110000000000000000000000000000000000
11101101111111111111111110000000000000000000000000
11001110000101111111111110000000000000000000000000
11001110000011111111111110000000000000000000000000
11001110000010111111111110000000000000000000000000
11001110000001001111111110000000000000000000000000
11001111000000011111111110000000000000000000000000
11001110110000101111111110000000000000000000000000
11001111101000011111111110000000000000000000000000
11001111110010001111111110000000000000000000000000
11001111110101001111111110000000000000000000000000
00001011111111110001001110000000000000000000000000
00001011111111110000111110000000000000000000000000
00001011111111110000111100000000000000000000000000
00001011111111111000001110000000000000000000000000
00001011111111110110001110000000000000000000000000
00001011111111110110000010000000000000000000000000
00001011111111111111100010000000000000000000000000
00001011111111111111100010000000000000000000000000
00001011111111111101111100000000000000000000000000
00000000000000000000000000001111000000000111111111
00000000000000000000000000000111000000000111111111
00000000000000000000000000000011000000000111111111
00000000000000000000000001000001000000000111111111
00000000000000000000000001100001000000000111111111
00000000000000000000000001110001000000000111111111
00000000000000000000000001111110000000000000000000
00000000000000000000000000000000000101011000000000
00000000000000000000000000000000000011111000000000
00000000000000000000000000000000000010001000000000
00000000000000000000000000000000100000111000000000
00000000000000000000000000000000011001100000000000
00000000000000000000000000000000110010111000000000
00000000000000000000000000000000010111011000000000
00000000000000000000000000000000110101101000000000
00000000000000000000000000000000111101110000000000
00000000000000000000000001111110000000000000011111
00000000000000000000000001111110000000000000001111
00000000000000000000000001111110000000000000000111
00000000000000000000000001111110000000000000000001
00000000000000000000000001111110000000000100000011
00000000000000000000000001111110000000000110000101
00000000000000000000000001111110000000000111001010
00000000000000000000000001111110000000000111010101
00000000000000000000000001111110000000000111111010
