00001011111100011010000000000000111111111111111111
00000111111000011010000000000000111111111111111111
00000101110000011010000000000000000000000111111111
00000100101100000000000000000000111111111111111111
10000011111100000000000000000000111111111111111111
01110001111100011010000000000000111111111111111111
11001001111100000000000000010010000000000111111111
11101110100000011010000000000000111111111111111111
11111111010100011010000000000000111111111111111111
11101110101000011010000000000000111111111111111111
11011110010000011010000000000000111111111111111111
10011110100000011010000000000000111111111111111111
00000000000000101110000000000000000000000111111111
00000000000000010110000000000000000000000111111111
00000000000010001110000000000000000000000111111111
11100101111101000000000000000000111111111111111111
11100101111110100010100000000000111111111111111111
00000000000011100010000000000000000000000111111111
11100101111111101100001001000000111111111111111111
00000000000000000000000111000000000000000111111111
00000000000000001000000000000000000000000111111111
00000000000000000000000010000000000000000111111111
00000000000000000010000001000000000000000111111111
00000000000000000001000011000000000000000111111111
00000000000000000001010101000000000000000111111111
00000000000000000011001110000000000000000111111111
00000000000000000000000000000111000000000111111111
00000010000000000000000000000001000000000111111111
00000000000000000000000000000011000000000111111111
00000000000000000000000000100010000000000111111111
00000010000000000000000000101101000000000111111111
00000000000000000000000000111010000000000111111111
11011101111100011010000000000000000001001111111111
11011101111100011010000000000000000000111111111111
11011101111100011010000000000000000000111111111111
11011101111100011010000000000000000000110111111111
11011101111100011010000000000000000000000111111111
11011101111100011010000000000000100000001111111111
11011101111100011010000000000000011100001111111111
11011101111100011010000000000000011100000111111111
11011101111100011010000000000000111001100111111111
11111111111111111111111111111111111111111000011111
11111111111111111111111111111111111111111000001011
11111111111111111111111111111111111111111000000101
11111111111111111111111111111111111111111000000100
11111111111111111111111111111111111111111100001011
11111111111111111111111111111111111111111110010011
11111111111111111111111111111111111111111101100011
11111111111111111111111111111111111111111110011101
11111111111111111111111111111111111111111111011110
