01111110100000000000000000000000000000000000000000
10111110100000000000000000000000000000000000000000
11011010100000000000000000011111111111111100000000
11100111111111111110000000011111111111111111111111
11100111111111111110000000011111111111111111111111
11011011111111111110000000011111111111111111111111
11111101001111111110000000011111111111111111111111
00011110101000000000000000011111111111111100000000
11111101000000000000000000011111111111111100000000
00011100000111111110000000011111111111111111111111
00011111000000000000000000011111111111111100000000
00011110010011100010000000011111111111111100000000
00011110010101111000000000011111111111111100000000
00011110010110111010000000011111111111111100000000
00011110010111011000000000011111111111111111111111
00011110010011100100000000011111111111111100000000
00011110010011100110000000011111111111111111111111
00011110010000011000000000011111111111111111111111
00011110010101001000000000011111111111111100000000
00000000000000000000111000000000000000000000000000
00000000000000000001011001000000000000000000000000
00000000000000000001101110100000000000000000000000
00000000000000000001110111000000000000000000000000
00000000000000000000011010000000000000000000000000
00000000000000000000011101100000000000000000000000
00000000000000000000101010000000000000000000000000
00000000000000000000010010000000000000000000000000
00111111111111111110000000000001101111111111111111
00111111111111111110000000000000111111111111111111
00111111111111111110000000000000001000000011111111
00111111111111111110000000000000001000000011111111
00111111111111111110000000010000011000000011111111
00111111111111111110000000011000010111111111111111
00111111111111111110000000001001100111111111111111
00111111111111111110000000011111000000000011111111
00111111111111111110000000011000110000101111111111
00111111111111111110000000011000110000011111111111
00111111111111111110000000011000110000010111111111
00111111111111111110000000011000110100000011111111
00111111111111111110000000011000110011000111111111
00111111111111111110000000011000110110000111111111
00111111111111111110000000011000110111011011111111
00011110010000101100000000011111111111111100010110
00011110010000101100000000011111111111111100001001
00011110010000101100000000011111111111111100000111
00011110010000101100000000011111111111111110001111
00011110010000101100000000011111111111111101010111
00011110010000101100000000011111111111111110111001
00011110010000101100000000011111111111111110111001
00011110010000101100000000011111111111111101111110
