01111101111000000001111111111111100000000000000000
10110000100000000001111111111111100000000000000000
11010000111000000001111111111111100000000000000000
11101000111000000001111111111111100000000000000000
10010110010000000001111111111111100000000000000000
10001010111000000001111111111111100000000000000000
00001101111000000001111111111110000000000000000000
10000010111000000000000000001111100000000000000000
11110111010000000001111111111111100000000000000000
10111111101000000000000000001111100000000000000000
10110111010000000000000000001111100000000000000000
00000000000011100000000000001011100000000000000000
00000000000101111000000000001111100000000000000000
00000000000110111000000000001111100000000000000000
00000000000111011100000000001111100000000000000000
00000000000011100100000000001111100000000000000000
00000000000011100100000000000010100000000000000000
00000000000000111000000000001111100000000000000000
00000000000000000000000000001111100000000000000000
11111110100000000000111011101111100000000000000000
11111110100000000001011100001111100000000000000000
11111110100000000001101101001111100000000000000000
11111110100000000001110110011111100000000000000000
11111110100000000000111011101111100000000000000000
11111110100000000001001101111111100000000000000000
11111110100000000001010110111111100000000000000000
11111110100000000001000111001111100000000000000000
11111110100000000000001011001111100000000000000000
11111111111111110111111111110100000000000000000000
11111111111011110111111111111011100000000000000000
11111111111111111111111111110100000000000000000000
11111101111111110111111111110100000000000000000000
11111101111111111111111111110100000000000000000000
00000000000000000000000000000000001110100100000000
00000000000000000000000000000000010111000000000000
00000000000000000000000000000000011011000000000000
00000000000000000000000000000000011101110000000000
00000000000000000000000000000000001110110000000000
00000000000000000000000000000000010011011000000000
00000000000000000000000000000000000011101000000000
00000000000000000000000000000000000000110000000000
00000000000000000000000000000000010000000000000000
00000000000000000000000000000000000000000001100010
00000000000000000000000000000000000000000010110000
00000000000000000000000000000000000000000011010000
00000000000000000000000000000000000000000001100000
00000000000000000000000000000000000000000000000111
00000000000000000000000000000000000000000000001011
00000000000000000000000000000000000000000010001100
00000000000000000000000000000000000000000000001100
