01110010111100100000000111111110000000000000000000
10111000111100100000000111111110000000000000000000
11011100111111110000000111111110000000000000000000
11101100111111110000000111111110000000000000000000
01110110111100100000000111111110000000000000000000
00111000111111110000000111111110000000000000000000
10001001111111110000000111111110000000000000000000
00000010111100100000000111111110000000000000000000
11111111010101000000000111111110000000000110000000
11111111101000000000000111111110000000000000000000
11111111010110000000000111111110000000000000000000
11111111101011000000000111111110000000000000000000
00110110001100000000000111111110000000000000000000
00110110100100010000000111111110000000000000000000
11111111000000000000000111111110000000000000000000
00110110000001000000000111111110000000000000000000
00000000000000000110000111111110000000000000000010
00000000000000001000000111111110000000000000000000
00000000000000001001001111111110000000000000000000
00000000000000000010000111111110000000000000000000
00000000000000000000010111111110000000000000000000
00000000000000000000100111111110000000000000000000
00000000000000000010000111111110000000000000000000
11111111111111111111111011010100000000000000000000
11111111111111111111111101101100000000000000000000
11111111111111111111111110110010000000000000000110
11111111111111111111111011011010000000000000000000
11111111111111111111111101100000000000000000000000
11111111111111111111111010100000000000000000000000
11111111111111111111111110000000000000000000000000
11111111111111111111111001100000000000000000000000
00000000000000000000000000000000001011110000000000
00000000000000000000000000000000000101000000000000
00000000000000000000000000000000000011110000000000
00000000000000000000000000000001000010110000000000
00000000000000000000000000000000100000010000000000
00000000000000000000000000000001011000110000000000
00000000000000000000000000000001110000110000000000
00000000000000000000000000000001011011000000000000
00000000000000000000000000000001011111000000000000
00000000000000000000000000000000000000000001000000
00000000100000000000000000000000000000000000000000
00000000100000000000000000000000000000000000000000
00000000000000000000000000000000000000001000000000
00000000000000000000000000000000000000000000000111
00000000000000000000000000000000000000000000000111
00000000000000000000000000000000000000000000000000
00000000000000000000000001000000000000000000110001
00000000000000001000000001000000000000000000110001
00000000000000000000000000000000000000000000110110
