00010010111111111000000000100111111111110001011111
00001011111111111000000011111111111111110001001010
00000000111111111000000011001000000001110001011111
10000010111111111000000011111111111111110001011111
01000001111111111000000011111111111111110001011111
00000001111111111111000111111111111111110001001001
11010000111111111000000011111111111111110001011111
01001100111111111111000111111111111111110001011111
11111111000010101111000111111111111111110001011111
11111111000010011111000111111111111111110001011111
11111111000001111111000111111111111111110001011111
11111111000001001111000111111111111111110001011111
11111111110000111111000111111111111111110001011111
11111111001100001111000111111111111111110001011111
11111111101010011111000111111111111111110001011111
11111111011010101111000111111111111111110001011111
11111111111111110111000111111111111111110001011111
00000101111111111000011111111111111111110001011111
00000101111111111000001111111111111111111111111111
00000101111111111000000111111111111111111111111111
00000000000000000000000001110000000001111111110100
00000000000000000100001011111111111111110001011111
00000000000000000110010011111111111111110001011100
00000101111111111111000011111111111111111111111111
01111111111111111111011101100000000001111111111111
01111111111111111111111110101000000001111111111111
11011111111111111111111111010111111111111111111111
01011111111111111111111100100000000001111111111111
01111111111111111111011101000000000001111111111111
11011111111111111111011100100011010001111111111111
11011111111111111111011100100101100001111111111111
11011111111111111111011100100110110011111111111111
11011111111111111111011100100011010001111111111111
11011111111111111111011100100101101101111111111111
11011111111111111111011100100000010101111111111111
11011111111111111111011100100000011001111111111111
11011111111111111111011100100001000001111111111111
11111111111111111111111111111111111110110100011111
11111111111111111111111111111111111111011000011111
11111111111111111111111111111111111111101010011111
00000000000000000011100111111111111110110111111111
00000000000000000011100111111111111111001011111111
00000000000000000011100111111111111110011101111111
11111111111111111111111111111111111110001110111111
00000000000000000011100111111111111110001111011111
10111011111111111111111111111111111111111111101000
11111111111111111111011111111111111111111111110100
10111011111111111111111111111111111111111111101011
11111011111111111111010111111111111111111111100100
10111111111111111111010111111111111111111111100100
