01110000011111111000000001111111111111111111110100
10110100011111111000000001111111111111111111110100
11011000111111111000000001111111111111111111110100
11101111011111111000000001111111111111111111110100
00110111011111111000000001111111111111111111110100
01011011111111111000000001111111111111111111110100
00011100011111111000000001111111111111111111110100
00011100011111111000000001111111111111111111110100
00100100011111111000000001111111111111111111110100
11111111101101000000000001111111111111111111110100
11111111110110010000000001111111111111111111110100
11111111111010110000000001111111111111111111110100
11111111101101100000000001111111111111111111110100
11111111110010111000000001111111111111111111110100
11111111100111000000000001111111111111001111110100
11111111101101001000000001111111111111001111110100
11111111100001010000000001111111111111001111110100
00000000000000000011000101111111111111001111111111
00000000000000000101100001111111111111001111110100
00000000000000000110110001111111111111001111111111
00000000000000000011001011111111111111001111111111
00000000000000000001001001111111111111001111111111
00000000000000000000110001111111111111001111110100
00000000000000000100000001111111111111001111111111
00000000000000000000100001111111111111001111111111
11111111111111111111111110110000001111111111111111
11111111111111111111111111011000001111111111111111
11111111111111111111111111101100001111111111111111
11111111111111111111111110110110001111111111111111
11111111111111111111111110011011101111111111111111
11111111111111111111111110001100001111111111111111
11111111111111111111111110000100101111111111111111
11111111111111111111111110000101001111111111111111
11111111111111111111111110000000001111111111111111
11111111111111111111111111111111110110110011111111
11111111111111111111111111111111111011010111111111
11111111111111111111111111111111111101100111111111
11111111111111111111111111111111110110110011111111
11111111111111000000000001111111111011011011110100
11111111111111000000000001111111111101101011110100
11111111111111111111111111111111110000110011111111
11111111111111111111111111111111110110000011111111
11111111111111111111111111111111111111111101101000
11111111111111111111111111111111111111111110101000
11111111111111111111111111111111111111111111010111
11111111111111111111111111111111111111111100101011
00000000000000000101110111111111111111001111010110
11111111111111111111111111111111111111111100101011
00000000000000000101110111111111111111001100111100
00000000000000000101110111111111111111001100110100
