01100111011111111111111111110000000111111111111111
10110000011111111111111111110000000111111111111111
11011000111111111111111111110000000111111111111111
01101100011111111111111111110000000111111111111111
00110100111111111111111111110000000111111111111111
10011011011111111111111111110000000111111111111111
10000101011111111111111111110000000111111111111111
10000110011111111111111111110000000111111111111111
00101000011111111111111111110000000111111111111111
11111111101110011000000011100000000111111111111111
11111111110111100000000011110000000111111111111111
11111111111011000111111111110000000111111111111111
11111111111101010111111111110000000111111111111111
11111111101110100000000011110000000111111111111111
11111111101001000111111111110000000111111111111111
11111111110010001000000011110000000111111111111111
11111111110000010000000011110000000111111111111111
11111111100110100000101111110000000111111111111111
11111111100110100000011011110000000111111111111111
11111111100110100000000011110000000111111111111111
11111111100110100100001111110000000111111111111111
11111111100110100010000111110000000111111111111111
11111111100110100110100111110000000111111111111111
11111111100110100100111011110000000111111111111111
11111111111111111111111101000000000111111111111111
11111111111111111111111110010000000111111111111111
11111111111111111111111100010000000111111111111111
11111111101111111111111101100000000111111111111111
00000000000000000000000000000110101111111111011111
00000000000000000000000000001011110111111111111111
00000000000000000000000000001101111111111111111111
00000000000000000000000000000110101111111111111111
00000000000000000000000000001111011111111111111111
00000000000000000000000000000110101111111111111111
00000000000000000000000000001011110111111111111111
11111111111111111111111111111111111011011011111111
11111111111111111111111111111111111101100001111111
11111111111111111111111111111111111110100101111111
11111111111111111111111111111111111011011111111111
11111111111111111111111111111111111100101011111111
11111111111111111111111111111111111100110101111111
11111111111111111111111111111111111001101001111111
11111111111111111111111111111111111100110001111111
11111111111111111111111111111111111111111110110100
11111111111111111111111111110111111111111111011000
11111111111111111111111111111111111111111111101100
11111111111111111111111111111111111111111110110100
11111111111111111111111111111111111111111111011011
11111111111111111111111111111111111111111110000101
11111111111111111111111111111111111111111110000110
