00011111001011111111111111110000000111111111111111
00001111000001111111111111110000000111111111111111
00001111000001111111111111110000000111111111111111
10000011001111111111111111110000000111111111111111
11100011000001111111111111110000000111111111111111
11100000000001111111111111110000000111111111111111
11111000000001111111111111110000000111111111111111
11111000000001111111111111110000000111111111111111
00000000000111111111111111110000000111111111111111
00000000000011111111111111110000000111111111111111
10010000000111111111111111110000000111111111111111
00010000101011111111111111110000000111111111111111
10010000111101111111111111110000000111111111111111
11111111111110001101111111110000000000000000000000
11111111111110001011000000000000000000000000000000
11111111111110000011000000000000000111111111111111
11111111111111100011111111110000000000000000000000
11111111111111000011111111110000000111111111111111
11111111111110111100000000000000000111111111111111
11111111111111111100111111110000000111111111111111
11111111111111001101000101110000000000000000000000
11111111111111001101000011110000000000000000000000
11111111111111001101000000000000000000000000000000
11111111111111001101100000110000000000000000000000
11111111111111001101010001010000000000000000000000
11111111111111001101110010000000000000000000000000
11111111111111001101110100010000000000000000000000
11111111111111001101110110100000000000000000000000
00000000000000000000000000000001001000000000000000
00000000000000000000000000000000111000000000000000
00000000000000000000000000000000111000000000000000
00000000000000000000000000001000001000000000000000
00000000000000000000000000000110010000000000000000
00000000000000000000000000000110100000000000000000
00000000000000000000000000001111000000000000000000
11111111111110010111000000000000000001101100000000
11111111111110010111000000000000000000001000000000
11111111111110010111000000000000000100011100000000
11111111111110010111000000000000000100010111111111
11111111111110010111000000000000000001100011111111
11111111111110010111000000000000000111000111111111
11111111111110010111000000000000000101101011111111
11111111111110010111000000000000000000111100001111
11111111111110010111000000000000000000111100001011
11111111111110010111000000000000000000111100000111
11111111111110010111000000000000000000111100000001
11111111111110010111000000000000000000111111000010
11111111111110010111000000000000000000111110100011
11111111111110010111000000000000000000111111101101
11111111111110010111000000000000000000111111110110
