01110101101110000110000000001111111111111111111111
10110101101110000010000000001111111111111111111111
11011011101110000000000000001111111111111111111111
11101011101110000000000000001111111111111111111111
00110101101110000000000000001111111111111111111111
11001000000000110110000000001111111111111111111111
00110000000000000000000000001111111111111111111111
11111000000101000000000000001111111111111111111111
11111000000011000000000000001111111111111111111111
00000000000010000000000000001111111111111111111111
11111000000000000000000000001111111111111111111111
11111001000000000000000000001111111111111111111111
11111000110001000000000000001111111111111111111111
00000001100010000000000000001111111111111111111111
00000100000000001101111111111111111111111111111111
00000100000000000011111111111111111111111111111111
00000000000000100010000000001111111111111111111111
10000100000000100011111111111111111111111111111111
11000100000000011101111111111111111111111111111111
00000000000000110110000101111111111111111111111111
00000000000000110110000010111111111111111111111111
00000000000000110110000010011111111111111111111111
00000000000000110110000000011111111111111111111111
00000000000000110111000001101111111111111111111111
00000000000000110110110001111111111111111111111111
00000000000000110111000110001111111111111111111111
00000000000000110111100110001111111111111111111111
00000000000000110111111010001111111111111111111111
11111111111111111111111111110010111111111111111111
11111111111111111111111111110001111111111111111111
11111111111111111111111111111001111111111111111111
11111111111111111111111111110110111111111111111111
11111111111111111111111111111111011111111111111111
11111111111111111111111111111111100010101111111111
11111111111111111111111111111111100001011111111111
11111111111111111111111111111111100000010111111111
11111111111111111111111111111111110000101111111111
11111111111111111111111111111111101000010111111111
11111111111111111111111111111111110010001011111111
11111111111111111111111111111111101101001111111111
11111111111111111111111111111111111010110011111111
11111111111111111111111111111111111111010011111111
11111111111111111111111111111111111111111100011011
11111111111111111111111111111111111111111100000110
11111111111111111111111111111111111111111100000101
11111111111111111111111111111111111111111110001010
11111111111111111111111111111111111111111110010001
11111111111111111111111111111111111111111101100001
11111111111111111111111111111111111111111111010001
11111111111111111111111111111111111111111110101110
