00001111111100000000111111111111111111111111011111
00001110110100000000111111111111111111111111111111
00000011101111000000111111111111111111111111111111
00000011100000000000111111111111111111111111111100
11000001011111011000111111111111111111111111111111
11000000011111000000111111111111111111111111111111
11110001111111000000111111111111111111111111111111
10111010111111000000111111111111111111111111111111
11110011011111000000111111111111111111111111111111
11001111101000110001111111111111111111111111111111
10101111110100000111111111111111111111111111111111
11101111101000000000111111111111111111111111111111
00101111100001000000111111111111111111111111111111
00101111100010000000111111111111111111111111111111
00000000010000000110111111111111111111111111111111
00001000010000000011111111111111111111111111111111
00001000000000000001111111111111111111111111111110
00000000001000100011111111111111111111111111111111
00000000001000110100111111111111111111111111111111
00000000011000011100111111111111111111111111111111
11111111111111111111000011100000000111111111111111
11111111111111111111000111100000000000000000111111
11111111111111111111000001100000000000000000111111
11111111111111111111010011111111111000000000111111
11111111111111111111110101111111111000000000111111
11111111111111111111111110111111111111111111111111
11111111111111111111111111011111111111111111111111
11111111111111111111000111100010111000000000111111
11111111111111111111000111100001001000000000111111
11111111111111111111000111100000000000000000111111
11111111111111111111000111110000111000000000111111
11111111111111111111000111101000000000000000111111
11111111111111111111000111110010011000000000111111
11111111111111111111000111110010100000000000111111
11111111111111111111000111111010100000000000111111
11111111111111111111100001100000000000110111111111
11111111111111111111100001100000000000001111111111
11111111111111111111100001100000000000001011111111
11111111111111111111100001100000000100010111111111
11111111111111111111100001100000000100100100111111
11111111111111111111100001100000000011000001111111
11111111111111111111100001100000000110110001111111
11111111111111111111100001100000000111100000111111
11111111111111111111100001100000000111101100111111
01111111111111111111111111111111111111111111010100
11111111111111111111111111111111111111111111101000
11111111111111111111111111111111111111111111010110
11111111111111111111111111111111111111111111101011
11101111111111111111111111111111111111111111001100
11101111111111110111111111111111111111111111000100
