00000111011111111111111000000101101010011111111111
00000100100000011111111000000000000000000011111111
00000011000000011111111000000000000000000011111111
00000010100000011111111000000000000000000011111111
00000001000000011111111000000000000000000011111111
11000000100000011111111000101000000000000011111111
10110000111110011111111000000000000000000011111111
10101000100000011111111000000000000000000011111111
01010111000000011111111000000000000000000011111111
10000010000011111111111000000000000010011111111111
10000010000001111111111000000000000010011111111111
10000010000000111111111000000000000010011111111111
10000010010001111111111000000000000010011111111111
10000000011010111111111000000000000010011111111111
10000000011111011111111000000000000010011111111111
11111111111111100011111000000110011010011111111111
11111111111111100001110000000000000010011111111111
11111111111111100000001000000000000010011111111111
11111111111111110000011000000000000010011111111111
11111111111111111000110000000000000010011111111111
11111111111111111001001000000000000010011111111111
11111111111111111011001000000000000010011111111111
11111111111111110110110000000000000010011111111111
00000000000000000000000001101000000000000011111111
00000000000000000000000000010000000000000011111111
00000000000000000000000100001000000000000011111111
00000100000000000000000100001000000000000011111111
00000000000000000000000010000000000000000011111111
00000100000000000000000101100000000000000011111111
10000000000000010000000000000000110000000011111111
00000000000000010000000000000000111000000011111111
10000000000000000000000000000000111000000011111111
10000000000000000000000000000111001000000011111111
00000000000000010000000000000111001000000011111111
10000000000000010000000000000011110000000011111111
00000000000000000000000000000000000000101111111111
10000000011111111111111000000000000000011111111111
00000000000000000000000000000000000000001111111111
00000000000000000000000000000000000100000111111111
10000000011111111111111000000000000010000011111111
10000000011111111111111000000000000111000111111111
10000000011111111111111000000000000111101011111111
11111111111111111111111111111111111111111100001111
11111111111111111111111111111111111111111100001101
11111111111111111111111111111111111111111100000011
11111111111111111111111111111111111111111100000010
11111111111111111111111111111111111111111111000100
11111111111111111111111111111111111111111111001000
11111111111111111111111111111111111111111110110001
11111111111111111111111111111111111111111111100010
