01111000000100000000000011111111111111111000000000
10111100011111100000000011111111111111111000000000
11011100011111100000000011111111111111111000000000
11101100011111100000000011111111111111111000000000
11110111111111100000000011111111111111111000000000
01111010101010000000000011111111111111111000000000
00001101011111100000000011111111111111111000000000
00001010101111000000000011111111111111111000000000
00001101011111100000000011111111111111111000000000
01111010101110100000000011111111111111111000000000
01111111110100000000000011111111111111111000000000
11111011111010000000000011111111111111111000000000
01111111110100000000000011111111111111111000000000
01111011100000000000000011111111111111111000000000
01111010110000000000000011111111111111111000000000
00000000000000001110100011111111111111111000000000
00000000000000010111000011111111111111111000000000
00000000000000011011011011111111111111111000000000
00000000000000011101111011111111111111111000000000
00000000000000001110100011111111111111111000000000
00000000000000010011010011111111111111111000000000
00000000000000000110100111111111111111111000000000
00000000000000000110000011111111111111111000000000
00000000000000000000010011111111111111111000000000
11111111111111111111111101110000111111111000000000
11111111111111111111111110111000111111111000000000
11111111111111111111111111011100111111111000000000
11111111111111111111111111101111111111111000000000
11111111111111111111111101110000111111111000000000
11111111111111111111111100110000111111111000000000
11111111111111111111111100010000111111111000000000
11111111111111111111111100010000111111111000000000
11111111111111111111111111111111000001101000000000
11111111111111111111111111111111000000110000000000
11111111111111111111111111111111000000010000000000
11111111111111111111111111111111000000010000000000
11111111111111111111111111111111000000001000000000
11111111111111111111111111111111100000001000000000
11111111111111111111111111111111110000001000000000
11111111111111111111111111111111011100000000000000
11111111111111111111111111111111100011100000000000
00000000000000000000000000000000000000000000011111
00000000000000000000000000000000000000000000010111
00000000000000000000000000000000000000000000001111
00000000000000000000000000000000000000000000000111
00000000000000000000000000000000000000000110001110
00000000000000000000000000000000000000000101010001
00000000000000000000000000000000000000000111110001
00000000000000000000000000000000000000000111110001
00000000000000000000000000000000000000000111101110
