00101100000000000000000000011111111111111111111111
00010100000000000000000000011111111111111111111111
10001100000000000000000000011111111111111111111111
01001111111100000000000000011111111111111111111111
10110111111100000000000000011111111111111111111111
11111000000000000000000000011111111111111111111111
00011001101100000000000000011111111111111111111111
00011010110000000000000000011111111111111111111111
00011011010000000000000000011111111111111111111111
00011001101000000000000000011111111111111111111111
00011010010100000000000000011111111111111111111111
00011010001000000000000000011111111111111111111111
00000000000001111100000000011111111111111111111111
00000000000010110001111111111111111111111111111111
00000000000011010101111111111111111111111111111111
00000000000011101001111111111111111111111111111111
00000000000010010110000000011111111111111111111111
00000000000010101000000000011111111111111111111111
00000000000000001000000000011111111111111111111111
00000000000001110000111100011111111111111111111111
00000000000001110001010100011111111111111111111111
00000000000001110001101010011111111111111111111111
00000000000001110001010110011111111111111111111111
00000000000001110001101011011111111111111111111111
00000000000001110000011101011111111111111111111111
00000000000001110000000110011111111111111111111111
00000000000001110000000000011111111111111111111111
11111111111111111111111111101110000111111111111111
11111111111111111111111111110110000111111111111111
11111111111111111111111111111011010111111111111111
11111111111111111111111111111101100111111111111111
11111111111111111111111111100110111111111111111111
11111111111111111111111111100011011111111111111111
11111111111111111111111111100101101111111111111111
11111111111111111111111111100001110111111111111111
11111111111111111111111111111111111011010011111111
11111111111111111111111111111111111101101011111111
11111111111111111111111111111111111110101011111111
11111111111111111111111111111111111011010111111111
11111111111111111111111111111111111100100011111111
11111111111111111111111111111111111011000011111111
11111111111111111111111111111111111000100011111111
11111111111111111111111111111111111111111101110100
11111111111111111111111111111111111111111110111001
11111111111111111111111111111111111111111111011100
11111111111111111111111111111111111111111111101110
11111111111111111111111111111111111111111101110110
11111111111111111111111111111111111111111110111000
11111111111111111111111111111111111111111100011001
11111111111111111111111111111111111111111101000010
