00010011100000000011111111000000000000000111111111
00001111100000000011111111000000000000000111111111
00001101100000000011111111000000000000000111111111
10000011100000000011111111000000000000000111111111
01100111100000000011111111000000000000000111111111
01101000000000000011111111000000000000000111111111
11011000000000000011111111000000000000000111111111
11111000100000000011111111000000000000000111111111
11111001000000000011111111000000000000000111111111
00000000000010111111111111000000000000000111111111
00000000000001011111111111000000000000000111111111
00000000000000110111111111000000000000000111111111
00000000010000100111111111000000000000000111111111
00000000001000001011111111000000000000000111111111
00000000010110001111111111000000000000000111111111
00000000011100001011111111000000000000000111111111
00000000011001110111111111000000000000000111111111
00000000011110101011111111000000000000000111111111
11111111111111111100010011000000000000000111111111
11111111111111111100001001000000000000000111111111
11111111111111111100000111000000000000000111111111
11111111111111111110000000000000000000000111111111
11111111111111111101000000000000000000000111111111
11111111111111111100100011000000000000000111111111
11111111111111111110100101000000000000000111111111
11111111111111111111100110000000000000000111111111
00000000000000000000000000000011110000000111111111
00000000000000000000000000000011010000000111111111
00000000000000000000000000000001110000000111111111
00000000000000000000000000000000100000000111111111
00000000000000000000000000110001110000000111111111
00000000000000000000000000111010010000000111111111
00000000000000000000000000101110000000000111111111
00000000000000000000000000111011000000000111111111
00000000000000000000000000000000000110000111111111
00000000000000000000000000000000001011000111111111
00000000000000000000000000000000001101001111111111
00000000000000000000000000000000000110111111111111
00000000000000000000000000000000000001000111111111
00000000000000000000000000000000000001000111111111
00000000000000000000000000000000000011000111111111
11111111111111111111111111111111111111111000101101
11111111111111111111111111111111111111111000010111
11111111111111111111111111111111111111111000000111
11111111111111111111111111111111111111111100001100
11111111111111111111111111111111111111111010000011
11111111111111111111111111111111111111111100100010
11111111111111111111111111111111111111111111100011
11111111111111111111111111111111111111111011011101
11111111111111111111111111111111111111111111010110
