00011000000000010001111111110000000000000000000000
00000000000000010001111111110000000000000000000000
00001000011110000000111111110000000000000000000000
10000000000000000000111111110000000000000000000000
10100000011110000000111111110000000000000000000000
00000000100100000000111111110000000000000000000000
00000000011110000000111111110000000000000000000000
00000000011110000000111111110000000000000000000000
00000100000010000000111111110000000000000000000000
00101011001110010001111111110000000000000000000000
00101011010000010001111111110000000000000000000000
00101111010010010001111111110000000000000000000000
00101011110100010001111111110000000000000000000000
00000000000000001010111111110000000000000000000000
00000000000000000101111111110000000000000000000000
11000000011110000001111111110000000000000000000000
00000000000001000010111111110000000000000000000000
00000000000000100001111111110000000000000000000000
00000000000001001000111111110000000000000000000000
11000000011110110100111111110000000000000000000000
11111111111111111111000011000000000000000000000000
11111111111111111111000010010000000000000000000000
11111111111111111111000001100000000000000000000000
11111111111111111111000000110000000000000000000000
11111111111111111111110000110000000000000000000000
11111111111111111111101000110000000000000000000000
11111111111111111111001111010000000000000000000000
11111111111111111111010111100000000000000000000000
00000000000000000000000000000000111000000000000000
00000000000000000000000000000000011111111111000000
00000000000000000000000000000000000111111111000000
00000000000000000000000000000000010000000000000000
00000000000000000000000000001000011111111111000110
00000000000000000000000000001101101111111111000000
00000000000000000000000000001100110111111111000110
00000000000000000000000000000110111000001111000000
00000000000000000000000000000110111000000111000000
00000000000000000000000000000110111000000111000000
00000000000000000000000000000110111000000011000000
00000000000000000000000000000110111000000001000000
00000000000000000000000000000110111100000001000000
00000000000000000000000000000110111111000001000000
00000000000000000000000000000110111111100000000000
00000000000000000000000000000110111111111100000000
00000000000000000000000000000000000000000000000111
00000000000000000000000000000000000000000000000011
00000000000000000000000000000000000000000000000001
00000000000000000000000000000000101000000000100010
00000000000000000000000000000000101000000000110101
00000000000000000000000000000000000000000000111010
