00011111111111111110010000000000011111111101000100
00001101111111111110010000111000011111111101000100
00000111111111111110010000000000011111111101000100
10001011111111111110010000000000111111111101000100
11010111111111111110010000000000011111111101000100
11101000111111111110010000111000011111111101000100
10111000111111111110010000111000011111111101000100
11111000111111111110010000111000011111111101000100
11111111000101111110010000111111111111111100000000
11111111000011111110010000111000011111111100000000
11111111000010111110010000111000011111111100000000
11111111100001111110010000111111011111111100000000
11111111011000100000000000111000011111111101000100
11111111110100111110010000111011011111111100000000
11111111111111000000000000111000011111111101000100
11111111111101000010110000111100111111111101000100
11111111111101000010100000111000011111111101000100
11111111111101000001100000111000011111111101000100
11111111111101011001110000111000011111111101000100
00000000000000000110010000000000011111111100000000
00000000000000011110010000000000011111111100000000
11111111111101010011100000111000011111111101000100
00000000000000000000000001111000011111111100000000
00000000000000000000000001111000011111111100000000
00000000000000000000000001011000011111111100000000
00000000000000000000001110011000011111111100000000
01000111111111111110011100001000011111111101000100
01000111111111111110011111000000011111111101000100
01000111111111111110011111100000011111111101000100
00000000100100010000000000000000111111111100000000
00000000100101000000000000000000111111111100000000
00000000100101000000000000000000111111111100000000
00010000100000010000000000000111011111111100000000
11111111111111111111111111111111100001011001000100
11111111111111111111111111111111100000111101000100
11111111111111111111111111111111100000100001000100
11111111111111111111111111111111100000001101000100
11111111111111111111111111111111110000001101000100
11111111111111111111111111111111101100010101000100
11111111111111111111111111111111111000100101000100
11111111111111111111111111111111111011000101000100
11111111111111111111111111111111101011111001000100
00000000000000000000000000000000000000000000011111
11111111000010111110010000111000011111111100000111
00000000000000000000000000000000000000000000000001
00000000000000000000000000000000000000000010001011
00000000000000000000000000000000000000000010010011
11111111000010111110010000111000011111111111000001
00000000000000000000000000000000000000000011011001
00000000000000000000000000000000000000000011111110
