00010111000000011111111100000001111111111001100010
00001111000000011111111100000001111111111001111111
00001000000000011111111100000001111111111001111111
10000011000000011111111100000001111111111001111111
01100101000000011111111100000001111111111001111111
11001001000000011111111100000001111111111001111111
11010001111111111111111100110011111111111001111111
11011110111111111111111100110011111111111001111111
00000011001011111111111100110011111111111001100111
00000011000111111111111100110011111111111001111111
00000011100010111111111100110011111111111001111111
00000011010001011111111100000001111111111001111111
00000011111000111111111100110011111111111001111111
00000011110100111111111100110011111111111001111111
00000011111011011111111100110011111111111001111111
11111111111111100010110100110011111111111001111111
11111111111111100001111100110011111111111001111111
11111111111111100001111000110011111111111001111111
11111111111111110000001100110011111111111001111111
11111111111111101100111100110011111111111001111111
11111111111111111101011100110011111111111001111111
11111111111111111101101100110010011011111001111111
11111111111111101111110100110011111111111001111111
11111111111111111011111000110011111111111001111111
00000000000000000000000000001111110111111111100110
00000000000000000000000000000111100001111001111100
00000011111011111111111100000001111111111111111111
00000011111011111111111100000001111111111001111111
00000000000000000000000010000011111111111111111111
00000000000000000000000011000001111111111111111111
00000011111011111111111111001001111111111111111111
11111111111111111111101111111110111001111111111111
11111111111111111111101111111111011001111111111111
11111111111111111111111110111111101101111111111111
11111111111111111111111100111111110111111111111111
11111111111111111111101110111110011011111111111111
11111111111111111111111110111110001101111111111111
11111111111111111111111111111111111110110100111111
11111111111111111111111111111111111111011010011111
11111111111111111111111111111111111111101101011111
11111111111111111111111111111111111110110110111111
00000000000000000000000010101111111111011000011111
00000000000000000000000010101111111110101001011111
11111111111111111111111111111111111110010010011111
11111111111111111111111111111111111111001000011111
01111111011111111111111101111111111111111111101100
01111111011111111111111101111111111111111111110100
01111111111111111111111111111111111111111111111010
11111111111111111111111110111111111111111111100101
01111111111111111111111100111111111111111111100010
