00001101000000111111000000000000001111111100000000
00000111000000111111000000000000001111111100000000
00000111000000111111000000000000000000000000000000
00000001000000111111000000000000000000000000000000
10000011000000111111000000000000000000000000000000
11100010000000111111000000000000001111111100000000
01101101000000111111000000000000001111111100000000
11111010000000111111000000000000001111111100000000
00000000000101111111001011010000000000000000000000
00000000000011111111001011010000000000000000000000
00000000000011111111001011010000000000000000000000
00000000100000111111001011010000000000000000000000
00000000011000111111000000000000000000000000000000
00000000111000111111001011010000000000000000000000
11111111111111000001001011010000001111111100000000
11111111111111000111001011010000001111111100000000
11111111111111000111001011010000001111111100000000
11111111111111011011001011010000001111111100000000
11111111111111011100001011010000001111111100000000
11111111111111111100001011010000001111111100000000
00000000000000000000000101110001110000000000000000
00000000000000000000000011110000000000000000000000
00000000111101111111000000010000000000000000000000
00000000000000000000100001100000100000000000000000
00000000111101111111010000100000000000000000000000
00000000111101111111110100110000010000000000000000
00000000000000000000110111010000000000000000000000
00000000111101111111111001100000000000000000000000
00000000000000000000000000000001110000000000000000
00000000000000000000000000000001010000000000000000
00000000000000000000000000000000110000000000000000
00000000000000000000100000001100000000000000000000
00000000000000000000100100001010010000000000000000
00000000000000000000100001001110100000000000000000
11000111000000111111000000000000000001011100000000
11000111000000111111000000000000000000101100000000
11000111000000111111000000000000000000010000000000
11000111000000111111000000000000001000001100000000
11000111000000111111000000000000000100011100000000
11000111000000111111000000000000001010100000000000
11000111000000111111000000000000001101100100000000
11000111000000111111000000000000001101101000000000
00000000000000000000000000000000000000000000011111
00000000000000000000000000000000000000000000010111
00000000000000000000000000000000000000000000000011
00000000000000000000000000000000000000000011001111
00000000000000000000000000000000000000000010010111
00000000000000000000000000000000000000000011011001
00000000000000000000000000000000000000000011111000
00000000000000000000000000000000000000000011111100
