00011100000111000000011111111000000000101100000000
00010100000111000000011111111000000000000000000000
00001000000000000000011111111000000000000000000000
11000100000111000000011111111000000000000011000000
10100100000111000000011111111000000000000000000000
11011000000111000000011111111000000000000011000000
00000000011011000000011111111000000000000000000000
00000000011011000000011111111000000000000000000000
00000000000111000000011111111000000000000000000000
00000011000001000000011111111000000000000000000000
00000011000000000000011111111000000000000000000000
11011100100001000000011111111000000000000000000000
11011111100000000000011111111000000000000000000000
11011111110100000000011111111000000000000000000000
00000000000000000010111111111000000000000000100001
00000000000000000001111111111000000000000000100001
00000000000000000010111111111000000000000000100001
00000000000000000001011111111000000000000000100001
00000000000000101001111111111000000000000000100001
00000000000000010110011111111000000000000000000000
00000000000000111010011111111000000000000000100001
11111111111111111111100001001000000000000000100001
11111111111111111111100000100000000000000000100001
11111111111111111111100000010000000000000000100001
11111111111111111111100000001000000000000000100001
11111111111111111111110000001000000000000000100001
11111111111111111111101000000000000000000000100001
11111111111111111111100100000000000000000000100001
11111111111111111111110011000000000000000000100001
00000000000000000000000000000000101111000000000000
00000000000000000000000000000000011011000000000000
00000000000000000000000000000000000001000000000000
00000000000000000000000000000100001111000000000000
00000000000000000000000000000010000111000000000000
00000000000000000000000000000110100111000000000000
00000000000000000000000000000100111011000000000000
00000000000000000000000000000110111101000000000000
00000000000000000000000000000111111110000000000000
10000000000000000000000000000000000000001111000000
00000000000000000000000000000000000000001111000000
10000000000000000000000000000000000000110111000000
10000000000000000000000000000000000000111011000000
00010100000000000000000000000000000000111101000000
00010100000000000000000000000000000000111110000000
00000000000000111110111111111000000000000000000111
00000000000000000000000000000000000000000000000111
00000000000000000000000000000000000000000000000000
00000000000000000000000000000000000000000000110011
00000000000000000000000000000000000000000000110101
00000000000000111110111111111000000000000000110110
