00001011000000000000000000000000000000000111111111
00001001000000000000000000000000000000000111111111
00000111000000000000000000000000000000000111111111
00000101000000000000000000000000000000000111111111
11000010111111111111111000001001100011111111111111
00110001111111111111111000000000000011111111111111
10101001111111111111111000000000000011111111111111
11110110111111111111111000000000000011111111111111
00001111000111111111111000000000000000000111111111
00001111000001111111111000000000000000000111111111
00001111000000000000000000000000000000000111111111
00001111100001111111111111000000000000000111111111
00001111100001000000000000000000000011111111111111
00001111110110000000000100000000000011111111111111
00001111110100000000111000000000000011111111111111
00001111110100000000101000000000000011111111111111
00001111110100000000011000000000000011111111111111
00001111110100000000011000000000000011111111111111
00001111110100000000011000000000000011111111111111
00001111110100000000011000000000000011111111111111
00001111110100110000001000001000100011111111111111
00001111110100101111001000000000000011111111111111
00001111110100111111110000000000000011111111111111
00000000000101000000000000110000000000000111111111
00000000000100000000000000110000000000000111111111
00000000000100000000000000010000000000000111111111
00000000000000000000000110010000000000000111111111
00000000000000000000000111100000000000000111111111
00001000000000000000100000000001100000000111111111
00000000000000000000000000000001100000000111111111
00000000000000000000000000000000000000000111111111
00001000000000000000000000001100100000000111111111
00001000000000000000100000001101000000000111111111
00000000000000000000000000000000000010101111111111
00000000000000000000000000000000000001111111111111
00000000000000000000000000000000000001001111111111
00001111000011111111111000000000010000011111111111
00001111000011111111111000000000001100011111111111
00001111000011111111111000000000011000011111111111
00001111000011111111111000000000001011100111111111
00001111000011111111111000000000011111100111111111
11111111111111111111111111111111111111111000001111
11111111111111111111111111111111111111111000001111
11111111111111111111111111111111111111111000000011
11111111111111111111111111111111111111111000000001
11111111111111111111111111111111111111111000000001
11111111111111111111111111111111111111111110000010
11111111111111111111111111111111111111111110000001
11111111111111111111111111111111111111111111001001
11111111111111111111111111111111111111111111110110
