00011001111111110000000001111111111111111000000000
00010101111111110000000001111111111111111000000000
00000101111111110000000001111111111111111000000000
11000011111111110000000001111111111111111000000000
10000011111111110000000001111111111111111000000000
01100010111111110000000001111111111111111000000000
00011101111111110000000001111111111111111000000000
11111010111111110000000001111111111111111000000000
11111111000011110000000001111111111111111000000000
11111111000010110000000001111111111111111000000000
11111111000001010000000001111111111111111000000000
11111111000000110000000001111111111111111000000000
11111111110000110000000001111111111111111000000000
11111111101000110000000001111111111111111000000000
11111111110111010000000001111111111111111000000000
11111111111111100000000001111111111111111000000000
00000000000000000000011111111111111111111000000000
00000000000000000000010101111111111111111000000000
00000000000000000000001011111111111111111000000000
00000000000000000000000111111111111111111000000000
00000000000000000000000011111111111111111000000000
00000000000000001100000111111111111111111000000000
00000000000000001010000001111111111111111000000000
00000000000000001101010011111111111111111000000000
00000000000000001011110101111111111111111000000000
11111111111111111111111110001110111111111000000000
11111111111111111111111110000001111111111000000000
11111111111111111111111110000011111111111000000000
11111111111111111111111111000110111111111000000000
11111111111111111111111111001000111111111000000000
11111111111111111111111111011000111111111000000000
11111111111111111111111110110000111111111000000000
11111111111111111111111111111111000001011000000000
11111111111111111111111111111111000000101000000000
11111111111111111111111111111111000000100000000000
11111111111111111111111111111111000000001000000000
11111111111111111111111111111111000000001000000000
11111111111111111111111111111111100000010000000000
11111111111111111111111111111111011000011000000000
11111111111111111111111111111111100001100000000000
11111111111111111111111111111111110110100000000000
00000000000000000000000000000000000000000000101001
00000000000000000000000000000000000000000000010111
00000000000000000000000000000000000000000000001110
00000000000000000000000000000000000000000100000000
00000000000000000000000000000000000000000010000111
00000000000000000000000000000000000000000101000011
00000000000000000000000000000000000000000011010001
00000000000000000000000000000000000000000011011001
00000000000000000000000000000000000000000110011110
