01101100011111111111111111111111111101111111111111
10110100100101111111111111111111111111111111111111
11011010011111111111111111111111111111111111111111
01101101111111111111111111111111111111111111111111
10110111100101100000111100011110100111111000000000
11011011011111111111111111111111111111111111111111
00101101011111111111111111111111111111100111111111
00011110011111111111111111111111111111111111111111
01011000011111111111111111111111111110000111111111
10110111100011111111111111111111111111111111111111
10110111100101100000111100011110100111111111111111
11111111101001100000111100011110100111111000000000
10110111110001111111111111111111111111111000000000
11111111111110100001111111111110100111111111111111
11111111111111001000111100011111111111111111111111
11110111110010000111111111111110100111111000000000
11110111110010100000111100011110100111111000000000
11110111110010010000111100011110100111111000000000
11110111110010010000111100011110100111111000000000
11110111110011010000111000011111111111111000000000
11111111111111111111010000011111111111111111111111
11111111111111111111100010011111111111111111111111
11111111111111111111000110011111111111111111111111
11111111111111111110001001011111111111111111111111
11110111110011010000011000011111111111111000000000
11110111110011010000000100111111111111111000000000
11110111110011010000000001011111111111111000000000
11111111111111111111111111101000000111111111111111
11111111111111111111111111110100000111111111111111
11111111111111111111111111101010000111111111111111
11111111111111111111111111100101011111111111111111
11110111110010100001111111100010100111111000000000
11111111111111111111111111100001010111111111111111
11110111110010100001111111100010100111111000000000
11110111110010100001111111100010000111111000000000
11111111111111111111111111111111111011010111111111
01111111111111111111111111111111111101101111111111
11111111011111111111111111111111111110100111111111
11111111011111111111111111111111111011011111111111
11111101011111111111111111111111111100100111111111
11111101011111111111111111111111111010100111111111
11110111111001100000111100011110100111111011101010
11110111111001100000111100011110100111111101110000
11110111111001100000111100011110100111111110110000
11110111111001100000111100011110100111111111010101
11110111111001100000111100011110100111111011101101
11110111111001100000111100011110100111111100010110
11110111111001100000111100011110100111111000111000
11110111111001100000111100011110100111111100001000
11110111111001100000111100011110100111111000110000
