00010100111111101011111111110000000010000100000000
00001011111111100001111111110000000000000000000000
00000110111111100001111111110000000000000000000000
10000001111111100001111111110000000000000000000000
01000010111111100001111111110000000000000000000000
10100001111111100101111111110000000000000000000000
01101001111111100001111111110000000000000000000000
01010110111111100001111111110000000000000000000000
11111111000011000001111111110000000000000000000000
11111111000010100001111111110000000000000000000000
11111111000001000001111111110000000000000000000000
11111111000000010101111111110000000000000000000000
11111111110000100001111111110000000000000000000000
11111111101000100001111111110000000000000000000000
11111111010011000001111111110000000000000000000000
00000000000100000011111111110000000000000000000000
10000000000000000011111111110000000000000000000000
00000100000100000001111111110000000000000000000000
10000000000000011001111111110000000000000000000000
11111111111111111110001011110000000000001100000000
11111111111111111110000101110000000000000000000000
11111111111111111110000010010000000000000000000000
11111111111111111111000001100000000000000000000000
11111111111111111110100001110000000000000000000000
11111111111111111111010000000000000000000000000000
11111111111111111111101100110000000000000000000000
11111111111111111111101101010000000000000000000000
11111111111111111111110101100000000000000000000000
00000000000000000000000000000000101100000000000000
00000000000000000000000000000000010100000000000000
00000000000000000000000000000000000100000000000000
00000000000000000000000000000000001000000000000000
00000000000000000000000000001000001000000000000000
00000000000000000000000000000100000000000000000000
00000000000000000000000000001001100100000000000000
00000000000000000000000000001110001000000000000000
10000000000000000000000000000000000000101100000000
00000000000000000000000000000000000000010100000000
00000000000000000000000000000000000010001000000000
00000000000000000000000000000000000001000100000000
00000000000000000001000000000000000010100100000000
10000000000000000001000000000000000011011000000000
00000000000000000000000000000000000000000001100100
00000000000000000000000000000000000000000010110110
00000000000000000000000000000000000000000011011000
00000000000000000000000000000000000000000001101000
00000000000000000000000000000000000000000000110000
00000000000000000000000000000000000000000011000011
00000000000000000000000000000000000000000001000100
00000000000000000000000000000000000000000000000100
