01110010100000000111111111111111000000000111111111
10111010000000000111111111111111000000000111111111
11011100100000000111111111111111000000000111111111
11101101000000000111111111111111000000000111111111
01110111000000000111111111111111000000000111111111
00111011000000000111111111111111000000000111111111
11001100000000000111111111111111000000000111111111
00011100000000000111111111111111000000000111111111
10100000000000000111111111111111000000000111111111
00000000001101000111111111111111111111111111111111
00000000010110100111111111111111000000000111111111
00000000011011011111111111111111000000000111111111
00000000001101010111111111111111000000000111111111
00000000010110101111111111111111000000000111111111
00000000001001010111111111111111000000000111111111
00000000000110101111111111111111000000000111111111
00000000000101010111111111111111111111111111111111
11111111111111111011100011111111111111111111111111
11111111111111111101100011111111111111111111111111
11111111111111111110100011111111111111111111111111
11111111111111111111011011111111111111111111111111
11111111111111111000101001111000111111111111111111
11111111111111111000110101111000111111111111111111
11111111111111111000001001111000111111111111111111
11111111111111111111100001110001111111111111111111
11111111111111111111111110110000111111111111111111
11111111111111111111111111011010111111111111111111
11111111111111111111111111101101111111111111111111
11111111111111111111111100110110111111111111111111
11111111111111111111100000011010111111111111111111
11111111111111111111100000101101111111111111111111
11111111111111111111100010010010111111111111111111
00000000010000001111111111111111011101000111111111
00000000010000001111111111111111101110011111111111
00000000010000001111111111111111110110100111111111
00000000010000001111111111111111111011110111111111
00000000010000001111111111111111011101100111111111
00000000010000001111111111111111100110001111111111
00000000010000001111111111111111001110000111111111
00000000010000001111111111111111010100000111111111
00000000010000001111111111111111010001000111111111
11111111111111111111111111111111111111111011000000
11111111111111111111111111111111111111111101100000
11111111111111111111111111111111111111111110100001
11111111111111111111111111111111111111111011011000
11111111111111111111111111111111111111111000101001
11111111111111111111111111111111111111111000110110
11111111111111111111111111111111111111111000001010
11111111111111111111111111111111111111111000001100
11111111111111111111111111111111111111111001010000
