01100000011111111100000000011111100000000000000000
10101010011111111100000000011111100000000000000000
11010000011111111100000000011111100000000000000000
00101100011111111100000000011111100000000000000000
01010110011111111100000000011111100000000000000000
00011001011111111100000000011111100000000000000000
01001001011111111100000000011110000000000000000000
00000110111111111100000000011111100000000000000000
00000001011111111100000000011011100000000000000000
11111111101110000000000000011111100000000000000000
11111111110110100000000000011111100000000000000000
11111111111011001000000000011111100000000000000000
11111111111101110000000000011111100000000000000000
11111111100110110000000000011111100000000000000000
11111111101011011000000000011111100000000000000000
11111111100011100100000000011111100000000000000000
11111111100100100000000000011111100000000000000000
11111111100000010000000000011111100000000000000000
00000000000000000001100000111111100000000000000000
00000000000000000010110000011111100000000000000000
00000000000000000011011010011111100000000000000000
00000000000000000001101100011000100000000000000000
00000000000000000000110101011111100000000000000000
00000000000000000000011010011111100000000000000000
00000000000000000000100100011111100000000000000000
00000000000000000000001000011111100000000000000000
00000000000000000010000000011111100000000000000000
11111111111111111111111111101101000000000000000000
11111111111111111111111111110101000000000000000000
11111111011111111111101111111010000000000000000000
11111111111111111111101111100100000000000000000000
11111101111111111111101111111000000000000000000000
11111101111111111111111111100000000000000000000000
00000000000000000000000000000000001101000000000000
00000000000000000000000000000000010110100000000000
00000000000000000000000000000000011011011100000000
00000000000000000000000000000000001101101000000000
00000000000000000000000000000000010110110000000000
00000000000000000000000000000000001011011000000000
00000000000000000000000000000000000101100000000000
00000000000000000000000000000000000110100100000000
00000000000000000000000000000000000100001000000000
00000000000000000000000000000000000000000001100000
00000000000000000000000000000000000000000010110000
00000000000000000000000000000000000000000011010010
00000000000000000000000000000000000000000001101110
00000000000000000000000000000000000000000000010000
00000000000000000000000000000000000000000000010001
00000000000000000000000000000000000000000000110000
00000000000000000000000000000000000000000000000100
