00011111111111110000000000111111111111111111111111
00111111111110001000000000001110111111111111111111
01000111111111111000000000001110111111111111111111
11001111111111111000000000001110111111111111111111
11010111111111111000000000111111111111111111111111
11111011000011111000000000111111111111111111111111
11111101010111111000000000111111111111111111111111
11111110111011111000000000111111111111111111111111
11111001000011111000000000111111111111111111111111
11111011001011111000000000111111111111111111111111
11111001010011111000000000111111111111111111111111
11111010000011111000000000111111111111111111111111
11111111111101001000000000111111111111111111111111
10111111111110101000000000111111111111111111111111
10111111111101010000000000111111111111111111111111
10111111111100101000000000111111111111111111111111
01111111111111010000000000111111111111111111111111
00000000000000000011100101001110111111111111111111
00000000000000000101110001001110111111111111111111
00000000000000000110111000001110111111111111111111
00000000000000000111011100001110111111111111111111
00000000000000000011101111001110111111111111111111
00000000000000000001110110001110111111111111111111
00000000000000000100111010001110111111111111111111
00000000000000000000011100001110111111111111111111
00000000000000000110010000001110111111111111111111
10001111111111111000000000011000111111111111111111
10001111111111111000000000101100111111111111111111
11111111111111111111111111110101111111111111111111
11111111111111111111111111011010111111111000000000
11111111111111111111111111000101111111111000000000
10001111111111111000000000001010111111111000000000
11111111111111111111111111111111011100000111111111
11111111111111111111111111111111101110100111111111
11111111111111111111111111111111110111011111111111
11111111111111111111111111111111111011100111111111
11111111111111111111111111111111011101100111111111
11111111111111111111111111111111001110000111111111
11111111111111111111111111111111010110011111111111
11111111111111111111111111111111001000100111111111
11111111111111111111111111111111001000100111111111
11111111111111111111111111111000111111111011101001
11111111111111111111111111111000111111111101110000
11111111111111111111111111111000111111111110110000
11111111111111111111111111111000111111111111011110
11111111111111111111111111111000111111111011101100
11111111111111111111111111111000111111111100110110
11111111111111111111111111111000111111111000111010
11111111111111111111111111111000111111111000101100
11111111111111111111111111111000111111111100000000
