00001011111111110001111111111111110000000000000000
00000011111111110000000000000000000000000000000000
00001110000000000000000000000000000000000000000000
00001110000000000000000000000000000000000000000000
10110110000000000000000000000000000000000000000000
00111010000000000000111111111111110000000000000000
11111100000000000000111111111111110000000000000000
11000000000011110000111111111111110000000000000000
11000000000001110000111111111111110000000000000000
11000000000001110000111111111111110000000000000000
11000000000001000000111111111111110000000000000000
11000000000000110000111111111111110000000000000000
11000001000000111110111111111111110000000000000000
11000001111000000000111111111111110000000000000000
11000001110110011100111111111111110000000000000000
11000001110110101100111111111111110000000000000000
00000000000010110001000000000000000000000000000000
00000000000010110001000000000000000000000000000000
00000000000010000000000000000000000000000000000000
10000000000000001100000000000000000000000000000000
10000111111111110000000011111111110000000000000000
10000111111111110000000000111111110000000000000000
10000111111111110000000011100000000000000000000000
10000111111111110000000000000000000000000000000000
10000111111111110000101000100000000000000000000000
10000111111111110000101000011111110000000000000000
10000111111111110000111010011111110000000000000000
10000111111111110000110001100011100000000000000000
10000111111111110000110001100001110000000000000000
10000111111111110000110001100001100000000000000000
10000111111111110000110001110000010000000000000000
10000111111111110000110001111100010000000000000000
10000111111111110000110001111100010000000000000000
10000111111111110000110001101011100000000000000000
00000000000000000000000000000000000000111000000000
00000000000000000000000000000000000000011000000000
00000000000000000000000000000000000000000000000000
00000000000000000000000000000000000000000000000000
00000000000000000000000000000000001000001000000000
00000000000000000000000000000000001100001000000000
00000000000000000000000000000000001100110000000000
00000000000000000000000000000000000000000000010011
00000000000000000000000000000000000000000000001111
00000000000000000000000000000000000000000000001001
00000000000000000000000000000000000000000000000111
00000000000000000000000000000000000000000100000010
00000000000000000000000000000000000000000011000111
00000000000000000000000000000000000000000010101001
00000000000000000000000000000000000000000110111000
00000000000000000000000000000000000000000111101100
