00011010000000011111111100000000111111111111111111
00010111000000011111111100000000111111111111111111
00000101000000011111111100000000111111111111111111
11000011000000011111111100000000111111111111111111
10000011001001111111111100000000111111111111111111
01100011001001111111111100000000111111111111111111
11011100000000011111111100000000111111111111111111
01111100001001111111111100000000111111111111111111
00000000010011111111111100000000111111111111111111
00000000100011111111111100000000111111111111111111
00001101000000011111111100000000111111111111111111
00000000000000011111111100011011111111111111111111
00000000110000011111111100000000111111111111111111
00001101110000111111111100000000111111111111111111
00001101110001011111111100000000111111111111111111
11111111111111100001111100011011111111111111111111
11111111111111100001010100011011111111111111111111
11111111111111100000111100011011111111111111111111
11111111111111100000101100011011111111111111111111
11111111111111111000001100011011111111111111111111
11111111111111110110000000011011111111111111111111
11111111111111111100001000011011111111111111111111
11111111111111110111010100011011111111111111111111
11111111111111111111001000011011111111111111111111
00000000000000000000000000100110111111111111111111
00000000000000000000000000011111111111111111111111
00000000000000000000000010000101111111111111111111
00000000000100011111111101000010111111111111111111
00000000000100011111111101000001111111111111111111
00000000000000000000000011100000111111111111111111
00000000000100011111111111010001111111111111111111
00000000000100011111111101101010111111111111111111
11111111111111111111111111111111011101000111111111
11111111111111111111111111111111101110000111111111
11111111111111111111111111111111110110100111111111
11111111111111111111111111111111111011000111111111
11111111111111111111111111111111011101010111111111
11111111111111111111111111111111100110100111111111
11111111111111111111111111111111001001010111111111
11111111111111111111111111111111000010101111111111
11111111111111111111111111111111000000010111111111
11111111111111111111111111111111111111111010101000
11111111111111111111111111111111111111111101010010
11111111111111111111111111111111111111111010101000
11111111111111111111111111111111111111111101010100
11111111111111111111111111111111111111111010101011
11111111111111111111111111111111111111111101010101
11111111111111111111111111111111111111111000101000
11111111111111111111111111111111111111111010010000
11111111111111111111111111111111111111111000011000
