01101000111111111111111111111111111111111111010101
10110000111111111111111111111111111111111111010101
11010000111111111111111111111111111111111111010101
01101000111111111111111111111111111111111111010101
10010100111111111111111111111111111111111111010101
00001000111111111111111111111111111111111111010101
00000000111111111111111111111111111111111111010101
00000000111111111111111111111111111111111111010101
11111111011000011111111111111111111111111111010101
11111111101100001111111111111111111111111111010101
11111111110110001111111111111111100000000011010101
11111111011011101111111111111111100000000011010101
11111111001101001111111111111111111111111111010101
11111111000110101111111111111111100000000011010101
11111111000101001111111111111111100000000011010101
11111111100000001111111111111111100000000011010101
11111111111111110111001011111111111111111111010101
11111111111111111011100101111111111111111111010101
11111111111111111101110011111111111111111111010101
11111111111111111110111111111111111111111111010101
11111111111111110111011001111111111111111111010101
11111111111111110011101101111111111111111111010101
11111111111111111001110111111111111111111111010101
11111111111111110101011011111111111111111111010101
11111111111111111011001101111111111111111111010101
11111111111111111111111110010111111111111100000000
11111111111111111111111110001011111111111100000000
11111111111111111111111111000111011111111100000000
11111111111111111111111110100000011111111100000000
11111111111111111111111111010000111111111100000000
11111111111111111111111111110000111111111111010101
11111111111111111111111111110000111111111111010101
11111111111111111111111111100111011111111111010101
11111111110010001111111111111111100001010111010101
11111111110010001111111111111111100000101111010101
11111111110010001111111111111111100000010011010101
11111111110010001111111111111111100000001011010101
11111111110010001111111111111111110000000111010101
11111111110010001111111111111111101000001111010101
11111111110010001111111111111111110100000011010101
11111111110010001111111111111111101010100111010101
11111111110010001111111111111111111001101011010101
11111111111111111111111110000011111111111100000110
11111111111111111111111110000011111111111100000101
00000000000000000000000000000000000000000000000101
11111111111111111111111110000011111111111100000010
00000000000000000000000000000000000000000000000011
11111111111111111111111110000011111111111111100001
00000000000000000000000000000000000000000010011001
11111111111111111111111110000011111111111101101110
