00101100011001111111111111111111111111111100000000
00000100000000001111111110000000000000000000000000
10001010010000001111111111111111111111111100000000
00001100000001111111111110000000000000000000000000
10110110001001111111111110000000000000000000000000
11011000000001111111111110000000000000000000000000
00101000001000001111111111111111111111111100000000
00000000010000001111111111111111111111111100000000
00000000001000001111111111111111111111111100000000
10100001001000001111111110000000000000000000000000
10001010110000001111111111111111111111111100000000
00000000000000111111111110000000000000000000000000
00000000000001001111111110000000000000000000000000
10011100000010111111111110000000000000000000000000
10011100000101011111111110000000000000000000000000
10011100000101101111111110000000000000000000000000
11111111111111110000101111111111111111111111111111
11111111111111110000011101111111111111111111111111
11111111111111110000011101111111111111111111111111
11111111111111110000001111111111111111111111111111
11111111111111111000000011111111111111111111111111
11111111111111110110000011111111111111111111111111
11111111111111111111000011111111111111111111111111
11111111111111111111000011111111111111111111111111
11111111111111111001111101111111111111111111111111
10100011101000001111111110000101011111111100000000
10100011101000001111111110000010111111111100000000
10100011101000001111111110000001011111111100000000
10100011101000001111111110000001011111111100000000
10100011101000001111111111000001100000000000000000
10100011101000001111111110100000100000000000000000
10100011101000001111111111011100100000000000000000
10100011101000001111111110100111011111111100000000
10100011101000001111111111111000101110000100000000
10100011101000001111111111111000110110100000000000
10100011101000001111111111111000111011000000000000
10100011101000001111111111111000111101010100000000
10100011101000001111111111111000100110111000000000
10100011101000001111111111111000101001001000000000
10100011101000001111111111111000100011000000000000
10100011101000001111111111111000100001100000000000
10100011101000001111111111111000110010000000000000
00000000000000001111111110000000000000000000001101
00000000000000001111111110000000000000000000000111
00000000000000001111111110000000000000000000000011
00000000000000001111111110000000000000000000000000
00000000000000001111111110000000000000000010000001
00000000000000001111111110000000000000000011000001
00000000000000001111111110000000000000000001100000
00000000000000001111111110000000000000000011101100
