00001001100000000000000011111111100000000000000000
00000110100000000000000011111111100000000000000000
00000101000000000101110111111111100000000000000000
00000010100000000000000011111111100000000000000000
10000001000000000000000011111111111001000110000000
01100010000000000101101111111111100000000000000000
01010100100000000000000011111111100000000000000000
10101000000000000000000011111111100000111000000000
11010010000000000000000011111111100000000000000000
00000000000001001000000011111111100000000000000000
00000000000000111000000011111111100000000000000000
00000000000000101000000011111111100000000000000000
00000000000000010000000011111111100000000000000000
00000000010000001000000011111111100000000000000000
00000000001100011000000011111111100000000000000000
00000000001010101000000011111111100000000000000000
00000000011101110000000011111111100000000000000000
00100100000000000000111111111111100000000000000000
00000000000000000000100111111111100000000000000000
00100100000000000000011111111111100000000000000000
00100100000000000110000011111111100000000000000000
00100000000000000101001111111111100000000000000000
00000100000000000101010111111111100000000000000000
00100100000000000111011011111111100000000000000000
11111111111111111111111100001111100001000000000000
11111111111111111111111100000111100000000000000000
11111111111111111111111100000011100000000000000000
11111111111111111111111100000001100000000000000000
11111111111111111111111110000011100000110010000000
11111111111111111111111111000000100000000000000000
11111111111111111111111111101000100000000110000000
11111111111111111111111111111000000000000000000000
11111111111111111111111111111110000110000000000000
00001000000000000000000000000000000011000000000000
00001000000000000000000000000000000000000000000000
00000000000000000000000000000000100001000000000000
00000000000000000000000000000000110001000000000000
00001000000000000000000010000000010110000000000000
00000001000000000000000000001000000000001000000000
00000001000000000000000000001000000000000010000000
00000001000000000000000000000000000000100000000000
00001000000000000000000000000010000000000000000000
00001000000000000000000000001010000000010000000000
00000000000000000000000000000000000000000000000011
00000000000000000000000000000000000000000000000000
00000000000000000000000000000000000000000000000000
00000000000000000000000000000000000000000000000000
00000000000000000000000000000000000000000000000000
00000000000000000000000000000000000000000001000001
00000000000000000000000000000000000000000001000010
