00001111111111111111111000000000000000000000000000
00001111111111110000000000000000000000000000000000
00001111111111110000000000000000000000000000000000
00000111111111110000000000000000000000000000000000
11100011111111110000000000000100011000000000000000
11110011111111111111111000000100011000000000000000
11111101111111111111111000000100011000000000000000
11111110000111111111111000000100011000000000000000
11111110000100111111111000000100011000000000000000
11111110000010001111111000000100011000000000000000
11111110000001001111111000000100011000000000000000
11111111100001111111111000000100011000000000000000
11111111010001111111111000000100011000000000000000
11111111001110111111111000000100011000000000000000
11111111100111011111111000000100011000000000000000
11111111100111101111111000000100011000000000000000
10000111111111110001010000000100011000000000000000
10000111111111110000111000000100011000000000000000
10000111111111110000011000000100011000000000000000
10000111111111111000001000000100011000000000000000
10000111111111110100000000000100011000000000000000
10000111111111111110001000000100011000000000000000
10000111111111110111010000000100011000000000000000
00000000000000000000000001011000000000000000000000
00000000000000000000000000111000000000000010000011
00000000000000000000000100001000000000000010000011
00000000000000000000000010001000000000000010000011
00000000000000000000000110000000000000000010000011
00000000000000000000000111100000000000000010000011
00001111111111111111111000000000011111011000000000
00000000000000000000000000000000001010000000000000
00000000000000000000000000000000000110000000000000
00000000000000000000000000000000000110000000000000
00001111111111111111111000000100001100000000000000
00001111111111111111111000000110010010011100000000
00000000000000000000000000000101110010000000000000
00000000000000000000000000000111101100111100000000
00000000000000000000000000000100000000001100000000
00000000000000000000000000000000000010000100000000
00000000000000000000000000000100001010000100000000
00000000000000000000000000000100001011000000000000
00000000000000000000000000000000001011110000000000
00000000000000000000000011111000000000000000000100
00000000000000000000000000000000000000000000000100
00000000000000000000000000000000000000000000000100
00000000000000000000000000000000000000000000000011
00000000000000000000000000000000000000000000000011
00000000000000000000000000000000000000000011100001
00000000000000000000000011111000000000000000011000
00000000000000000000000011111000000000000000011100
