01110010001011110111111110000000000000000011111111
10111110001011110111111110000000000000000011111111
11011011111111111111111110000000000000000011111111
11101011111111111111111110000000000000000011111111
01110110001011110111111110000000000000000011111111
01001010001011110111111110000000000000000011111111
11111101101011110111111110000000000000000011111111
00110010110111110111111110000000000000000011111111
00110011011011110111111110000000000000000011111111
00110001101011111111111110000000000000000011111111
11111110110011111111111110000000000000000011111111
00110001000011110111111110000000000000000011111111
11111111111101100000000000000000000000000011111111
11111111111110100000000000000000000000000011111111
11111111111111000111111110000000000000000011111111
11111111111100000000000000000000000000000011111111
00110000011000000111111110000000000000000011111111
11111111111100101000101110000000000000000011111111
11111111111100101000010110000000000000000011111111
11111111111100101000010110000000000000000011111111
11111111111100101100001010000000000000000011111111
11111111111100101011001100000000000000000011111111
11111111111100101100110110000000000000000011111111
11111111111100101111011010000000000000000011111111
11111111111100101111101100000000000000000011111111
00000000000000000000000000001101110000000011111111
00000000000000000000000000000111010000000011111111
00000000000000000000000000000011110000000011111111
00000000000000000000000001000001010000000011111111
00000000000000000000000001100000100000000011111111
00000000000000000000000000110000110000000011111111
00000000000000000000000001111000110000000011111111
00000000000000000000000001010111010000000011111111
00000000000000000000000001111011100000000011111111
00000000000000000000000000000000000000011111111111
00000000000000000000000000000000000000011111111111
00000000000000000000000000000000000000011111111111
00000000000000000000000000000000000000000011111111
00000000000000000000000000000000000000000111111111
00000000000000000000000000000000001110001111111111
00000000000000000000000000000000001110010011111111
00000000000000000000000000000000001110110011111111
11111111111111111111111111111111111111111100011111
11111111111111111111111111111111111111111100000111
11111111111111111111111111111111111111111100000001
11111111111111111111111111111111111111111110001001
11111111111111111111111111111111111111111110010001
11111111111111111111111111111111111111111111000011
11111111111111111111111111111111111111111111000101
11111111111111111111111111111111111111111111111110
