01110011111111111111111111101000000000000000000000
10100000000000110001111111100000000000000000000000
11010011111111111110000000001000000000000000000000
10100000000000110000000000000000000000000000000000
00000100000000110001111111100000000000000000000000
00001000000000110001111111100000000000000000000000
10100001101000110001111111101000000000000000000000
10100010110100110001111111101000000000000000000000
10100011011000110001111111101000000000000000000000
10100001100111111111111111101000000000000000000000
10100010100100110001111111101000000000000000000000
10100001011000110001111111100000000000000000000000
10100000010001100001111111100000000000000000000000
10100000010010110001111111100000000000000000000000
11111111111111001001111111101000000000000000000000
11111111111101001101111111101000000000000000000000
10100000010000110101111111100000000000000000000000
10100000010000011001111111100000000000000000000000
10100000010000000001111111100000000000000000000000
11001111111111111110111000001000000000000000000000
11001111111111111111011010001000000000000000000000
11001111111111111111101100001000000000000000000000
11001111111111111111110110001000000000000000000000
11001111111111111110011000001000000000000000000000
11001111111111111110101001001000000000000000000000
11001111111111111110000010101000000000000000000000
11001111111111111110000001001000000000000000000000
00000000000000000000000000000000110000000000000000
10100011111000110001111111100000110000000000000000
00000000000000000000000000000000010000000000000000
00000000000000000000000000000000010000000000000000
00000000000000000000000000000000010000000000000000
00000000000000000000000000011000000000000000000000
00000000000000000000000000011111000000000000000000
00000000000000000000000000000000000000010111111111
00000000000000000000000000000000000000010111111111
00000000000000000000000000000000000000001111111111
00000000000000000000000000000000000000001111111111
00000000000000000000000000000000000000000100000000
00000000000000000000000000000000001100000000000000
00000000000000000000000000000000000011000000000000
00000000000000000000000000000000001111100011111111
00000000000000000000000000000000001111000100001011
00000000000000000000000000000000001111000100001001
00000000000000000000000000000000001111000100000111
00000000000000000000000000000000001111000100000101
00000000000000000000000000000000001111000111000011
00000000000000000000000000000000001111000100110001
00000000000000000000000000000000001111000110101000
00000000000000000000000000000000001111000111111100
