01000000000000000000011111111111111111111111111111
10100000000000000000011111111111111111111111111111
01000111111110000000011111111111111111111111111111
00000000000000000000011111111111111111111111111111
00000000000000000000011111111111111111111111111111
00100000000000000000010000101110010111111111111111
00100001010000000000011111111111111111111111111111
00100010100000000000011111111111111111111111111111
00100001011000000000011111111111111111111111111111
00100010101000000000011111111111111111111111111111
00100000110100000000011111111111111111111111111111
00100000001010000000011111111111111111111111111111
00100000000100000000011111111111111111111111111111
00000000000000111100010000101110010111111111111111
00000000000001011110110000101110010111111111111111
00000000000001101110110000101110010111111111111111
00000000000001110111010000101110010111111111111111
00000000000001111011010000101110010111111111111111
00000000000000111101010000101110010111111111111111
00000000000000001110110000101110010111111111111111
00000000000000110001010000101110010111111111111111
11111111111111111111101100101111111111111111111111
11111011111110000000010111001111111111111111111111
11111011111110000000011011101111111111111111111111
11111011111110000000001101101111111111111111111111
11111011111110000000001110101110010111111111111111
11111111111111111111110111011110010111111111111111
11111011111110000000000000101110010111111111111111
11111111111111111111111111110110111111111111111111
11111111111111111111111111111011000111111111111111
11111111111111111111111111111101100111111111111111
11111011111110000000011110000110000111111111111111
11111011111110000000011110001010011111111111111111
11111111111111111111111111111000100111111111111111
11111011111110000000011110001000100111111111111111
11111111111111111111111111111111111011010001111111
11111111111111111111111111111111111101101001111111
11111111111111111111111111111111111110101101111111
11111111111111111111111111111111111011010001111111
11111111111111111111111111111111111100100001111111
11111111111111111111111111111111111011000011111111
11111111111111111111111111111111111001000011111111
11111111111111111111111111111111111000001101111111
11111111111111111111111111111111111111111110111000
11111111111111111111111111111111111111111111010000
11111111111111111111111111111111111111111111101000
11111111111111111111111111111111111111111111010000
11111111111111111111111111111111111111111110000000
11111111111111111111111111111111111111111110000000
11111111111111111111111111111111111111111110000000
