01101001101010000000000000001111111100000111111111
10110011111111000000000000001111111100000111111111
11010011111111111111100000001111111100000111111111
01101011111111111111100000001111111100000111111111
10010101101010111111100000001111111100000111111111
00001001101010111111100000000000000000000111111111
01110001100000000000000000000000000000000111111111
11111110000000111111100000001111111100000111111111
11111110010001111111100000001111111100000111111111
01110000101000000000000000000000000000000111111111
11111100010100111111100000001111111100000111111111
01110000001010000000000000000000000000000111111111
11111100000101111111100000001111111100000111111111
01110000100010000000000000000000000000000111111111
00111101101010011100000000000000000000000111111111
00111101101010101110000000000000000000000111111111
00111101101010110100000000000000000000000111111111
00111101101010111001000000000000000000000111111111
00111101101010010001000000000000000000000111111111
00111101101010000110000000000000000000000111111111
00111101101010000000000000000000000000000111111111
00000000000000000000001110100000000000000111111111
00000000000000000000010111010000000000000111111111
00000000000000000000011011110000000000000111111111
00000000000000000000011101110000000000000111111111
00000000000000000000001110100000000000000111111111
00000000000000000000010111000000000000000111111111
00000000000000000000001110000000000000000111111111
11111001101010000000000000000111100100000111111111
11111001101010000000000000001011100100101111111111
11111001101010000000000000001101110000000111111111
11111001101010000000000000001110111001001111111111
11111001101010000000000000001111011000000111111111
11111001101010000000000000000011100000000111111111
11111001101010000000000000000001100100000111111111
11111001101010000000000000001100001000000111111111
00000000000000000000000000000000000000011111111111
00000000000000000000000000000001000000001111111111
00000000000000000000000000000100000000000111111111
00000000000000000000000000000000000010001111111111
00000000000000000000000000000101000011010111111111
11111111111111111111111111111111111111111000011001
11111111111111111111111111111111111111111000001111
11111111111111111111111111111111111111111000000111
11111111111111111111111111111111111111111000000101
11111111111111111111111111111111111111111100000000
11111111111111111111111111111111111111111110000011
11111111111111111111111111111111111111111011100011
11111111111111111111111111111111111111111011001100
11111111111111111111111111111111111111111111101100
