01100000000000000000000000000000001111011000000000
10010000000000000111111110000000001111111000000000
10011000000000000111111110000000001111111000000000
01101100000000000000000000000000001111011000000000
00110001000000000000000000000000001111011000000000
00010010000000000000000000000000001111011000000000
00000100000000000000000000000000001111011000000000
00001000000000000000000000000000001111011000000000
00000000011100000000000000000000001111011000000000
00000000101110000000000000000000001111011000000000
00000000110111100000000000000000001111011000000000
00000000111011110000000000000000001111011000000000
00000000011101000000000000000000001111011000000000
00000000001110100000000000000000001111011000000000
00000000001101010000000000000000001111011000000000
00000000000100100000000000000000001111011000000000
00000000000000000000000000000000001111011000000000
01100000000000000011100000000000001111011000000000
01100000000000000101110000000000001111011000000000
01100000000000000110111100000000001111011000000000
01100000000000000111011110000000001111111000000000
01100000000000000011101010000000001111111000000000
01100000000000000001110100000000001111011000000000
01100000000000000001101000000000001111011000000000
01100000000000000000110000000000001111011000000000
00000000000000000000000000111001001111011000000000
00000000000000000000000001011100001111011000000000
00000000000000000000000001101110001111011000000000
00000000000000000000000001110111011111011000000000
00000000000000000000000000111011101111011000000000
00000000000000000000000000011101011111011000000000
00000000000000000000000001001110101111011000000000
00000000000000000000000000000101011111011000000000
00000000000000000000000000001010101111011000000000
11111111111111111111111111111111110110010000000000
11111111111111111111111111111111111010101000000000
11111111111111111111111111111111111101100000000000
11111111111111111111111111111111110010000000000000
01100000000000000000110000000000000110010000000000
11111111111111111111111111111111111000101000000000
11111111111111111111111111111111110100010000000000
00000000000000000000000000000000000000000011101100
00000000000000000000000000000000000000000101110010
00000000000000000000000000000000000000000110110010
00000000000000000000000000000000000000000111011000
00000000000000000000000000000000000000000011101101
00000000000000000000000000000000000000000100110000
00000000000000000000000000000000000000000100010000
00000000000000000000000000000000000000000011000000
00000000000000000000000000000000000000000000010000
