00001111000000000000111111110000111111111111111111
00000010111111111111111111110000111111111111111111
00000101000000000000111111110000111111111111111111
00000000000000000000111111110000111111111111111111
10000001000000000000111111110000111111111111111111
10100011000000000000111111110000111111111111111111
11000101000000000000111111110000111111111111111111
10101110111111111111111111110000111111111111111111
01000001000000000000111111110000111111111111111111
01000001000110000000111111110000111111111111111111
01000001000001111111111111110000111111111111111111
01000001010000000000111111110000111111111111111111
01000001010001111111111111110000111111111111111111
01000001001010000101111111110000111111111111111111
01000001001010000011111111110000111111111111111111
01000001001010000011111111110000111111111111111111
01000001001010000001111111110000111111111111111111
01000001001011000000111111110000111111111111111111
01000001001010110000111111110000111111111111111111
01000001001011111000111111110000111111111111111111
11111111111111111111000100110000111111111111111111
11111111111111111111000010110000000111111111111111
11111111111111111111000001010000000111111111111111
11111111111111111111100000010000111111111111111111
11111111111111111111010000110000000111111111111111
11111111111111111111001000000000000111111111111111
11111111111111111111110010000000000111111111111111
11111111111111111111111110000000000111111111111111
00000000000000000000000000000001011111111111111111
00000000000000000000000000000000111111111111111111
00000000000000000000000000000000001111111111111111
00000000000000000000000000001000010111111111111111
11111111111111111111100100000100001111111111111111
11111111111111111111100100001101001111111111111111
11111111111111111111100100001110110111111111111111
11111111111111111111111111111111111011111011111111
11111111111111111111111111111111111101111111111111
11111111111111111111111111111111111110111011111111
11111111111111111111111111111111111111011011111111
11111111111111111111111111111111111111101011111111
11111111111111111111111111111111111111110011111111
11111111111111111111111111111111111010000011111111
11111111111111111111111111111111111111111101110000
11111111111111111111111111111111111111111110111000
11111111111111111111111111111111111111111111011110
11111111111111111111111111111111111111111111101110
11111111111111111111111111111111111111111101110100
11111111111111111111111111111111111111111100111001
11111111111111111111111111111111111111111100110000
11111111111111111111111111111111111111111100000100
