01101111111111111111100110111111111111000000000000
10101111111111111111111111111111111111000000000000
11001111111111111111111111111111111111000000000000
00001111111111111111111111111111111111000000000000
11110110110011111111111111111111111111001011000000
11111011010011111111111111111111111111000000000000
11111101101011111111111111111111111111000000000000
11110110110011111111111111111111111111000000000000
11111011011111111111111111111111111111000000000000
11111101101100000000011111111111111111000000000000
11110010110011111111111111111111111111000000000000
11110000110011111111111111111111111111000000000000
11111111101101110100011111111111111111000000000000
11111111101110110100011111111111111111000000000000
11111111101111011000011111111111111111110101000000
11111111101111101001011111111111111111000000000000
11111111101100110000011111111111111111000000000000
11111111101111000010011111111111111111000000100001
11111111101100000100111111111111111111000000000100
11111111101100010000011111111111111111000000000000
11111111101100000010011111111111111111000000000000
01111111111111111111101101000000000000000000000000
01111111111111111111110110100000000000000000000000
11111111111111111111111011111111111111000000000000
11111111111111111111101101000111111111000000000000
01111111111111111111110110110000000000000000000000
11111111111111111111101101000111111111000000000000
11111111111111111111100101000111111111000000000000
11111111111111111111100100000111111111000000000000
11111111111111111111100110111000010111000010000000
11111111111111111111100110111000001111000000000000
11111111111111111111100110111000001001000000000000
11111111111111111111100110111000000111000000000000
11111111111111111111100110111100000010000000000000
11111111111111111111100110111011000100000000000000
11111111111111111111100110111110101001000000000000
11111111111111111111100110111110110001000000000000
11111111111111111111100110111111100110000000000000
00000000000000100000000000000000000000001111000000
00000000000000100000000000000000000000000111000000
00001000000000000000000000000000000000100010000000
00000000000000100000000000000000000000110001000000
00001000000000000000000000000100000000111001000000
00001000000000100000000000000000000000110110000000
00000000000000000100000000000000000000000000001011
00000000000000000000000000000000000000000000000111
00000000000000000000000000000000000000000000100010
00000000000000000010000000000000000000000000010001
00000000000000000000000000000000000000000000111000
00000000000000000100000000000000000000000000110100
