01111001111111110000000000000000011000000000000011
10111101111111110000000111111111000000000000000000
11011101111111111111111000000000110111111111000000
11101101111111111111111000000000000111111111000000
11110111111111111111111000000000110111111111000110
01111011111111110000000111111111000000000000000000
00001101111111110000000111111111000000000000000000
11111110110101001111111111111111000111111111100001
11111111011010101111111111111111001111111111000000
11111111101111011111111111111111011111111111000000
11111110110101001111111111111111000111111111000000
11111111011010101111111111111111000111111111000000
11111110110101111111111111111111000111111111000000
11111111011010101111111111111111000111111111000000
11111110100111011111111111111111000111111111000000
11111110010010101111111111111111000111111111000000
00111001111111110001011111111111000000000000000000
00111001111111110000111111111111000000000000000000
00111001111111110000101111111111000000000000000000
00111001111111111000011111111111000000000000000000
00111001111111110110001111111111000000000000000000
00111001111111111101000111111111000000000000000000
00111001111111111111100111111111000000000000000000
01000111111111111111111000010111000111111111000000
01000111111111111111111000001011000111111111000000
01000111111111111111111000001001000111111111000000
01000111111111111111111000000101000111111111000000
01000111111111111111111100000001000111111111000000
01000111111111111111111011000111000111111111000000
01000111111111111111111100101010000111111111000000
01000111111111111111111110001101000111111111000000
01000111111111111111111111111010000111111111000000
00101000000000000000000000000000001000000000000000
10101000010000000000000000000000000000000000000000
10000000110000000000000000000000100000000000000000
00111001111111110000000111111111000000110111000000
00111001111111110000000111111111000000011111000000
00111001111111110000000111111111000000001111000000
00111001111111110000000111111111000100000101000000
00111001111111110000000111111111000110000011000000
00111001111111110000000111111111000011000011000000
00111001111111110000000111111111000111100001000000
00111001111111110000000111111111000111011001000000
00111001111111110000000111111111000111111110000000
00000001000000000000000000000000000000000000001111
00000000000000000000000000000000000000000000000000
00000000000000000000000000000000000000000000100111
00001000000000000000000000000000000000000000101011
10001000000000000000000000000000000000000000101101
10000001000000000000000000000000000000000000101110
