00011001111111111111111000000100001000001000000000
00001101111111111111111000000100001000000000000000
00000011111111111111111000000100001000000000000000
10000111111111111111111000000100001001101000000000
11000111111111111111111000000100001000000000000000
01011011111111111111111000000100001000000000000000
00111101111111111111111000000100001000000000000000
11111110000010111111111000000100001011100000000000
11111110000001111111111000000100001000000000000000
11111110000001011111111000000000000000000000000000
11111110000000111111111000000000000000000000000000
11111110000000011111111000000000000000000000000000
11111111000000111111111000000000000000000000000000
11111110110000011111111000000100001000000000000000
11111111101010011111111000000100001000000000000000
11111111111111100101111110000100001010000000000000
11111111111111100001011000000100001000000000000000
11111111111111110000010000000100001000000000000000
11111111111111100000001000000100001000000000000000
11111111111111111000111000000100001000000000000000
11111111111111110001001000000100001000000000000000
11111111111111111101001000000100001000000000000000
11111111111111111011110000000100001000000000000000
00000000000000010000000000011000000000000000000000
00000000000000010000000000001000000000000000000000
00000000000000000000000000011000000000000000000000
00000000000000000000000000000000000000000000000000
00000000000000000000000101000000000000000000000000
00000000000000000000000111000000000000000000000000
11111111100001111111111000000000111100000000000000
00000000000000000000000000000000110100000000000000
00000000000000000000000000000000011100000000000000
00000000000000000000000000000110011100000000000000
00000000000000000000000000000111100100000000000000
11111111100001111111111000000101100000000000000000
00000000000000000000000000000111110000000000000000
00000001000000010000000000000000000000001000000000
00010001000000000000000000000000000000001000000000
00010001000000000000000000000000000000000000000000
00000000000000000000000000000000000000001000000000
10010000000000000000000000000000000011010000000000
00000000000000000000000000000000000000000000010111
00000000000000000000000000000000000000000000010111
00000000000000000000000000000000000000000000001100
00000000000000000000000000000000000000000000001011
00000000000000000000000000000000000000000110000011
00000000000000000000000000000000000000000001100011
00000000000000000000000000000000000000000111000011
00000000000000000000000000000000000000000110111100
00000000000000000000000000000000000000000110111100
