01100000000000000000000001111111100000000011111011
10000100111111111111111111111111100000000011111011
10010001111111111111111111111111100000000011111011
00101000000000000000000001111111100000000011111011
00010110111111111111111111111111100000000011111011
01001000000000000000000001111111100000000011111011
00001000111111111111111111111111100000000011111011
00100000111111111111111111111111100000000011111011
01101011000101111111111111111111100000000011111011
01101011000010111111111111111111100000000011111011
01101011000000100000000001111111100000000011111011
01101011100001011111111111111111100000000011111011
01101011010000010000000001111111100000000011111011
01101011100100110000000001111111100000000011111011
01101011111001011111111111111111100000000011111011
01101011110111101111111111111111100000000011111011
01101011110100110010111111111111100000000011111011
01101011110100110001011111111111100000000011111011
01101011110100111000111111111111100000000011111011
01101011110100110100001111111111100000000011111011
01101011110100111010011111111111100000000011111011
01101011110100111110100011111111100000000011111011
01101011110100111111100011111111100000000011111011
01101011110100111111100001111111100000000011111011
01101011110100111111111001111111100000000011111011
11111111111111111111111110001110100000000000000000
11111111111111111111111110000011100000000011111011
11111111111111111111111110000111100000000000000000
11111111111111111111111111000100000000000000000000
11111111111111111111111111011000000000000000000000
11111111111111111111111111110000100000000000000000
11111111111111111111111110110000000000000011111011
11111111111111111111111111110010000000000000000000
00000000000000000000000000000000000001001100000000
00000000000000000000000000000000000000101100000000
00000000000000000000000000000000000000010000000000
00000000000000000000000000000000000000001100000000
00000000000000000000000000000000010000001100000000
00000000000000000000000000000000001000000100000000
00000000000000000000000000000000000100000000000000
00000000000000000000000000000000011011000000000000
00000000000000000000000000000000011011100000000000
11111111111111111111111110100001000000000000011111
11111111111111111111111110100001000000000000001101
11111111111111111111111110100001000000000000000111
11111111111111111111111110100001000000000010001011
11111111111111111111111110100001000000000011010011
00000000000000000000000000000000000000000011100011
11111111111111111111111110100001000000000010111100
11111111111111111111111110100001000000000011111100
