01101111111111111111111111100000000000000001000001
10110000000001111111111111100000000110000000000000
11001111111111011101111111100001000000000000000000
01000111111111011101111111100000000000000000000000
10100000000001011101111111100000000000000000000000
10110011101011011101111110000000000000000000000000
10110101101011011101111110000000000000000000000000
10110110110001011101111110000000000000000000000000
10110111010111011101111110000000000000000000000000
10110001101101011101111110000000000000000000000000
10110110010101011101111110000000000000000000000000
10110000111001011101111110000000000000000000000000
10110110100001011101111110000000000000000000000000
11111111111110100000111111111110000001000000000000
11000000000001011011111111100000000000000000000000
11111111111110100000111111100000000000000000000000
11111111111110100000111111100000000000000000000000
11111111111110000000111111100000000000000000000000
11000000000000100000111111100000000000000000000000
11111111111110100000111111100000000000000000000000
11111111111111111111011100000000000000000000000000
11111111111111111111101111000000000000000000000000
11111111111111111111110111000000011000000000000000
11111111111111111111111011000000100010000000000100
11111111111111111111011100100000000000000000000000
11111000000001111111011100000000000000000000000000
11111000000001111111000010000000000000000000000000
00000000000001000000000000000111000000000110000000
00000000000001000000000000000111000000000000000000
00000000000001000000000000011001000000000000000000
00000000000001000000000000011001000001000000000000
00100000000000000000000000011110000000000000000000
00000000000000000000000100000000000000000000000000
00000000000000000000001000000000000010000000000000
00000000000000000000001000000000000010000000000000
01000000000000000000000000000000000000000000000000
01000000000000000000000100000000011000000000000000
00000000000001000000000000000010000000000110000000
00000000000000000000000000000000000000000110000000
00000000000000000000000000000000000000000000000000
00000000000000000000000000000000000000000000000000
00000000000000000000000000010000000001100010000000
00000000000000000000000000010000000001100100000000
10000000000000000000000000000000000000000000000010
00000000000000000000000000000000000000000000000101
00000000000000000000000000000000000000000000000010
00000000000000000000000000000000000000000000000000
00000000000000000000000100000000000000000000100001
00000000000000000000000000000000000000000001010001
10000000000000000000000000000000000000000000100110
