01111101111111111111111100000000000000000000000000
10111001111111111111111111111111101101011111111111
11011011111111111111111111111111101101011111111111
11101011111111111111111111111111101101011111111111
11110111111111111111111111111111101101011111111111
10001001111111111111111111111111101101011111111111
00111001111111111111111100000000000000000000000000
11111110000111111111111111111111101101011111111111
11111110000100011111111111111111101101011111111111
11111110000011111111111111111111101101011111111111
11111110000001001111111111111111101101011111111111
11111111100001111111111111111111101101011111111111
11111111010000101111111111111111101101011111111111
11111111011100111111111111111111101101011111111111
11111111010111011111111111111111101101011111111111
11111111110101101111111111111111101101011111111111
11111111111111110001110111111111101101011111111111
11111111111111110001011111111111101101011111111111
11111111111111110000101011111111101101011111111111
11111111111111111100011111111111101101011111111111
11111111111111111010011111111111101101011111111111
11111111111111111101100111111111101101011111111111
11111111111111110111100111111111101101011111111111
11111111111111111101111011111111101101011111111111
01111101111111111111111100010101101101011111111111
01111101111111111111111100001111101101011111111111
01111101111111111111111100001010000000000000000000
01111101111111111111111110000110000000000000000000
01111101111111111111111101100011101101011111111111
01111101111111111111111111010011101101011111111111
01111101111111111111111101111101101101011111111111
01111101111111111111111111001110001001011110000000
01111101111111111111111111001110000101011110000000
00000000000000000000000000000000000100000001111111
01111101111111111111111111001111000101011111111111
01111101111111111111111111001110111001011111111111
00000000000000000000000000000000000000111010000000
01111101111111111111111111001111101100011110000000
00000000000000000000000000000000000010000110000000
01111101111111111111111111001111101111001110000000
01111101111111111111111111001111101111010110000000
01111101111111111111111111001111101101111010000000
01111101111111111111111111001111101111111100000000
01111101111111111111111111001110011100000000000111
01111101111111111111111111001110011100000000000000
01111101111111111111111111001110011100000000000001
01111101111111111111111111001110011100000000000010
01111101111111111111111111001110011100000001000001
01111101111111111111111111001110011100000001001001
01111101111111111111111111001110011100000001010110
