00011101111111111111111111111111111111111000000000
00010111111111111111111000001111111111111000000000
00001111111111111111111000001111111111111000000000
11001111111111111111111000001111111111111000000000
10110110000000000000000000001111111111111000000000
11111011111111111111111100001111111111111000000000
01111101111111111111111000001111111111111000000000
11110110000101111111111000001111111111111000000000
11110110000010000000000000001111111111111000000000
11110110000010000000000000001111111111111000000000
11110110000001000000000000001111111111111000000000
11110111000001111111111000111111111111111000000000
11110110110000000000000000001111111111111000000000
11110111001100000000000111111111111111111000000000
11110111000100000100111000001111111111111000000000
11110111000100000010111000001111111111111000000000
11110111000100000001111000001111111111111000000000
11110111000100100000010000001111111111111000000000
11110111000100010000001000001111111111111000000000
11110111000100001000000000001111111111111000000000
11110111000100111000001000001111111111111000000000
11110111000100111100001000001111111111111000000000
11110111000100111010110000001111111111111000000000
10000100000001000000000000011111111111111000000000
10000000000001000000000000111111111111111000000000
10000000000001000000000000101111111111111000000000
10000000000101000000000011011111111111111000000000
10000000000101000000000110101111111111111000000000
11111111111111111111111111110011111111111000000000
11111111111111111111111111110000101111111000000000
11111111111111111111111111111001011111111000000000
11111111111111111111111111111010011111111000000000
11111111111111111111111111111100011111111000000000
11111111111111111111111111111011100111111000000000
11111111111111111111111111111111100111111000000000
11111111111111111111111111111111111000111000000000
11111111111111111111111111111111111000011000000000
11111111111111111111111111111111111000000000000000
11111111111111111111111111111111111100010000000000
11111111111111111111111111111111111110101000000000
11111111111111111111111111111111111110010000000000
00000000000000000000000000000000000000000000001111
00000000000000000000000000000000000000000000001111
00000000000000000000000000000000000000000000000111
00000000000000000000000000000000000000000000000101
00000000000000000000000000000000000000000000000011
00000000000000000000000000000000000000000110000010
00000000000000000000000000000000000000000111100000
00000000000000000000000000000000000000000111011000
00000000000000000000000000000000000000000111110000
