00000010000011111111111111111000000000000000000000
00011110000000000000000000000000000000000000000000
00011110010111111111111111111111111110000001111111
01100110000000000000000000000111111110000001111111
01100111001111111111111111111111111110000001111111
01111010000011111111111111111111111110000001111111
11111100000000000000000000000111111110000001111111
00001000001111111111111111111000000000000000000000
00000000001111111111111111111000000000000000000000
00100000000000000000000000000111111110000001111111
00001001100111111111111111111000000000000000000000
00101001101000000000000000000000000000000000000000
10101101101000000110111111111111111110000001111111
10101101101000000111000000000111111110000001111111
10101101101000000101111111111111111110000001111111
10101101101000000011111111111111111110000001111111
10101101101000000000000000000111111110000001111111
10101101101011100011111111111111111110000001111111
10101101101011010101111111111111111110000001111111
10101101101001110110111111111111111110000001111111
10101101101010110111000100111111111110000001111111
10101101101010110111000011111111111110000001111111
10101101101010110111000011111111111110000001111111
10101101101010110111100000111111111110000001111111
10101101101010110111011001110111111110000001111111
10101101101010110111011010011111111110000001111111
10101101101010110111111110001111111110000001111111
10101101101010110111111111001111111110000001111111
10101101101010110111111101110111111110000001111111
00111110010011111111111111111000011110000000000000
00111110010011111111111111111000011110000000000000
00111110010011111111111111111000011110000000000000
00111110010011111111111111111000011110000000000000
00111110010011111111111111111111101110000000000000
00111110010011111111111111111111110110000000000000
00111110010011111111111111111111111010000000000000
00111110010011111111111111111111111100000001111111
00000000000000000000000000000000000000001010000000
00000000000000000000000000000000000000001000000000
00000000000000000000000000000000000000000110000000
00000000000000000000000000000000000001100010000000
00000000000000000000000000000000000000010010000000
00000000000000000000000000000000000001011100000000
00111110010011111111111111111000000010000000001010
00111110010011111111111111111000000010000000000001
00111110010011111111111111111000000010000000000111
00111110010011111111111111111000000010000001000001
00111110010011111111111111111000000010000000010001
00111110010011111111111111111000000010000001010001
00111110010011111111111111111000000010000000111110
