01000000000111111110000000111111111111111111111111
10101101111111111110000000111111111111111111111111
01010001011111111110000000111111110000000001111111
00101001111111111110000000111111111111111111111111
01010111100111111110000000111111110000000001111111
01001001111111111110000000111111110000000001111111
00001001111111111110000000111111111111111111111111
01111110101111111110000000111111111111111111111111
01011111010111111110000000111111111111111111111111
01110110100111111110000000111111111111111111111111
01110111000111111110000000111111111111111111111111
11111111111011000110000000111111111111111111111111
11111111111101111000000000111111111111111111111111
11111111111110111100000000111111111111111111111111
11111111111011011010000000111111111111111111111111
11111111111011100000000000111111111111111111111111
11111111111011100000000000111111111111111111111111
11111111111101000000000000111111111111111111111111
11111111111100100000000000111111111111111111111111
00000000000000000000110100111111110000000001111111
00000000000000000001011111111111110000000001111111
00000000000000000001101111111111110000000001111111
00000000000000000000110100111111110000000001111111
00000000000000000001111010111111110000000001111111
00000000000000000000110101111111110000000001111111
00000000000000000000110010111111110000000001111111
11111111111111111111111111011010011111111111111111
11111111111111111111111111101100001111111111111111
11111111111111111111111111110100001111111111111111
11111111111111111111111111011011001111111111111111
11111111111111111111111111100100101111111111111111
11111111111111111111111111000100101111111111111111
11111111111111111111111111000011001111111111111111
11111111111111111111111111100000001111111111111111
11010011111111111110000000111111110111100101111111
11010011111111111110000000111111111011101011111111
11010011111111111110000000111111111101110001111111
11010011111111111110000000111111111110111001111111
11010011111111111110000000111111111111011101111111
11010011111111111110000000111111110011100001111111
11010011111111111110000000111111110101100101111111
11010011111111111110000000111111111000101011111111
11010011111111111110000000111111110100000101111111
11111111111111111111111111111111111111111110110100
11111111111111111111111111111111111111111111011000
11111111111111111111111111111111111111111111101011
11111111111111111111111111111111111111111110110110
11111111111111111111111111111111111111111111001000
11111111111111111111111111111111111111111110011000
11111111111111111111111111111111111111111110010000
