00000111000000000000000000000000000000000000011111
00000100000000000000000000000000000000000000011111
00000011000000000000000000000000000000000000011111
00000011000000000000000000000000000000000000011111
00000011000000000000000000000000000000000000011111
11000001000000000000000000000000000000000000011111
10111001000000000000000000000000000000000000011111
10111110000000000000000000000000000000000000011111
00000000000101010000000000000000000000000000011111
00000000000011110000000000000000000000000000011111
00000000000011110000000000000000000000000000011111
00000000100001110000000001111111000000000000011111
00000000011000110000000000000000000000000000011111
00000000111100110000000000000000000000000000011111
00000000011111000000000001111111000000000000011111
00000000111111000000000001111111000000000000011111
00000000000000000000010110000000000000000000000011
00000000000000000000001110000000000000000000011111
00000000000000000000001000000000000000000000011111
00000000000000000000000110000000000000000000011111
00000000000000000000000100000000000000000000011110
00000000000000001000000010000000000000000000011111
00000000000000000110000110000000000000000000011111
00000000000000001101101000000000000000000000011111
00000000000000001101011000000000000000000000011111
00000000000100110000000000001111000000000000011111
00000000000100110000000000000111000000000000011111
00000000000100110000000000000101000000000000011111
00000000000100110000000001000011000000000000011111
00000000000100110000000001110011000000000000011111
00000000000100110000000001101100000000000000011111
00000000000100110000000001111100000000000000011111
00000000000000000000000000000000000011100000011111
00000000000000000000000000000000000001000000001110
00000000000000000000000000000000000000010000010100
00000000000000000000000000000000000000010000011111
00000000000000000000000000000000100000110000011111
00000000000000000000000000000000110000100000011111
00000000000000000000000000000000100011010000011111
00000000000000000000000000000000001110100000011111
00000000000000000000000000000000000000000110011111
00000000000000000000000000000000000000001011011111
00000000000000000000000000000000000000001101111111
00000000000000000000000000000000000000000110111111
00000000000000000000000000000000000000000011011111
11111111111111110111111111111111101111111111101100
11111111111111110111111111111111110111111111110100
11111111111111110111111111111111111111111111111010
11111111111111111111111111111111110111111111100101
11111111111111111111011111111111100111111111100010
