01110000000000000011111111100000000000000000000000
10111000000000000011111111100000000001110000000000
11011000000000000011111111100000000000000000000000
11101111100000000011111111100000001100001000000000
01110000000000000011111111100000000000000000000000
00010010000000000011111111100000000000000000000000
00010100000000000011111111100000000000000000000000
00010000000000000011111111100000000000000000000000
00010000000000000011111111100000000000000000000000
00000000000001111111111111100000000000000000000000
00000000000000111111111111100000000000000000000000
00000000000000010111111111100000000000000000000000
00000000000000000111111111100000000000000000000000
00000000010000101011111111100000000000000000000000
00000000011001000111111111100000000000000000000000
00000000011100001011111111100000000000000000000000
00000000011001010111111111100000000000000000000000
00000000011110101011111111100000000000000000000000
11111111111111111100010111100000000000000000000000
11111111111111111100001011100000000000000000000000
11111111111111111100000111100000000000000000000000
11111111111111111110000100100000000000000000000000
11111111111111111101000000000000000000000000000000
11111111111111111110110001100000000000000000000000
11111111111111111111100000100000000000000000000000
11111111111111111111100100100000000000000000000000
11111111111111111111110111000000000000000000000000
00000000000000000000000000000001110000000111111111
00000000000000000000000000000011110000000111111111
00000000000000000000000000000011100000000000000000
00000000000000000000000000001100110000000000000000
00000000000000000000000000011100010000000111111111
00000000000000000000000000011110000000000000000000
00000000000000000000000000011011000000000111111111
00010000000000000000000000000000000001110000000000
00010000000000000000000000000000000000111000000000
00000000000000000000000000000000000000010000000000
01000000000000000000000000000000001000101000000000
01000000000000000000000000000000001101001000000000
01000000000000000000000000000000001110001000000000
00010000000000000000000000000000000101110000000000
00000000000000000000000000011001010000000000011101
00000000000000000000000000011001010000000000010111
00000000000000000000000000011001010000000000001111
00000000000000000000000000011001010000000000000011
00000000000000000000000000011001010000000110001111
00000000000000000000000000011001010000000101010011
00000000000000000000000000011001010000000111010011
00000000000000000000000000011001010000000011111100
00000000000000000000000000011001010000000111111100
