ODD_HOLE_TERMINATION_PERCENTAGE is set to 999
Program searches for ALL odd holes and odd antiholes
==============================================
n:                                    70
ODD_HOLE_TERMINATION_PERCENTAGE:      999
ODD_HOLE_TERMINATION_BATCH_SIZE:      0
ODD_ANTI_HOLE_TERMINATION_BATCH_SIZE: 0
==============================================
0,0,0,1,1,1,1,0,0,0,0,1,1,1,1,1,0,0,0,0,0,1,1,1,1,0,1,1,1,0,0,0,1,1,0,1,0,0,0,0,0,0,1,0,1,0,0,0,0,1,0,0,0,0,1,1,1,1,0,0,0,0,0,1,1,1,0,1,0,1,
0,0,0,0,0,0,0,0,0,1,1,1,0,0,1,0,0,0,0,1,0,0,0,0,0,0,0,1,1,1,1,0,0,0,0,1,1,0,1,0,1,0,1,1,1,1,0,1,1,1,0,0,0,0,1,0,0,1,0,0,0,0,0,0,1,1,1,0,1,1,
0,0,0,1,1,1,0,1,0,0,0,1,1,0,1,1,0,0,0,0,1,1,1,0,0,0,0,0,1,0,0,1,1,0,1,1,0,0,1,0,0,1,0,1,1,1,0,0,1,0,0,0,0,1,1,0,1,1,0,1,1,1,0,1,0,0,1,0,1,1,
1,0,1,0,1,1,0,0,0,0,0,1,0,1,1,1,0,1,0,1,0,1,1,1,1,0,0,0,0,0,0,0,0,1,0,1,1,0,0,1,0,0,1,1,1,0,1,1,1,1,1,0,0,0,0,0,1,1,0,1,1,0,1,0,1,0,0,0,0,0,
1,0,1,1,0,0,1,0,1,0,1,0,1,0,1,0,0,1,0,0,0,0,0,1,1,1,1,1,1,0,0,1,0,0,0,0,1,1,0,1,0,0,0,1,0,0,0,0,1,0,0,1,1,1,1,0,0,1,0,0,0,1,1,0,0,1,1,0,0,0,
1,0,1,1,0,0,0,0,1,1,1,1,1,0,0,0,1,0,0,0,1,1,1,1,1,1,0,0,0,0,1,1,0,0,0,0,0,0,1,1,1,1,0,1,0,0,0,0,1,0,1,0,0,1,0,0,0,1,1,0,1,0,0,1,1,0,1,0,0,0,
1,0,0,0,1,0,0,0,1,0,0,1,1,1,1,1,0,1,0,0,1,1,1,0,0,0,0,1,1,1,0,1,1,0,0,0,1,1,0,0,1,1,0,1,1,0,1,0,1,1,0,0,0,1,1,1,1,0,0,1,1,1,1,1,1,1,1,0,1,1,
0,0,1,0,0,0,0,0,1,1,0,0,0,1,1,1,1,0,0,0,1,0,1,0,1,0,0,0,0,1,1,1,0,0,0,1,0,1,0,0,1,0,1,0,0,1,0,0,0,1,1,0,1,1,0,0,1,0,1,1,0,0,0,1,1,0,0,1,1,0,
0,0,0,0,1,1,1,1,0,1,1,0,0,1,0,0,0,0,0,1,0,0,1,0,0,0,1,1,1,0,1,0,1,0,1,1,0,0,0,0,1,0,1,0,1,1,1,0,0,1,1,1,1,1,0,1,1,1,0,1,1,0,0,1,0,1,0,0,0,0,
0,1,0,0,0,1,0,1,1,0,0,1,1,0,0,1,0,0,1,1,1,0,1,0,0,0,1,0,0,0,1,1,1,1,0,0,1,0,1,0,0,1,1,1,1,1,0,0,0,0,1,0,1,0,1,0,0,1,1,1,0,0,0,0,0,1,0,1,1,1,
0,1,0,0,1,1,0,0,1,0,0,0,0,0,1,0,0,0,1,0,0,1,0,0,0,1,1,1,0,1,1,0,1,1,1,0,1,1,0,0,0,1,1,1,1,1,0,0,0,1,0,1,0,1,1,1,0,1,0,0,0,0,1,0,0,1,0,0,0,0,
1,1,1,1,0,1,1,0,0,1,0,0,0,1,0,0,0,1,1,1,0,0,0,1,0,1,0,0,1,1,0,0,0,1,0,0,1,1,1,0,0,0,0,0,0,1,0,0,0,0,1,1,0,1,0,1,0,0,1,1,0,1,1,0,0,1,0,1,0,0,
1,0,1,0,1,1,1,0,0,1,0,0,0,1,0,0,1,0,1,0,0,1,0,0,1,0,1,0,1,0,1,0,0,0,1,0,1,1,0,0,0,1,1,0,1,1,1,1,1,1,1,1,1,1,1,0,1,1,1,0,0,0,1,1,0,0,0,0,0,1,
1,0,0,1,0,0,1,1,1,0,0,1,1,0,1,0,1,0,0,1,0,1,0,0,1,0,0,0,0,1,1,0,1,1,0,0,0,1,1,1,0,1,0,1,0,1,0,0,0,1,1,1,0,1,0,0,1,1,1,1,0,1,1,1,1,1,0,0,1,0,
1,1,1,1,1,0,1,1,0,0,1,0,0,1,0,0,1,0,0,1,1,0,1,0,0,1,1,0,1,1,0,1,0,0,0,0,1,1,1,1,1,0,1,0,1,1,0,0,1,0,0,1,1,1,1,1,1,0,0,0,1,0,1,0,1,0,0,0,1,1,
1,0,1,1,0,0,1,1,0,1,0,0,0,0,0,0,0,1,0,0,0,1,1,0,0,1,1,0,0,0,0,0,1,1,0,1,0,1,0,0,1,0,0,1,1,0,0,1,1,0,0,0,1,0,0,0,0,1,0,0,1,1,0,1,0,0,1,1,0,0,
0,0,0,0,0,1,0,1,0,0,0,0,1,1,1,0,0,1,1,1,0,1,0,1,0,1,0,0,0,0,0,0,1,1,1,0,0,0,0,1,1,1,1,0,1,0,1,1,1,0,1,0,0,0,0,0,1,0,1,0,0,0,0,0,0,1,1,0,0,0,
0,0,0,1,1,0,1,0,0,0,0,1,0,0,0,1,1,0,1,0,0,0,1,1,0,1,0,1,1,0,1,0,1,1,1,1,0,1,1,0,1,1,0,1,0,0,1,0,1,0,0,1,0,1,0,0,1,0,1,0,0,1,0,1,0,0,0,0,1,0,
0,0,0,0,0,0,0,0,0,1,1,1,1,0,0,0,1,1,0,0,0,1,0,0,0,0,1,1,0,0,1,1,1,1,1,0,1,0,0,0,1,1,1,0,1,0,0,0,1,1,0,1,0,0,0,1,0,1,1,1,0,0,1,1,0,0,1,0,1,1,
0,1,0,1,0,0,0,0,1,1,0,1,0,1,1,0,1,0,0,0,0,0,1,0,0,0,1,1,0,1,0,1,1,0,1,0,0,0,0,0,1,0,1,0,0,0,1,1,1,0,0,1,0,1,0,0,0,1,0,1,0,0,1,1,0,1,0,1,1,1,
0,0,1,0,0,1,1,1,0,1,0,0,0,0,1,0,0,0,0,0,0,1,1,1,1,0,1,1,0,0,1,1,0,1,0,1,0,1,1,1,0,1,1,1,0,1,0,1,1,1,0,0,0,0,1,0,1,1,0,0,1,1,1,1,1,0,0,0,0,0,
1,0,1,1,0,1,1,0,0,0,1,0,1,1,0,1,1,0,1,0,1,0,1,0,0,0,0,0,0,1,0,0,1,1,1,0,1,1,1,0,0,1,0,0,1,1,1,1,1,0,0,0,0,1,0,1,1,1,0,0,0,0,0,1,0,0,0,0,0,0,
1,0,1,1,0,1,1,1,1,1,0,0,0,0,1,1,0,1,0,1,1,1,0,0,1,1,0,1,1,1,0,1,0,1,1,0,0,0,1,0,0,1,0,1,1,1,0,1,0,0,0,1,0,0,0,1,1,1,0,1,0,0,1,0,1,0,0,1,0,1,
1,0,0,1,1,1,0,0,0,0,0,1,0,0,0,0,1,1,0,0,1,0,0,0,0,0,0,0,1,1,1,0,0,1,1,1,1,1,0,1,1,1,0,0,0,0,1,1,1,0,0,0,0,0,0,0,0,0,0,0,1,1,0,1,1,1,0,1,1,1,
1,0,0,1,1,1,0,1,0,0,0,0,1,1,0,0,0,0,0,0,1,0,1,0,0,1,1,1,1,1,1,0,0,0,0,1,0,1,1,1,1,0,0,1,1,1,0,1,1,0,0,0,0,0,1,1,0,0,0,1,1,1,0,0,0,1,1,1,1,0,
0,0,0,0,1,1,0,0,0,0,1,1,0,0,1,1,1,1,0,0,0,0,1,0,1,0,1,0,0,0,1,0,0,1,0,1,0,0,1,1,0,0,1,1,1,1,1,0,1,1,0,1,0,0,1,0,1,1,1,1,0,0,1,1,1,0,0,1,0,1,
1,0,0,0,1,0,0,0,1,1,1,0,1,0,1,1,0,0,1,1,1,0,0,0,1,1,0,1,0,0,0,0,0,1,1,1,1,1,1,1,1,1,0,1,0,0,0,1,0,0,1,1,0,0,0,0,0,0,0,1,0,1,1,1,1,1,0,0,1,0,
1,1,0,0,1,0,1,0,1,0,1,0,0,0,0,0,0,1,1,1,1,0,1,0,1,0,1,0,0,0,0,1,1,0,1,1,1,1,0,1,1,0,0,1,1,0,0,0,0,1,0,0,1,1,1,1,0,1,0,1,0,0,1,0,1,0,0,1,0,1,
1,1,1,0,1,0,1,0,1,0,0,1,1,0,1,0,0,1,0,0,0,0,1,1,1,0,0,0,0,1,0,0,0,0,0,1,1,1,1,1,1,0,1,1,0,0,1,0,0,0,1,0,0,0,1,0,0,1,1,1,1,1,1,0,0,1,0,0,0,0,
0,1,0,0,0,0,1,1,0,0,1,1,0,1,1,0,0,0,0,1,0,1,1,1,1,0,0,0,1,0,0,1,1,1,1,0,1,1,0,0,0,0,0,1,0,1,1,0,0,0,1,0,1,0,0,0,1,0,1,0,1,1,1,0,1,1,0,0,1,1,
0,1,0,0,0,1,0,1,1,1,1,0,1,1,0,0,0,1,1,0,1,0,0,1,1,1,0,0,0,0,0,0,0,1,0,0,1,1,0,0,0,0,0,0,0,0,0,0,0,1,1,1,0,1,0,0,1,0,0,1,0,0,0,1,0,0,0,0,0,0,
0,0,1,0,1,1,1,1,0,1,0,0,0,0,1,0,0,0,1,1,1,0,1,0,0,0,0,1,0,1,0,0,0,1,0,0,1,0,0,1,1,0,0,0,0,0,0,0,0,0,0,0,1,0,1,1,1,0,0,0,1,0,0,1,0,0,1,0,1,0,
1,0,1,0,0,0,1,0,1,1,1,0,0,1,0,1,1,1,1,1,0,1,0,0,0,0,0,1,0,1,0,0,0,1,0,1,1,0,1,0,1,0,0,1,0,1,1,0,1,1,0,1,0,1,1,1,0,1,1,1,1,1,0,1,0,1,1,0,0,1,
1,0,0,1,0,0,0,0,0,1,1,1,0,1,0,1,1,1,1,0,1,1,1,1,0,1,1,0,0,1,1,1,1,0,1,1,0,1,0,0,0,1,1,1,1,1,1,0,0,1,0,0,0,1,1,1,0,0,0,0,0,0,0,1,0,1,0,0,0,0,
0,0,1,0,0,0,0,0,1,0,1,0,1,0,0,0,1,1,1,1,0,1,1,1,0,0,1,1,0,1,0,0,0,1,0,1,1,1,0,1,1,0,1,1,1,1,1,0,1,1,0,0,1,1,1,1,1,1,0,0,0,1,1,1,1,1,1,0,0,0,
1,1,1,1,0,0,0,1,1,0,0,0,0,0,0,1,0,1,0,0,1,0,0,1,1,1,1,1,1,0,0,0,1,1,1,0,1,1,1,1,0,0,0,0,0,0,0,1,0,1,0,0,1,1,0,1,0,1,1,0,1,0,0,1,1,0,1,1,0,1,
0,1,0,1,1,0,1,0,0,1,1,1,1,0,1,0,0,0,1,0,0,1,0,1,0,0,1,1,1,1,1,1,1,0,1,1,0,1,0,1,1,0,1,0,0,0,0,1,1,1,0,1,1,1,1,1,0,1,1,1,1,1,1,1,0,0,0,1,0,1,
0,0,0,0,1,0,1,1,0,0,1,1,1,1,1,1,0,1,0,0,1,1,0,1,1,0,1,1,1,1,1,0,0,1,1,1,1,0,0,1,1,1,1,0,1,0,1,1,1,0,0,0,1,1,0,1,0,1,1,0,0,1,1,0,1,1,1,1,1,0,
0,1,1,0,0,1,0,0,0,1,0,1,0,1,1,0,0,1,0,0,1,1,1,0,1,1,1,0,1,0,0,0,1,0,0,1,0,0,0,0,1,1,1,1,1,1,1,0,1,1,0,1,1,1,0,0,1,0,0,0,0,1,0,0,0,1,1,1,1,0,
0,0,0,1,1,1,0,0,0,0,0,0,0,1,1,0,1,0,0,0,1,0,0,1,1,1,1,1,1,0,0,1,0,0,1,1,1,1,0,0,0,1,1,1,0,1,0,0,0,0,0,0,0,0,1,1,0,1,0,1,1,1,0,0,1,0,1,0,0,0,
0,1,0,0,0,1,1,1,1,0,0,0,0,0,1,1,1,1,1,1,0,0,0,1,1,0,1,1,1,0,0,1,1,0,1,0,1,1,1,0,0,1,1,0,1,0,1,0,1,0,1,0,0,1,1,0,1,1,1,0,1,0,1,0,0,1,1,0,1,1,
0,0,1,0,0,1,1,0,0,1,1,0,1,1,0,0,1,1,1,0,1,1,1,1,0,0,1,0,0,0,0,0,0,1,0,0,0,1,1,1,1,0,1,1,0,0,1,1,1,0,0,1,1,1,1,0,1,0,0,1,0,0,0,1,0,0,0,1,1,0,
1,1,0,1,0,0,0,1,1,1,1,0,1,0,1,0,1,0,1,1,1,0,0,0,0,1,0,0,1,0,0,0,0,1,1,0,1,1,1,1,1,1,0,0,0,0,0,0,0,1,1,1,1,0,0,1,0,1,0,0,0,0,1,1,1,0,0,1,1,1,
0,1,1,1,1,1,1,0,0,1,1,0,0,1,0,1,0,1,0,0,1,0,1,0,1,1,1,1,1,1,0,0,1,1,1,0,0,0,1,1,0,1,0,0,0,1,1,1,0,1,0,0,0,0,1,0,1,1,1,1,0,0,1,0,1,0,0,0,0,1,
1,1,1,1,0,0,1,0,1,1,1,0,1,0,1,1,1,0,1,0,0,1,1,0,1,1,0,1,0,0,0,0,0,1,1,0,0,1,1,0,1,0,0,0,0,1,0,0,0,1,1,0,0,0,1,1,0,1,1,0,1,0,0,1,0,1,1,1,1,0,
0,1,1,0,0,0,0,1,1,1,1,1,1,1,1,0,0,0,0,0,1,1,1,0,1,1,0,0,0,1,0,0,1,1,1,0,0,0,1,1,0,0,0,1,1,0,0,1,0,0,1,0,0,0,0,1,1,0,1,0,0,1,0,1,1,1,0,1,1,0,
0,0,0,1,0,0,1,0,1,0,0,0,1,0,0,0,1,1,0,1,0,1,0,1,0,1,0,0,1,1,0,0,1,1,1,0,0,1,1,0,1,1,0,1,0,0,0,1,0,1,0,1,1,0,0,1,0,0,1,0,0,1,0,0,1,0,1,0,0,1,
0,1,0,1,0,0,0,0,0,0,0,0,1,0,0,1,1,0,0,1,1,1,1,1,1,0,1,0,0,0,0,0,0,0,0,1,1,1,0,0,0,1,0,1,0,1,1,0,0,1,1,1,0,1,1,1,1,0,0,1,1,1,1,0,0,1,0,0,0,0,
0,1,1,1,1,1,1,0,0,0,0,0,1,0,1,1,1,1,1,1,1,1,0,1,1,1,0,0,0,0,0,0,1,0,1,0,1,1,1,0,1,1,0,0,0,0,0,0,0,0,1,0,1,0,0,0,1,0,1,0,0,0,1,0,1,1,0,1,1,0,
1,1,0,1,0,0,1,1,1,0,1,0,1,1,0,0,0,0,1,0,1,0,0,0,0,1,0,1,0,0,1,0,1,1,1,1,1,0,1,0,0,0,1,1,1,0,1,1,0,0,0,1,1,1,1,0,1,1,1,1,0,0,0,1,0,1,0,1,1,1,
0,0,0,1,0,1,0,1,1,1,0,1,1,1,0,0,1,0,0,0,0,0,0,0,0,0,1,0,1,1,1,0,0,0,0,0,0,0,0,0,1,0,1,0,1,1,0,1,1,0,0,0,1,0,1,1,1,1,1,0,0,0,1,0,1,0,0,1,1,1,
0,0,0,0,1,0,0,0,1,0,1,1,1,1,1,0,0,1,1,1,0,0,1,0,0,1,1,0,0,0,1,0,1,0,0,0,1,0,1,0,0,1,1,0,0,0,1,1,0,1,0,0,1,1,0,0,0,1,1,1,0,1,1,1,1,0,0,1,1,0,
0,0,0,0,1,0,0,1,1,1,0,0,1,0,1,1,0,0,0,0,0,0,0,0,0,0,0,1,0,1,0,1,0,0,1,1,1,1,1,0,0,1,1,0,0,0,1,0,1,1,1,1,0,1,0,1,1,1,1,0,1,1,0,0,1,1,0,1,0,0,
0,0,1,0,1,1,1,1,1,0,1,1,1,1,1,0,0,1,0,1,0,1,0,0,0,0,0,1,0,0,1,0,1,1,1,1,1,1,1,0,1,1,0,0,0,0,0,1,0,1,0,1,1,0,1,0,0,1,0,0,0,1,0,1,1,0,1,1,0,1,
1,1,1,0,1,0,1,0,0,1,1,0,1,0,1,0,0,0,0,0,1,0,0,0,1,1,0,1,1,0,0,1,1,1,1,0,1,0,0,1,1,1,0,1,1,0,0,1,0,1,1,0,0,1,0,1,0,0,0,1,1,0,1,0,1,1,1,0,0,1,
1,0,0,0,0,0,1,0,1,0,1,1,0,0,1,0,0,0,1,0,0,1,1,0,1,0,0,1,0,0,0,1,1,1,1,1,1,1,0,1,0,0,1,0,1,1,1,1,0,0,1,0,1,0,1,0,0,0,0,1,1,1,1,0,0,1,1,1,0,1,
1,0,1,1,0,0,1,1,1,0,0,0,1,1,1,0,1,1,0,0,1,1,1,0,0,1,0,0,0,1,1,1,0,0,1,0,0,0,1,0,1,1,0,1,0,1,0,1,1,1,1,0,1,0,0,0,0,1,0,0,1,1,0,0,1,0,0,0,0,0,
1,1,1,1,1,1,0,0,1,1,1,0,1,1,0,1,0,0,1,1,1,1,1,0,0,1,0,1,1,0,0,0,1,0,1,1,1,1,0,1,1,0,1,1,1,0,0,0,0,1,1,1,1,1,0,0,1,0,0,0,1,0,0,0,0,0,0,1,1,1,
0,0,0,0,0,1,0,1,0,1,0,1,1,1,0,0,1,1,1,0,0,0,0,0,0,1,0,0,1,1,0,0,1,0,0,1,1,1,0,0,1,0,0,1,1,1,1,0,1,1,1,1,1,0,0,0,0,0,0,1,0,1,1,0,1,1,1,1,1,0,
0,0,1,1,0,0,1,1,1,1,0,1,0,1,0,0,0,0,1,1,0,0,1,0,1,1,1,1,1,0,1,0,1,0,0,0,1,0,0,1,0,1,0,1,0,0,0,1,0,1,0,1,0,0,1,1,0,0,1,0,1,1,0,1,1,1,0,0,0,1,
0,0,1,1,0,1,1,0,1,0,0,0,0,0,1,1,0,0,0,0,1,0,0,1,1,0,0,0,1,1,0,1,1,0,0,1,1,0,0,1,1,0,0,0,1,0,0,1,0,0,0,0,1,0,1,1,1,1,0,1,0,1,0,0,1,0,1,1,0,0,
0,0,1,0,1,0,1,0,0,0,0,1,0,1,0,1,0,1,0,0,1,0,0,1,1,0,1,0,1,1,0,0,1,0,1,0,1,1,1,1,0,0,0,0,0,1,1,1,0,0,0,1,1,1,0,1,1,0,1,1,1,0,0,0,0,0,1,0,1,0,
0,0,0,1,1,0,1,0,0,0,1,1,1,1,1,0,0,0,1,1,1,0,1,0,0,1,1,1,1,1,0,0,0,0,1,0,1,1,0,0,1,0,1,1,0,0,0,1,1,0,1,1,0,0,1,1,0,0,1,0,0,0,0,1,0,1,0,0,1,0,
1,0,1,0,0,1,1,1,1,0,0,0,1,1,0,1,0,1,1,1,1,1,0,1,0,1,1,0,0,0,1,1,1,1,1,1,1,0,0,0,0,1,1,0,1,1,0,0,0,1,0,1,0,1,0,0,0,0,0,1,0,0,1,0,1,0,1,0,0,1,
1,1,0,1,0,1,1,1,0,0,0,0,0,1,1,0,0,0,0,0,1,0,1,1,0,1,1,1,0,1,0,0,0,0,1,1,0,1,0,1,0,0,1,1,0,1,1,0,1,0,1,1,1,1,1,0,1,0,1,1,1,0,0,1,0,0,0,1,1,0,
1,1,0,0,1,0,1,0,1,1,1,1,0,1,0,0,1,0,0,1,0,0,0,1,1,0,1,0,1,1,0,0,1,1,1,0,0,1,1,0,1,0,0,0,1,1,0,1,1,1,0,0,1,0,1,1,0,0,1,1,0,0,1,0,0,0,0,1,1,0,
0,1,1,0,1,1,1,0,0,0,0,0,0,0,0,1,1,0,1,0,0,0,0,0,1,0,0,0,0,0,0,1,1,0,1,1,0,1,1,1,1,0,0,0,1,0,1,0,0,0,0,0,0,1,1,1,0,0,1,0,1,1,0,1,0,0,0,0,0,0,
1,0,0,0,0,0,0,1,0,1,0,1,0,0,0,1,0,0,0,1,0,0,1,1,1,1,0,1,0,0,0,0,0,0,0,1,1,1,1,0,0,1,1,0,1,1,0,0,1,1,1,1,1,1,0,1,0,1,1,0,1,0,0,0,1,1,0,0,1,1,
0,1,1,0,0,0,1,1,0,1,0,0,0,1,1,0,0,1,1,1,0,0,0,1,1,0,1,0,0,1,0,1,0,0,0,0,0,1,1,0,1,1,1,0,1,1,0,0,1,1,1,1,0,0,0,0,0,1,1,0,0,1,1,0,1,1,0,1,0,1,
1,1,1,0,0,0,1,0,0,1,0,0,1,0,1,0,0,0,1,1,0,0,1,1,0,1,0,1,0,1,0,0,1,0,0,1,1,0,0,0,1,0,1,1,0,0,1,0,0,1,1,0,0,1,1,1,0,1,0,1,0,0,0,1,0,0,0,1,1,0,

0,1,1,1,1,1,1,1,1,1,1,1,1,1,1,1,1,1,0,1,1,1,1,1,1,1,1,1,1,0,1,1,1,1,1,1,1,1,1,1,1,1,1,1,1,1,1,1,1,1,1,1,1,1,1,1,1,1,0,1,0,0,1,1,1,1,1,1,1,1,
1,0,1,1,1,1,0,1,1,1,1,1,1,0,1,1,1,1,1,1,1,1,1,0,1,1,1,1,1,1,1,1,1,1,1,1,1,0,1,1,1,1,1,1,1,1,1,1,1,1,1,1,1,1,1,1,1,1,1,1,1,1,1,1,1,1,1,1,1,1,
1,1,0,1,1,1,1,1,0,1,1,1,1,1,1,1,1,0,1,1,1,1,1,1,1,1,1,0,1,1,1,1,1,1,1,1,1,1,1,1,1,1,0,1,1,1,0,1,1,0,1,1,1,1,1,1,1,1,1,1,1,1,1,1,0,1,1,1,1,1,
1,1,1,0,1,1,1,1,1,1,1,1,1,1,1,1,1,1,1,1,1,1,1,1,1,0,0,1,1,1,1,0,1,1,1,1,1,1,1,1,1,1,1,1,1,1,1,1,1,1,1,1,1,1,1,1,1,1,1,1,1,1,1,1,1,1,1,1,1,1,
1,1,1,1,0,1,1,1,1,1,1,1,1,1,1,1,1,1,1,1,1,1,1,1,1,1,1,1,1,1,1,1,1,1,1,1,1,1,0,1,0,1,1,1,1,1,1,1,1,1,1,1,1,1,1,1,1,1,1,1,1,1,1,1,1,1,1,1,0,1,
1,1,1,1,1,0,0,1,1,1,1,1,1,1,1,1,1,0,1,1,1,1,1,1,1,1,1,1,1,1,1,1,1,1,1,1,1,1,1,1,1,1,0,1,1,1,1,1,1,1,1,1,1,1,0,1,1,1,1,1,1,0,1,1,1,1,1,1,1,1,
1,0,1,1,1,0,0,1,1,1,1,1,1,1,1,1,1,1,1,1,1,1,1,1,1,1,1,1,1,1,1,1,1,0,1,1,1,1,1,1,1,1,1,1,1,1,1,1,1,1,1,1,1,1,1,1,1,1,1,1,1,1,1,1,1,1,1,1,1,1,
1,1,1,1,1,1,1,0,1,1,1,1,1,1,1,1,1,1,1,1,1,1,1,1,1,1,1,0,1,1,1,1,1,1,1,1,1,1,1,1,1,1,1,1,1,1,1,1,1,1,1,1,1,1,1,1,1,1,1,1,1,1,1,1,1,0,1,1,1,1,
1,1,0,1,1,1,1,1,0,1,1,1,0,1,1,1,1,1,1,1,1,1,1,1,1,1,1,1,1,1,1,1,1,0,1,1,1,1,1,1,1,1,1,1,1,1,1,1,1,1,1,1,1,1,1,1,1,1,1,1,1,1,1,1,1,1,1,1,0,0,
1,1,1,1,1,1,1,1,1,0,1,1,1,1,1,1,1,1,1,1,1,1,1,1,1,1,1,1,0,0,1,1,1,1,1,1,1,1,1,1,1,1,1,1,1,1,1,0,1,1,1,0,1,1,1,1,1,1,1,1,1,1,1,1,1,1,1,1,1,1,
1,1,1,1,1,1,1,1,1,1,0,1,1,1,1,1,1,1,1,1,1,1,1,1,1,1,1,1,0,1,1,1,1,1,1,0,1,1,1,1,1,1,1,1,1,1,0,1,1,1,1,1,1,1,1,1,1,1,1,0,1,1,1,1,1,1,1,0,1,1,
1,1,1,1,1,1,1,1,1,1,1,0,1,1,1,1,1,1,1,1,1,1,1,1,1,1,1,1,1,1,1,1,1,1,1,1,1,1,1,0,1,0,1,1,1,1,1,1,1,1,1,1,1,1,1,1,1,1,1,1,1,1,1,1,1,1,1,1,1,1,
1,1,1,1,1,1,1,1,0,1,1,1,0,1,0,1,1,1,1,1,1,1,1,1,1,1,1,1,1,1,1,1,1,1,1,1,1,1,1,0,1,1,1,1,1,1,1,1,1,1,1,1,1,1,1,1,1,1,1,1,1,1,1,1,1,1,1,1,1,1,
1,0,1,1,1,1,1,1,1,1,1,1,1,0,1,1,1,1,0,1,1,1,1,1,1,1,1,0,1,1,1,1,1,1,1,1,1,1,1,1,1,1,1,1,1,1,1,1,1,1,1,1,1,1,1,1,1,1,1,1,0,1,1,1,1,1,1,1,1,1,
1,1,1,1,1,1,1,1,1,1,1,1,0,1,0,1,1,1,1,1,1,1,1,1,1,1,1,1,1,1,1,1,1,0,1,1,1,1,1,1,1,1,1,1,1,1,1,1,1,1,0,1,1,1,1,1,1,1,1,1,1,1,1,0,1,1,1,0,1,1,
1,1,1,1,1,1,1,1,1,1,1,1,1,1,1,0,0,1,1,1,1,1,1,0,1,1,1,1,1,1,1,1,1,1,1,1,0,1,1,1,1,1,1,1,1,0,1,1,1,1,1,1,1,1,0,1,1,1,0,1,1,1,1,1,1,0,1,1,1,1,
1,1,1,1,1,1,1,1,1,1,1,1,1,1,1,0,0,1,1,1,1,1,1,1,1,1,1,1,1,1,1,1,1,1,1,1,0,1,1,1,1,1,1,1,1,1,1,1,1,1,1,0,1,1,1,1,1,1,1,1,1,1,1,1,1,1,1,1,1,1,
1,1,0,1,1,0,1,1,1,1,1,1,1,1,1,1,1,0,1,1,1,1,1,1,1,1,1,1,1,1,1,1,1,1,1,1,1,1,1,1,1,1,1,1,1,1,1,1,1,1,1,1,1,1,1,0,1,1,1,1,1,1,1,1,0,1,1,1,1,1,
0,1,1,1,1,1,1,1,1,1,1,1,1,0,1,1,1,1,0,1,1,1,1,1,1,1,1,1,1,1,1,1,1,1,1,1,1,1,1,1,1,1,1,1,1,1,1,1,1,1,1,1,1,1,1,1,1,1,1,1,1,1,1,1,1,0,1,1,1,1,
1,1,1,1,1,1,1,1,1,1,1,1,1,1,1,1,1,1,1,0,1,0,1,1,1,1,1,1,1,1,1,1,1,1,1,1,1,1,0,1,1,1,1,1,1,1,1,1,1,0,1,1,1,1,1,1,1,1,1,1,1,1,1,1,1,1,1,1,1,1,
1,1,1,1,1,1,1,1,1,1,1,1,1,1,1,1,1,1,1,1,0,1,1,1,1,1,1,1,1,1,1,1,1,1,1,1,1,1,1,1,1,1,1,1,1,1,1,1,1,1,0,1,1,1,1,1,1,1,1,1,1,1,1,1,1,1,1,1,1,1,
1,1,1,1,1,1,1,1,1,1,1,1,1,1,1,1,1,1,1,0,1,0,1,1,1,1,0,1,1,1,1,1,1,1,1,1,1,1,1,1,1,1,1,1,1,1,1,1,1,1,1,1,1,1,1,1,1,1,1,0,1,1,1,1,0,1,1,1,1,1,
1,1,1,1,1,1,1,1,1,1,1,1,1,1,1,1,1,1,1,1,1,1,0,1,1,1,1,1,1,1,1,1,1,1,1,1,1,1,1,1,0,1,1,1,1,1,1,1,1,1,1,1,1,1,1,1,1,1,0,1,1,1,1,1,1,1,1,1,1,1,
1,0,1,1,1,1,1,1,1,1,1,1,1,1,1,0,1,1,1,1,1,1,1,0,1,0,1,1,1,1,1,1,1,1,1,1,1,1,1,1,1,1,1,1,1,1,1,1,1,1,0,1,1,1,1,1,1,1,1,1,1,1,1,1,1,1,1,1,1,1,
1,1,1,1,1,1,1,1,1,1,1,1,1,1,1,1,1,1,1,1,1,1,1,1,0,1,1,1,1,1,1,1,1,1,1,1,1,1,1,1,1,1,1,1,1,1,1,1,1,1,0,1,1,1,1,1,1,1,1,1,1,1,1,1,1,1,1,1,1,1,
1,1,1,0,1,1,1,1,1,1,1,1,1,1,1,1,1,1,1,1,1,1,1,0,1,0,1,1,1,1,1,1,1,1,1,1,1,0,1,1,1,1,1,1,1,1,1,1,1,1,1,1,1,1,1,0,1,1,1,1,1,1,1,1,1,1,1,1,1,1,
1,1,1,0,1,1,1,1,1,1,1,1,1,1,1,1,1,1,1,1,1,0,1,1,1,1,0,1,1,1,1,1,0,1,1,1,1,1,1,1,1,1,1,1,1,1,1,1,1,1,1,1,1,0,1,1,1,0,1,1,1,1,1,1,1,1,1,1,1,1,
1,1,0,1,1,1,1,0,1,1,1,1,1,0,1,1,1,1,1,1,1,1,1,1,1,1,1,0,1,1,1,1,1,0,1,1,1,1,0,1,1,1,1,1,1,1,1,1,1,1,1,1,1,1,1,1,1,1,1,1,1,1,1,1,1,1,1,1,1,1,
1,1,1,1,1,1,1,1,1,0,0,1,1,1,1,1,1,1,1,1,1,1,1,1,1,1,1,1,0,1,1,1,1,1,1,1,1,1,1,1,1,1,1,1,1,1,1,1,1,1,1,1,1,1,1,1,1,1,1,1,1,1,1,1,1,1,1,1,1,0,
0,1,1,1,1,1,1,1,1,0,1,1,1,1,1,1,1,1,1,1,1,1,1,1,1,1,1,1,1,0,1,1,1,1,1,1,1,1,1,1,1,1,1,1,1,1,1,0,0,1,1,1,1,1,1,1,1,1,1,1,1,1,1,1,1,1,1,1,1,1,
1,1,1,1,1,1,1,1,1,1,1,1,1,1,1,1,1,1,1,1,1,1,1,1,1,1,1,1,1,1,0,0,1,1,1,0,1,1,1,0,1,1,1,1,1,1,1,1,1,1,1,1,1,1,1,1,1,1,1,1,1,1,0,1,1,1,1,1,1,1,
1,1,1,0,1,1,1,1,1,1,1,1,1,1,1,1,1,1,1,1,1,1,1,1,1,1,1,1,1,1,0,0,1,1,1,1,1,1,1,1,1,1,1,1,1,1,0,1,1,1,1,1,1,0,1,1,1,1,0,1,1,1,0,1,1,1,1,0,1,1,
1,1,1,1,1,1,1,1,1,1,1,1,1,1,1,1,1,1,1,1,1,1,1,1,1,1,0,1,1,1,1,1,0,1,1,1,1,1,1,1,1,1,1,1,1,1,1,0,1,1,1,1,1,1,1,1,1,1,1,1,1,1,1,1,1,1,1,1,1,1,
1,1,1,1,1,1,0,1,0,1,1,1,1,1,0,1,1,1,1,1,1,1,1,1,1,1,1,0,1,1,1,1,1,0,1,1,0,1,1,1,1,1,1,1,1,1,1,0,1,1,0,1,1,1,1,1,1,1,1,1,1,1,1,1,1,1,1,0,0,1,
1,1,1,1,1,1,1,1,1,1,1,1,1,1,1,1,1,1,1,1,1,1,1,1,1,1,1,1,1,1,1,1,1,1,0,1,1,1,1,1,1,1,1,1,1,1,1,1,1,1,1,1,1,1,1,1,1,1,1,1,0,1,1,1,1,1,1,1,1,1,
1,1,1,1,1,1,1,1,1,1,0,1,1,1,1,1,1,1,1,1,1,1,1,1,1,1,1,1,1,1,0,1,1,1,1,0,1,1,1,1,1,1,1,1,1,1,1,1,1,1,1,1,1,1,1,1,1,1,1,1,1,1,1,1,1,1,1,1,1,1,
1,1,1,1,1,1,1,1,1,1,1,1,1,1,1,0,0,1,1,1,1,1,1,1,1,1,1,1,1,1,1,1,1,0,1,1,0,1,1,1,1,1,1,1,1,1,1,1,1,1,1,1,1,1,1,1,0,1,1,1,1,1,1,1,1,1,1,1,1,1,
1,0,1,1,1,1,1,1,1,1,1,1,1,1,1,1,1,1,1,1,1,1,1,1,1,0,1,1,1,1,1,1,1,1,1,1,1,0,1,1,1,1,1,1,1,0,1,1,1,1,1,1,1,1,1,1,1,1,1,1,0,1,1,1,1,1,1,1,1,1,
1,1,1,1,0,1,1,1,1,1,1,1,1,1,1,1,1,1,1,0,1,1,1,1,1,1,1,0,1,1,1,1,1,1,1,1,1,1,0,1,1,1,1,1,1,1,1,1,1,1,1,1,1,1,1,1,1,1,1,1,1,1,0,0,1,1,1,1,1,1,
1,1,1,1,1,1,1,1,1,1,1,0,0,1,1,1,1,1,1,1,1,1,1,1,1,1,1,1,1,1,0,1,1,1,1,1,1,1,1,0,1,1,1,1,1,1,1,1,1,1,1,1,1,1,1,1,1,1,1,1,1,1,1,1,1,1,1,1,1,1,
1,1,1,1,0,1,1,1,1,1,1,1,1,1,1,1,1,1,1,1,1,1,0,1,1,1,1,1,1,1,1,1,1,1,1,1,1,1,1,1,0,1,1,1,1,1,1,1,1,1,1,1,1,1,1,1,1,1,1,1,1,1,1,1,1,1,1,1,1,1,
1,1,1,1,1,1,1,1,1,1,1,0,1,1,1,1,1,1,1,1,1,1,1,1,1,1,1,1,1,1,1,1,1,1,1,1,1,1,1,1,1,0,1,1,1,1,1,1,1,1,1,1,1,1,1,1,1,1,1,1,1,1,0,1,1,1,1,1,1,1,
1,1,0,1,1,0,1,1,1,1,1,1,1,1,1,1,1,1,1,1,1,1,1,1,1,1,1,1,1,1,1,1,1,1,1,1,1,1,1,1,1,1,0,1,1,1,1,1,1,1,1,1,1,1,1,1,1,1,1,1,1,1,1,1,1,1,1,1,1,1,
1,1,1,1,1,1,1,1,1,1,1,1,1,1,1,1,1,1,1,1,1,1,1,1,1,1,1,1,1,1,1,1,1,1,1,1,1,1,1,1,1,1,1,0,1,1,1,1,1,1,1,1,1,1,1,1,1,1,1,1,1,1,1,1,1,1,1,1,0,1,
1,1,1,1,1,1,1,1,1,1,1,1,1,1,1,1,1,1,1,1,1,1,1,1,1,1,1,1,1,1,1,1,1,1,1,1,1,1,1,1,1,1,1,1,0,1,1,1,1,1,1,1,1,1,1,1,1,1,1,1,1,0,1,1,1,1,1,1,1,1,
1,1,1,1,1,1,1,1,1,1,1,1,1,1,1,0,1,1,1,1,1,1,1,1,1,1,1,1,1,1,1,1,1,1,1,1,1,0,1,1,1,1,1,1,1,0,1,1,1,1,1,1,1,1,0,1,1,1,1,0,1,1,1,1,1,1,1,1,1,1,
1,1,0,1,1,1,1,1,1,1,0,1,1,1,1,1,1,1,1,1,1,1,1,1,1,1,1,1,1,1,1,0,1,1,1,1,1,1,1,1,1,1,1,1,1,1,0,1,1,1,1,1,1,1,1,1,1,1,1,1,1,1,1,1,1,1,1,0,1,1,
1,1,1,1,1,1,1,1,1,0,1,1,1,1,1,1,1,1,1,1,1,1,1,1,1,1,1,1,1,0,1,1,0,0,1,1,1,1,1,1,1,1,1,1,1,1,1,0,1,1,1,1,1,1,1,1,1,1,1,1,1,1,1,1,1,1,1,1,1,0,
1,1,1,1,1,1,1,1,1,1,1,1,1,1,1,1,1,1,1,1,1,1,1,1,1,1,1,1,1,0,1,1,1,1,1,1,1,1,1,1,1,1,1,1,1,1,1,1,0,1,1,1,1,1,1,1,1,1,1,1,1,1,1,1,1,1,1,1,1,1,
1,1,0,1,1,1,1,1,1,1,1,1,1,1,1,1,1,1,1,0,1,1,1,1,1,1,1,1,1,1,1,1,1,1,1,1,1,1,1,1,1,1,1,1,1,1,1,1,1,0,1,1,1,1,1,1,1,1,1,1,1,1,0,1,1,1,1,1,1,1,
1,1,1,1,1,1,1,1,1,1,1,1,1,1,0,1,1,1,1,1,0,1,1,0,0,1,1,1,1,1,1,1,1,0,1,1,1,1,1,1,1,1,1,1,1,1,1,1,1,1,0,1,1,1,1,1,1,1,1,1,1,1,1,1,1,1,1,1,1,1,
1,1,1,1,1,1,1,1,1,0,1,1,1,1,1,1,0,1,1,1,1,1,1,1,1,1,1,1,1,1,1,1,1,1,1,1,1,1,1,1,1,1,1,1,1,1,1,1,1,1,1,0,1,1,1,1,1,1,1,1,1,1,1,1,1,0,1,1,1,1,
1,1,1,1,1,1,1,1,1,1,1,1,1,1,1,1,1,1,1,1,1,1,1,1,1,1,1,1,1,1,1,1,1,1,1,1,1,1,1,1,1,1,1,1,1,1,1,1,1,1,1,1,0,1,1,1,1,1,1,1,1,1,1,1,1,1,1,1,1,1,
1,1,1,1,1,1,1,1,1,1,1,1,1,1,1,1,1,1,1,1,1,1,1,1,1,1,0,1,1,1,1,0,1,1,1,1,1,1,1,1,1,1,1,1,1,1,1,1,1,1,1,1,1,0,1,1,0,1,1,1,1,1,1,1,1,1,1,1,1,1,
1,1,1,1,1,0,1,1,1,1,1,1,1,1,1,0,1,1,1,1,1,1,1,1,1,1,1,1,1,1,1,1,1,1,1,1,1,1,1,1,1,1,1,1,1,0,1,1,1,1,1,1,1,1,0,1,1,1,1,1,1,1,1,1,1,1,1,1,1,1,
1,1,1,1,1,1,1,1,1,1,1,1,1,1,1,1,1,0,1,1,1,1,1,1,1,0,1,1,1,1,1,1,1,1,1,1,1,1,1,1,1,1,1,1,1,1,1,1,1,1,1,1,1,1,1,0,1,1,1,1,1,1,1,1,1,1,1,1,1,1,
1,1,1,1,1,1,1,1,1,1,1,1,1,1,1,1,1,1,1,1,1,1,1,1,1,1,1,1,1,1,1,1,1,1,1,1,0,1,1,1,1,1,1,1,1,1,1,1,1,1,1,1,1,0,1,1,0,1,1,1,1,1,1,1,1,1,1,1,1,1,
1,1,1,1,1,1,1,1,1,1,1,1,1,1,1,1,1,1,1,1,1,1,1,1,1,1,0,1,1,1,1,1,1,1,1,1,1,1,1,1,1,1,1,1,1,1,1,1,1,1,1,1,1,1,1,1,1,0,1,1,1,1,1,1,1,1,0,1,1,1,
0,1,1,1,1,1,1,1,1,1,1,1,1,1,1,0,1,1,1,1,1,1,0,1,1,1,1,1,1,1,1,0,1,1,1,1,1,1,1,1,1,1,1,1,1,1,1,1,1,1,1,1,1,1,1,1,1,1,0,1,1,1,1,1,1,1,1,1,1,0,
1,1,1,1,1,1,1,1,1,1,0,1,1,1,1,1,1,1,1,1,1,0,1,1,1,1,1,1,1,1,1,1,1,1,1,1,1,1,1,1,1,1,1,1,1,0,1,1,1,1,1,1,1,1,1,1,1,1,1,0,1,1,1,1,1,1,1,1,1,1,
0,1,1,1,1,1,1,1,1,1,1,1,1,0,1,1,1,1,1,1,1,1,1,1,1,1,1,1,1,1,1,1,1,1,0,1,1,0,1,1,1,1,1,1,1,1,1,1,1,1,1,1,1,1,1,1,1,1,1,1,0,1,1,1,1,1,1,1,1,1,
0,1,1,1,1,0,1,1,1,1,1,1,1,1,1,1,1,1,1,1,1,1,1,1,1,1,1,1,1,1,1,1,1,1,1,1,1,1,1,1,1,1,1,1,0,1,1,1,1,1,1,1,1,1,1,1,1,1,1,1,1,0,1,1,1,1,1,1,1,0,
1,1,1,1,1,1,1,1,1,1,1,1,1,1,1,1,1,1,1,1,1,1,1,1,1,1,1,1,1,1,0,0,1,1,1,1,1,1,0,1,1,0,1,1,1,1,1,1,1,0,1,1,1,1,1,1,1,1,1,1,1,1,0,1,1,1,1,1,1,1,
1,1,1,1,1,1,1,1,1,1,1,1,1,1,0,1,1,1,1,1,1,1,1,1,1,1,1,1,1,1,1,1,1,1,1,1,1,1,0,1,1,1,1,1,1,1,1,1,1,1,1,1,1,1,1,1,1,1,1,1,1,1,1,0,1,0,1,1,1,1,
1,1,0,1,1,1,1,1,1,1,1,1,1,1,1,1,1,0,1,1,1,0,1,1,1,1,1,1,1,1,1,1,1,1,1,1,1,1,1,1,1,1,1,1,1,1,1,1,1,1,1,1,1,1,1,1,1,1,1,1,1,1,1,1,0,1,0,1,1,1,
1,1,1,1,1,1,1,0,1,1,1,1,1,1,1,0,1,1,0,1,1,1,1,1,1,1,1,1,1,1,1,1,1,1,1,1,1,1,1,1,1,1,1,1,1,1,1,1,1,1,1,0,1,1,1,1,1,1,1,1,1,1,1,0,1,0,1,1,1,1,
1,1,1,1,1,1,1,1,1,1,1,1,1,1,1,1,1,1,1,1,1,1,1,1,1,1,1,1,1,1,1,1,1,1,1,1,1,1,1,1,1,1,1,1,1,1,1,1,1,1,1,1,1,1,1,1,1,0,1,1,1,1,1,1,0,1,0,0,1,1,
1,1,1,1,1,1,1,1,1,1,0,1,1,1,0,1,1,1,1,1,1,1,1,1,1,1,1,1,1,1,1,0,1,0,1,1,1,1,1,1,1,1,1,1,1,1,0,1,1,1,1,1,1,1,1,1,1,1,1,1,1,1,1,1,1,1,0,0,1,1,
1,1,1,1,0,1,1,1,0,1,1,1,1,1,1,1,1,1,1,1,1,1,1,1,1,1,1,1,1,1,1,1,1,0,1,1,1,1,1,1,1,1,1,0,1,1,1,1,1,1,1,1,1,1,1,1,1,1,1,1,1,1,1,1,1,1,1,1,0,1,
1,1,1,1,1,1,1,1,0,1,1,1,1,1,1,1,1,1,1,1,1,1,1,1,1,1,1,1,0,1,1,1,1,1,1,1,1,1,1,1,1,1,1,1,1,1,1,0,1,1,1,1,1,1,1,1,1,1,0,1,1,0,1,1,1,1,1,1,1,0,

    Time: 2025-02-15 05:04:35
Version identifier: 22.1.1.0 | 2022-11-28 | 9160aff4d
CPXPARAM_Threads                                 24
CPXPARAM_MIP_Limits_Solutions                    1
CPXPARAM_TimeLimit                               900
Generic callback                                 0x20
Lazy constraint(s) or lazy constraint/branch callback is present.
    Disabling dual reductions (CPX_PARAM_REDUCE) in presolve.
    Disabling presolve reductions that prevent crushing forms (CPX_PARAM_PREREFORM).
Tried aggregator 1 time.
MIP Presolve eliminated 333138 rows and 65 columns.
MIP Presolve modified 7362 coefficients.
Reduced MIP has 280999 rows, 1059 columns, and 2277894 nonzeros.
Reduced MIP has 1059 binaries, 0 generals, 0 SOSs, and 0 indicators.
Presolve time = 1.19 sec. (1456.28 ticks)
Probing time = 0.06 sec. (18.94 ticks)
Tried aggregator 1 time.
MIP Presolve eliminated 3 rows and 0 columns.
Reduced MIP has 280996 rows, 1059 columns, and 2277855 nonzeros.
Reduced MIP has 1059 binaries, 0 generals, 0 SOSs, and 0 indicators.
Presolve time = 0.42 sec. (589.80 ticks)
Probing time = 0.18 sec. (19.07 ticks)
Clique table members: 843.
MIP emphasis: balance optimality and feasibility.
MIP search method: dynamic search.
Parallel mode: deterministic, using up to 24 threads.
