ODD_HOLE_TERMINATION_PERCENTAGE is set to 999
Program searches for ALL odd holes and odd antiholes
==============================================
n:                                    50
ODD_HOLE_TERMINATION_PERCENTAGE:      999
ODD_HOLE_TERMINATION_BATCH_SIZE:      0
ODD_ANTI_HOLE_TERMINATION_BATCH_SIZE: 0
==============================================
0,1,1,0,0,0,1,0,0,0,0,1,0,1,0,1,0,0,0,0,0,0,1,0,1,0,0,0,0,0,1,0,0,1,1,0,0,0,0,0,0,0,1,0,0,0,0,1,1,0,
1,0,0,1,0,0,0,1,0,0,0,0,0,1,0,1,0,0,0,0,0,0,0,0,1,0,1,1,0,0,0,1,0,0,0,0,0,1,0,1,0,0,1,0,0,1,1,0,1,0,
1,0,0,0,0,1,0,0,0,0,1,0,0,0,0,0,0,1,1,1,1,1,0,0,0,0,0,0,0,0,0,0,0,0,0,0,0,0,0,0,0,0,0,0,0,0,0,0,0,0,
0,1,0,0,0,0,0,1,1,0,0,0,0,0,0,1,0,0,1,1,0,0,0,1,0,0,0,1,0,0,1,1,0,0,0,0,0,0,0,0,1,0,0,0,0,0,0,0,0,0,
0,0,0,0,0,1,0,0,0,0,0,0,0,0,1,0,0,0,0,0,0,1,0,0,0,0,0,0,0,0,1,1,0,0,1,0,0,0,0,0,0,0,1,0,1,0,1,0,0,0,
0,0,1,0,1,0,0,0,0,1,0,0,0,0,0,0,0,1,1,0,0,0,0,0,0,1,0,0,1,1,0,0,0,0,1,1,0,0,0,0,0,1,1,0,0,0,0,0,0,0,
1,0,0,0,0,0,0,0,0,0,0,1,0,0,0,0,0,0,0,0,0,1,0,1,0,1,0,0,0,0,0,0,1,0,0,0,0,0,0,0,1,0,0,1,1,0,0,0,0,0,
0,1,0,1,0,0,0,0,0,0,0,0,0,1,0,0,1,0,0,0,1,0,0,0,0,0,0,0,0,1,0,0,0,1,0,1,1,1,1,0,0,1,0,0,0,0,0,0,1,0,
0,0,0,1,0,0,0,0,0,0,0,0,1,0,0,1,0,0,0,1,0,1,0,0,0,1,0,1,0,1,0,0,0,0,1,1,0,1,0,0,0,0,0,0,0,0,0,0,1,0,
0,0,0,0,0,1,0,0,0,0,0,1,0,0,0,1,0,0,1,1,1,0,0,0,0,0,1,0,0,0,1,1,0,0,0,1,1,1,0,0,0,0,0,0,0,1,0,0,0,0,
0,0,1,0,0,0,0,0,0,0,0,0,0,1,1,0,1,0,0,0,1,1,1,0,0,0,0,0,0,0,1,1,0,0,0,0,0,0,0,1,0,0,1,0,0,0,0,1,0,1,
1,0,0,0,0,0,1,0,0,1,0,0,0,1,1,0,0,0,1,1,0,0,0,1,0,0,0,1,0,0,0,0,0,0,0,0,0,0,0,0,0,1,0,0,1,1,1,0,0,0,
0,0,0,0,0,0,0,0,1,0,0,0,0,0,0,0,0,0,0,0,0,0,0,1,0,1,0,0,0,0,1,0,1,0,1,0,0,0,0,0,0,0,1,0,0,0,1,1,1,0,
1,1,0,0,0,0,0,1,0,0,1,1,0,0,0,0,0,1,0,1,0,0,0,0,1,0,0,1,0,0,0,0,0,1,1,0,0,0,0,0,1,0,0,1,0,0,0,0,0,0,
0,0,0,0,1,0,0,0,0,0,1,1,0,0,0,0,0,0,0,0,1,0,0,0,0,1,0,0,0,0,0,1,0,0,1,0,1,0,0,1,0,0,1,0,1,1,0,0,0,1,
1,1,0,1,0,0,0,0,1,1,0,0,0,0,0,0,0,0,0,0,0,1,0,1,0,1,0,1,0,0,0,1,1,1,1,0,0,1,1,1,0,0,0,0,0,0,0,0,1,1,
0,0,0,0,0,0,0,1,0,0,1,0,0,0,0,0,0,1,0,0,1,0,1,0,0,0,0,0,0,0,0,0,0,0,0,1,0,1,0,1,0,0,1,0,0,0,0,1,0,0,
0,0,1,0,0,1,0,0,0,0,0,0,0,1,0,0,1,0,0,0,0,0,0,0,0,0,0,0,0,0,0,1,0,0,0,0,1,1,0,0,1,0,1,0,0,0,0,0,1,0,
0,0,1,1,0,1,0,0,0,1,0,1,0,0,0,0,0,0,0,0,1,0,0,0,1,0,0,0,1,0,1,0,1,0,0,0,0,0,0,0,0,0,0,1,0,0,0,0,1,0,
0,0,1,1,0,0,0,0,1,1,0,1,0,1,0,0,0,0,0,0,0,1,1,0,0,1,0,0,0,0,1,1,0,0,1,0,0,0,0,0,1,1,0,0,0,0,1,0,0,0,
0,0,1,0,0,0,0,1,0,1,1,0,0,0,1,0,1,0,1,0,0,0,0,0,1,0,0,1,1,0,0,1,0,0,0,0,0,0,0,0,1,0,1,0,0,0,0,0,0,1,
0,0,1,0,1,0,1,0,1,0,1,0,0,0,0,1,0,0,0,1,0,0,0,0,1,1,0,0,0,0,0,1,0,1,0,0,1,0,0,0,1,0,0,1,0,0,0,0,1,1,
1,0,0,0,0,0,0,0,0,0,1,0,0,0,0,0,1,0,0,1,0,0,0,0,0,0,0,0,0,1,0,0,0,0,0,0,0,0,1,0,0,0,1,0,1,1,0,0,0,0,
0,0,0,1,0,0,1,0,0,0,0,1,1,0,0,1,0,0,0,0,0,0,0,0,1,0,1,0,0,1,1,0,0,0,0,0,0,0,0,1,0,0,0,1,0,1,0,0,0,0,
1,1,0,0,0,0,0,0,0,0,0,0,0,1,0,0,0,0,1,0,1,1,0,1,0,0,0,0,0,0,0,0,1,1,0,0,0,1,1,0,1,0,0,0,0,1,0,1,0,1,
0,0,0,0,0,1,1,0,1,0,0,0,1,0,1,1,0,0,0,1,0,1,0,0,0,0,1,0,0,0,0,1,0,0,0,1,0,1,0,0,0,0,0,0,0,0,0,0,0,0,
0,1,0,0,0,0,0,0,0,1,0,0,0,0,0,0,0,0,0,0,0,0,0,1,0,1,0,0,1,0,0,0,0,1,0,0,0,0,1,0,0,0,0,0,0,0,0,0,0,1,
0,1,0,1,0,0,0,0,1,0,0,1,0,1,0,1,0,0,0,0,1,0,0,0,0,0,0,0,0,0,1,0,0,0,0,0,0,0,1,0,0,0,0,0,1,0,0,0,1,0,
0,0,0,0,0,1,0,0,0,0,0,0,0,0,0,0,0,0,1,0,1,0,0,0,0,0,1,0,0,0,0,1,0,0,0,0,0,0,0,1,0,0,0,0,0,0,1,0,0,0,
0,0,0,0,0,1,0,1,1,0,0,0,0,0,0,0,0,0,0,0,0,0,1,1,0,0,0,0,0,0,0,0,0,1,0,0,0,0,0,0,0,0,1,0,0,1,0,0,0,0,
1,0,0,1,1,0,0,0,0,1,1,0,1,0,0,0,0,0,1,1,0,0,0,1,0,0,0,1,0,0,0,0,0,0,1,0,0,0,1,0,0,0,0,0,0,0,1,1,0,0,
0,1,0,1,1,0,0,0,0,1,1,0,0,0,1,1,0,1,0,1,1,1,0,0,0,1,0,0,1,0,0,0,0,0,0,1,0,1,1,0,0,0,0,1,0,0,0,0,1,1,
0,0,0,0,0,0,1,0,0,0,0,0,1,0,0,1,0,0,1,0,0,0,0,0,1,0,0,0,0,0,0,0,0,0,1,0,0,1,1,0,0,0,0,0,0,0,0,0,0,0,
1,0,0,0,0,0,0,1,0,0,0,0,0,1,0,1,0,0,0,0,0,1,0,0,1,0,1,0,0,1,0,0,0,0,1,0,0,1,1,0,0,0,1,0,0,0,1,0,0,0,
1,0,0,0,1,1,0,0,1,0,0,0,1,1,1,1,0,0,0,1,0,0,0,0,0,0,0,0,0,0,1,0,1,1,0,0,1,0,0,1,1,1,0,0,0,1,0,1,0,1,
0,0,0,0,0,1,0,1,1,1,0,0,0,0,0,0,1,0,0,0,0,0,0,0,0,1,0,0,0,0,0,1,0,0,0,0,0,0,0,0,0,0,0,0,1,0,0,0,1,0,
0,0,0,0,0,0,0,1,0,1,0,0,0,0,1,0,0,1,0,0,0,1,0,0,0,0,0,0,0,0,0,0,0,0,1,0,0,0,0,1,0,0,0,0,0,0,1,1,0,0,
0,1,0,0,0,0,0,1,1,1,0,0,0,0,0,1,1,1,0,0,0,0,0,0,1,1,0,0,0,0,0,1,1,1,0,0,0,0,1,0,0,1,0,0,0,0,1,1,1,0,
0,0,0,0,0,0,0,1,0,0,0,0,0,0,0,1,0,0,0,0,0,0,1,0,1,0,1,1,0,0,1,1,1,1,0,0,0,1,0,0,0,0,1,0,0,0,0,0,0,0,
0,1,0,0,0,0,0,0,0,0,1,0,0,0,1,1,1,0,0,0,0,0,0,1,0,0,0,0,1,0,0,0,0,0,1,0,1,0,0,0,0,0,0,0,0,0,0,0,0,0,
0,0,0,1,0,0,1,0,0,0,0,0,0,1,0,0,0,1,0,1,1,1,0,0,1,0,0,0,0,0,0,0,0,0,1,0,0,0,0,0,0,0,0,0,0,1,0,1,0,0,
0,0,0,0,0,1,0,1,0,0,0,1,0,0,0,0,0,0,0,1,0,0,0,0,0,0,0,0,0,0,0,0,0,0,1,0,0,1,0,0,0,0,0,1,1,0,0,0,0,1,
1,1,0,0,1,1,0,0,0,0,1,0,1,0,1,0,1,1,0,0,1,0,1,0,0,0,0,0,0,1,0,0,0,1,0,0,0,0,1,0,0,0,0,0,0,1,0,0,0,0,
0,0,0,0,0,0,1,0,0,0,0,0,0,1,0,0,0,0,1,0,0,1,0,1,0,0,0,0,0,0,0,1,0,0,0,0,0,0,0,0,0,1,0,0,0,0,1,0,0,0,
0,0,0,0,1,0,1,0,0,0,0,1,0,0,1,0,0,0,0,0,0,0,1,0,0,0,0,1,0,0,0,0,0,0,0,1,0,0,0,0,0,1,0,0,0,0,1,1,0,0,
0,1,0,0,0,0,0,0,0,1,0,1,0,0,1,0,0,0,0,0,0,0,1,1,1,0,0,0,0,1,0,0,0,0,1,0,0,0,0,0,1,0,1,0,0,0,0,0,0,0,
0,1,0,0,1,0,0,0,0,0,0,1,1,0,0,0,0,0,0,1,0,0,0,0,0,0,0,0,1,0,1,0,0,1,0,0,1,1,0,0,0,0,0,1,1,0,0,0,0,0,
1,0,0,0,0,0,0,0,0,0,1,0,1,0,0,0,1,0,0,0,0,0,0,0,1,0,0,0,0,0,1,0,0,0,1,0,1,1,0,0,1,0,0,0,1,0,0,0,1,1,
1,1,0,0,0,0,0,1,1,0,0,0,1,0,0,1,0,1,1,0,0,1,0,0,0,0,0,1,0,0,0,1,0,0,0,1,0,1,0,0,0,0,0,0,0,0,0,1,0,0,
0,0,0,0,0,0,0,0,0,0,1,0,0,0,1,1,0,0,0,0,1,1,0,0,1,0,1,0,0,0,0,1,0,0,1,0,0,0,0,0,0,1,0,0,0,0,0,1,0,0,

0,1,1,1,1,1,1,1,1,1,1,1,1,1,1,1,1,1,1,0,1,1,1,0,1,1,1,1,1,1,1,1,1,1,1,0,1,1,1,1,1,1,1,1,1,1,1,1,1,1,
1,0,1,1,1,0,1,1,1,1,1,1,1,1,1,1,1,1,0,0,1,1,0,1,1,1,1,1,1,1,1,1,1,1,1,1,1,1,1,1,1,1,1,1,1,1,1,1,1,1,
1,1,0,1,0,1,0,1,1,1,1,1,1,1,1,1,1,1,1,1,1,1,1,0,1,1,1,1,1,1,1,1,1,1,1,1,1,1,1,1,1,1,1,1,1,1,1,1,1,0,
1,1,1,0,1,1,1,1,1,1,1,1,1,1,1,1,1,1,1,1,1,1,1,1,1,1,1,1,0,1,1,1,1,1,1,1,1,1,1,1,1,1,1,1,1,1,0,1,1,1,
1,1,0,1,0,1,1,1,1,1,1,1,1,1,1,1,1,1,1,1,1,1,1,0,1,1,1,0,1,1,1,1,1,1,1,1,1,1,1,1,1,1,1,1,1,1,1,0,1,0,
1,0,1,1,1,0,1,1,1,1,1,1,1,1,1,1,1,1,1,1,1,1,1,1,1,1,1,1,1,1,1,1,1,1,1,1,1,1,1,1,1,1,1,1,0,0,0,0,1,1,
1,1,0,1,1,1,0,1,1,1,1,1,1,1,1,1,0,1,1,1,1,1,1,1,1,1,1,1,1,1,1,1,1,1,0,1,1,1,1,1,1,1,1,1,1,1,1,1,1,1,
1,1,1,1,1,1,1,0,1,1,1,1,1,1,1,1,1,0,0,1,1,1,1,1,0,1,1,1,1,1,1,1,1,1,1,1,1,1,1,1,1,1,1,1,1,1,1,0,1,1,
1,1,1,1,1,1,1,1,0,1,1,0,1,1,1,1,1,1,0,1,1,1,1,1,1,1,0,1,1,1,1,1,1,1,1,1,1,1,1,1,0,1,1,1,1,1,1,1,1,1,
1,1,1,1,1,1,1,1,1,0,1,1,1,1,1,1,1,1,1,1,1,1,0,1,0,0,1,1,1,1,1,1,1,1,1,1,1,1,1,0,1,1,1,1,1,1,1,1,1,1,
1,1,1,1,1,1,1,1,1,1,0,1,1,1,1,1,1,1,1,1,1,1,1,0,1,1,1,1,1,0,1,1,0,1,1,1,1,1,1,1,1,1,1,1,1,1,1,1,1,1,
1,1,1,1,1,1,1,1,0,1,1,0,1,1,1,1,1,0,1,1,1,1,1,1,1,1,1,1,1,1,1,1,1,0,1,1,1,1,1,1,1,1,0,1,1,1,1,0,1,0,
1,1,1,1,1,1,1,1,1,1,1,1,0,1,1,1,1,1,1,1,1,1,1,1,1,1,1,1,1,1,1,1,1,1,1,1,1,1,0,1,1,1,1,1,1,1,1,1,1,1,
1,1,1,1,1,1,1,1,1,1,1,1,1,0,1,1,1,1,1,1,1,1,1,0,1,1,1,1,1,1,1,1,1,1,1,1,1,0,1,1,1,1,1,1,1,1,1,1,1,1,
1,1,1,1,1,1,1,1,1,1,1,1,1,1,0,1,1,1,1,0,1,1,1,1,1,1,1,0,1,1,1,1,1,1,1,1,1,1,1,1,1,1,1,1,1,1,1,1,1,1,
1,1,1,1,1,1,1,1,1,1,1,1,1,1,1,0,1,1,1,1,1,1,1,1,1,1,1,1,1,1,1,1,1,1,1,1,1,1,1,1,0,1,1,1,1,1,1,0,1,1,
1,1,1,1,1,1,0,1,1,1,1,1,1,1,1,1,0,1,1,1,1,1,1,0,1,1,1,1,0,1,1,1,1,1,1,1,1,1,1,1,0,0,1,1,1,1,1,1,1,1,
1,1,1,1,1,1,1,0,1,1,1,0,1,1,1,1,1,0,1,0,1,1,1,1,1,1,1,1,1,1,1,1,0,1,1,1,1,1,1,1,1,1,1,1,1,1,1,1,1,1,
1,0,1,1,1,1,1,0,0,1,1,1,1,1,1,1,1,1,0,1,1,1,1,1,1,1,1,1,1,0,1,1,1,1,1,1,0,1,1,1,1,1,1,1,1,1,1,1,1,1,
0,0,1,1,1,1,1,1,1,1,1,1,1,1,0,1,1,0,1,0,1,1,1,1,1,1,1,1,1,1,1,1,0,1,1,0,1,1,1,1,1,1,1,1,1,1,1,1,1,1,
1,1,1,1,1,1,1,1,1,1,1,1,1,1,1,1,1,1,1,1,0,1,1,1,1,1,0,1,1,0,1,1,1,1,1,0,1,1,1,1,1,1,1,1,0,1,1,1,1,1,
1,1,1,1,1,1,1,1,1,1,1,1,1,1,1,1,1,1,1,1,1,0,0,1,1,1,1,1,1,1,0,1,1,1,1,1,1,1,1,1,1,1,1,1,1,1,1,1,1,1,
1,0,1,1,1,1,1,1,1,0,1,1,1,1,1,1,1,1,1,1,1,0,0,1,0,1,1,1,1,1,1,1,1,1,0,1,1,1,1,1,1,1,1,1,1,1,1,1,1,1,
0,1,0,1,0,1,1,1,1,1,0,1,1,0,1,1,0,1,1,1,1,1,1,0,1,1,1,1,1,1,1,1,1,1,1,1,1,1,1,1,0,1,0,1,1,1,1,1,1,1,
1,1,1,1,1,1,1,0,1,0,1,1,1,1,1,1,1,1,1,1,1,1,0,1,0,1,1,0,1,1,1,1,1,1,1,1,1,1,1,0,1,1,1,1,1,1,0,1,1,1,
1,1,1,1,1,1,1,1,1,0,1,1,1,1,1,1,1,1,1,1,1,1,1,1,1,0,1,1,1,1,1,1,1,1,1,1,1,1,1,1,1,1,1,1,1,1,1,1,1,1,
1,1,1,1,1,1,1,1,0,1,1,1,1,1,1,1,1,1,1,1,0,1,1,1,1,1,0,1,1,1,1,1,1,1,1,1,1,1,1,0,1,1,1,1,1,1,1,1,1,1,
1,1,1,1,0,1,1,1,1,1,1,1,1,1,0,1,1,1,1,1,1,1,1,1,0,1,1,0,1,1,1,1,1,0,1,1,1,1,1,1,1,1,1,1,1,1,1,1,1,1,
1,1,1,0,1,1,1,1,1,1,1,1,1,1,1,1,0,1,1,1,1,1,1,1,1,1,1,1,0,1,0,1,1,1,1,1,1,1,1,1,1,1,0,1,0,1,1,1,1,0,
1,1,1,1,1,1,1,1,1,1,0,1,1,1,1,1,1,1,0,1,0,1,1,1,1,1,1,1,1,0,1,1,1,1,0,1,1,1,1,1,1,1,1,1,1,1,1,1,1,1,
1,1,1,1,1,1,1,1,1,1,1,1,1,1,1,1,1,1,1,1,1,0,1,1,1,1,1,1,0,1,0,1,1,1,1,1,1,1,1,1,1,1,0,0,1,1,1,1,1,1,
1,1,1,1,1,1,1,1,1,1,1,1,1,1,1,1,1,1,1,1,1,1,1,1,1,1,1,1,1,1,1,0,1,1,1,1,1,1,1,1,0,0,1,1,1,1,1,1,1,1,
1,1,1,1,1,1,1,1,1,1,0,1,1,1,1,1,1,0,1,0,1,1,1,1,1,1,1,1,1,1,1,1,0,1,1,1,1,1,1,1,1,1,1,1,1,1,1,1,1,1,
1,1,1,1,1,1,1,1,1,1,1,0,1,1,1,1,1,1,1,1,1,1,1,1,1,1,1,0,1,1,1,1,1,0,1,1,1,1,1,1,1,1,1,1,1,1,1,1,1,1,
1,1,1,1,1,1,0,1,1,1,1,1,1,1,1,1,1,1,1,1,1,1,0,1,1,1,1,1,1,0,1,1,1,1,0,1,1,1,1,1,1,1,1,1,1,1,1,1,1,1,
0,1,1,1,1,1,1,1,1,1,1,1,1,1,1,1,1,1,1,0,0,1,1,1,1,1,1,1,1,1,1,1,1,1,1,0,1,1,1,1,1,1,1,1,1,1,1,1,1,1,
1,1,1,1,1,1,1,1,1,1,1,1,1,1,1,1,1,1,0,1,1,1,1,1,1,1,1,1,1,1,1,1,1,1,1,1,0,1,1,1,1,1,1,1,1,1,1,1,1,1,
1,1,1,1,1,1,1,1,1,1,1,1,1,0,1,1,1,1,1,1,1,1,1,1,1,1,1,1,1,1,1,1,1,1,1,1,1,0,1,1,1,1,1,1,1,1,1,1,1,1,
1,1,1,1,1,1,1,1,1,1,1,1,0,1,1,1,1,1,1,1,1,1,1,1,1,1,1,1,1,1,1,1,1,1,1,1,1,1,0,1,1,0,1,1,1,1,1,1,1,0,
1,1,1,1,1,1,1,1,1,0,1,1,1,1,1,1,1,1,1,1,1,1,1,1,0,1,0,1,1,1,1,1,1,1,1,1,1,1,1,0,1,1,1,1,1,1,1,1,1,0,
1,1,1,1,1,1,1,1,0,1,1,1,1,1,1,0,0,1,1,1,1,1,1,0,1,1,1,1,1,1,1,0,1,1,1,1,1,1,1,1,0,0,1,1,1,1,1,1,1,1,
1,1,1,1,1,1,1,1,1,1,1,1,1,1,1,1,0,1,1,1,1,1,1,1,1,1,1,1,1,1,1,0,1,1,1,1,1,1,0,1,0,0,1,1,1,1,1,1,1,1,
1,1,1,1,1,1,1,1,1,1,1,0,1,1,1,1,1,1,1,1,1,1,1,0,1,1,1,1,0,1,0,1,1,1,1,1,1,1,1,1,1,1,0,1,1,1,1,1,1,1,
1,1,1,1,1,1,1,1,1,1,1,1,1,1,1,1,1,1,1,1,1,1,1,1,1,1,1,1,1,1,0,1,1,1,1,1,1,1,1,1,1,1,1,0,1,1,1,1,1,0,
1,1,1,1,1,0,1,1,1,1,1,1,1,1,1,1,1,1,1,1,0,1,1,1,1,1,1,1,0,1,1,1,1,1,1,1,1,1,1,1,1,1,1,1,0,1,1,1,1,1,
1,1,1,1,1,0,1,1,1,1,1,1,1,1,1,1,1,1,1,1,1,1,1,1,1,1,1,1,1,1,1,1,1,1,1,1,1,1,1,1,1,1,1,1,1,0,1,1,1,0,
1,1,1,0,1,0,1,1,1,1,1,1,1,1,1,1,1,1,1,1,1,1,1,1,0,1,1,1,1,1,1,1,1,1,1,1,1,1,1,1,1,1,1,1,1,1,0,0,0,1,
1,1,1,1,0,0,1,0,1,1,1,0,1,1,1,0,1,1,1,1,1,1,1,1,1,1,1,1,1,1,1,1,1,1,1,1,1,1,1,1,1,1,1,1,1,1,0,0,1,1,
1,1,1,1,1,1,1,1,1,1,1,1,1,1,1,1,1,1,1,1,1,1,1,1,1,1,1,1,1,1,1,1,1,1,1,1,1,1,1,1,1,1,1,1,1,1,0,1,0,0,
1,1,0,1,0,1,1,1,1,1,1,0,1,1,1,1,1,1,1,1,1,1,1,1,1,1,1,1,0,1,1,1,1,1,1,1,1,1,0,0,1,1,1,0,1,0,1,1,0,0,

    Time: 2025-02-15 02:21:16
Version identifier: 22.1.1.0 | 2022-11-28 | 9160aff4d
CPXPARAM_Threads                                 24
CPXPARAM_MIP_Limits_Solutions                    1
CPXPARAM_TimeLimit                               900
Generic callback                                 0x20
Lazy constraint(s) or lazy constraint/branch callback is present.
    Disabling dual reductions (CPX_PARAM_REDUCE) in presolve.
    Disabling presolve reductions that prevent crushing forms (CPX_PARAM_PREREFORM).
Tried aggregator 1 time.
MIP Presolve eliminated 27866 rows and 1 columns.
MIP Presolve modified 259 coefficients.
Reduced MIP has 173358 rows, 832 columns, and 4567942 nonzeros.
Reduced MIP has 832 binaries, 0 generals, 0 SOSs, and 0 indicators.
Presolve time = 0.99 sec. (1251.60 ticks)
Probing time = 0.05 sec. (14.75 ticks)
Tried aggregator 1 time.
Reduced MIP has 173358 rows, 832 columns, and 4567942 nonzeros.
Reduced MIP has 832 binaries, 0 generals, 0 SOSs, and 0 indicators.
Presolve time = 0.63 sec. (846.71 ticks)
Probing time = 0.05 sec. (14.68 ticks)
Clique table members: 31.
MIP emphasis: balance optimality and feasibility.
MIP search method: dynamic search.
Parallel mode: deterministic, using up to 24 threads.
Root relaxation solution time = 21.98 sec. (8550.66 ticks)

        Nodes                                         Cuts/
   Node  Left     Objective  IInf  Best Integer    Best Bound    ItCnt     Gap

      0     0      201.8573   699                    201.8573    14750         
      0     0      201.9620   697                    Fract: 1    14946         
Heuristic still looking.
      0     2      201.9620   697                    201.9620    14946         
Elapsed time = 271.64 sec. (137546.85 ticks, tree = 0.02 MB, solutions = 0)
      1     3      202.5704   696                    201.9732    16773         
      2     4      203.0744   699                    201.9732    17945         
      3     5      203.3444   684                    201.9732    18298         
      4     3      202.5118   694                    201.9732    16578         
      5     6      203.6665   688                    201.9732    19891         
      6     8      203.7927   689                    202.5121    22816         
      7     4      203.1350   694                    202.5121    17845         
      8     7      203.1846   695                    202.5121    22346         
      9     9      204.0861   693                    202.5121    24833         
     10    12      204.5571   686                    202.5121    28497         
Elapsed time = 367.15 sec. (179445.42 ticks, tree = 0.04 MB, solutions = 0)
     11    11      203.4134   695                    202.5121    27670         
     12    10      203.4055   687                    202.5121    26323         
     13    14      203.7910   695                    202.5121    30914         
     14    16      204.2216   684                    202.5121    33568         
     16    15      203.7083   683                    202.5121    33321         
     17     7      203.1312   695                    202.5121    22643         
     18    18      205.2452   689                    202.5121    35531         
     21    23      204.5214   690                    203.1321    43720         
     24    22      204.8773   701                    203.1321    43613         
     28    25      203.8029   680                    203.1321    44495         
Elapsed time = 522.81 sec. (197611.93 ticks, tree = 0.04 MB, solutions = 0)
     30    30      205.6240   695                    203.1321    46270         
     33    32      204.5961   686                    203.1321    46811         
     35     8      205.7858   696                    203.1321    25608         
     36    33      206.2124   692                    203.1321    50845         
     37    34      206.5691   696                    203.1321    51066         
     39    30      205.3879   678                    203.1321    46879         
     40    35      205.7030   677                    203.1321    51935         
     43    36      205.4509   689                    203.1321    57682         
     44    37      205.6390   689                    203.1321    57973         
     47    32      209.1019   686                    203.1321    48276         
Elapsed time = 744.53 sec. (214659.04 ticks, tree = 0.12 MB, solutions = 0)
     49    39      207.0863   670                    203.1321    59881         
     50    40      205.3822   693                    203.1321    64164         
     52    43      207.6275   685                    203.1321    65400         
     54    40      207.5039   674                    203.1321    60875         
     56    47      209.7059   683                    203.1321    68183         
     60    12      206.5558   676                    203.1321    32354         
     63    42      206.1933   687                    203.1321    66307         
     65    48      210.0940   680                    203.1321    69101         
     68    53      206.4686   679                    203.1321    71495         
     70    15      205.0247   681                    203.1321    35924         
Elapsed time = 895.91 sec. (233261.03 ticks, tree = 0.02 MB, solutions = 0)
     73    48      206.6927   680                    203.1321    70398         
     74    13      206.2847   693                    203.1321    34130         
     75    18      206.1739   685                    203.1321    36798         
     76    17      205.7005   687                    203.1321    36822         

Gomory fractional cuts applied:  1
User cuts applied:  77079

Root node processing (before b&c):
  Real time             =  270.42 sec. (137241.58 ticks)
Parallel b&c, 24 threads:
  Real time             =  634.85 sec. (120249.13 ticks)
  Sync time (average)   =  212.12 sec.
  Wait time (average)   =    0.00 sec.
                          ------------
Total (root+branch&cut) =  905.27 sec. (257490.71 ticks)
STATUS: Unknown



Status:Unknown
Program finished OK!
    Time: 2025-02-15 02:36:22
