ODD_HOLE_TERMINATION_PERCENTAGE is set to 999
Program searches for ALL odd holes and odd antiholes
==============================================
n:                                    60
ODD_HOLE_TERMINATION_PERCENTAGE:      999
ODD_HOLE_TERMINATION_BATCH_SIZE:      0
ODD_ANTI_HOLE_TERMINATION_BATCH_SIZE: 0
==============================================
0,0,1,0,1,0,0,0,0,0,0,0,1,0,0,1,1,1,0,1,0,1,0,1,1,1,0,0,0,1,1,0,1,0,0,0,0,0,0,1,0,0,1,0,1,0,1,0,1,0,1,0,1,0,0,1,0,1,0,0,
0,0,1,1,0,0,0,1,1,0,0,0,1,1,1,0,0,0,0,1,0,1,1,0,0,1,0,1,0,0,0,1,1,0,0,0,0,1,1,0,1,1,1,0,0,0,1,0,0,1,0,0,1,0,0,1,1,1,1,1,
1,1,0,1,1,0,0,1,0,1,1,1,0,1,0,0,0,0,0,0,0,1,0,0,0,0,1,1,0,1,0,1,1,1,1,1,0,1,1,1,1,0,0,0,0,1,0,1,1,0,0,1,1,1,0,0,0,1,0,0,
0,1,1,0,1,0,1,0,0,1,1,0,1,0,0,1,0,0,1,1,0,0,1,1,1,0,1,1,1,0,1,1,0,0,1,1,0,1,0,1,0,0,1,0,0,0,0,0,1,0,0,1,1,1,1,1,0,0,1,1,
1,0,1,1,0,1,0,1,0,1,1,0,1,1,1,1,1,1,0,0,0,1,1,0,1,1,0,1,1,1,0,1,0,0,0,0,0,0,0,0,0,0,1,0,1,1,1,0,1,1,0,1,1,1,1,0,1,1,0,0,
0,0,0,0,1,0,1,1,0,0,1,1,0,1,1,0,1,1,1,1,0,0,0,1,0,1,1,0,0,1,1,1,1,1,1,0,0,0,1,0,1,0,0,1,1,0,1,0,1,1,0,0,1,0,0,0,1,1,1,1,
0,0,0,1,0,1,0,0,1,1,1,1,1,0,0,0,1,1,0,0,1,0,0,0,0,0,0,1,1,0,1,0,0,1,0,0,1,1,0,1,0,1,0,1,1,1,1,1,0,1,0,1,0,0,1,0,0,1,1,1,
0,1,1,0,1,1,0,0,1,0,0,1,1,0,1,0,0,1,0,0,1,1,0,1,1,0,0,0,1,0,0,0,1,1,0,0,1,0,0,0,0,0,0,1,0,0,0,1,0,0,0,0,1,1,1,0,1,1,1,0,
0,1,0,0,0,0,1,1,0,1,1,1,0,0,0,1,1,1,0,0,1,1,0,0,0,1,0,1,0,1,1,1,1,0,0,1,1,0,1,1,0,1,0,0,1,0,0,1,0,0,1,1,1,1,1,0,1,0,0,1,
0,0,1,1,1,0,1,0,1,0,0,1,1,0,1,1,0,1,0,1,0,0,1,0,0,1,0,0,1,0,0,0,0,0,1,1,1,0,0,1,0,1,1,1,1,0,1,0,1,0,1,1,0,0,0,1,1,0,0,0,
0,0,1,1,1,1,1,0,1,0,0,0,0,0,0,0,0,0,1,1,1,1,1,0,0,1,0,1,1,0,0,1,0,0,0,0,0,0,0,0,0,0,0,0,0,0,0,0,0,0,1,0,0,0,1,1,0,1,0,0,
0,0,1,0,0,1,1,1,1,1,0,0,1,1,0,0,1,1,1,1,0,0,0,1,1,1,0,0,1,1,1,1,0,0,0,1,0,1,1,1,0,0,1,1,0,0,1,0,0,1,1,1,1,0,0,1,1,0,1,1,
1,1,0,1,1,0,1,1,0,1,0,1,0,0,0,0,0,1,0,1,0,1,1,1,0,1,1,1,0,0,1,1,1,1,1,0,1,0,0,0,1,0,0,0,0,1,1,1,0,0,0,1,0,0,0,0,1,1,1,0,
0,1,1,0,1,1,0,0,0,0,0,1,0,0,0,0,0,1,0,1,0,0,1,1,0,0,1,1,1,0,0,1,1,1,1,1,0,0,1,1,1,0,0,0,0,0,1,0,0,0,1,0,1,0,1,0,0,1,0,1,
0,1,0,0,1,1,0,1,0,1,0,0,0,0,0,0,1,0,1,0,1,0,0,0,0,1,1,1,1,1,1,1,1,0,0,0,0,1,1,1,0,0,0,0,1,1,0,0,0,0,1,0,1,1,0,1,1,0,1,0,
1,0,0,1,1,0,0,0,1,1,0,0,0,0,0,0,0,0,1,0,1,0,0,1,0,1,0,1,1,1,0,0,1,1,0,1,0,1,1,1,1,0,1,0,1,0,0,1,0,1,0,1,1,0,1,1,1,1,1,0,
1,0,0,0,1,1,1,0,1,0,0,1,0,0,1,0,0,0,0,0,0,1,0,1,1,1,0,0,0,0,0,0,0,1,1,0,1,0,1,1,1,0,1,0,0,0,1,1,0,0,0,1,0,0,0,1,0,1,1,0,
1,0,0,0,1,1,1,1,1,1,0,1,1,1,0,0,0,0,1,1,1,0,0,1,0,0,0,0,1,0,1,1,0,1,1,1,1,1,1,0,0,0,1,0,0,1,0,0,1,1,1,0,0,0,1,1,0,0,1,1,
0,0,0,1,0,1,0,0,0,0,1,1,0,0,1,1,0,1,0,0,1,0,0,0,0,0,1,1,1,1,1,1,1,1,1,1,1,1,1,1,1,1,1,0,1,0,1,0,0,0,0,0,0,0,1,1,0,1,1,1,
1,1,0,1,0,1,0,0,0,1,1,1,1,1,0,0,0,1,0,0,0,1,1,1,1,0,1,1,1,1,1,1,0,1,0,1,0,0,0,1,0,1,0,1,0,0,1,1,1,0,0,0,0,1,0,1,1,0,0,0,
0,0,0,0,0,0,1,1,1,0,1,0,0,0,1,1,0,1,1,0,0,0,0,0,0,0,1,1,0,1,1,1,1,1,1,1,1,1,1,0,1,0,0,1,0,0,0,0,0,1,0,1,1,1,1,0,1,0,1,0,
1,1,1,0,1,0,0,1,1,0,1,0,1,0,0,0,1,0,0,1,0,0,1,0,0,0,0,1,0,0,0,0,1,1,0,1,1,0,0,1,0,1,0,1,0,0,0,0,0,0,1,1,0,0,0,0,1,1,1,0,
0,1,0,1,1,0,0,0,0,1,1,0,1,1,0,0,0,0,0,1,0,1,0,1,1,1,0,1,1,1,0,0,1,0,0,1,1,0,1,1,1,0,0,0,1,1,1,0,1,1,1,0,1,1,1,1,1,0,1,0,
1,0,0,1,0,1,0,1,0,0,0,1,1,1,0,1,1,1,0,1,0,0,1,0,0,1,0,1,1,0,0,0,0,0,0,1,1,1,1,1,1,0,0,0,0,0,0,1,0,1,0,1,1,1,0,0,0,0,0,0,
1,0,0,1,1,0,0,1,0,0,0,1,0,0,0,0,1,0,0,1,0,0,1,0,0,0,1,0,1,0,0,0,1,0,0,1,0,1,1,1,1,0,1,0,1,0,1,1,1,0,0,1,0,0,1,0,1,0,1,1,
1,1,0,0,1,1,0,0,1,1,1,1,1,0,1,1,1,0,0,0,0,0,1,1,0,0,0,1,0,0,0,1,1,1,0,1,0,0,1,1,0,0,0,0,1,0,1,0,1,1,1,1,1,0,0,0,1,1,0,0,
0,0,1,1,0,1,0,0,0,0,0,0,1,1,1,0,0,0,1,1,1,0,0,0,1,0,0,0,0,0,1,1,0,1,1,0,0,0,0,1,0,0,0,0,0,1,0,1,1,1,0,1,0,1,1,0,1,0,0,1,
0,1,1,1,1,0,1,0,1,0,1,0,1,1,1,1,0,0,1,1,1,1,1,1,0,1,0,0,1,0,0,1,0,0,1,0,0,1,1,1,0,1,1,1,0,1,1,0,1,0,0,0,1,0,0,1,1,1,1,0,
0,0,0,1,1,0,1,1,0,1,1,1,0,1,1,1,0,1,1,1,0,0,1,1,1,0,0,1,0,1,0,0,0,1,0,1,1,1,0,0,1,1,0,1,1,1,0,1,1,0,0,0,0,0,0,0,1,1,0,0,
1,0,1,0,1,1,0,0,1,0,0,1,0,0,1,1,0,0,1,1,1,0,1,0,0,0,0,0,1,0,1,1,0,1,1,1,0,0,0,1,1,0,1,0,0,0,1,1,1,0,0,1,0,1,0,1,0,1,1,1,
1,0,0,1,0,1,1,0,1,0,0,1,1,0,1,0,0,1,1,1,1,0,0,0,0,0,1,0,0,1,0,1,0,1,1,1,0,1,1,1,1,1,1,0,0,0,0,0,0,1,0,1,0,0,0,1,0,0,1,0,
0,1,1,1,1,1,0,0,1,0,1,1,1,1,1,0,0,1,1,1,1,0,0,0,0,1,1,1,0,1,1,0,0,0,0,0,1,0,1,0,0,1,1,1,0,0,0,1,0,0,1,1,1,0,1,0,0,1,0,0,
1,1,1,0,0,1,0,1,1,0,0,0,1,1,1,1,0,0,1,0,1,1,1,0,1,1,0,0,0,0,0,0,0,0,1,0,0,0,0,0,1,1,0,1,0,0,0,0,1,0,1,1,0,1,0,1,1,0,1,1,
0,0,1,0,0,1,1,1,0,0,0,0,1,1,0,1,1,1,1,1,1,1,0,0,0,1,1,0,1,1,1,0,0,0,1,0,0,0,0,1,1,1,1,0,1,0,0,1,0,1,0,0,1,0,1,0,1,0,0,1,
0,0,1,1,0,1,0,0,0,1,0,0,1,1,0,0,1,1,1,0,1,0,0,0,0,0,1,1,0,1,1,0,1,1,0,1,1,1,0,0,0,0,1,0,0,0,0,0,1,1,0,0,1,0,1,0,1,1,0,1,
0,0,1,1,0,0,0,0,1,1,0,1,0,1,0,1,0,1,1,1,1,1,1,1,1,1,0,0,1,1,1,0,0,0,1,0,0,0,1,0,1,0,1,1,1,0,1,0,1,0,0,0,0,1,0,0,0,1,0,1,
0,0,0,0,0,0,1,1,1,1,0,0,1,0,0,0,1,1,1,0,1,1,1,1,0,0,0,0,1,0,0,1,0,0,1,0,0,1,1,0,0,0,0,0,0,0,1,0,1,0,0,1,0,0,0,0,1,1,0,1,
0,1,1,1,0,0,1,0,0,0,0,1,0,0,1,1,0,1,1,0,1,0,0,1,1,0,0,1,1,0,1,0,0,0,1,0,1,0,1,0,0,1,1,1,0,1,0,1,0,1,1,1,0,0,0,1,0,1,0,0,
0,1,1,0,0,1,0,0,1,0,0,1,0,1,1,1,1,1,1,0,1,0,1,1,1,1,0,1,0,0,1,1,0,0,0,1,1,1,0,0,0,0,0,0,0,0,1,0,1,1,1,0,0,1,0,0,0,0,0,0,
1,0,1,1,0,0,1,0,1,1,0,1,0,1,1,1,1,0,1,1,0,1,1,1,1,1,1,1,0,1,1,0,0,1,0,0,0,0,0,0,0,1,1,1,1,0,0,1,1,0,1,0,1,1,0,0,0,1,0,0,
0,1,1,0,0,1,0,0,0,0,0,0,1,1,0,1,1,0,1,0,1,0,1,1,1,0,0,0,1,1,1,0,1,1,0,1,0,0,0,0,0,0,1,0,1,1,0,1,1,1,0,1,0,1,1,0,0,0,1,1,
0,1,0,0,0,0,1,0,1,1,0,0,0,0,0,0,0,0,1,1,0,1,0,0,0,0,0,1,1,0,1,1,1,1,0,0,0,1,0,1,0,0,0,0,1,1,1,0,0,1,0,1,0,0,1,0,1,0,1,0,
1,1,0,1,1,0,0,0,0,1,0,1,0,0,0,1,1,1,1,0,0,0,0,0,1,0,0,1,0,1,1,1,0,1,1,1,0,1,0,1,1,0,0,1,0,0,0,0,0,0,0,1,1,0,1,1,0,1,1,1,
0,0,0,0,0,1,1,1,0,1,0,1,0,0,0,0,0,0,0,1,1,1,0,0,0,0,0,1,1,0,0,1,1,0,0,1,0,1,0,1,0,0,1,0,0,0,0,0,1,0,1,0,1,1,0,0,1,1,1,1,
1,0,0,0,1,1,1,0,1,1,0,0,0,0,1,1,0,0,1,0,0,0,1,0,1,1,0,0,1,0,0,0,0,1,0,1,0,0,0,1,1,1,0,0,0,1,0,1,0,0,1,0,0,1,1,0,0,0,1,1,
0,0,1,0,1,0,1,0,0,0,0,0,1,0,1,0,0,1,0,0,0,0,1,0,0,0,1,1,1,0,0,0,0,0,0,0,0,1,0,0,1,1,0,0,1,0,0,1,1,0,0,0,1,0,0,1,1,0,1,1,
1,1,0,0,1,1,1,0,0,1,0,1,1,1,0,0,1,0,1,1,0,0,1,0,1,1,0,1,0,1,0,0,0,0,0,1,1,0,1,0,0,1,0,0,0,0,0,1,0,1,1,1,0,0,1,1,0,1,0,1,
0,0,1,0,0,0,1,1,1,0,0,0,1,0,0,1,1,0,0,1,0,0,0,1,1,0,1,0,1,1,0,1,0,1,0,0,0,1,0,1,1,0,0,0,1,1,1,0,1,1,1,1,1,1,0,0,0,1,0,0,
1,0,1,1,1,1,0,0,0,1,0,0,0,0,0,0,0,1,0,1,0,0,1,0,1,1,1,1,1,1,0,0,1,0,1,1,1,0,1,1,1,0,0,1,0,1,0,1,0,0,1,0,0,0,1,0,1,1,1,0,
0,1,0,0,1,1,1,0,0,0,0,1,0,0,0,1,0,1,0,0,1,0,1,1,0,1,1,0,0,0,1,0,0,1,1,0,0,1,1,0,1,1,0,0,0,0,1,1,0,0,1,1,0,0,0,0,0,1,1,0,
1,0,0,0,0,0,0,0,1,1,1,1,0,1,1,0,0,1,0,0,0,1,1,0,0,1,0,0,0,0,0,1,1,0,0,0,0,1,1,1,0,0,0,1,1,0,1,1,1,1,0,0,1,0,0,0,1,0,0,0,
0,0,1,1,1,0,1,0,1,1,0,1,1,0,0,1,1,0,0,0,1,1,0,1,1,1,1,0,0,1,1,1,1,0,0,0,1,1,0,0,1,1,1,0,0,0,1,1,0,1,0,0,0,0,1,1,1,1,0,1,
1,1,1,1,1,1,0,1,1,0,0,1,0,1,1,1,0,0,0,0,1,0,1,1,0,1,0,1,0,0,0,1,0,1,1,0,0,0,0,1,0,0,1,1,0,1,0,1,0,0,1,0,0,0,0,0,0,1,0,1,
0,0,1,1,1,0,0,1,1,0,0,0,0,0,1,0,0,0,0,1,1,0,1,1,0,0,1,0,0,1,0,0,1,0,0,1,0,0,1,1,1,0,0,1,1,0,0,1,0,0,0,0,0,0,1,1,0,0,0,0,
0,0,0,1,1,0,1,1,1,0,1,0,0,1,0,1,0,1,1,0,1,0,1,0,1,0,1,0,0,0,0,1,0,1,1,0,0,0,0,0,1,1,1,0,1,0,1,0,1,0,0,1,0,1,0,0,0,1,1,0,
1,1,0,1,0,0,0,0,0,1,1,1,0,0,1,1,1,1,1,1,0,0,1,0,0,0,0,1,0,1,1,0,1,0,0,0,0,1,0,0,0,0,1,0,0,1,1,0,0,0,0,1,0,1,0,0,1,1,0,1,
0,1,0,0,1,1,0,1,1,1,0,1,1,0,1,1,0,0,0,1,1,1,1,0,1,1,1,1,1,0,0,0,1,1,1,0,1,0,0,0,0,1,0,1,0,1,0,0,1,0,1,1,0,0,0,1,0,1,0,1,
1,1,1,0,1,1,1,1,0,0,1,0,1,1,0,1,1,0,1,0,0,1,0,0,0,1,0,1,1,1,0,1,0,0,1,1,1,1,0,1,0,0,1,1,0,0,1,1,1,1,0,1,1,0,1,1,1,0,0,1,
0,1,0,1,0,1,1,1,0,0,0,1,1,0,1,1,1,1,1,0,1,1,1,0,1,0,0,1,0,1,1,0,1,0,0,0,0,0,0,0,1,1,1,1,1,1,0,0,1,1,0,0,0,0,1,0,0,0,0,1,
0,1,0,1,0,1,1,0,1,0,0,1,0,1,0,0,0,1,1,0,0,0,0,0,1,0,1,0,0,1,0,0,1,1,1,1,1,0,0,0,1,0,1,1,1,1,1,0,0,0,0,1,1,0,0,1,1,1,1,0,

0,1,1,1,1,1,1,1,0,1,0,1,1,1,1,1,1,1,1,1,1,1,1,1,1,1,0,1,0,1,1,1,1,1,1,1,1,1,1,1,1,0,1,1,1,1,1,1,1,1,1,1,1,1,1,1,1,1,1,1,
1,0,1,1,1,1,1,1,1,1,1,1,1,1,1,1,1,0,1,1,1,1,1,1,1,1,1,1,1,1,1,1,1,1,1,0,1,1,1,1,1,1,1,1,1,1,1,1,1,1,1,1,1,1,1,1,1,1,1,1,
1,1,0,1,1,1,1,1,1,1,1,1,1,1,1,0,1,1,1,1,1,1,1,1,1,0,1,1,1,1,1,1,1,1,1,1,1,1,1,1,1,1,1,1,1,1,1,1,1,1,1,1,1,1,1,1,1,1,1,1,
1,1,1,0,1,1,1,1,1,1,1,1,1,1,1,1,1,1,1,1,1,1,1,1,1,1,1,1,1,1,1,1,1,1,1,1,1,1,1,1,1,1,1,1,1,1,1,1,1,1,1,1,1,1,1,1,1,1,1,1,
1,1,1,1,0,1,1,1,1,1,1,1,1,1,1,1,1,1,0,1,1,1,1,1,1,1,1,1,1,1,1,1,1,1,1,1,1,1,1,1,1,1,1,1,1,1,1,1,1,1,1,1,1,1,1,1,1,1,1,1,
1,1,1,1,1,0,1,1,0,1,1,1,1,1,1,1,1,1,1,1,1,1,1,1,1,1,1,1,1,1,1,1,1,1,1,1,0,1,1,1,1,1,1,1,1,0,1,1,1,1,1,1,1,1,1,1,1,1,1,1,
1,1,1,1,1,1,0,1,1,1,1,1,1,1,1,1,1,1,1,1,1,1,1,1,1,1,1,1,1,1,1,1,1,1,1,1,1,1,1,1,1,1,1,1,1,1,1,1,1,1,1,1,1,1,1,1,1,1,1,1,
1,1,1,1,1,1,1,0,1,1,1,1,1,1,1,1,0,1,1,0,1,1,1,1,1,0,1,1,1,1,1,0,1,1,1,1,1,1,1,1,1,1,1,1,1,1,1,1,1,1,0,1,1,1,1,1,1,1,1,1,
0,1,1,1,1,0,1,1,0,1,1,1,1,1,1,1,1,1,1,1,1,1,1,1,0,1,0,1,1,1,1,1,1,1,0,1,1,1,1,1,1,1,1,1,1,1,1,1,1,0,1,1,1,1,1,1,1,1,1,1,
1,1,1,1,1,1,1,1,1,0,1,1,1,1,1,1,1,1,1,1,1,1,1,1,1,1,1,1,1,1,1,0,1,1,1,1,1,1,1,1,1,1,1,1,1,1,1,1,1,1,1,1,1,1,1,1,1,0,1,1,
0,1,1,1,1,1,1,1,1,1,0,1,1,1,1,1,1,1,1,1,1,1,1,1,1,1,1,1,1,1,1,1,1,1,1,1,1,1,1,1,1,1,1,1,1,1,1,1,1,1,1,1,1,0,1,1,0,1,1,1,
1,1,1,1,1,1,1,1,1,1,1,0,1,1,1,0,1,1,1,1,1,1,1,1,1,1,1,1,1,1,1,1,0,1,1,1,1,1,1,1,1,1,1,1,1,1,1,1,1,1,1,1,1,1,1,1,1,1,1,1,
1,1,1,1,1,1,1,1,1,1,1,1,0,1,1,1,0,1,1,1,1,1,1,1,1,1,1,1,1,1,1,1,1,1,1,1,1,0,1,1,1,1,1,1,1,1,1,1,1,1,1,1,1,1,0,1,1,1,1,1,
1,1,1,1,1,1,1,1,1,1,1,1,1,0,1,1,1,1,1,1,0,1,1,1,1,1,1,1,1,1,1,1,1,1,1,1,1,1,1,1,1,1,1,1,1,1,1,1,1,1,1,1,1,0,1,1,1,1,1,1,
1,1,1,1,1,1,1,1,1,1,1,1,1,1,0,0,1,1,1,0,1,1,1,1,1,1,1,1,1,1,1,1,1,1,1,1,1,1,1,1,1,1,1,1,1,1,1,1,1,1,1,1,1,1,1,1,1,1,1,1,
1,1,0,1,1,1,1,1,1,1,1,0,1,1,0,0,1,1,1,1,1,1,1,1,1,1,0,1,1,1,0,1,1,1,1,1,1,1,1,1,1,1,1,1,1,1,1,1,1,1,1,1,1,1,1,1,1,1,1,1,
1,1,1,1,1,1,1,0,1,1,1,1,0,1,1,1,0,1,1,1,1,1,1,1,1,1,1,1,1,1,0,1,1,1,1,1,1,1,1,1,1,1,1,0,1,1,1,1,1,1,1,1,1,1,1,1,1,1,1,1,
1,0,1,1,1,1,1,1,1,1,1,1,1,1,1,1,1,0,1,1,1,1,1,1,1,1,1,1,1,1,1,1,1,1,1,1,1,1,1,1,1,1,1,1,1,1,1,0,1,1,1,1,0,0,1,1,1,0,1,1,
1,1,1,1,0,1,1,1,1,1,1,1,1,1,1,1,1,1,0,1,1,1,1,1,1,1,1,1,1,1,1,1,1,1,1,1,1,1,1,1,1,1,1,1,1,1,1,1,1,0,1,1,1,1,1,1,1,1,1,1,
1,1,1,1,1,1,1,0,1,1,1,1,1,1,0,1,1,1,1,0,0,1,1,1,1,1,1,1,1,1,1,1,1,1,1,1,1,1,1,1,1,1,1,1,1,1,1,1,1,1,1,1,0,1,1,1,1,1,1,1,
1,1,1,1,1,1,1,1,1,1,1,1,1,0,1,1,1,1,1,0,0,1,1,1,1,1,1,1,1,1,1,1,1,1,1,1,1,1,1,0,1,1,1,1,1,1,0,1,1,1,1,1,1,1,1,1,1,1,1,1,
1,1,1,1,1,1,1,1,1,1,1,1,1,1,1,1,1,1,1,1,1,0,1,1,1,1,1,1,1,0,1,1,1,1,0,1,1,1,1,1,0,1,0,1,1,1,1,1,1,1,1,1,0,1,1,1,1,1,1,1,
1,1,1,1,1,1,1,1,1,1,1,1,1,1,1,1,1,1,1,1,1,1,0,1,1,1,1,1,1,1,1,1,1,1,1,1,1,1,1,1,1,1,1,1,1,1,1,0,1,1,1,1,1,1,1,1,1,1,1,0,
1,1,1,1,1,1,1,1,1,1,1,1,1,1,1,1,1,1,1,1,1,1,1,0,0,1,1,1,1,1,1,1,1,1,1,1,1,1,1,1,1,1,1,0,1,1,1,1,1,1,1,1,1,1,1,1,1,1,1,1,
1,1,1,1,1,1,1,1,0,1,1,1,1,1,1,1,1,1,1,1,1,1,1,0,0,1,1,1,1,1,1,1,1,1,1,1,1,1,1,1,1,1,1,1,1,1,1,1,1,1,1,1,1,1,1,1,1,1,1,1,
1,1,0,1,1,1,1,0,1,1,1,1,1,1,1,1,1,1,1,1,1,1,1,1,1,0,0,1,1,1,1,1,1,1,1,1,1,1,1,1,0,1,1,1,1,1,1,0,1,1,1,1,1,1,1,1,1,1,1,1,
0,1,1,1,1,1,1,1,0,1,1,1,1,1,1,0,1,1,1,1,1,1,1,1,1,0,0,0,1,1,1,1,1,1,1,1,1,0,1,1,1,1,1,0,1,1,1,1,1,1,1,1,1,1,1,1,1,1,1,1,
1,1,1,1,1,1,1,1,1,1,1,1,1,1,1,1,1,1,1,1,1,1,1,1,1,1,0,0,1,1,1,1,1,1,1,1,1,1,1,1,1,1,1,1,1,1,1,1,1,1,1,1,1,0,1,1,1,1,1,1,
0,1,1,1,1,1,1,1,1,1,1,1,1,1,1,1,1,1,1,1,1,1,1,1,1,1,1,1,0,1,1,1,1,1,1,1,1,1,1,1,1,1,1,1,1,1,1,1,1,1,1,1,0,1,0,1,1,1,1,1,
1,1,1,1,1,1,1,1,1,1,1,1,1,1,1,1,1,1,1,1,1,0,1,1,1,1,1,1,1,0,1,1,1,1,1,1,1,1,1,1,1,1,1,1,1,1,1,1,1,1,1,1,0,1,1,1,1,1,1,1,
1,1,1,1,1,1,1,1,1,1,1,1,1,1,1,0,0,1,1,1,1,1,1,1,1,1,1,1,1,1,0,1,1,1,1,1,1,1,1,1,1,1,1,1,1,1,1,1,1,1,1,1,1,0,0,1,1,1,1,1,
1,1,1,1,1,1,1,0,1,0,1,1,1,1,1,1,1,1,1,1,1,1,1,1,1,1,1,1,1,1,1,0,1,1,1,0,1,1,1,1,1,1,1,1,1,1,1,1,1,1,1,1,1,1,1,1,1,1,1,1,
1,1,1,1,1,1,1,1,1,1,1,0,1,1,1,1,1,1,1,1,1,1,1,1,1,1,1,1,1,1,1,1,0,0,1,1,0,1,1,1,1,1,1,1,1,1,1,1,1,0,1,1,0,1,1,1,1,1,1,1,
1,1,1,1,1,1,1,1,1,1,1,1,1,1,1,1,1,1,1,1,1,1,1,1,1,1,1,1,1,1,1,1,0,0,1,1,1,1,1,1,1,1,1,1,1,1,1,1,1,1,1,1,1,1,1,1,1,0,1,1,
1,1,1,1,1,1,1,1,0,1,1,1,1,1,1,1,1,1,1,1,1,0,1,1,1,1,1,1,1,1,1,1,1,1,0,1,1,1,1,1,1,1,1,1,1,1,1,1,1,1,1,1,1,1,1,1,1,1,0,1,
1,0,1,1,1,1,1,1,1,1,1,1,1,1,1,1,1,1,1,1,1,1,1,1,1,1,1,1,1,1,1,0,1,1,1,0,1,1,1,1,1,1,1,1,1,1,1,1,1,1,0,1,0,1,1,1,1,1,1,1,
1,1,1,1,1,0,1,1,1,1,1,1,1,1,1,1,1,1,1,1,1,1,1,1,1,1,1,1,1,1,1,1,0,1,1,1,0,1,1,1,1,1,1,1,1,1,1,1,1,1,1,1,1,1,1,1,1,1,0,1,
1,1,1,1,1,1,1,1,1,1,1,1,0,1,1,1,1,1,1,1,1,1,1,1,1,1,0,1,1,1,1,1,1,1,1,1,1,0,1,1,1,1,1,1,1,1,1,1,1,1,1,1,1,1,1,1,1,1,1,1,
1,1,1,1,1,1,1,1,1,1,1,1,1,1,1,1,1,1,1,1,1,1,1,1,1,1,1,1,1,1,1,1,1,1,1,1,1,1,0,1,1,1,1,1,1,1,1,1,1,1,1,1,1,1,1,1,1,1,1,1,
1,1,1,1,1,1,1,1,1,1,1,1,1,1,1,1,1,1,1,1,0,1,1,1,1,1,1,1,1,1,1,1,1,1,1,1,1,1,1,0,1,1,1,1,1,1,1,1,1,1,1,1,1,1,1,1,1,1,1,0,
1,1,1,1,1,1,1,1,1,1,1,1,1,1,1,1,1,1,1,1,1,0,1,1,1,0,1,1,1,1,1,1,1,1,1,1,1,1,1,1,0,0,1,1,1,1,1,1,1,1,1,1,1,1,1,0,1,1,1,1,
0,1,1,1,1,1,1,1,1,1,1,1,1,1,1,1,1,1,1,1,1,1,1,1,1,1,1,1,1,1,1,1,1,1,1,1,1,1,1,1,0,0,1,1,1,1,1,1,1,1,1,1,0,1,1,1,1,0,1,1,
1,1,1,1,1,1,1,1,1,1,1,1,1,1,1,1,1,1,1,1,1,0,1,1,1,1,1,1,1,1,1,1,1,1,1,1,1,1,1,1,1,1,0,1,1,1,1,1,1,1,1,1,1,1,1,1,0,1,1,1,
1,1,1,1,1,1,1,1,1,1,1,1,1,1,1,1,0,1,1,1,1,1,1,0,1,1,0,1,1,1,1,1,1,1,1,1,1,1,1,1,1,1,1,0,1,1,1,1,1,1,1,1,1,1,1,1,1,1,1,1,
1,1,1,1,1,1,1,1,1,1,1,1,1,1,1,1,1,1,1,1,1,1,1,1,1,1,1,1,1,1,1,1,1,1,1,1,1,1,1,1,1,1,1,1,0,1,1,1,1,1,1,1,1,1,1,1,1,1,1,1,
1,1,1,1,1,0,1,1,1,1,1,1,1,1,1,1,1,1,1,1,1,1,1,1,1,1,1,1,1,1,1,1,1,1,1,1,1,1,1,1,1,1,1,1,1,0,1,1,1,1,1,1,1,1,1,1,1,1,1,1,
1,1,1,1,1,1,1,1,1,1,1,1,1,1,1,1,1,1,1,1,0,1,1,1,1,1,1,1,1,1,1,1,1,1,1,1,1,1,1,1,1,1,1,1,1,1,0,1,1,1,1,1,1,1,1,1,1,1,1,1,
1,1,1,1,1,1,1,1,1,1,1,1,1,1,1,1,1,0,1,1,1,1,0,1,1,0,1,1,1,1,1,1,1,1,1,1,1,1,1,1,1,1,1,1,1,1,1,0,1,1,1,1,1,1,1,0,1,1,1,1,
1,1,1,1,1,1,1,1,1,1,1,1,1,1,1,1,1,1,1,1,1,1,1,1,1,1,1,1,1,1,1,1,1,1,1,1,1,1,1,1,1,1,1,1,1,1,1,1,0,1,1,0,1,1,1,1,1,1,1,1,
1,1,1,1,1,1,1,1,0,1,1,1,1,1,1,1,1,1,0,1,1,1,1,1,1,1,1,1,1,1,1,1,0,1,1,1,1,1,1,1,1,1,1,1,1,1,1,1,1,0,1,1,1,1,0,1,1,1,1,1,
1,1,1,1,1,1,1,0,1,1,1,1,1,1,1,1,1,1,1,1,1,1,1,1,1,1,1,1,1,1,1,1,1,1,1,0,1,1,1,1,1,1,1,1,1,1,1,1,1,1,0,0,1,1,1,1,1,1,1,1,
1,1,1,1,1,1,1,1,1,1,1,1,1,1,1,1,1,1,1,1,1,1,1,1,1,1,1,1,1,1,1,1,1,1,1,1,1,1,1,1,1,1,1,1,1,1,1,1,0,1,0,0,1,1,1,1,1,1,0,1,
1,1,1,1,1,1,1,1,1,1,1,1,1,1,1,1,1,0,1,0,1,0,1,1,1,1,1,1,0,0,1,1,0,1,1,0,1,1,1,1,1,0,1,1,1,1,1,1,1,1,1,1,0,1,1,1,1,1,1,1,
1,1,1,1,1,1,1,1,1,1,0,1,1,0,1,1,1,0,1,1,1,1,1,1,1,1,1,0,1,1,0,1,1,1,1,1,1,1,1,1,1,1,1,1,1,1,1,1,1,1,1,1,1,0,1,1,1,1,1,1,
1,1,1,1,1,1,1,1,1,1,1,1,0,1,1,1,1,1,1,1,1,1,1,1,1,1,1,1,0,1,0,1,1,1,1,1,1,1,1,1,1,1,1,1,1,1,1,1,1,0,1,1,1,1,0,0,1,1,1,0,
1,1,1,1,1,1,1,1,1,1,1,1,1,1,1,1,1,1,1,1,1,1,1,1,1,1,1,1,1,1,1,1,1,1,1,1,1,1,1,1,0,1,1,1,1,1,1,0,1,1,1,1,1,1,0,0,1,1,0,1,
1,1,1,1,1,1,1,1,1,1,0,1,1,1,1,1,1,1,1,1,1,1,1,1,1,1,1,1,1,1,1,1,1,1,1,1,1,1,1,1,1,1,0,1,1,1,1,1,1,1,1,1,1,1,1,1,0,1,1,1,
1,1,1,1,1,1,1,1,1,0,1,1,1,1,1,1,1,0,1,1,1,1,1,1,1,1,1,1,1,1,1,1,1,0,1,1,1,1,1,1,1,0,1,1,1,1,1,1,1,1,1,1,1,1,1,1,1,0,1,1,
1,1,1,1,1,1,1,1,1,1,1,1,1,1,1,1,1,1,1,1,1,1,1,1,1,1,1,1,1,1,1,1,1,1,0,1,0,1,1,1,1,1,1,1,1,1,1,1,1,1,1,0,1,1,1,0,1,1,0,1,
1,1,1,1,1,1,1,1,1,1,1,1,1,1,1,1,1,1,1,1,1,1,0,1,1,1,1,1,1,1,1,1,1,1,1,1,1,1,1,0,1,1,1,1,1,1,1,1,1,1,1,1,1,1,0,1,1,1,1,0,

    Time: 2025-02-15 03:53:33
Version identifier: 22.1.1.0 | 2022-11-28 | 9160aff4d
CPXPARAM_Threads                                 24
CPXPARAM_MIP_Limits_Solutions                    1
CPXPARAM_TimeLimit                               900
Generic callback                                 0x20
Lazy constraint(s) or lazy constraint/branch callback is present.
    Disabling dual reductions (CPX_PARAM_REDUCE) in presolve.
    Disabling presolve reductions that prevent crushing forms (CPX_PARAM_PREREFORM).
Tried aggregator 1 time.
MIP Presolve eliminated 98070 rows and 39 columns.
MIP Presolve modified 2437 coefficients.
Reduced MIP has 111110 rows, 790 columns, and 844544 nonzeros.
Reduced MIP has 790 binaries, 0 generals, 0 SOSs, and 0 indicators.
Presolve time = 0.42 sec. (590.89 ticks)
Probing time = 0.03 sec. (8.96 ticks)
Tried aggregator 1 time.
MIP Presolve eliminated 78 rows and 0 columns.
Reduced MIP has 111032 rows, 790 columns, and 843772 nonzeros.
Reduced MIP has 790 binaries, 0 generals, 0 SOSs, and 0 indicators.
Presolve time = 0.18 sec. (289.73 ticks)
Probing time = 0.03 sec. (9.06 ticks)
Clique table members: 457.
MIP emphasis: balance optimality and feasibility.
MIP search method: dynamic search.
Parallel mode: deterministic, using up to 24 threads.
Root relaxation solution time = 91.46 sec. (4186.37 ticks)

        Nodes                                         Cuts/
   Node  Left     Objective  IInf  Best Integer    Best Bound    ItCnt     Gap

      0     0      341.1970   786                    341.1970    13987         
      0     0      342.8908   788                    Cuts: 55    14974         
      0     0      342.9619   787                     Cuts: 7    15149         
      0     0      343.0301   787                     Cuts: 4    15324         
      0     0      343.0376   787                 Impl Bds: 3    15389         
Heuristic still looking.
      0     2      343.0376   787                    343.0376    15389         
Elapsed time = 242.10 sec. (92511.41 ticks, tree = 0.02 MB, solutions = 0)
      1     3      344.3998   784                    343.0393    20415         
      2     3      343.5868   786                    343.0393    17429         
      3     5      344.6126   787                    343.5909    25056         
      4     4      346.0705   782                    343.5909    26153         
      6     7      346.4752   782                    343.5909    31205         
      7     4      345.0253   783                    343.5909    22604         
      8    10      345.4453   782                    343.5909    34692         
      9     8      345.1517   784                    343.5909    33182         
     10    12      345.5560   782                    343.5909    36765         
     11    11      345.5633   781                    343.5909    35913         
Elapsed time = 300.85 sec. (123658.75 ticks, tree = 0.03 MB, solutions = 0)
     14    16      346.4419   778                    343.5909    40860         
     15     5      344.2914   785                    343.5909    25595         
     16    13      346.0316   782                    343.5909    39615         
     18    17      346.7615   777                    343.5909    42422         
     20    22      347.7704   775                    344.2932    50827         
     22    24      348.8059   774                    344.2932    51168         
     23    18      344.6925   784                    344.2991    45504         
     26    28      345.9641   783                    344.2991    53146         
     28    20      348.0258   778                    344.2991    50660         
     33    30      347.5839   776                    344.2991    54984         
Elapsed time = 542.02 sec. (136575.77 ticks, tree = 0.06 MB, solutions = 0)
     34     9      349.8222   779                    344.2991    40323         
     35    30      350.3430   780                    344.2991    65161         
     36    31      350.6581   778                    344.2991    66590         
     38    32      351.0604   775                    344.2991    67271         
     43    29      349.0859   777                    344.2991    63966         
     46    13      349.4977   779                    344.2991    45497         
     51    36      350.0511   776                    344.2991    89818         
     55    40      350.1191   774                    344.2991   101238         
     58    40      350.4565   776                    344.2991   110003         
     61    38      350.6779   773                    344.2991    90542         
Elapsed time = 879.39 sec. (167654.78 ticks, tree = 0.97 MB, solutions = 0)
     65    41      352.2900   768                    344.2991   134454         
     70    44      351.2969   776                    344.2991   135110         
     76    43      353.3379   766                    344.2991   135358         
     79    25      349.2347   773                    344.2991    51226         
     80    16      349.7724   774                    344.2991    48416         
     81    15      350.7611   776                    344.2991    49707         

Implied bound cuts applied:  51
Zero-half cuts applied:  5

Root node processing (before b&c):
  Real time             =  241.74 sec. (92405.83 ticks)
Parallel b&c, 24 threads:
  Real time             =  668.93 sec. (105034.67 ticks)
  Sync time (average)   =  123.14 sec.
  Wait time (average)   =    0.00 sec.
                          ------------
Total (root+branch&cut) =  910.68 sec. (197440.50 ticks)
STATUS: Unknown



Status:Unknown
Program finished OK!
    Time: 2025-02-15 04:08:44
