ODD_HOLE_TERMINATION_PERCENTAGE is set to 999
Program searches for ALL odd holes and odd antiholes
==============================================
n:                                    40
ODD_HOLE_TERMINATION_PERCENTAGE:      999
ODD_HOLE_TERMINATION_BATCH_SIZE:      0
ODD_ANTI_HOLE_TERMINATION_BATCH_SIZE: 0
==============================================
0,1,0,1,1,0,1,0,1,1,1,1,0,1,1,0,0,1,1,1,1,0,1,0,1,0,1,1,0,1,0,0,1,1,0,1,1,0,1,0,
1,0,1,0,1,1,1,1,1,0,1,0,1,1,1,1,1,1,1,1,0,1,0,0,1,0,0,0,0,1,1,0,0,1,1,0,0,0,0,1,
0,1,0,1,1,0,0,1,1,1,0,0,1,0,1,0,1,1,1,1,1,0,1,1,0,1,0,1,0,1,0,1,0,0,0,0,0,1,0,0,
1,0,1,0,0,0,0,0,0,0,1,0,1,0,0,1,0,0,0,1,1,1,1,1,0,0,1,0,0,0,0,0,1,1,1,0,0,0,1,1,
1,1,1,0,0,1,1,1,1,1,0,1,0,1,0,0,1,1,1,0,1,0,0,1,1,1,0,1,1,0,0,1,1,0,1,0,1,1,0,0,
0,1,0,0,1,0,1,0,1,0,0,1,0,1,0,0,1,0,0,1,1,0,1,1,0,1,0,1,1,0,0,0,0,0,1,1,1,0,0,1,
1,1,0,0,1,1,0,0,0,1,0,1,0,0,1,0,1,0,1,1,0,1,1,0,1,1,1,1,0,0,1,0,0,1,1,0,0,0,1,1,
0,1,1,0,1,0,0,0,1,1,1,1,0,0,0,0,1,0,0,0,0,0,1,1,1,0,0,0,1,0,1,0,1,1,1,0,0,0,1,1,
1,1,1,0,1,1,0,1,0,0,0,1,1,0,0,0,1,0,0,0,1,1,1,1,0,0,1,1,0,1,0,0,1,1,1,1,0,0,0,0,
1,0,1,0,1,0,1,1,0,0,1,0,1,0,1,0,1,0,1,0,1,0,0,1,1,1,0,1,0,0,1,1,0,0,1,0,0,0,0,0,
1,1,0,1,0,0,0,1,0,1,0,1,0,1,1,1,1,0,0,1,1,1,1,1,1,0,0,1,0,0,0,0,1,1,1,1,1,0,0,1,
1,0,0,0,1,1,1,1,1,0,1,0,1,1,0,1,0,0,1,0,1,0,1,1,1,1,1,1,1,0,0,0,0,0,1,1,0,0,1,1,
0,1,1,1,0,0,0,0,1,1,0,1,0,1,1,1,1,1,0,0,0,0,0,0,0,1,0,1,1,0,0,0,1,0,1,0,1,1,0,0,
1,1,0,0,1,1,0,0,0,0,1,1,1,0,1,1,1,1,0,1,0,1,1,1,0,1,0,1,1,1,1,1,0,0,0,0,0,0,1,1,
1,1,1,0,0,0,1,0,0,1,1,0,1,1,0,1,1,0,1,0,0,0,1,0,1,0,1,0,1,0,1,0,0,0,1,0,1,0,1,0,
0,1,0,1,0,0,0,0,0,0,1,1,1,1,1,0,0,0,0,1,0,1,0,1,1,1,0,1,1,1,0,0,0,1,0,1,1,0,0,1,
0,1,1,0,1,1,1,1,1,1,1,0,1,1,1,0,0,0,1,1,0,0,0,0,1,0,0,1,0,1,0,1,1,0,0,1,1,1,0,1,
1,1,1,0,1,0,0,0,0,0,0,0,1,1,0,0,0,0,0,1,0,0,1,1,1,0,0,0,1,1,1,0,1,0,0,0,0,0,1,0,
1,1,1,0,1,0,1,0,0,1,0,1,0,0,1,0,1,0,0,0,1,1,1,0,1,1,1,0,1,0,1,0,0,0,1,1,1,0,0,0,
1,1,1,1,0,1,1,0,0,0,1,0,0,1,0,1,1,1,0,0,0,0,0,1,1,1,1,1,0,0,0,1,1,1,1,0,1,1,0,1,
1,0,1,1,1,1,0,0,1,1,1,1,0,0,0,0,0,0,1,0,0,1,0,0,1,1,1,0,0,1,1,1,0,0,1,1,1,1,0,0,
0,1,0,1,0,0,1,0,1,0,1,0,0,1,0,1,0,0,1,0,1,0,1,1,1,1,0,1,1,0,0,1,0,1,1,0,1,1,1,0,
1,0,1,1,0,1,1,1,1,0,1,1,0,1,1,0,0,1,1,0,0,1,0,1,1,0,0,0,1,0,1,1,0,1,0,1,1,0,0,1,
0,0,1,1,1,1,0,1,1,1,1,1,0,1,0,1,0,1,0,1,0,1,1,0,1,0,0,1,0,0,1,1,0,1,0,1,0,1,0,1,
1,1,0,0,1,0,1,1,0,1,1,1,0,0,1,1,1,1,1,1,1,1,1,1,0,0,0,1,1,1,1,1,0,0,1,0,0,1,1,1,
0,0,1,0,1,1,1,0,0,1,0,1,1,1,0,1,0,0,1,1,1,1,0,0,0,0,1,1,1,1,0,1,0,1,0,1,1,1,0,1,
1,0,0,1,0,0,1,0,1,0,0,1,0,0,1,0,0,0,1,1,1,0,0,0,0,1,0,1,0,1,0,1,1,0,0,0,1,0,0,1,
1,0,1,0,1,1,1,0,1,1,1,1,1,1,0,1,1,0,0,1,0,1,0,1,1,1,1,0,1,1,0,1,0,0,0,0,0,1,1,0,
0,0,0,0,1,1,0,1,0,0,0,1,1,1,1,1,0,1,1,0,0,1,1,0,1,1,0,1,0,0,1,1,1,0,1,0,1,0,1,1,
1,1,1,0,0,0,0,0,1,0,0,0,0,1,0,1,1,1,0,0,1,0,0,0,1,1,1,1,0,0,1,0,1,1,0,1,0,1,0,1,
0,1,0,0,0,0,1,1,0,1,0,0,0,1,1,0,0,1,1,0,1,0,1,1,1,0,0,0,1,1,0,0,1,1,1,0,1,1,0,0,
0,0,1,0,1,0,0,0,0,1,0,0,0,1,0,0,1,0,0,1,1,1,1,1,1,1,1,1,1,0,0,0,1,0,0,0,1,1,1,1,
1,0,0,1,1,0,0,1,1,0,1,0,1,0,0,0,1,1,0,1,0,0,0,0,0,0,1,0,1,1,1,1,0,0,1,0,0,1,0,1,
1,1,0,1,0,0,1,1,1,0,1,0,0,0,0,1,0,0,0,1,0,1,1,1,0,1,0,0,0,1,1,0,0,0,0,1,1,1,1,1,
0,1,0,1,1,1,1,1,1,1,1,1,1,0,1,0,0,0,1,1,1,1,0,0,1,0,0,0,1,0,1,0,1,0,0,0,0,1,1,1,
1,0,0,0,0,1,0,0,1,0,1,1,0,0,0,1,1,0,1,0,1,0,1,1,0,1,0,0,0,1,0,0,0,1,0,0,0,1,1,1,
1,0,0,0,1,1,0,0,0,0,1,0,1,0,1,1,1,0,1,1,1,1,1,0,0,1,1,0,1,0,1,1,0,1,0,0,0,0,0,0,
0,0,1,0,1,0,0,0,0,0,0,0,1,0,0,0,1,0,0,1,1,1,0,1,1,1,0,1,0,1,1,1,1,1,1,1,0,0,0,1,
1,0,0,1,0,0,1,1,0,0,0,1,0,1,1,0,0,1,0,0,0,1,0,0,1,0,0,1,1,0,0,1,0,1,1,1,0,0,0,0,
0,1,0,1,0,1,1,1,0,0,1,1,0,1,0,1,1,0,0,1,0,0,1,1,1,1,1,0,1,1,0,1,1,1,1,1,0,1,0,0,

0,1,1,1,1,1,1,1,1,1,1,1,1,1,1,1,1,1,1,1,1,0,1,1,1,1,1,1,1,1,1,0,1,1,1,1,1,0,1,1,
1,0,1,1,1,1,1,1,1,1,1,1,1,1,1,1,1,1,1,1,1,1,1,1,1,1,1,0,1,1,1,1,1,1,1,1,1,1,1,1,
1,1,0,1,1,1,1,1,1,1,1,1,1,1,1,1,1,1,1,1,1,1,1,1,1,1,1,1,1,1,1,1,1,1,1,1,1,1,1,1,
1,1,1,0,1,1,1,1,1,0,1,1,1,0,1,1,1,1,1,1,1,1,1,1,1,1,1,1,0,1,1,1,1,1,1,1,1,1,1,1,
1,1,1,1,0,1,1,1,1,1,0,1,1,1,1,1,1,1,1,1,1,1,1,1,1,1,1,1,1,1,1,1,1,1,1,1,1,1,1,1,
1,1,1,1,1,0,1,1,1,1,1,1,0,1,1,1,1,0,1,1,1,0,1,1,1,1,1,1,1,1,1,0,1,0,1,1,1,1,1,1,
1,1,1,1,1,1,0,1,1,1,1,1,0,1,1,1,1,1,1,1,1,1,1,1,1,1,1,1,0,1,1,1,1,1,1,1,1,1,1,1,
1,1,1,1,1,1,1,0,1,1,1,1,0,1,1,1,1,1,1,0,1,1,1,1,1,1,1,1,1,1,1,1,1,1,1,0,1,1,1,1,
1,1,1,1,1,1,1,1,0,1,1,1,1,1,1,1,1,1,1,1,1,1,1,1,1,1,1,1,1,1,1,1,1,1,1,1,1,1,1,0,
1,1,1,0,1,1,1,1,1,0,1,1,1,1,1,1,1,1,1,1,1,1,1,1,1,1,1,1,1,1,1,1,1,1,1,1,1,1,1,1,
1,1,1,1,0,1,1,1,1,1,0,1,1,1,1,1,1,1,1,1,1,1,1,1,1,1,1,1,1,1,1,1,1,1,1,1,1,1,1,1,
1,1,1,1,1,1,1,1,1,1,1,0,1,1,1,1,1,1,1,0,1,1,1,1,1,1,1,1,1,0,1,0,1,1,1,1,1,1,1,1,
1,1,1,1,1,0,0,0,1,1,1,1,0,1,1,1,1,1,1,1,1,1,1,0,1,1,1,1,1,1,1,1,1,1,1,0,1,1,1,0,
1,1,1,0,1,1,1,1,1,1,1,1,1,0,1,1,1,1,1,1,0,1,1,1,1,1,1,1,1,1,1,1,1,1,1,1,1,1,1,1,
1,1,1,1,1,1,1,1,1,1,1,1,1,1,0,1,1,1,1,1,1,1,1,1,1,1,1,1,1,1,1,1,1,1,1,1,1,1,1,1,
1,1,1,1,1,1,1,1,1,1,1,1,1,1,1,0,1,1,1,1,1,1,1,1,1,1,1,1,1,1,1,1,1,1,1,1,1,1,0,1,
1,1,1,1,1,1,1,1,1,1,1,1,1,1,1,1,0,1,1,1,0,1,1,1,1,1,1,1,1,1,0,1,1,1,1,1,1,1,1,1,
1,1,1,1,1,0,1,1,1,1,1,1,1,1,1,1,1,0,1,1,1,1,1,1,1,1,0,1,1,1,1,1,1,1,1,1,1,1,1,1,
1,1,1,1,1,1,1,1,1,1,1,1,1,1,1,1,1,1,0,1,1,1,1,1,1,1,1,1,1,1,1,1,1,1,1,1,1,1,1,1,
1,1,1,1,1,1,1,0,1,1,1,0,1,1,1,1,1,1,1,0,0,1,1,1,1,1,1,1,1,1,1,1,1,1,1,1,1,1,1,1,
1,1,1,1,1,1,1,1,1,1,1,1,1,0,1,1,0,1,1,0,0,1,1,1,1,1,1,1,1,1,1,1,1,1,1,1,1,1,1,1,
0,1,1,1,1,0,1,1,1,1,1,1,1,1,1,1,1,1,1,1,1,0,1,1,1,1,1,1,1,1,1,1,1,1,1,1,1,1,1,1,
1,1,1,1,1,1,1,1,1,1,1,1,1,1,1,1,1,1,1,1,1,1,0,1,1,1,0,1,1,1,1,1,0,1,1,1,1,1,1,1,
1,1,1,1,1,1,1,1,1,1,1,1,0,1,1,1,1,1,1,1,1,1,1,0,1,1,1,1,1,1,1,1,0,1,1,1,1,1,1,1,
1,1,1,1,1,1,1,1,1,1,1,1,1,1,1,1,1,1,1,1,1,1,1,1,0,1,1,1,1,1,1,1,1,1,1,1,1,1,1,1,
1,1,1,1,1,1,1,1,1,1,1,1,1,1,1,1,1,1,1,1,1,1,1,1,1,0,1,1,1,1,1,1,1,1,1,1,1,1,1,1,
1,1,1,1,1,1,1,1,1,1,1,1,1,1,1,1,1,0,1,1,1,1,0,1,1,1,0,1,1,1,0,1,1,1,1,1,1,0,1,1,
1,0,1,1,1,1,1,1,1,1,1,1,1,1,1,1,1,1,1,1,1,1,1,1,1,1,1,0,1,1,1,1,1,1,1,1,1,1,1,1,
1,1,1,0,1,1,0,1,1,1,1,1,1,1,1,1,1,1,1,1,1,1,1,1,1,1,1,1,0,1,1,1,1,1,1,1,1,1,1,1,
1,1,1,1,1,1,1,1,1,1,1,0,1,1,1,1,1,1,1,1,1,1,1,1,1,1,1,1,1,0,1,1,1,1,1,1,1,1,1,1,
1,1,1,1,1,1,1,1,1,1,1,1,1,1,1,1,0,1,1,1,1,1,1,1,1,1,0,1,1,1,0,1,1,1,1,1,1,1,0,1,
0,1,1,1,1,0,1,1,1,1,1,0,1,1,1,1,1,1,1,1,1,1,1,1,1,1,1,1,1,1,1,0,1,1,1,1,1,1,1,1,
1,1,1,1,1,1,1,1,1,1,1,1,1,1,1,1,1,1,1,1,1,1,0,0,1,1,1,1,1,1,1,1,0,1,1,1,1,1,1,1,
1,1,1,1,1,0,1,1,1,1,1,1,1,1,1,1,1,1,1,1,1,1,1,1,1,1,1,1,1,1,1,1,1,0,1,1,1,1,1,1,
1,1,1,1,1,1,1,1,1,1,1,1,1,1,1,1,1,1,1,1,1,1,1,1,1,1,1,1,1,1,1,1,1,1,0,1,1,1,1,1,
1,1,1,1,1,1,1,0,1,1,1,1,0,1,1,1,1,1,1,1,1,1,1,1,1,1,1,1,1,1,1,1,1,1,1,0,1,1,1,1,
1,1,1,1,1,1,1,1,1,1,1,1,1,1,1,1,1,1,1,1,1,1,1,1,1,1,1,1,1,1,1,1,1,1,1,1,0,1,1,1,
0,1,1,1,1,1,1,1,1,1,1,1,1,1,1,1,1,1,1,1,1,1,1,1,1,1,0,1,1,1,1,1,1,1,1,1,1,0,1,1,
1,1,1,1,1,1,1,1,1,1,1,1,1,1,1,0,1,1,1,1,1,1,1,1,1,1,1,1,1,1,0,1,1,1,1,1,1,1,0,1,
1,1,1,1,1,1,1,1,0,1,1,1,0,1,1,1,1,1,1,1,1,1,1,1,1,1,1,1,1,1,1,1,1,1,1,1,1,1,1,0,

    Time: 2025-02-15 01:35:37
Version identifier: 22.1.1.0 | 2022-11-28 | 9160aff4d
CPXPARAM_Threads                                 24
CPXPARAM_MIP_Limits_Solutions                    1
CPXPARAM_TimeLimit                               900
Generic callback                                 0x20
Lazy constraint(s) or lazy constraint/branch callback is present.
    Disabling dual reductions (CPX_PARAM_REDUCE) in presolve.
    Disabling presolve reductions that prevent crushing forms (CPX_PARAM_PREREFORM).
Tried aggregator 1 time.
MIP Presolve eliminated 3181 rows and 1 columns.
MIP Presolve modified 85 coefficients.
Reduced MIP has 11786 rows, 331 columns, and 71225 nonzeros.
Reduced MIP has 331 binaries, 0 generals, 0 SOSs, and 0 indicators.
Presolve time = 0.07 sec. (141.35 ticks)
Probing time = 0.00 sec. (1.48 ticks)
Tried aggregator 1 time.
Reduced MIP has 11786 rows, 331 columns, and 71225 nonzeros.
Reduced MIP has 331 binaries, 0 generals, 0 SOSs, and 0 indicators.
Presolve time = 0.01 sec. (19.09 ticks)
Probing time = 0.00 sec. (1.48 ticks)
Clique table members: 83.
MIP emphasis: balance optimality and feasibility.
MIP search method: dynamic search.
Parallel mode: deterministic, using up to 24 threads.
Root relaxation solution time = 1.17 sec. (304.05 ticks)

        Nodes                                         Cuts/
   Node  Left     Objective  IInf  Best Integer    Best Bound    ItCnt     Gap

      0     0      111.5578   327                    111.5578     3161         
*     0+    0                          295.0000      111.5578            62.18%

Implied bound cuts applied:  2
Zero-half cuts applied:  176
Gomory fractional cuts applied:  1
User cuts applied:  7418

Root node processing (before b&c):
  Real time             =    5.32 sec. (7004.11 ticks)
Parallel b&c, 24 threads:
  Real time             =    0.00 sec. (0.00 ticks)
  Sync time (average)   =    0.00 sec.
  Wait time (average)   =    0.00 sec.
                          ------------
Total (root+branch&cut) =    5.32 sec. (7004.11 ticks)
STATUS: Feasible
OBJ VALUE: 295
Explored Number of nodes: 0
Unexplored Number of nodes: 1



Status:Feasible
Program finished OK!
    Time: 2025-02-15 01:35:43
