ODD_HOLE_TERMINATION_PERCENTAGE is set to 999
Program searches for ALL odd holes and odd antiholes
==============================================
n:                                    50
ODD_HOLE_TERMINATION_PERCENTAGE:      999
ODD_HOLE_TERMINATION_BATCH_SIZE:      0
ODD_ANTI_HOLE_TERMINATION_BATCH_SIZE: 0
==============================================
0,1,0,1,1,0,1,0,0,0,0,1,0,0,1,1,1,0,0,1,1,0,0,1,1,0,0,0,0,1,1,1,0,1,0,0,0,0,1,0,1,0,0,1,1,1,1,0,1,0,
1,0,1,0,0,0,1,1,0,1,1,0,1,1,1,0,0,1,1,1,0,1,1,0,1,1,0,1,0,0,1,1,1,0,0,1,0,0,1,1,0,0,0,1,1,0,1,0,1,1,
0,1,0,0,0,1,0,0,0,0,1,1,0,1,0,0,0,1,0,1,0,1,1,0,0,0,1,0,0,0,0,1,0,1,1,0,0,1,1,1,1,0,1,1,0,0,0,0,1,1,
1,0,0,0,0,0,0,0,1,1,0,0,0,0,0,0,1,0,1,1,0,0,0,0,0,1,1,0,0,0,1,1,1,1,0,0,0,1,0,0,0,0,0,1,0,0,0,1,1,0,
1,0,0,0,0,0,0,1,1,1,0,1,0,0,0,0,1,0,1,1,1,0,0,0,1,0,1,1,1,1,1,1,0,1,0,1,1,1,0,0,1,0,0,1,1,0,0,0,0,1,
0,0,1,0,0,0,0,1,1,1,0,1,0,1,0,1,0,1,1,1,1,0,0,0,0,0,0,0,0,0,0,1,1,0,0,1,0,1,0,1,1,0,0,0,0,1,1,1,0,0,
1,1,0,0,0,0,0,0,0,0,0,0,1,1,0,1,1,0,1,1,1,0,0,1,0,0,0,0,1,0,0,0,0,1,1,1,1,1,1,0,1,1,0,0,0,1,0,0,1,1,
0,1,0,0,1,1,0,0,0,1,1,1,1,0,0,0,1,1,0,1,1,1,1,1,0,0,0,1,0,0,0,0,1,0,0,0,0,1,1,1,1,0,0,1,1,1,1,1,1,0,
0,0,0,1,1,1,0,0,0,1,0,0,0,1,1,0,1,0,0,1,1,1,0,0,0,0,1,0,1,0,1,0,0,1,1,0,1,1,0,1,1,1,1,0,0,0,1,1,0,1,
0,1,0,1,1,1,0,1,1,0,1,1,0,1,0,0,0,1,0,0,0,1,1,0,1,0,0,1,0,1,1,0,0,0,0,1,0,1,0,1,1,0,1,1,1,1,1,1,0,1,
0,1,1,0,0,0,0,1,0,1,0,0,1,1,1,1,1,1,0,1,1,1,0,0,1,0,1,0,0,0,1,1,0,1,1,0,1,1,0,1,1,1,1,0,0,0,0,1,0,1,
1,0,1,0,1,1,0,1,0,1,0,0,1,1,1,1,1,1,1,0,0,1,0,1,1,0,1,0,0,0,0,1,0,1,1,1,1,0,0,1,1,0,0,1,0,1,0,1,0,1,
0,1,0,0,0,0,1,1,0,0,1,1,0,1,0,1,0,1,1,1,0,1,1,1,0,1,1,0,0,0,0,1,1,0,1,1,0,0,1,0,0,1,0,1,0,0,0,0,0,1,
0,1,1,0,0,1,1,0,1,1,1,1,1,0,0,1,1,0,1,0,1,0,1,0,1,1,1,1,0,1,0,1,1,0,0,0,0,0,1,1,1,1,1,1,0,1,1,1,1,1,
1,1,0,0,0,0,0,0,1,0,1,1,0,0,0,1,1,0,0,1,1,0,0,0,1,1,0,1,1,1,0,0,1,0,1,1,1,1,0,0,1,0,0,0,0,0,0,1,0,0,
1,0,0,0,0,1,1,0,0,0,1,1,1,1,1,0,1,0,1,0,1,0,0,1,1,1,1,0,1,1,0,1,1,0,0,1,1,0,0,0,0,0,1,1,0,0,0,1,0,0,
1,0,0,1,1,0,1,1,1,0,1,1,0,1,1,1,0,0,1,1,0,0,1,1,1,0,1,1,1,1,0,1,1,0,1,1,0,1,1,1,1,1,1,1,0,1,0,0,0,1,
0,1,1,0,0,1,0,1,0,1,1,1,1,0,0,0,0,0,0,1,1,0,1,1,1,0,0,1,0,1,0,1,0,1,0,1,0,0,0,1,0,1,0,0,0,1,1,1,0,1,
0,1,0,1,1,1,1,0,0,0,0,1,1,1,0,1,1,0,0,0,1,0,1,1,1,0,1,0,0,0,1,1,1,0,0,0,1,0,0,1,0,1,0,0,0,0,0,1,1,1,
1,1,1,1,1,1,1,1,1,0,1,0,1,0,1,0,1,1,0,0,1,0,0,0,0,0,1,0,1,1,1,0,1,1,0,1,0,0,1,0,1,0,0,1,0,0,0,0,0,0,
1,0,0,0,1,1,1,1,1,0,1,0,0,1,1,1,0,1,1,1,0,1,1,1,0,1,0,0,0,0,0,1,0,0,0,1,1,1,1,1,1,1,1,0,1,0,0,1,1,0,
0,1,1,0,0,0,0,1,1,1,1,1,1,0,0,0,0,0,0,0,1,0,0,0,1,0,1,1,1,0,1,1,0,1,0,1,1,0,0,0,0,0,1,0,1,0,0,0,1,0,
0,1,1,0,0,0,0,1,0,1,0,0,1,1,0,0,1,1,1,0,1,0,0,0,0,1,0,1,1,0,1,1,1,1,0,0,1,0,1,0,1,0,1,1,0,0,1,0,1,0,
1,0,0,0,0,0,1,1,0,0,0,1,1,0,0,1,1,1,1,0,1,0,0,0,1,0,1,1,0,1,1,0,0,0,0,1,0,0,1,0,1,1,1,0,0,1,0,0,1,0,
1,1,0,0,1,0,0,0,0,1,1,1,0,1,1,1,1,1,1,0,0,1,0,1,0,1,1,1,0,1,1,0,1,1,1,0,1,1,1,0,0,0,1,1,0,1,0,1,1,1,
0,1,0,1,0,0,0,0,0,0,0,0,1,1,1,1,0,0,0,0,1,0,1,0,1,0,1,0,0,0,1,0,0,1,1,0,1,0,1,0,1,0,1,0,1,0,0,0,1,0,
0,0,1,1,1,0,0,0,1,0,1,1,1,1,0,1,1,0,1,1,0,1,0,1,1,1,0,1,1,0,1,1,0,0,1,1,1,0,0,0,1,1,0,0,1,1,0,0,0,0,
0,1,0,0,1,0,0,1,0,1,0,0,0,1,1,0,1,1,0,0,0,1,1,1,1,0,1,0,1,0,1,1,1,1,0,1,0,0,0,1,0,1,1,1,1,0,1,0,0,0,
0,0,0,0,1,0,1,0,1,0,0,0,0,0,1,1,1,0,0,1,0,1,1,0,0,0,1,1,0,1,0,1,0,0,0,1,1,0,1,1,1,0,0,1,0,0,1,1,1,0,
1,0,0,0,1,0,0,0,0,1,0,0,0,1,1,1,1,1,0,1,0,0,0,1,1,0,0,0,1,0,1,1,0,0,0,1,1,0,1,0,1,1,0,0,0,0,1,0,1,1,
1,1,0,1,1,0,0,0,1,1,1,0,0,0,0,0,0,0,1,1,0,1,1,1,1,1,1,1,0,1,0,1,0,0,0,0,0,0,0,1,1,0,1,0,1,1,0,0,1,0,
1,1,1,1,1,1,0,0,0,0,1,1,1,1,0,1,1,1,1,0,1,1,1,0,0,0,1,1,1,1,1,0,1,0,1,1,1,0,1,0,1,1,1,1,1,0,0,1,1,0,
0,1,0,1,0,1,0,1,0,0,0,0,1,1,1,1,1,0,1,1,0,0,1,0,1,0,0,1,0,0,0,1,0,0,1,0,0,0,1,1,1,1,1,1,0,0,1,1,1,0,
1,0,1,1,1,0,1,0,1,0,1,1,0,0,0,0,0,1,0,1,0,1,1,0,1,1,0,1,0,0,0,0,0,0,1,1,1,1,1,1,0,0,0,0,0,1,0,0,0,1,
0,0,1,0,0,0,1,0,1,0,1,1,1,0,1,0,1,0,0,0,0,0,0,0,1,1,1,0,0,0,0,1,1,1,0,1,0,1,1,1,1,1,0,1,0,0,0,1,1,0,
0,1,0,0,1,1,1,0,0,1,0,1,1,0,1,1,1,1,0,1,1,1,0,1,0,0,1,1,1,1,0,1,0,1,1,0,0,1,1,0,1,1,0,1,1,1,0,0,0,1,
0,0,0,0,1,0,1,0,1,0,1,1,0,0,1,1,0,0,1,0,1,1,1,0,1,1,1,0,1,1,0,1,0,1,0,0,0,0,1,0,1,1,0,0,0,0,1,0,0,1,
0,0,1,1,1,1,1,1,1,1,1,0,0,0,1,0,1,0,0,0,1,0,0,0,1,0,0,0,0,0,0,0,0,1,1,1,0,0,0,0,0,1,1,1,1,0,0,1,0,0,
1,1,1,0,0,0,1,1,0,0,0,0,1,1,0,0,1,0,0,1,1,0,1,1,1,1,0,0,1,1,0,1,1,1,1,1,1,0,0,1,0,1,0,1,0,1,1,0,0,1,
0,1,1,0,0,1,0,1,1,1,1,1,0,1,0,0,1,1,1,0,1,0,0,0,0,0,0,1,1,0,1,0,1,1,1,0,0,0,1,0,0,0,0,0,0,1,1,1,0,1,
1,0,1,0,1,1,1,1,1,1,1,1,0,1,1,0,1,0,0,1,1,0,1,1,0,1,1,0,1,1,1,1,1,0,1,1,1,0,0,0,0,1,0,1,0,1,0,0,0,1,
0,0,0,0,0,0,1,0,1,0,1,0,1,1,0,0,1,1,1,0,1,0,0,1,0,0,1,1,0,1,0,1,1,0,1,1,1,1,1,0,1,0,0,1,0,0,1,1,0,0,
0,0,1,0,0,0,0,0,1,1,1,0,0,1,0,1,1,0,0,0,1,1,1,1,1,1,0,1,0,0,1,1,1,0,0,0,0,1,0,0,0,0,0,1,0,1,0,0,1,1,
1,1,1,1,1,0,0,1,0,1,0,1,1,1,0,1,1,0,0,1,0,0,1,0,1,0,0,1,1,0,0,1,1,0,1,1,0,1,1,0,1,1,1,0,0,1,1,0,0,1,
1,1,0,0,1,0,0,1,0,1,0,0,0,0,0,0,0,0,0,0,1,1,0,0,0,1,1,1,0,0,1,1,0,0,0,1,0,1,0,0,0,0,0,0,0,0,1,0,1,1,
1,0,0,0,0,1,1,1,0,1,0,1,0,1,0,0,1,1,0,0,0,0,0,1,1,0,1,0,0,0,1,0,0,1,0,1,0,0,1,1,1,0,1,1,0,0,1,1,1,1,
1,1,0,0,0,1,0,1,1,1,0,0,0,1,0,0,0,1,0,0,0,0,1,0,0,0,0,1,1,1,0,0,1,0,0,0,1,0,1,1,0,1,0,1,1,1,0,1,1,0,
0,0,0,1,0,1,0,1,1,1,1,1,0,1,1,1,0,1,1,0,1,0,0,0,1,0,0,0,1,0,0,1,1,0,1,0,0,1,0,1,0,1,0,0,0,1,1,0,0,1,
1,1,1,1,0,0,1,1,0,0,0,0,0,1,0,0,0,0,1,0,1,1,1,1,1,1,0,0,1,1,1,1,1,0,1,0,0,0,0,0,0,0,1,0,1,1,1,0,0,0,
0,1,1,0,1,0,1,0,1,1,1,1,1,1,0,0,1,1,1,0,0,0,0,0,1,0,0,0,0,1,0,0,0,1,0,1,1,0,1,1,1,0,1,1,1,1,0,1,0,0,

0,1,1,1,1,1,1,1,1,1,1,1,1,1,1,1,1,1,1,1,1,1,1,1,1,1,1,1,1,1,1,1,1,1,1,1,1,1,1,1,1,1,1,1,1,1,1,1,1,1,
1,0,1,1,1,1,1,1,1,1,1,1,1,1,1,1,1,1,1,1,1,1,1,1,1,1,1,1,1,1,1,1,1,0,1,1,1,1,1,1,1,1,1,1,1,1,1,1,1,1,
1,1,0,1,0,1,1,1,1,1,1,1,1,1,0,1,1,1,1,1,1,1,1,1,1,1,1,0,1,1,1,1,0,1,1,1,1,1,1,1,1,1,1,1,0,1,1,1,1,1,
1,1,1,0,1,1,1,0,1,1,1,1,1,1,1,1,1,1,1,1,1,1,1,1,1,1,1,1,1,1,1,1,1,1,1,1,1,1,1,0,1,1,1,1,1,1,1,1,1,1,
1,1,0,1,0,1,1,1,1,1,1,1,1,1,1,1,1,1,1,1,1,1,1,1,1,1,1,1,1,1,1,1,1,1,1,1,1,1,1,1,1,1,1,1,1,1,1,1,1,1,
1,1,1,1,1,0,1,1,1,1,0,1,1,1,1,1,0,1,1,1,1,1,0,0,1,1,1,0,1,1,1,1,1,1,1,1,0,1,1,1,1,1,1,1,1,1,1,1,0,1,
1,1,1,1,1,1,0,1,1,1,1,1,1,1,1,1,1,1,1,1,1,1,1,1,1,1,1,0,1,1,1,1,1,1,1,1,1,1,1,1,1,1,1,1,1,1,1,1,1,1,
1,1,1,0,1,1,1,0,1,1,1,1,1,1,1,1,1,1,1,1,1,1,1,1,1,1,1,1,1,1,1,1,1,1,1,1,1,1,1,1,1,1,1,1,1,1,1,1,1,1,
1,1,1,1,1,1,1,1,0,1,0,1,1,1,1,1,1,1,1,1,1,1,1,0,1,1,1,1,1,1,1,1,1,1,1,1,1,1,1,1,1,1,1,1,1,0,1,1,1,1,
1,1,1,1,1,1,1,1,1,0,1,1,1,1,1,1,1,1,1,1,1,1,1,1,1,1,1,1,1,1,1,1,1,1,1,1,1,1,1,1,1,1,1,1,1,1,1,1,1,1,
1,1,1,1,1,0,1,1,0,1,0,1,1,1,1,1,1,1,1,1,1,1,1,1,1,1,1,1,1,0,1,1,1,1,1,1,1,1,1,1,1,1,1,1,1,1,1,1,0,1,
1,1,1,1,1,1,1,1,1,1,1,0,1,1,1,1,1,1,1,1,1,1,1,1,1,1,1,1,1,1,1,1,1,1,1,1,1,1,0,1,1,1,1,1,1,1,0,1,1,1,
1,1,1,1,1,1,1,1,1,1,1,1,0,1,0,1,0,1,1,1,1,1,1,1,1,1,1,1,1,1,1,1,1,1,1,1,1,1,1,1,1,1,1,1,0,1,0,1,0,1,
1,1,1,1,1,1,1,1,1,1,1,1,1,0,1,1,1,1,1,1,1,0,1,1,1,1,1,1,1,1,1,1,1,1,1,1,1,1,1,1,1,1,1,1,1,1,1,1,1,1,
1,1,0,1,1,1,1,1,1,1,1,1,0,1,0,1,1,1,1,1,1,1,1,1,1,1,1,1,1,1,0,1,1,1,1,1,1,1,1,1,1,1,1,1,0,1,1,1,1,1,
1,1,1,1,1,1,1,1,1,1,1,1,1,1,1,0,1,1,1,1,1,1,0,1,1,1,1,1,1,1,1,1,1,1,1,1,1,1,1,1,1,1,1,1,1,1,1,1,1,1,
1,1,1,1,1,0,1,1,1,1,1,1,0,1,1,1,0,1,1,1,1,1,1,1,1,1,1,1,1,1,1,1,1,1,1,1,1,1,1,1,1,1,1,1,1,1,0,1,1,1,
1,1,1,1,1,1,1,1,1,1,1,1,1,1,1,1,1,0,1,1,1,1,1,1,1,1,1,1,1,1,1,1,1,1,1,1,1,1,1,1,1,1,1,1,1,1,1,1,1,1,
1,1,1,1,1,1,1,1,1,1,1,1,1,1,1,1,1,1,0,1,1,1,1,1,1,0,1,1,1,1,1,1,1,0,1,0,1,1,1,1,1,1,1,1,1,1,1,1,1,1,
1,1,1,1,1,1,1,1,1,1,1,1,1,1,1,1,1,1,1,0,1,1,1,1,1,1,1,0,1,1,1,1,1,1,1,1,1,1,1,1,1,1,1,1,1,1,1,0,1,1,
1,1,1,1,1,1,1,1,1,1,1,1,1,1,1,1,1,1,1,1,0,1,1,1,1,1,1,1,1,1,1,1,1,1,0,1,1,1,1,1,1,1,1,0,1,1,1,1,1,1,
1,1,1,1,1,1,1,1,1,1,1,1,1,0,1,1,1,1,1,1,1,0,1,1,1,1,1,1,1,1,1,1,1,1,1,1,1,1,1,1,1,1,1,1,1,1,1,1,1,1,
1,1,1,1,1,0,1,1,1,1,1,1,1,1,1,0,1,1,1,1,1,1,0,1,1,1,1,1,1,1,1,1,1,1,1,1,1,1,1,1,1,1,1,1,1,1,1,1,1,0,
1,1,1,1,1,0,1,1,0,1,1,1,1,1,1,1,1,1,1,1,1,1,1,0,1,1,1,1,1,1,1,1,1,1,1,1,0,1,1,1,1,1,1,1,1,1,0,1,1,1,
1,1,1,1,1,1,1,1,1,1,1,1,1,1,1,1,1,1,1,1,1,1,1,1,0,1,1,1,1,1,1,1,1,1,1,1,1,1,1,1,1,1,1,1,1,1,1,1,1,1,
1,1,1,1,1,1,1,1,1,1,1,1,1,1,1,1,1,1,0,1,1,1,1,1,1,0,1,1,1,1,1,0,1,1,1,1,1,1,1,1,1,1,1,1,1,1,1,1,1,1,
1,1,1,1,1,1,1,1,1,1,1,1,1,1,1,1,1,1,1,1,1,1,1,1,1,1,0,1,1,1,1,1,1,1,1,1,1,1,1,1,1,1,1,1,1,1,0,1,1,1,
1,1,0,1,1,0,0,1,1,1,1,1,1,1,1,1,1,1,1,0,1,1,1,1,1,1,1,0,1,0,1,1,1,1,1,1,1,1,1,1,1,1,1,1,1,1,1,1,1,1,
1,1,1,1,1,1,1,1,1,1,1,1,1,1,1,1,1,1,1,1,1,1,1,1,1,1,1,1,0,1,1,1,1,0,1,1,1,1,1,1,1,0,1,1,0,1,1,1,1,1,
1,1,1,1,1,1,1,1,1,1,0,1,1,1,1,1,1,1,1,1,1,1,1,1,1,1,1,0,1,0,1,1,1,1,1,1,1,1,1,1,1,1,0,1,1,1,1,1,1,1,
1,1,1,1,1,1,1,1,1,1,1,1,1,1,0,1,1,1,1,1,1,1,1,1,1,1,1,1,1,1,0,1,1,1,1,1,1,0,1,1,1,1,1,1,1,1,0,1,1,0,
1,1,1,1,1,1,1,1,1,1,1,1,1,1,1,1,1,1,1,1,1,1,1,1,1,0,1,1,1,1,1,0,1,1,1,1,1,1,1,0,1,1,1,1,1,1,1,1,1,0,
1,1,0,1,1,1,1,1,1,1,1,1,1,1,1,1,1,1,1,1,1,1,1,1,1,1,1,1,1,1,1,1,0,1,1,1,1,1,1,1,1,1,1,1,1,0,1,1,1,1,
1,0,1,1,1,1,1,1,1,1,1,1,1,1,1,1,1,1,0,1,1,1,1,1,1,1,1,1,0,1,1,1,1,0,1,1,1,1,1,1,1,1,1,1,1,1,1,1,1,1,
1,1,1,1,1,1,1,1,1,1,1,1,1,1,1,1,1,1,1,1,0,1,1,1,1,1,1,1,1,1,1,1,1,1,0,1,1,1,1,1,1,1,1,1,0,1,1,1,1,1,
1,1,1,1,1,1,1,1,1,1,1,1,1,1,1,1,1,1,0,1,1,1,1,1,1,1,1,1,1,1,1,1,1,1,1,0,1,1,1,1,1,1,0,1,1,1,1,1,0,1,
1,1,1,1,1,0,1,1,1,1,1,1,1,1,1,1,1,1,1,1,1,1,1,0,1,1,1,1,1,1,1,1,1,1,1,1,0,1,1,1,1,1,1,1,1,1,1,1,1,1,
1,1,1,1,1,1,1,1,1,1,1,1,1,1,1,1,1,1,1,1,1,1,1,1,1,1,1,1,1,1,0,1,1,1,1,1,1,0,1,1,1,1,1,1,1,1,1,1,1,1,
1,1,1,1,1,1,1,1,1,1,1,0,1,1,1,1,1,1,1,1,1,1,1,1,1,1,1,1,1,1,1,1,1,1,1,1,1,1,0,1,1,1,1,1,1,1,1,1,1,1,
1,1,1,0,1,1,1,1,1,1,1,1,1,1,1,1,1,1,1,1,1,1,1,1,1,1,1,1,1,1,1,0,1,1,1,1,1,1,1,0,1,1,1,1,1,1,1,1,1,1,
1,1,1,1,1,1,1,1,1,1,1,1,1,1,1,1,1,1,1,1,1,1,1,1,1,1,1,1,1,1,1,1,1,1,1,1,1,1,1,1,0,1,1,1,1,1,1,1,1,1,
1,1,1,1,1,1,1,1,1,1,1,1,1,1,1,1,1,1,1,1,1,1,1,1,1,1,1,1,0,1,1,1,1,1,1,1,1,1,1,1,1,0,1,1,1,1,1,1,0,1,
1,1,1,1,1,1,1,1,1,1,1,1,1,1,1,1,1,1,1,1,1,1,1,1,1,1,1,1,1,0,1,1,1,1,1,0,1,1,1,1,1,1,0,1,1,1,1,1,1,1,
1,1,1,1,1,1,1,1,1,1,1,1,1,1,1,1,1,1,1,1,0,1,1,1,1,1,1,1,1,1,1,1,1,1,1,1,1,1,1,1,1,1,1,0,1,1,1,1,1,1,
1,1,0,1,1,1,1,1,1,1,1,1,0,1,0,1,1,1,1,1,1,1,1,1,1,1,1,1,0,1,1,1,1,1,0,1,1,1,1,1,1,1,1,1,0,1,1,1,1,1,
1,1,1,1,1,1,1,1,0,1,1,1,1,1,1,1,1,1,1,1,1,1,1,1,1,1,1,1,1,1,1,1,0,1,1,1,1,1,1,1,1,1,1,1,1,0,1,1,1,1,
1,1,1,1,1,1,1,1,1,1,1,0,0,1,1,1,0,1,1,1,1,1,1,0,1,1,0,1,1,1,0,1,1,1,1,1,1,1,1,1,1,1,1,1,1,1,0,1,1,0,
1,1,1,1,1,1,1,1,1,1,1,1,1,1,1,1,1,1,1,0,1,1,1,1,1,1,1,1,1,1,1,1,1,1,1,1,1,1,1,1,1,1,1,1,1,1,1,0,1,1,
1,1,1,1,1,0,1,1,1,1,0,1,0,1,1,1,1,1,1,1,1,1,1,1,1,1,1,1,1,1,1,1,1,1,1,0,1,1,1,1,1,0,1,1,1,1,1,1,0,1,
1,1,1,1,1,1,1,1,1,1,1,1,1,1,1,1,1,1,1,1,1,1,0,1,1,1,1,1,1,1,0,0,1,1,1,1,1,1,1,1,1,1,1,1,1,1,0,1,1,0,

    Time: 2025-02-15 02:51:26
Version identifier: 22.1.1.0 | 2022-11-28 | 9160aff4d
CPXPARAM_Threads                                 24
CPXPARAM_MIP_Limits_Solutions                    1
CPXPARAM_TimeLimit                               900
Generic callback                                 0x20
Lazy constraint(s) or lazy constraint/branch callback is present.
    Disabling dual reductions (CPX_PARAM_REDUCE) in presolve.
    Disabling presolve reductions that prevent crushing forms (CPX_PARAM_PREREFORM).
Tried aggregator 1 time.
MIP Presolve eliminated 20436 rows and 12 columns.
MIP Presolve modified 468 coefficients.
Reduced MIP has 36967 rows, 536 columns, and 260762 nonzeros.
Reduced MIP has 536 binaries, 0 generals, 0 SOSs, and 0 indicators.
Presolve time = 0.50 sec. (908.23 ticks)
Probing time = 0.01 sec. (2.60 ticks)
Tried aggregator 1 time.
MIP Presolve eliminated 2 rows and 0 columns.
Reduced MIP has 36965 rows, 536 columns, and 260735 nonzeros.
Reduced MIP has 536 binaries, 0 generals, 0 SOSs, and 0 indicators.
Presolve time = 0.10 sec. (72.79 ticks)
Probing time = 0.01 sec. (2.70 ticks)
Clique table members: 170.
MIP emphasis: balance optimality and feasibility.
MIP search method: dynamic search.
Parallel mode: deterministic, using up to 24 threads.
Root relaxation solution time = 3.87 sec. (1301.51 ticks)

        Nodes                                         Cuts/
   Node  Left     Objective  IInf  Best Integer    Best Bound    ItCnt     Gap

      0     0      200.5536   536                    200.5536     6704         
      0     0      205.5914   528                Impl Bds: 10     7034         
      0     0      206.6345   529                    Cuts: 35     7557         
      0     0      207.6078   529                     Cuts: 9     7915         
      0     0      208.0233   528                    Cuts: 23     8248         
      0     0      208.0883   528                     Cuts: 4     8394         
      0     0      208.0939   528               UserPurge1: 1     8449         
      0     0      208.3224   528                 ZeroHalf: 1     8634         
      0     0      208.6569   527                ZeroHalf: 11     8878         
      0     0      208.8180   528                 ZeroHalf: 1     9114         
      0     0      208.8332   528                 Impl Bds: 1     9168         
      0     2      208.8332   528                    208.8332     9168         
Elapsed time = 241.94 sec. (247688.11 ticks, tree = 0.02 MB, solutions = 0)
      1     3      209.7388   524                    208.8375    10733         
      2     3      210.8405   526                    208.8387    13059         
      4     6      211.2347   521                    209.7435    17054         
      5     4      211.7557   522                    209.7435    13459         
      8     5      212.3969   524                    209.7435    16502         
     11    12      212.2800   518                    210.8424    24152         
     17    13      212.0300   523                    211.2347    26155         
     20    21      213.0158   516                    211.2347    29245         
     23    20      212.5855   522                    211.2347    29083         
     34    29      213.3827   514                    211.5547    35110         
Elapsed time = 256.73 sec. (254281.04 ticks, tree = 0.16 MB, solutions = 0)
     48    40      215.2010   514                    211.5547    40277         
     63    46      218.2671   510                    211.5547    43483         
     67    41      216.0767   514                    211.5547    40433         
     71    48      214.0342   512                    211.5547    45334         
     73    51      215.7771   515                    211.5547    48001         
     74    10      218.6579   512                    211.5547    23915         
     75    54    infeasible                          211.5547    50174         
     76    11      221.2849   513                    211.5547    25856         
     77    14      221.3998   511                    211.5547    28052         

Implied bound cuts applied:  22
Zero-half cuts applied:  32
User cuts applied:  1729011

Root node processing (before b&c):
  Real time             =  241.50 sec. (247657.32 ticks)
Parallel b&c, 24 threads:
  Real time             =  667.74 sec. (76119.09 ticks)
  Sync time (average)   =  102.87 sec.
  Wait time (average)   =    0.00 sec.
                          ------------
Total (root+branch&cut) =  909.24 sec. (323776.41 ticks)
STATUS: Unknown



Status:Unknown
Program finished OK!
    Time: 2025-02-15 03:06:35
