ODD_HOLE_TERMINATION_PERCENTAGE is set to 999
Program searches for ALL odd holes and odd antiholes
==============================================
n:                                    90
ODD_HOLE_TERMINATION_PERCENTAGE:      999
ODD_HOLE_TERMINATION_BATCH_SIZE:      0
ODD_ANTI_HOLE_TERMINATION_BATCH_SIZE: 0
==============================================
0,0,0,0,0,1,1,1,1,1,1,1,0,0,1,1,0,0,0,1,1,0,0,1,0,1,0,1,1,0,1,1,1,1,0,0,1,0,0,0,1,1,1,0,0,1,1,0,0,0,1,0,0,0,0,1,0,1,0,1,1,0,1,0,0,0,1,0,1,1,1,1,1,1,0,0,1,1,0,0,1,1,1,0,1,0,0,0,0,0,
0,0,0,0,0,0,0,0,0,0,1,1,1,0,1,1,0,0,1,1,0,0,0,1,1,0,0,1,1,0,0,0,0,0,0,1,0,1,1,1,0,0,0,1,1,1,1,0,1,0,0,1,1,1,0,1,0,1,0,1,1,1,1,1,0,0,1,0,1,0,1,0,0,1,1,0,1,1,1,1,1,1,0,0,0,0,1,0,0,1,
0,0,0,1,0,0,0,1,1,1,1,1,1,1,1,1,1,1,1,1,1,0,0,0,1,0,1,0,0,1,1,0,1,1,1,1,1,1,1,1,0,0,1,1,1,1,0,1,1,0,1,1,0,0,0,0,0,0,0,0,0,1,0,1,0,0,0,0,0,0,0,0,0,0,1,0,1,0,1,1,0,1,0,0,1,1,1,0,0,0,
0,0,1,0,1,0,1,1,1,0,0,0,1,1,0,0,0,1,0,0,1,1,0,0,0,1,1,1,0,0,0,1,1,1,0,0,0,0,0,0,0,0,0,1,0,0,0,0,1,0,0,0,1,0,1,1,1,0,0,0,1,0,1,0,0,0,1,1,0,0,0,1,1,0,1,1,0,0,0,0,0,0,0,1,1,0,0,1,1,1,
0,0,0,1,0,1,1,1,1,1,1,1,1,0,1,1,0,0,0,1,1,1,1,0,1,0,1,0,1,0,1,1,0,1,1,0,1,1,0,1,1,0,1,0,0,0,1,0,1,0,0,1,0,1,1,0,0,1,0,0,1,0,0,1,0,1,1,1,1,0,0,0,1,0,1,1,1,1,0,0,1,0,1,1,0,1,1,0,0,1,
1,0,0,0,1,0,1,0,1,1,0,1,0,0,0,0,0,0,1,0,0,0,1,1,1,0,1,0,1,0,1,0,1,0,0,0,1,0,0,1,1,0,0,0,0,1,0,1,0,1,0,0,0,0,0,1,0,1,1,1,0,1,1,1,0,1,0,1,0,1,1,1,1,1,1,0,0,0,0,0,0,1,1,1,0,0,0,1,1,0,
1,0,0,1,1,1,0,0,1,1,1,0,1,0,0,1,0,1,0,0,0,0,0,1,0,1,1,0,0,1,0,0,1,1,0,1,1,0,0,0,1,0,0,1,1,0,0,0,0,0,1,1,0,1,0,1,0,1,1,1,1,1,0,0,0,1,0,0,1,0,0,1,0,0,0,0,1,0,1,0,1,0,0,1,0,0,1,0,1,0,
1,0,1,1,1,0,0,0,1,1,0,1,0,0,1,1,0,0,1,0,1,0,1,1,0,1,0,1,0,1,1,0,0,1,0,1,1,1,0,1,0,1,1,1,1,1,0,1,0,0,1,0,0,0,1,1,0,1,0,1,1,0,0,1,1,1,1,0,1,1,1,1,1,0,1,1,1,0,1,0,0,1,0,0,1,0,0,1,1,0,
1,0,1,1,1,1,1,1,0,1,1,1,0,1,0,1,1,1,0,0,1,1,1,0,1,0,1,0,0,0,1,0,1,0,0,1,0,1,1,1,1,1,0,0,1,1,0,0,0,0,0,0,0,0,1,1,0,1,0,0,1,0,1,0,1,1,0,1,1,1,1,0,1,0,1,1,0,1,1,0,1,1,0,1,1,0,1,1,1,1,
1,0,1,0,1,1,1,1,1,0,1,0,0,1,0,0,1,1,1,1,0,1,0,0,0,0,0,1,1,1,0,0,0,0,1,0,1,0,1,1,1,1,1,0,1,1,0,0,1,1,1,1,0,1,0,0,0,0,1,1,1,0,0,0,1,1,1,0,0,0,0,1,1,1,0,0,0,1,0,0,0,1,0,0,1,1,0,1,0,0,
1,1,1,0,1,0,1,0,1,1,0,1,1,0,1,1,0,0,0,1,1,0,0,1,1,1,1,0,0,1,0,1,0,0,1,1,1,1,1,1,0,0,0,0,1,0,1,0,0,1,0,0,1,1,1,1,0,1,0,1,0,0,0,1,0,1,0,0,0,1,1,1,1,0,0,1,0,1,1,0,0,1,1,1,0,1,0,1,0,1,
1,1,1,0,1,1,0,1,1,0,1,0,1,0,0,0,0,0,0,1,0,1,0,1,1,0,0,0,0,1,0,1,0,1,0,1,1,0,1,0,0,1,0,0,1,0,1,0,1,0,1,0,0,0,0,1,0,0,0,1,1,0,0,0,1,1,0,1,0,0,1,1,1,1,0,0,0,0,0,0,1,1,1,0,0,1,1,1,1,1,
0,1,1,1,1,0,1,0,0,0,1,1,0,1,1,0,0,0,1,1,0,0,0,1,1,0,0,0,1,1,1,0,0,0,0,0,0,1,0,0,0,0,1,0,0,1,0,1,0,1,0,1,0,1,1,0,0,1,0,1,0,1,0,0,1,0,1,1,0,0,0,0,0,0,1,0,0,1,0,0,1,0,0,0,1,0,1,0,0,1,
0,0,1,1,0,0,0,0,1,1,0,0,1,0,0,0,1,1,0,1,1,0,1,1,0,0,1,1,0,1,0,1,1,1,1,1,0,0,1,0,0,0,0,0,1,1,1,0,1,0,0,1,0,1,0,0,1,0,1,1,0,0,1,1,0,0,1,0,1,1,1,0,0,1,0,1,1,0,0,0,0,0,1,1,0,0,0,1,0,1,
1,1,1,0,1,0,0,1,0,0,1,0,1,0,0,1,0,1,0,0,0,1,1,0,1,0,0,0,1,1,1,1,1,0,0,1,1,1,1,0,1,1,0,1,1,0,0,1,1,0,1,1,0,1,0,1,0,0,1,0,1,0,1,0,0,0,0,1,1,1,1,0,0,0,0,1,1,1,0,0,0,1,0,0,1,1,0,0,0,1,
1,1,1,0,1,0,1,1,1,0,1,0,0,0,1,0,0,1,1,0,1,0,0,1,1,0,1,1,1,0,1,0,0,1,0,0,1,0,1,1,0,0,0,1,0,1,0,1,0,1,0,0,1,0,1,1,1,0,1,1,0,0,0,1,1,0,1,1,0,1,0,1,1,0,0,1,0,0,0,0,0,0,1,1,1,1,0,0,0,1,
0,0,1,0,0,0,0,0,1,1,0,0,0,1,0,0,0,0,1,1,0,0,0,0,0,1,1,0,1,0,0,1,0,1,0,1,1,1,0,1,0,0,0,0,1,0,1,1,0,0,1,1,0,1,0,0,0,0,0,0,1,1,0,1,0,0,0,1,1,0,0,1,1,1,1,1,1,1,0,1,1,1,1,0,0,1,1,0,1,0,
0,0,1,1,0,0,1,0,1,1,0,0,0,1,1,1,0,0,1,1,0,1,1,0,0,1,0,1,0,1,1,0,0,0,0,1,0,1,1,1,0,1,0,1,0,1,0,0,1,0,0,0,1,0,1,1,1,1,1,0,0,0,1,1,1,1,0,1,1,1,1,1,1,1,1,1,0,1,1,1,1,1,0,0,0,0,0,0,0,0,
0,1,1,0,0,1,0,1,0,1,0,0,1,0,0,1,1,1,0,0,1,1,0,0,0,0,1,1,0,0,1,0,1,1,0,1,0,0,1,1,1,0,0,0,1,1,0,1,1,1,1,0,0,1,0,0,0,1,0,0,1,1,0,0,0,1,1,1,0,1,1,0,1,0,0,1,0,0,1,1,0,1,1,1,1,1,1,1,0,1,
1,1,1,0,1,0,0,0,0,1,1,1,1,1,0,0,1,1,0,0,0,0,0,1,0,0,0,1,1,0,1,0,1,0,0,0,0,1,0,1,1,1,0,0,1,0,0,1,0,0,1,1,1,0,0,1,0,0,1,1,1,0,1,0,1,0,1,1,1,1,1,1,1,0,0,0,0,0,0,1,0,1,0,1,0,1,0,0,1,0,
1,0,1,1,1,0,0,1,1,0,1,0,0,1,0,1,0,0,1,0,0,0,1,1,0,1,0,0,1,1,0,1,0,0,1,0,1,0,0,0,1,1,0,1,0,1,1,0,0,0,1,0,0,0,1,1,1,0,0,0,0,0,1,1,0,0,1,1,1,0,1,1,0,1,0,1,1,1,0,0,0,1,1,0,1,1,0,0,1,1,
0,0,0,1,1,0,0,0,1,1,0,1,0,0,1,0,0,1,1,0,0,0,1,0,1,1,0,1,0,1,0,1,0,1,1,0,0,1,1,1,0,1,1,1,0,0,0,1,0,0,1,0,1,1,0,0,1,1,0,1,1,1,1,1,0,1,1,1,1,0,1,0,0,0,1,1,1,0,1,0,0,0,1,0,0,1,0,0,0,1,
0,0,0,0,1,1,0,1,1,0,0,0,0,1,1,0,0,1,0,0,1,1,0,1,0,1,1,0,1,0,1,0,1,0,1,1,0,1,0,0,1,0,0,1,1,0,1,0,1,1,1,1,0,0,1,1,0,0,1,0,0,1,1,1,1,0,0,1,0,1,1,1,0,0,0,1,0,1,1,1,0,1,1,1,0,1,0,0,1,0,
1,1,0,0,0,1,1,1,0,0,1,1,1,1,0,1,0,0,0,1,1,0,1,0,1,1,1,1,0,0,0,1,1,0,0,0,1,0,1,0,1,1,1,0,0,0,0,1,1,0,1,0,0,1,1,1,0,1,1,0,1,0,1,1,0,1,1,0,0,1,0,0,0,1,1,0,0,0,0,1,0,0,1,0,0,0,1,0,1,0,
0,1,1,0,1,1,0,0,1,0,1,1,1,0,1,1,0,0,0,0,0,1,0,1,0,0,0,1,1,0,0,0,0,1,1,1,1,0,0,1,0,1,0,0,1,1,1,0,0,1,1,0,0,1,1,1,0,1,0,1,0,1,1,1,0,1,1,1,0,0,1,1,1,1,1,0,0,1,1,0,1,0,0,0,0,0,1,1,1,1,
1,0,0,1,0,0,1,1,0,0,1,0,0,0,0,0,1,1,0,0,1,1,1,1,0,0,1,1,0,1,1,0,1,0,1,0,0,0,1,1,0,1,0,0,0,0,1,1,1,1,0,1,0,1,1,1,1,1,1,1,0,0,0,1,1,1,0,1,1,0,1,1,0,1,0,1,1,1,0,1,0,1,0,0,1,1,0,0,0,0,
0,0,1,1,1,1,1,0,1,0,1,0,0,1,0,1,1,0,1,0,0,0,1,1,0,1,0,1,1,1,1,1,1,0,0,1,0,0,1,0,1,1,0,1,1,0,1,0,0,1,0,1,0,0,1,1,0,0,0,1,1,0,1,1,1,0,1,1,0,0,1,0,1,0,1,1,1,0,1,1,1,1,1,1,1,0,1,0,1,1,
1,1,0,1,0,0,0,1,0,1,0,0,0,1,0,1,0,1,1,1,0,1,0,1,1,1,1,0,1,1,1,1,1,1,0,0,1,1,1,1,0,0,0,1,0,0,0,0,1,0,0,0,0,0,1,0,1,1,0,0,1,1,1,0,0,1,1,1,1,1,1,0,0,0,1,0,1,0,1,0,1,0,0,0,0,0,0,1,0,0,
1,1,0,0,1,1,0,0,0,1,0,0,1,0,1,1,1,0,0,1,1,0,1,0,1,0,1,1,0,1,1,1,0,0,0,1,1,1,0,0,0,1,0,0,1,1,1,1,1,1,0,0,1,0,1,0,0,0,1,1,0,0,0,0,0,0,1,0,1,0,1,0,1,1,1,1,0,0,0,1,1,1,0,1,1,1,0,1,1,0,
0,0,1,0,0,0,1,1,0,1,1,1,1,1,1,0,0,1,0,0,1,1,0,0,0,1,1,1,1,0,0,0,1,0,1,1,1,0,0,0,1,0,0,1,1,1,0,1,1,0,0,0,1,0,1,0,0,0,1,1,1,1,1,1,1,1,1,1,1,1,0,1,0,0,1,0,1,1,0,1,1,0,1,1,0,0,0,0,1,1,
1,0,1,0,1,1,0,1,1,0,0,0,1,0,1,1,0,1,1,1,0,0,1,0,0,1,1,1,1,0,0,0,1,1,0,1,1,1,1,1,1,0,1,1,0,0,1,0,0,0,0,0,0,1,0,1,1,0,1,1,0,0,0,1,0,0,0,0,1,1,0,1,0,1,0,0,1,0,1,0,1,0,0,1,1,0,1,1,1,0,
1,0,0,1,1,0,0,0,0,0,1,1,0,1,1,0,1,0,0,0,1,1,0,1,0,0,1,1,1,0,0,0,1,0,1,0,0,0,0,1,1,0,0,1,0,0,0,0,0,1,0,1,1,1,1,0,1,0,1,1,0,1,0,0,1,0,1,0,1,1,1,0,1,0,1,1,1,0,0,1,1,1,1,1,0,0,0,0,0,1,
1,0,1,1,0,1,1,0,1,0,0,0,0,1,1,0,0,0,1,1,0,0,1,1,0,1,1,1,0,1,1,1,0,1,0,0,1,0,0,1,0,0,0,1,1,1,0,0,1,1,1,0,0,0,1,0,0,0,0,0,0,0,1,1,0,0,1,1,0,0,0,0,1,1,1,1,0,0,0,0,0,0,0,1,1,0,0,1,1,0,
1,0,1,1,1,0,1,1,0,0,0,1,0,1,0,1,1,0,1,0,0,1,0,0,1,0,0,1,0,0,1,0,1,0,0,1,1,1,1,1,1,0,0,0,0,0,1,0,1,1,1,1,0,1,1,0,1,1,1,0,0,0,0,1,0,0,1,1,1,1,1,1,0,0,1,0,1,0,0,1,0,0,1,1,1,0,0,1,1,0,
0,0,1,0,1,0,0,0,0,1,1,0,0,1,0,0,0,0,0,0,1,1,1,0,1,1,0,0,0,1,0,1,0,0,0,1,1,0,1,1,1,0,1,1,1,1,0,1,1,0,1,0,0,0,0,1,1,1,0,1,0,1,0,1,0,1,0,0,0,1,1,0,0,0,1,0,0,0,1,1,1,0,1,1,1,1,0,1,1,1,
0,1,1,0,0,0,1,1,1,0,1,1,0,1,1,0,1,1,1,0,0,0,1,0,1,0,1,0,1,1,1,0,0,1,1,0,1,1,1,0,0,1,1,0,1,0,1,0,0,0,1,0,0,0,0,1,0,1,1,0,0,0,1,1,0,1,1,0,0,1,0,1,0,1,1,0,1,1,1,1,1,1,0,0,1,1,0,1,0,1,
1,0,1,0,1,1,1,1,0,1,1,1,0,0,1,1,1,0,0,0,1,0,0,1,1,0,0,1,1,1,1,0,1,1,1,1,0,0,0,0,0,0,0,1,0,1,0,1,1,1,1,0,1,1,1,0,1,1,1,0,1,1,1,0,0,1,0,0,0,1,0,0,1,1,1,0,1,1,0,1,1,1,1,1,0,0,1,1,1,1,
0,1,1,0,1,0,0,1,1,0,1,0,1,0,1,0,1,1,0,1,0,1,1,0,0,0,0,1,1,0,1,0,0,1,0,1,0,0,1,1,0,1,0,1,1,0,0,0,1,0,1,0,0,1,0,1,0,0,0,1,0,1,1,0,0,1,1,1,0,0,0,1,1,0,0,1,0,1,1,0,0,1,1,1,1,0,0,0,0,1,
0,1,1,0,0,0,0,0,1,1,1,1,0,1,1,1,0,1,1,0,0,1,0,1,0,1,1,1,0,0,1,0,0,1,1,1,0,1,0,1,0,0,0,1,1,1,1,1,0,0,1,1,0,1,1,0,1,0,1,0,0,0,0,1,1,0,0,0,1,0,0,1,0,0,0,1,1,1,0,0,0,1,1,0,0,1,1,0,1,0,
0,1,1,0,1,1,0,1,1,1,1,0,0,0,0,1,1,1,1,1,0,1,0,0,1,1,0,1,0,0,1,1,1,1,1,0,0,1,1,0,0,1,1,0,0,0,1,0,0,0,1,0,1,0,1,0,0,0,1,1,1,0,0,0,1,1,0,1,1,1,1,0,0,1,0,0,0,0,0,0,0,1,1,1,1,0,0,0,1,1,
1,0,0,0,1,1,1,0,1,1,0,0,0,0,1,0,0,0,1,1,1,0,1,1,0,0,1,0,0,1,1,1,0,1,1,0,0,0,0,0,0,0,1,0,1,1,0,0,0,0,0,0,1,0,0,1,1,1,1,0,0,1,0,0,1,1,0,0,0,0,1,0,1,1,1,1,1,1,1,0,1,0,1,0,1,1,1,0,1,1,
1,0,0,0,0,0,0,1,1,1,0,1,0,0,1,0,0,1,0,1,1,1,0,1,1,1,1,0,1,0,0,0,0,0,0,1,0,1,0,1,0,0,0,0,1,0,0,1,0,0,0,1,0,0,1,0,0,0,1,0,0,1,0,0,0,0,0,1,1,1,1,1,0,0,1,1,1,0,1,0,0,1,1,0,1,0,1,0,1,0,
1,0,1,0,1,0,0,1,0,1,0,0,1,0,0,0,0,0,0,0,0,1,0,1,0,0,0,0,0,0,1,0,0,0,1,1,0,0,0,1,1,0,0,0,1,1,0,1,1,0,1,1,0,0,0,1,0,0,0,1,1,1,0,0,0,0,0,0,1,1,1,1,1,1,0,1,0,0,0,0,1,0,1,0,0,0,0,0,0,1,
0,1,1,1,0,0,1,1,0,0,0,0,0,0,1,1,0,1,0,0,1,1,1,0,0,0,1,1,0,1,1,1,1,0,1,0,1,1,1,0,0,0,0,0,1,1,1,0,1,1,0,0,0,1,0,1,1,0,0,0,0,0,0,0,0,1,0,1,0,1,1,0,0,0,1,0,0,0,1,0,0,1,1,1,1,1,0,1,1,0,
0,1,1,0,0,0,1,1,1,1,1,1,0,1,1,0,1,0,1,1,0,0,1,0,1,0,1,0,1,1,0,0,1,0,1,1,0,1,1,0,1,1,1,1,0,1,0,1,1,1,1,1,0,0,1,0,1,0,1,0,1,1,0,0,0,1,1,0,1,0,1,0,0,1,1,0,1,1,1,0,1,1,1,0,1,1,0,0,1,1,
1,1,1,0,0,1,0,1,1,1,0,0,1,1,0,1,0,1,1,0,1,0,0,0,1,0,0,0,1,1,0,0,1,0,1,0,1,0,1,0,1,0,1,1,1,0,0,1,0,0,0,0,1,1,1,0,0,0,1,1,1,0,0,1,1,0,0,1,0,1,1,1,0,1,1,0,0,1,1,0,0,1,0,1,0,0,0,0,1,1,
1,1,0,0,1,0,0,0,0,0,1,1,0,1,0,0,1,0,0,0,1,0,1,0,1,1,1,0,1,0,1,0,0,1,0,1,0,0,1,1,0,0,0,1,0,0,0,0,1,1,1,1,0,1,0,0,0,1,0,1,1,1,0,0,0,1,0,0,1,0,0,0,0,1,0,1,0,1,1,0,0,0,0,0,1,1,1,0,0,0,
0,0,1,0,0,1,0,1,0,0,0,0,1,0,1,1,1,0,1,1,0,1,0,1,0,1,0,0,1,1,0,0,0,0,1,0,1,0,1,0,0,1,1,0,1,1,0,0,0,1,1,1,1,0,1,0,0,1,0,0,0,1,1,1,1,1,1,0,0,0,0,0,1,0,0,1,1,0,0,0,0,0,1,0,1,1,1,1,1,1,
0,1,1,1,1,0,0,0,0,1,0,1,0,1,1,0,0,1,1,0,0,0,1,1,0,1,0,1,1,1,0,0,1,1,1,0,1,1,0,0,0,0,1,1,1,0,1,0,0,0,0,0,1,1,0,1,1,1,0,0,0,0,1,1,1,0,1,0,1,1,0,0,1,1,1,1,0,0,1,1,1,0,1,0,0,1,0,1,1,0,
0,0,0,0,0,1,0,0,0,1,1,0,1,0,0,1,0,0,1,0,0,0,1,0,1,1,1,0,1,0,0,1,1,1,0,0,1,0,0,0,0,0,0,1,1,0,1,1,0,0,0,1,1,0,1,1,0,1,0,0,1,1,1,1,0,0,0,0,0,0,0,1,1,0,1,1,0,0,0,0,0,1,1,1,0,1,1,1,0,0,
1,0,1,0,0,0,1,1,0,1,0,1,0,0,1,0,1,0,1,1,1,1,1,1,1,0,0,0,0,0,0,0,1,1,1,1,1,1,1,1,0,0,1,0,1,0,1,1,0,0,0,0,0,1,1,0,1,1,1,0,0,0,1,1,1,1,0,0,1,1,0,0,1,1,0,1,1,1,0,1,1,1,0,1,0,1,0,0,1,0,
0,1,1,0,1,0,1,0,0,1,0,0,1,1,1,0,1,0,0,1,0,0,1,0,0,1,1,0,0,0,0,1,0,1,0,0,0,0,1,0,0,1,1,0,1,0,1,1,0,1,0,0,1,1,0,1,0,0,0,1,0,0,1,1,0,1,1,1,1,0,0,1,1,1,1,1,0,0,0,1,0,1,1,0,0,1,0,1,0,0,
0,1,0,1,0,0,0,0,0,0,1,0,0,0,0,1,0,1,0,1,0,1,0,0,0,0,0,0,1,1,0,1,0,0,0,0,1,0,0,1,1,0,0,0,0,1,0,1,1,1,0,1,0,0,1,1,1,1,1,0,0,0,1,1,1,1,1,0,1,0,0,0,1,0,0,1,1,0,0,1,1,1,1,1,1,1,0,1,1,1,
0,1,0,0,1,0,1,0,0,1,1,0,1,1,1,0,1,0,1,0,0,1,0,1,1,1,0,0,0,0,1,1,0,1,0,0,1,1,1,0,0,0,0,1,0,1,1,0,1,0,1,1,0,0,0,1,1,0,0,1,0,0,1,0,0,0,1,0,1,1,0,1,1,1,1,1,1,0,1,0,0,0,1,1,0,0,0,1,1,0,
0,0,0,1,1,0,0,1,1,0,1,0,1,0,0,1,0,1,0,0,1,0,1,1,1,1,1,1,1,1,0,1,1,1,0,0,1,0,1,1,0,1,0,0,1,1,0,1,0,1,1,0,1,0,0,0,0,0,0,0,1,1,0,1,1,1,0,0,1,1,0,1,0,0,1,1,1,0,0,0,1,1,0,1,1,0,1,1,0,0,
1,1,0,1,0,1,1,1,1,0,1,1,0,0,1,1,0,1,0,1,1,0,1,1,1,1,1,0,0,0,1,0,0,0,1,1,0,1,0,0,1,0,1,1,0,0,0,0,1,1,0,1,1,1,0,0,0,0,0,1,1,0,0,0,1,0,0,0,0,0,1,0,1,1,1,1,0,0,1,1,0,1,0,0,1,0,1,1,0,1,
0,0,0,1,0,0,0,0,0,0,0,0,0,1,0,1,0,1,0,0,1,1,0,0,0,1,0,1,0,0,1,1,0,1,1,0,1,0,1,0,1,0,0,1,1,0,0,0,1,0,1,0,1,1,0,0,0,1,1,0,0,1,1,0,1,1,1,0,1,0,1,0,1,0,1,1,0,1,1,0,1,1,0,0,1,0,0,0,0,0,
1,1,0,0,1,1,1,1,1,0,1,0,1,0,0,0,0,1,1,0,0,1,0,1,1,1,0,1,0,0,0,0,0,1,1,1,1,0,0,0,1,0,0,0,0,0,1,1,1,1,1,0,1,0,0,0,1,0,1,0,0,1,1,0,1,0,0,0,1,0,1,1,0,0,1,0,0,0,1,1,0,0,0,0,1,1,0,0,1,1,
0,0,0,0,0,1,1,0,0,1,0,0,0,1,1,1,0,1,0,1,0,0,1,1,0,1,0,0,1,1,1,1,0,1,0,1,1,0,1,1,1,1,0,0,1,1,0,0,0,0,1,0,1,0,0,0,1,1,0,0,1,1,0,1,0,1,0,1,1,0,1,1,0,0,0,0,0,0,0,1,1,0,0,1,0,1,1,0,0,0,
1,1,0,0,0,1,1,1,0,1,1,1,1,1,0,1,0,0,0,1,0,1,0,0,1,1,1,0,1,1,1,1,0,0,1,0,0,1,0,1,0,0,1,0,0,1,1,0,0,0,0,1,0,1,0,1,0,0,0,0,0,0,0,0,1,1,1,1,1,1,0,0,1,0,1,1,0,1,1,0,0,0,0,0,0,0,1,0,0,0,
1,1,0,1,1,0,1,1,1,1,0,1,0,0,1,0,1,0,1,1,0,1,0,1,0,0,1,1,0,1,0,0,0,0,0,0,1,0,0,1,0,0,1,0,1,1,1,0,0,1,0,0,0,0,1,1,0,0,1,0,0,0,0,0,0,0,1,0,1,1,0,0,0,1,1,0,1,0,0,0,0,1,1,1,0,1,0,0,0,1,
0,1,1,0,0,1,1,0,0,0,0,0,1,0,0,0,1,0,1,0,0,1,1,0,1,0,0,1,0,1,0,1,0,0,1,0,1,1,0,0,1,1,1,0,1,0,1,1,0,1,0,0,0,0,1,0,1,1,1,0,0,0,0,1,0,0,1,0,0,1,1,1,1,1,1,0,1,1,0,0,1,1,0,1,0,1,1,0,0,0,
1,1,0,1,0,1,0,0,1,0,0,0,0,1,1,0,0,1,0,1,1,1,1,1,1,0,1,1,0,1,0,0,1,0,0,1,1,1,0,0,0,0,0,0,0,0,0,1,1,1,1,1,1,1,0,0,1,1,0,0,0,0,0,0,1,0,1,0,0,1,0,0,0,1,0,1,1,1,0,0,1,1,1,0,1,0,1,1,1,0,
0,1,1,0,1,1,0,1,0,0,1,0,0,1,0,1,1,1,0,0,1,1,1,1,1,1,1,0,0,1,1,0,1,1,1,1,0,0,1,0,0,0,0,0,0,1,0,1,1,1,1,1,1,0,1,0,0,0,1,0,0,1,0,0,0,0,0,1,0,1,1,0,0,1,1,0,0,0,1,0,1,1,1,1,0,0,0,1,1,0,
0,0,0,0,0,0,0,1,1,1,0,1,1,0,0,1,0,1,0,1,0,0,1,0,0,1,1,0,0,1,0,1,0,0,0,0,0,0,1,1,1,0,0,0,0,1,0,1,1,0,1,0,1,0,1,1,1,1,0,1,0,0,1,0,0,0,1,1,0,0,0,0,0,1,1,0,0,0,1,1,1,1,1,0,0,1,1,0,0,1,
0,0,0,0,1,1,1,1,1,1,1,1,0,0,0,0,0,1,1,0,0,1,0,1,1,1,0,1,0,1,0,0,0,0,1,1,1,1,0,1,1,0,0,1,1,0,1,1,0,0,1,1,1,0,1,0,1,0,1,1,0,0,0,0,0,0,0,1,1,0,1,0,0,0,1,0,0,1,1,0,1,0,1,0,1,1,0,0,1,1,
1,1,0,1,1,0,0,1,0,1,0,0,1,1,0,1,0,0,1,1,1,1,0,1,1,0,1,1,1,1,0,1,1,1,0,1,0,1,0,0,0,0,0,0,1,0,0,1,1,0,0,1,1,1,0,0,1,0,0,1,1,1,1,0,1,0,0,1,1,1,0,1,1,0,0,1,1,0,0,1,1,1,1,1,1,1,0,1,0,1,
0,0,0,1,1,1,0,0,1,0,0,1,1,0,1,1,1,1,1,1,1,1,1,0,1,1,1,1,0,1,0,0,1,1,0,0,0,1,0,1,0,1,0,1,0,1,0,0,0,0,0,1,0,0,0,0,0,0,1,1,0,0,0,1,1,1,1,0,0,0,0,1,0,0,0,1,0,1,1,0,1,1,1,1,1,1,1,1,1,1,
1,1,0,0,1,0,1,1,1,0,0,0,0,1,1,0,1,1,0,1,1,1,0,0,0,1,0,1,1,1,1,1,0,1,0,0,0,0,1,1,0,1,1,0,1,0,1,0,1,0,1,1,1,1,1,0,1,1,1,1,1,0,0,0,0,1,1,0,0,1,1,1,1,1,0,1,0,1,0,0,0,0,0,1,0,1,1,0,0,0,
1,0,0,0,0,1,0,1,1,0,1,0,0,1,1,1,0,1,1,1,0,0,1,1,0,0,0,1,0,1,1,1,0,1,1,1,1,0,0,1,0,1,1,1,0,1,0,0,1,0,1,0,0,1,1,0,0,0,0,1,1,1,1,1,0,0,1,0,1,0,1,1,1,1,0,0,1,0,1,0,1,0,0,0,0,1,1,1,1,1,
1,1,0,0,0,1,0,1,1,0,1,1,0,1,1,0,0,1,1,1,1,1,1,0,1,1,1,1,1,0,0,1,0,1,1,0,0,0,0,1,1,1,1,1,1,1,0,0,0,0,0,0,0,0,0,1,1,1,1,0,0,1,0,1,0,1,0,0,1,1,0,1,0,0,1,1,1,0,0,0,0,1,1,1,1,0,1,0,0,0,
1,0,0,1,0,1,1,1,0,1,1,1,0,0,0,1,1,1,0,1,1,0,1,0,1,1,0,0,0,1,1,0,0,1,0,1,0,1,1,0,0,1,1,0,0,1,0,0,0,1,0,1,0,1,1,0,0,1,1,0,0,1,0,0,0,0,1,1,1,1,1,0,1,1,1,0,0,0,1,1,1,1,0,0,0,1,0,0,0,1,
1,0,0,1,1,1,0,1,1,1,1,1,0,0,0,1,1,1,1,1,0,0,0,0,1,0,1,0,1,0,0,1,1,0,0,0,1,1,0,0,1,0,1,0,0,0,0,1,1,1,1,1,1,1,0,1,1,0,0,1,0,1,0,0,0,0,1,0,1,1,0,1,0,1,0,0,1,0,1,1,1,1,1,1,1,1,0,1,0,0,
1,1,0,0,0,1,0,0,0,1,0,1,0,1,0,0,1,1,0,0,1,0,0,1,1,1,0,0,1,0,1,0,1,0,0,1,1,0,0,1,1,0,1,0,1,1,1,0,1,0,1,1,0,1,0,1,0,0,0,0,1,1,1,1,1,0,0,0,1,1,0,1,1,0,0,1,1,0,0,0,0,0,0,0,1,0,0,1,1,0,
0,1,1,1,1,1,0,1,1,0,0,0,1,0,0,0,1,1,0,0,0,1,0,1,1,0,1,1,1,1,0,1,1,1,1,1,1,0,0,0,1,1,0,1,1,1,0,0,1,1,0,1,0,1,1,1,1,1,0,1,1,1,0,1,1,1,0,0,0,0,1,1,0,0,0,0,1,1,0,0,0,1,0,1,1,1,0,0,0,0,
0,0,0,1,1,0,0,1,1,0,1,0,0,1,1,1,1,1,1,0,1,1,1,0,0,1,1,0,1,0,0,1,1,0,0,0,0,1,1,0,1,1,1,0,0,0,1,1,1,1,1,1,1,1,1,1,1,0,0,1,0,0,1,0,0,0,1,1,1,0,1,0,0,1,0,0,0,0,1,1,1,0,0,1,0,1,1,1,0,0,
1,1,1,0,1,0,1,1,0,0,0,0,0,1,1,0,1,0,0,0,1,1,0,0,0,1,1,1,0,1,1,1,0,1,0,1,1,0,1,0,1,1,0,0,1,0,0,1,0,0,1,0,1,1,1,0,0,0,0,0,1,1,1,0,0,0,1,0,0,1,1,0,1,1,1,0,0,1,0,0,0,0,1,0,1,0,0,1,0,1,
1,1,0,0,1,0,0,0,1,1,1,0,1,0,1,0,1,1,0,0,1,0,1,0,1,1,0,0,0,1,0,0,0,0,0,1,1,1,1,0,1,0,0,0,1,1,1,0,0,0,1,0,0,0,0,0,1,0,0,1,0,1,1,0,0,1,0,1,1,0,0,0,0,0,1,0,1,0,1,1,0,0,0,1,0,1,0,0,1,0,
0,1,1,0,0,0,1,1,1,0,1,0,0,0,0,0,0,1,1,0,0,1,1,0,1,0,1,1,0,0,1,0,0,0,1,1,0,1,0,0,1,1,0,1,1,1,1,0,1,0,0,0,0,1,0,1,1,1,0,1,0,0,0,1,1,1,0,1,0,1,0,1,1,0,0,1,0,1,0,1,1,0,0,0,0,1,1,1,1,1,
0,1,1,0,0,0,0,0,0,0,0,0,0,0,0,0,1,1,1,1,0,0,1,1,0,1,1,0,1,1,0,1,0,1,1,1,1,0,0,0,0,0,0,0,0,0,0,0,1,0,1,1,1,0,0,1,0,1,1,0,0,0,0,0,1,0,1,0,0,0,0,1,1,0,0,1,0,1,1,0,1,0,0,1,1,1,1,0,0,0,
1,1,0,0,1,0,1,0,1,0,0,1,1,0,0,0,1,1,0,0,0,0,0,0,1,0,1,1,1,1,1,1,0,0,1,1,1,0,0,0,1,0,1,0,1,0,0,0,1,0,1,0,1,0,1,0,1,0,1,0,0,1,1,1,1,1,1,1,0,1,0,1,1,0,0,1,0,0,1,1,0,0,1,1,1,1,0,0,0,1,
1,1,1,0,0,1,0,1,1,1,1,1,0,0,1,0,1,1,1,1,1,0,1,0,0,1,1,0,1,0,0,1,0,0,0,1,1,1,1,1,0,1,0,1,1,1,0,0,0,1,1,1,1,0,1,1,1,0,0,0,1,1,1,1,1,0,1,1,0,0,1,1,1,0,1,0,0,0,0,0,0,0,1,1,0,1,0,1,0,1,
1,0,0,0,1,1,0,0,0,0,1,1,0,1,0,1,1,0,1,0,1,1,1,1,0,0,1,0,0,1,0,1,0,1,1,0,1,1,1,1,1,1,1,1,1,0,0,1,1,1,0,1,1,1,0,0,0,0,0,0,1,0,1,1,1,1,1,1,0,0,1,0,1,0,0,0,1,0,0,0,1,1,0,0,0,1,0,1,1,1,
0,0,0,1,1,1,1,0,1,0,1,0,0,1,0,1,0,0,1,1,0,0,1,0,0,0,1,0,1,1,1,1,1,1,1,0,1,1,0,1,0,0,0,1,0,1,0,0,0,1,1,0,1,1,1,0,0,0,1,0,1,1,0,1,0,0,1,1,1,0,1,0,1,0,1,1,0,1,0,1,1,1,0,0,1,1,0,0,1,0,
1,0,1,1,0,0,0,1,1,1,0,0,1,0,1,1,0,0,1,0,1,0,0,0,0,1,1,0,1,0,1,0,1,1,1,1,0,1,0,1,1,1,0,1,1,0,1,1,0,0,0,0,1,0,1,1,1,1,0,0,0,0,1,0,0,1,1,1,0,0,1,0,1,1,1,0,1,0,0,1,1,0,0,1,0,0,0,0,0,0,
0,0,1,0,1,0,0,0,0,1,1,1,0,0,1,1,1,0,1,1,1,1,1,0,0,1,0,0,1,0,0,0,0,0,1,1,0,0,1,0,1,0,0,1,1,0,1,1,1,1,1,1,1,0,0,0,0,1,1,0,1,1,0,0,1,1,1,1,1,1,0,1,1,0,1,1,0,1,1,1,1,1,1,1,0,0,1,0,1,1,
0,1,1,0,1,0,1,0,1,0,0,1,1,0,0,0,1,0,1,0,0,0,0,1,1,0,1,0,0,0,1,0,0,0,0,0,1,0,1,0,1,1,0,0,0,0,1,1,0,1,0,0,0,0,1,1,0,0,1,1,0,1,1,0,1,0,0,1,1,1,1,0,0,0,0,1,0,0,1,1,0,0,0,0,0,1,0,0,1,0,
0,0,0,1,0,1,0,1,1,1,1,1,0,1,0,0,0,0,1,0,0,0,0,0,1,0,0,1,1,0,1,0,1,1,1,1,1,0,0,0,0,0,0,1,0,0,0,1,1,1,0,1,1,1,1,1,0,0,0,0,0,0,1,1,0,0,1,1,0,1,0,0,1,1,0,1,1,0,1,0,0,1,1,0,0,0,0,0,0,1,
0,0,0,1,0,1,1,1,1,0,0,1,0,0,0,0,1,0,0,1,1,0,1,1,1,0,1,0,1,1,1,0,1,1,1,0,1,0,1,1,1,1,0,1,1,1,0,1,1,0,1,0,1,1,0,0,0,1,0,0,0,0,1,1,0,1,0,1,0,1,0,0,0,1,0,0,0,1,1,0,0,0,1,1,0,1,1,0,0,1,
0,1,0,1,1,0,0,0,1,0,1,1,1,1,1,1,0,0,1,0,1,1,0,0,1,0,1,0,0,1,0,1,0,0,1,1,1,1,0,1,1,0,1,0,1,1,0,1,0,0,0,0,1,0,0,1,0,1,0,0,1,0,0,0,1,1,1,1,0,1,0,1,0,0,0,0,1,0,1,0,1,1,1,0,0,1,0,1,1,0,

0,1,1,1,1,1,1,1,1,1,1,1,1,1,1,1,1,1,1,1,1,1,1,1,1,1,1,1,1,1,1,1,1,1,1,1,1,1,1,1,1,1,1,1,1,1,1,0,1,1,1,1,1,1,1,1,1,1,1,1,1,1,1,1,1,1,1,1,1,1,1,1,1,1,1,1,1,1,1,1,1,1,1,1,1,1,1,1,1,1,
1,0,1,1,1,1,1,1,1,1,1,1,1,1,1,1,1,1,1,1,1,1,1,1,1,1,1,1,1,1,1,1,1,1,0,1,1,1,1,1,0,0,1,1,1,1,1,0,1,1,1,1,1,1,1,1,1,1,1,1,1,1,1,1,0,1,1,1,1,1,1,1,1,1,1,1,1,1,1,1,1,1,1,1,1,1,1,1,1,1,
1,1,0,1,1,1,0,1,1,1,1,1,1,1,1,1,1,1,1,1,1,1,1,1,1,1,1,1,1,1,1,0,1,1,1,1,1,1,1,1,1,1,1,1,1,1,1,1,1,1,1,1,1,1,1,1,1,0,1,1,1,1,1,1,1,1,1,0,1,1,1,1,1,1,1,1,1,1,1,1,1,1,1,1,1,1,1,0,1,1,
1,1,1,0,1,0,1,1,1,1,1,1,1,1,1,1,1,1,1,1,1,1,1,1,1,1,1,1,1,1,1,1,1,1,1,1,1,1,1,0,1,1,0,1,0,1,1,1,1,1,1,1,1,1,1,1,1,1,1,1,1,1,1,1,1,1,1,1,1,1,1,1,1,1,1,1,1,1,1,1,1,1,1,1,1,1,1,1,1,1,
1,1,1,1,0,1,1,1,1,1,1,1,1,1,1,1,1,0,1,1,1,1,1,0,1,1,1,1,1,0,1,1,1,1,1,1,1,1,1,1,1,1,1,0,0,1,1,1,1,1,1,1,0,1,1,1,1,1,1,1,1,1,0,1,1,1,1,1,1,1,1,1,1,1,1,1,1,1,1,0,1,1,1,1,1,1,1,1,1,1,
1,1,1,0,1,0,1,1,1,1,1,1,1,1,1,1,1,1,1,1,1,1,1,1,1,1,1,1,1,1,1,1,1,1,1,1,1,1,1,1,1,1,1,1,1,1,1,1,1,1,1,0,1,1,1,1,1,1,1,1,1,1,1,1,1,1,1,1,0,1,1,1,1,1,1,1,1,1,1,1,1,1,1,1,1,1,1,1,1,1,
1,1,0,1,1,1,0,1,1,1,1,1,1,0,1,1,1,1,1,1,1,1,1,1,1,1,1,1,1,1,1,1,1,1,1,1,1,1,1,0,1,1,1,1,1,1,1,1,1,1,1,1,0,1,1,1,1,1,1,1,1,1,1,1,1,1,0,1,1,0,1,1,0,1,1,1,1,1,1,1,1,1,1,1,1,1,1,1,1,1,
1,1,1,1,1,1,1,0,1,1,1,1,1,1,1,1,1,1,1,1,1,1,1,1,1,1,1,1,1,1,1,1,1,1,1,1,1,1,0,1,1,1,1,1,1,1,1,1,1,0,1,1,1,1,1,1,1,1,1,1,1,1,0,1,1,1,1,1,1,1,1,1,1,1,1,1,1,1,1,1,1,1,1,1,1,1,1,1,1,1,
1,1,1,1,1,1,1,1,0,1,1,1,1,1,1,1,1,1,0,1,1,1,1,1,1,1,1,1,1,1,1,1,1,1,1,1,0,1,1,1,1,1,1,1,1,1,1,1,1,1,1,1,1,1,1,1,1,1,1,1,1,1,1,1,1,1,1,1,1,1,1,1,1,1,1,1,1,1,1,1,1,1,1,1,1,0,1,1,1,1,
1,1,1,1,1,1,1,1,1,0,1,1,1,1,1,1,1,1,1,1,1,1,1,1,1,0,1,1,1,1,1,1,1,0,1,1,1,1,1,1,1,1,1,0,1,1,0,1,1,1,1,1,1,1,1,1,1,1,1,1,1,1,1,1,1,1,1,1,1,1,1,1,1,1,1,1,1,1,1,1,1,1,1,1,1,1,1,1,1,1,
1,1,1,1,1,1,1,1,1,1,0,1,1,1,1,1,1,1,1,1,1,1,1,1,1,1,1,1,1,1,1,1,1,1,1,1,1,1,1,1,1,1,1,1,1,1,1,0,1,1,1,1,1,1,1,1,1,1,1,1,1,0,1,1,1,1,0,1,1,1,1,1,1,1,1,1,1,1,1,1,1,1,1,1,1,1,1,1,1,1,
1,1,1,1,1,1,1,1,1,1,1,0,1,1,1,0,1,1,0,1,1,1,1,1,1,1,1,1,1,1,1,1,1,1,1,1,1,1,1,1,1,1,1,1,1,1,1,1,1,1,1,1,1,1,1,1,1,1,1,1,1,1,1,1,1,1,1,1,1,1,1,1,1,1,1,0,1,1,0,1,1,1,1,0,1,1,1,1,1,1,
1,1,1,1,1,1,1,1,1,1,1,1,0,1,1,1,1,1,1,1,1,1,1,1,1,1,1,1,1,1,1,1,1,1,1,1,1,1,1,1,1,1,1,1,1,1,1,1,1,1,1,1,1,1,1,0,0,1,1,1,1,1,1,1,1,1,1,1,1,0,1,1,1,1,1,1,1,1,0,1,1,1,1,1,1,1,1,0,1,1,
1,1,1,1,1,1,0,1,1,1,1,1,1,0,1,1,1,1,1,1,1,1,1,1,1,1,1,1,1,1,1,1,1,1,1,1,1,1,1,0,1,1,1,1,1,1,1,1,1,1,1,1,0,1,1,1,1,1,1,1,1,1,1,1,1,1,1,0,1,1,1,1,1,1,1,1,1,1,1,1,1,1,1,1,1,0,1,1,1,1,
1,1,1,1,1,1,1,1,1,1,1,1,1,1,0,1,1,1,1,1,1,1,1,1,1,1,1,1,1,1,1,1,1,1,1,1,1,1,1,0,1,1,1,1,1,1,1,1,1,1,1,1,1,1,1,1,0,1,1,1,1,1,1,1,1,1,1,1,1,1,1,1,1,1,1,1,1,1,1,1,1,1,1,1,1,1,1,1,1,1,
1,1,1,1,1,1,1,1,1,1,1,0,1,1,1,0,1,1,1,1,1,0,1,1,1,1,1,1,1,1,1,1,1,1,1,1,1,1,1,1,1,0,1,1,1,1,1,1,1,1,0,1,1,1,1,1,1,1,1,1,1,1,1,1,1,1,1,1,1,1,1,1,1,1,1,1,1,1,1,1,1,1,1,1,1,1,1,1,1,1,
1,1,1,1,1,1,1,1,1,1,1,1,1,1,1,1,0,1,1,1,1,1,1,1,1,1,1,1,1,1,1,1,1,1,1,1,1,1,1,1,1,0,1,1,1,1,1,1,1,1,1,1,1,1,1,1,1,1,1,1,1,1,1,1,1,1,1,1,1,1,0,1,1,1,1,1,1,1,1,1,1,1,1,1,1,1,1,1,1,1,
1,1,1,1,0,1,1,1,1,1,1,1,1,1,1,1,1,0,1,1,1,1,1,1,1,1,1,1,1,1,1,1,1,1,1,1,1,1,1,1,1,1,1,1,1,1,1,1,1,1,1,1,1,1,1,1,1,1,1,1,1,1,1,1,1,1,1,1,1,1,1,1,1,1,1,1,1,1,1,1,1,1,1,1,1,1,0,0,1,1,
1,1,1,1,1,1,1,1,0,1,1,0,1,1,1,1,1,1,0,1,1,1,1,1,1,0,1,1,1,1,1,1,1,1,1,1,1,1,1,1,1,1,1,1,1,1,1,1,1,1,1,0,1,1,1,1,1,1,1,0,1,1,1,1,1,1,1,1,1,1,1,1,1,1,1,1,1,1,1,1,1,1,1,1,1,1,1,1,1,1,
1,1,1,1,1,1,1,1,1,1,1,1,1,1,1,1,1,1,1,0,1,1,1,1,0,1,1,1,1,0,1,1,1,1,1,1,1,1,0,1,1,1,1,1,1,1,1,1,1,0,1,1,1,1,1,1,1,1,1,1,1,1,1,1,1,1,1,1,1,1,1,1,1,1,1,1,1,1,1,1,1,1,1,1,1,1,1,1,1,1,
1,1,1,1,1,1,1,1,1,1,1,1,1,1,1,1,1,1,1,1,0,0,1,1,1,1,1,1,1,1,1,1,1,1,1,1,1,1,1,0,1,1,1,1,1,1,1,1,1,1,1,1,1,1,1,1,1,1,1,1,1,1,1,1,1,0,1,1,1,0,1,1,0,1,1,1,1,1,1,1,1,1,1,1,1,1,1,1,1,1,
1,1,1,1,1,1,1,1,1,1,1,1,1,1,1,0,1,1,1,1,0,0,1,1,1,1,1,1,1,1,1,1,1,1,1,1,1,1,1,1,1,1,1,1,1,0,1,1,1,1,1,1,1,1,1,1,1,1,1,1,1,1,1,1,0,1,1,1,1,1,1,1,1,1,1,1,1,1,1,1,0,1,1,1,1,1,1,1,1,1,
1,1,1,1,1,1,1,1,1,1,1,1,1,1,1,1,1,1,1,1,1,1,0,1,1,1,1,1,1,1,1,1,1,1,1,1,1,1,1,1,1,1,1,1,1,1,1,1,1,1,1,1,1,1,1,1,1,1,1,1,1,1,1,1,1,0,1,1,1,1,1,1,1,1,1,1,1,1,1,1,1,1,1,1,1,1,1,1,1,1,
1,1,1,1,0,1,1,1,1,1,1,1,1,1,1,1,1,1,1,1,1,1,1,0,1,1,1,1,1,1,1,1,1,1,1,1,1,1,1,1,1,1,1,1,1,1,1,1,1,1,1,1,1,1,1,1,1,1,1,1,1,1,1,1,1,1,1,1,1,1,1,1,1,1,1,1,1,1,1,1,1,0,1,1,1,1,1,1,1,1,
1,1,1,1,1,1,1,1,1,1,1,1,1,1,1,1,1,1,1,0,1,1,1,1,0,0,1,1,1,1,1,0,1,1,1,1,1,1,1,1,1,1,1,1,1,1,1,0,0,1,1,1,1,1,1,1,1,1,0,1,1,1,1,1,1,1,1,1,1,1,1,1,1,1,1,1,1,1,1,1,1,1,1,1,1,1,1,1,1,1,
1,1,1,1,1,1,1,1,1,0,1,1,1,1,1,1,1,1,0,1,1,1,1,1,0,0,1,1,1,1,1,1,1,1,1,1,1,1,1,1,1,1,1,1,1,1,1,1,1,1,1,1,1,1,1,1,1,1,1,1,1,1,1,1,1,1,1,1,1,1,1,1,1,1,1,1,1,1,1,1,1,1,1,1,1,1,1,1,1,1,
1,1,1,1,1,1,1,1,1,1,1,1,1,1,1,1,1,1,1,1,1,1,1,1,1,1,0,1,1,1,1,1,1,1,1,1,1,1,1,1,1,1,1,1,1,1,1,1,1,1,1,1,0,1,1,1,1,1,1,1,1,1,1,1,1,1,1,1,1,1,1,1,1,1,1,1,1,1,1,1,1,1,1,1,1,1,1,1,1,1,
1,1,1,1,1,1,1,1,1,1,1,1,1,1,1,1,1,1,1,1,1,1,1,1,1,1,1,0,1,1,1,1,1,1,1,1,1,1,1,1,1,1,1,1,1,1,1,1,1,1,1,1,1,1,1,1,1,1,1,1,1,1,1,1,1,1,1,1,1,1,1,1,1,1,1,1,1,1,1,1,1,1,1,1,1,1,1,1,1,1,
1,1,1,1,1,1,1,1,1,1,1,1,1,1,1,1,1,1,1,1,1,1,1,1,1,1,1,1,0,1,1,1,1,1,1,1,1,1,1,1,1,1,1,1,1,1,1,1,1,1,1,1,1,1,1,1,1,1,1,1,1,1,1,1,0,1,1,1,1,1,1,1,1,1,1,1,1,1,1,1,1,1,1,1,1,1,1,1,1,1,
1,1,1,1,0,1,1,1,1,1,1,1,1,1,1,1,1,1,1,0,1,1,1,1,1,1,1,1,1,0,1,1,1,1,1,1,1,1,1,1,1,1,1,1,1,1,1,1,1,1,0,1,1,1,1,1,1,1,1,1,1,1,1,1,1,1,1,1,1,1,1,1,1,1,1,1,1,1,1,1,1,1,1,1,1,0,1,1,1,1,
1,1,1,1,1,1,1,1,1,1,1,1,1,1,1,1,1,1,1,1,1,1,1,1,1,1,1,1,1,1,0,1,1,1,0,1,1,1,1,1,1,1,1,1,1,1,1,0,1,1,1,1,1,1,1,1,1,1,1,1,1,1,1,1,0,1,1,1,1,1,0,1,1,1,1,1,1,0,1,1,1,0,1,1,1,1,1,1,1,1,
1,1,0,1,1,1,1,1,1,1,1,1,1,1,1,1,1,1,1,1,1,1,1,1,0,1,1,1,1,1,1,0,1,1,1,1,0,0,1,1,1,1,1,1,1,1,1,1,1,1,1,1,1,1,1,1,1,1,1,1,1,1,1,1,1,1,1,1,1,1,1,1,1,1,1,1,1,1,1,1,1,1,1,1,1,1,1,1,1,1,
1,1,1,1,1,1,1,1,1,1,1,1,1,1,1,1,1,1,1,1,1,1,1,1,1,1,1,1,1,1,1,1,0,1,0,0,1,1,0,1,1,0,1,1,1,1,1,1,1,1,1,1,1,1,1,1,1,1,1,1,1,1,1,1,1,1,1,1,1,0,1,1,1,1,1,1,1,1,0,0,0,1,1,1,1,1,0,1,1,1,
1,1,1,1,1,1,1,1,1,0,1,1,1,1,1,1,1,1,1,1,1,1,1,1,1,1,1,1,1,1,1,1,1,0,0,1,1,1,1,1,1,1,1,1,1,1,1,1,1,1,1,1,1,1,1,1,1,1,1,1,1,1,1,1,1,1,1,1,1,1,1,1,1,1,1,1,1,1,1,1,1,0,1,1,1,1,1,1,1,1,
1,0,1,1,1,1,1,1,1,1,1,1,1,1,1,1,1,1,1,1,1,1,1,1,1,1,1,1,1,1,0,1,0,0,0,1,1,0,1,1,1,1,1,1,1,1,1,1,1,1,1,1,1,1,1,1,1,1,1,1,1,1,1,1,0,1,1,1,1,1,1,1,1,1,1,1,1,1,1,1,1,1,1,1,1,1,1,1,1,1,
1,1,1,1,1,1,1,1,1,1,1,1,1,1,1,1,1,1,1,1,1,1,1,1,1,1,1,1,1,1,1,1,0,1,1,0,1,1,1,1,1,1,1,1,1,1,1,1,1,1,1,1,1,1,1,1,1,1,1,1,1,1,1,1,1,1,1,1,1,1,1,1,1,1,1,1,1,1,1,1,1,1,1,1,1,1,1,1,1,1,
1,1,1,1,1,1,1,1,0,1,1,1,1,1,1,1,1,1,1,1,1,1,1,1,1,1,1,1,1,1,1,0,1,1,1,1,0,1,0,0,0,1,1,1,1,1,1,1,1,1,1,0,1,1,1,1,1,1,1,0,1,1,1,0,1,1,1,1,1,1,0,1,1,1,1,1,1,1,1,1,1,1,1,1,0,1,1,1,1,1,
1,1,1,1,1,1,1,1,1,1,1,1,1,1,1,1,1,1,1,1,1,1,1,1,1,1,1,1,1,1,1,0,1,1,0,1,1,0,1,1,1,1,1,1,1,1,0,1,1,1,1,1,1,1,1,1,1,1,1,1,1,1,1,1,1,1,1,1,1,1,1,1,1,1,1,1,1,1,1,1,1,1,1,1,1,1,1,1,1,1,
1,1,1,1,1,1,1,0,1,1,1,1,1,1,1,1,1,1,1,0,1,1,1,1,1,1,1,1,1,1,1,1,0,1,1,1,0,1,0,1,0,1,1,1,1,1,1,1,1,1,1,1,1,1,1,1,1,1,1,1,0,1,1,1,1,1,1,1,1,1,1,1,0,1,1,1,1,1,1,1,1,1,1,1,1,1,1,1,1,1,
1,1,1,0,1,1,0,1,1,1,1,1,1,0,0,1,1,1,1,1,0,1,1,1,1,1,1,1,1,1,1,1,1,1,1,1,0,1,1,0,1,1,1,1,1,1,1,0,1,1,1,1,1,0,1,1,1,1,1,1,1,1,1,1,1,1,1,1,1,1,1,1,1,1,1,0,1,1,1,1,0,1,1,1,1,1,0,1,1,1,
1,0,1,1,1,1,1,1,1,1,1,1,1,1,1,1,1,1,1,1,1,1,1,1,1,1,1,1,1,1,1,1,1,1,1,1,0,1,0,1,0,1,1,1,1,1,1,1,1,1,1,0,1,1,1,1,1,1,1,1,1,1,1,1,1,1,1,1,1,0,1,1,1,1,1,1,1,1,1,1,1,1,1,1,1,1,1,1,1,1,
1,0,1,1,1,1,1,1,1,1,1,1,1,1,1,0,0,1,1,1,1,1,1,1,1,1,1,1,1,1,1,1,0,1,1,1,1,1,1,1,1,0,1,1,1,0,1,1,1,1,1,1,1,1,1,1,1,1,1,1,1,1,0,1,1,1,0,1,1,1,1,1,1,0,1,1,1,1,1,1,1,1,1,1,1,1,1,1,1,0,
1,1,1,0,1,1,1,1,1,1,1,1,1,1,1,1,1,1,1,1,1,1,1,1,1,1,1,1,1,1,1,1,1,1,1,1,1,1,1,1,1,1,0,1,1,1,1,1,1,0,1,1,1,1,1,1,1,1,1,1,1,1,1,1,1,1,1,1,1,1,1,1,1,1,1,1,1,1,1,1,1,1,1,1,1,1,1,0,1,1,
1,1,1,1,0,1,1,1,1,0,1,1,1,1,1,1,1,1,1,1,1,1,1,1,1,1,1,1,1,1,1,1,1,1,1,1,1,1,1,1,1,1,1,0,1,1,1,1,1,1,1,1,1,1,1,1,1,1,1,0,1,1,1,0,1,1,0,1,1,1,1,1,1,1,1,1,1,0,1,1,1,1,1,1,1,1,1,1,1,1,
1,1,1,0,0,1,1,1,1,1,1,1,1,1,1,1,1,1,1,1,1,1,1,1,1,1,1,1,1,1,1,1,1,1,1,1,1,1,1,1,1,1,1,1,0,1,0,1,1,1,1,1,1,1,1,1,1,1,1,0,1,1,1,1,1,1,1,1,1,1,1,1,1,1,1,1,1,1,1,1,1,1,1,1,1,1,1,1,1,1,
1,1,1,1,1,1,1,1,1,1,1,1,1,1,1,1,1,1,1,1,1,0,1,1,1,1,1,1,1,1,1,1,1,1,1,1,1,1,1,1,1,0,1,1,1,0,1,1,1,1,1,1,1,1,1,1,1,1,1,1,1,1,1,1,1,1,1,1,1,1,1,1,1,1,1,1,1,1,1,1,1,1,1,1,0,1,0,1,1,1,
1,1,1,1,1,1,1,1,1,0,1,1,1,1,1,1,1,1,1,1,1,1,1,1,1,1,1,1,1,1,1,1,1,1,1,1,1,0,1,1,1,1,1,1,0,1,0,1,1,1,1,1,1,1,1,1,1,1,1,1,1,1,1,1,1,1,1,1,1,1,1,1,1,1,1,1,1,1,1,1,1,0,1,1,1,1,1,1,1,1,
0,0,1,1,1,1,1,1,1,1,0,1,1,1,1,1,1,1,1,1,1,1,1,1,0,1,1,1,1,1,0,1,1,1,1,1,1,1,1,0,1,1,1,1,1,1,1,0,1,1,1,1,1,1,1,1,1,1,1,1,1,1,1,1,1,1,1,1,1,1,1,1,1,1,1,1,1,1,1,0,1,1,1,1,1,1,1,1,1,1,
1,1,1,1,1,1,1,1,1,1,1,1,1,1,1,1,1,1,1,1,1,1,1,1,0,1,1,1,1,1,1,1,1,1,1,1,1,1,1,1,1,1,1,1,1,1,1,1,0,1,0,1,1,1,1,1,1,1,1,0,1,1,1,1,1,1,1,1,1,1,1,0,1,1,1,1,1,1,1,1,1,1,1,0,1,1,1,1,1,1,
1,1,1,1,1,1,1,0,1,1,1,1,1,1,1,1,1,1,1,0,1,1,1,1,1,1,1,1,1,1,1,1,1,1,1,1,1,1,1,1,1,1,0,1,1,1,1,1,1,0,1,1,1,1,1,1,0,1,1,1,1,1,1,1,0,0,1,1,1,1,1,1,1,0,1,1,1,0,1,1,1,1,1,1,1,1,1,1,1,1,
1,1,1,1,1,1,1,1,1,1,1,1,1,1,1,0,1,1,1,1,1,1,1,1,1,1,1,1,1,0,1,1,1,1,1,1,1,1,1,1,1,1,1,1,1,1,1,1,0,1,0,1,1,1,1,1,1,1,1,1,1,1,1,1,1,1,1,1,1,1,1,1,1,1,1,1,1,1,1,1,1,1,1,1,1,1,1,1,1,1,
1,1,1,1,1,0,1,1,1,1,1,1,1,1,1,1,1,1,0,1,1,1,1,1,1,1,1,1,1,1,1,1,1,1,1,1,0,1,1,1,0,1,1,1,1,1,1,1,1,1,1,0,1,1,1,1,1,1,1,1,1,1,1,1,1,1,1,1,1,1,1,1,1,1,1,1,1,1,1,1,1,1,1,1,1,1,1,1,1,0,
1,1,1,1,0,1,0,1,1,1,1,1,1,0,1,1,1,1,1,1,1,1,1,1,1,1,0,1,1,1,1,1,1,1,1,1,1,1,1,1,1,1,1,1,1,1,1,1,1,1,1,1,0,1,1,1,1,1,1,1,1,1,1,1,1,1,1,1,1,1,1,0,1,1,1,1,1,0,0,1,1,1,1,1,1,1,1,1,1,1,
1,1,1,1,1,1,1,1,1,1,1,1,1,1,1,1,1,1,1,1,1,1,1,1,1,1,1,1,1,1,1,1,1,1,1,1,1,1,1,0,1,1,1,1,1,1,1,1,1,1,1,1,1,0,1,1,1,1,1,1,1,1,1,1,1,1,1,1,1,1,1,1,1,1,1,1,1,1,1,1,1,1,1,1,1,1,1,1,1,1,
1,1,1,1,1,1,1,1,1,1,1,1,1,1,1,1,1,1,1,1,1,1,1,1,1,1,1,1,1,1,1,1,1,1,1,1,1,1,1,1,1,1,1,1,1,1,1,1,1,1,1,1,1,1,0,1,1,0,1,1,1,1,1,1,1,1,1,1,1,1,1,1,1,1,1,1,1,1,1,1,1,1,0,1,1,1,1,1,1,1,
1,1,1,1,1,1,1,1,1,1,1,1,0,1,1,1,1,1,1,1,1,1,1,1,1,1,1,1,1,1,1,1,1,1,1,1,1,1,1,1,1,1,1,1,1,1,1,1,1,1,1,1,1,1,1,0,1,1,0,1,1,1,1,1,1,1,1,1,1,1,1,1,1,1,1,1,1,0,1,1,1,1,1,1,1,1,1,1,1,1,
1,1,1,1,1,1,1,1,1,1,1,1,0,1,0,1,1,1,1,1,1,1,1,1,1,1,1,1,1,1,1,1,1,1,1,1,1,1,1,1,1,1,1,1,1,1,1,1,1,0,1,1,1,1,1,1,0,1,1,1,1,1,1,0,1,1,1,0,1,1,1,1,1,1,1,1,1,1,1,1,1,1,1,0,1,1,1,1,1,1,
1,1,0,1,1,1,1,1,1,1,1,1,1,1,1,1,1,1,1,1,1,1,1,1,1,1,1,1,1,1,1,1,1,1,1,1,1,1,1,1,1,1,1,1,1,1,1,1,1,1,1,1,1,1,0,1,1,0,1,1,1,1,1,0,1,1,1,1,1,1,1,1,1,1,1,1,1,1,1,1,1,1,1,1,1,1,1,1,1,1,
1,1,1,1,1,1,1,1,1,1,1,1,1,1,1,1,1,1,1,1,1,1,1,1,0,1,1,1,1,1,1,1,1,1,1,1,1,1,1,1,1,1,1,1,1,1,1,1,1,1,1,1,1,1,1,0,1,1,0,1,1,1,1,1,1,1,1,1,1,1,1,1,1,1,1,1,1,1,0,1,1,1,1,1,1,1,1,1,1,1,
1,1,1,1,1,1,1,1,1,1,1,1,1,1,1,1,1,1,0,1,1,1,1,1,1,1,1,1,1,1,1,1,1,1,1,1,0,1,1,1,1,1,1,0,0,1,1,1,0,1,1,1,1,1,1,1,1,1,1,0,0,1,1,1,1,1,1,1,1,1,0,1,1,1,1,1,1,1,1,1,1,1,1,0,1,1,1,1,1,1,
1,1,1,1,1,1,1,1,1,1,1,1,1,1,1,1,1,1,1,1,1,1,1,1,1,1,1,1,1,1,1,1,1,1,1,1,1,1,0,1,1,1,1,1,1,1,1,1,1,1,1,1,1,1,1,1,1,1,1,0,0,1,1,1,1,1,1,1,1,1,1,1,1,1,1,1,1,1,1,1,1,1,1,1,1,1,1,1,1,1,
1,1,1,1,1,1,1,1,1,1,0,1,1,1,1,1,1,1,1,1,1,1,1,1,1,1,1,1,1,1,1,1,1,1,1,1,1,1,1,1,1,1,1,1,1,1,1,1,1,1,1,1,1,1,1,1,1,1,1,1,1,0,1,1,0,1,1,1,1,1,1,1,1,1,1,1,1,1,1,1,1,1,1,1,1,1,1,0,1,0,
1,1,1,1,0,1,1,0,1,1,1,1,1,1,1,1,1,1,1,1,1,1,1,1,1,1,1,1,1,1,1,1,1,1,1,1,1,1,1,1,1,0,1,1,1,1,1,1,1,1,1,1,1,1,1,1,1,1,1,1,1,1,0,1,1,1,1,1,1,1,1,1,1,1,1,1,1,1,1,0,1,1,1,1,1,1,1,1,1,1,
1,1,1,1,1,1,1,1,1,1,1,1,1,1,1,1,1,1,1,1,1,1,1,1,1,1,1,1,1,1,1,1,1,1,1,1,0,1,1,1,1,1,1,0,1,1,1,1,1,1,1,1,1,1,1,1,0,0,1,1,1,1,1,0,1,1,0,1,1,1,1,1,0,1,1,1,1,1,1,1,1,1,1,1,1,1,1,1,1,0,
1,0,1,1,1,1,1,1,1,1,1,1,1,1,1,1,1,1,1,1,1,0,1,1,1,1,1,1,0,1,0,1,1,1,0,1,1,1,1,1,1,1,1,1,1,1,1,1,1,0,1,1,1,1,1,1,1,1,1,1,1,0,1,1,0,1,1,1,1,1,1,1,1,1,1,1,1,1,1,1,1,1,1,1,1,1,1,1,1,1,
1,1,1,1,1,1,1,1,1,1,1,1,1,1,1,1,1,1,1,1,0,1,0,1,1,1,1,1,1,1,1,1,1,1,1,1,1,1,1,1,1,1,1,1,1,1,1,1,1,0,1,1,1,1,1,1,1,1,1,1,1,1,1,1,1,0,1,1,1,1,1,1,1,1,1,0,1,1,1,1,1,1,1,1,1,1,1,1,1,1,
1,1,1,1,1,1,0,1,1,1,0,1,1,1,1,1,1,1,1,1,1,1,1,1,1,1,1,1,1,1,1,1,1,1,1,1,1,1,1,1,1,0,1,0,1,1,1,1,1,1,1,1,1,1,1,1,1,1,1,1,1,1,1,0,1,1,0,1,1,1,1,1,1,1,1,1,1,1,1,1,1,1,1,1,1,1,1,1,1,1,
1,1,0,1,1,1,1,1,1,1,1,1,1,0,1,1,1,1,1,1,1,1,1,1,1,1,1,1,1,1,1,1,1,1,1,1,1,1,1,1,1,1,1,1,1,1,1,1,1,1,1,1,1,1,1,1,0,1,1,1,1,1,1,1,1,1,1,0,1,1,1,1,1,1,1,1,1,1,1,1,1,1,1,1,1,1,1,1,1,1,
1,1,1,1,1,0,1,1,1,1,1,1,1,1,1,1,1,1,1,1,1,1,1,1,1,1,1,1,1,1,1,1,1,1,1,1,1,1,1,1,1,1,1,1,1,1,1,1,1,1,1,1,1,1,1,1,1,1,1,1,1,1,1,1,1,1,1,1,0,1,1,1,1,1,1,1,1,1,1,1,1,1,1,1,1,1,1,1,0,1,
1,1,1,1,1,1,0,1,1,1,1,1,0,1,1,1,1,1,1,1,0,1,1,1,1,1,1,1,1,1,1,1,0,1,1,1,1,1,1,1,0,1,1,1,1,1,1,1,1,1,1,1,1,1,1,1,1,1,1,1,1,1,1,1,1,1,1,1,1,0,1,1,1,1,1,1,1,1,1,1,1,1,1,1,1,1,1,1,1,1,
1,1,1,1,1,1,1,1,1,1,1,1,1,1,1,1,0,1,1,1,1,1,1,1,1,1,1,1,1,1,0,1,1,1,1,1,0,1,1,1,1,1,1,1,1,1,1,1,1,1,1,1,1,1,1,1,1,1,1,0,1,1,1,1,1,1,1,1,1,1,0,1,0,1,1,1,1,1,1,1,1,1,1,1,1,1,1,1,1,1,
1,1,1,1,1,1,1,1,1,1,1,1,1,1,1,1,1,1,1,1,1,1,1,1,1,1,1,1,1,1,1,1,1,1,1,1,1,1,1,1,1,1,1,1,1,1,1,1,0,1,1,1,0,1,1,1,1,1,1,1,1,1,1,1,1,1,1,1,1,1,1,0,1,1,1,1,1,1,1,1,1,1,1,1,1,1,1,1,1,1,
1,1,1,1,1,1,0,1,1,1,1,1,1,1,1,1,1,1,1,1,0,1,1,1,1,1,1,1,1,1,1,1,1,1,1,1,1,1,0,1,1,1,1,1,1,1,1,1,1,1,1,1,1,1,1,1,1,1,1,1,1,1,1,0,1,1,1,1,1,1,0,1,0,1,0,1,1,1,1,1,1,1,1,1,1,1,1,1,0,1,
1,1,1,1,1,1,1,1,1,1,1,1,1,1,1,1,1,1,1,1,1,1,1,1,1,1,1,1,1,1,1,1,1,1,1,1,1,1,1,1,1,0,1,1,1,1,1,1,1,0,1,1,1,1,1,1,1,1,1,1,1,1,1,1,1,1,1,1,1,1,1,1,1,0,1,1,1,1,1,1,1,1,0,1,1,1,1,1,1,1,
1,1,1,1,1,1,1,1,1,1,1,1,1,1,1,1,1,1,1,1,1,1,1,1,1,1,1,1,1,1,1,1,1,1,1,1,1,1,1,1,1,1,1,1,1,1,1,1,1,1,1,1,1,1,1,1,1,1,1,1,1,1,1,1,1,1,1,1,1,1,1,1,0,1,0,1,1,1,1,0,1,1,1,1,1,1,1,1,1,1,
1,1,1,1,1,1,1,1,1,1,1,0,1,1,1,1,1,1,1,1,1,1,1,1,1,1,1,1,1,1,1,1,1,1,1,1,1,1,1,0,1,1,1,1,1,1,1,1,1,1,1,1,1,1,1,1,1,1,1,1,1,1,1,1,1,0,1,1,1,1,1,1,1,1,1,0,1,1,1,1,1,1,0,1,1,1,1,1,0,1,
1,1,1,1,1,1,1,1,1,1,1,1,1,1,1,1,1,1,1,1,1,1,1,1,1,1,1,1,1,1,1,1,1,1,1,1,1,1,1,1,1,1,1,1,1,1,1,1,1,1,1,1,1,1,1,1,1,1,1,1,1,1,1,1,1,1,1,1,1,1,1,1,1,1,1,1,0,1,1,1,1,1,1,1,1,1,1,1,1,1,
1,1,1,1,1,1,1,1,1,1,1,1,1,1,1,1,1,1,1,1,1,1,1,1,1,1,1,1,1,1,0,1,1,1,1,1,1,1,1,1,1,1,1,0,1,1,1,1,1,0,1,1,0,1,1,0,1,1,1,1,1,1,1,1,1,1,1,1,1,1,1,1,1,1,1,1,1,0,1,1,1,0,0,1,1,1,1,1,1,0,
1,1,1,1,1,1,1,1,1,1,1,0,0,1,1,1,1,1,1,1,1,1,1,1,1,1,1,1,1,1,1,1,0,1,1,1,1,1,1,1,1,1,1,1,1,1,1,1,1,1,1,1,0,1,1,1,1,1,0,1,1,1,1,1,1,1,1,1,1,1,1,1,1,1,1,1,1,1,0,1,1,1,1,0,1,1,1,1,1,1,
1,1,1,1,0,1,1,1,1,1,1,1,1,1,1,1,1,1,1,1,1,1,1,1,1,1,1,1,1,1,1,1,0,1,1,1,1,1,1,1,1,1,1,1,1,1,1,0,1,1,1,1,1,1,1,1,1,1,1,1,1,1,0,1,1,1,1,1,1,1,1,1,1,1,0,1,1,1,1,0,1,1,1,1,1,1,1,1,1,1,
1,1,1,1,1,1,1,1,1,1,1,1,1,1,1,1,1,1,1,1,1,0,1,1,1,1,1,1,1,1,1,1,0,1,1,1,1,1,1,0,1,1,1,1,1,1,1,1,1,1,1,1,1,1,1,1,1,1,1,1,1,1,1,1,1,1,1,1,1,1,1,1,1,1,1,1,1,1,1,1,0,1,1,1,1,1,0,0,1,1,
1,1,1,1,1,1,1,1,1,1,1,1,1,1,1,1,1,1,1,1,1,1,1,0,1,1,1,1,1,1,0,1,1,0,1,1,1,1,1,1,1,1,1,1,1,1,0,1,1,1,1,1,1,1,1,1,1,1,1,1,1,1,1,1,1,1,1,1,1,1,1,1,1,1,1,1,1,0,1,1,1,0,1,1,1,1,1,1,1,1,
1,1,1,1,1,1,1,1,1,1,1,1,1,1,1,1,1,1,1,1,1,1,1,1,1,1,1,1,1,1,1,1,1,1,1,1,1,1,1,1,1,1,1,1,1,1,1,1,1,1,1,1,1,1,0,1,1,1,1,1,1,1,1,1,1,1,1,1,1,1,1,1,1,0,1,0,1,0,1,1,1,1,0,1,0,1,1,1,1,1,
1,1,1,1,1,1,1,1,1,1,1,0,1,1,1,1,1,1,1,1,1,1,1,1,1,1,1,1,1,1,1,1,1,1,1,1,1,1,1,1,1,1,1,1,1,1,1,1,0,1,1,1,1,1,1,1,0,1,1,0,1,1,1,1,1,1,1,1,1,1,1,1,1,1,1,1,1,1,0,1,1,1,1,0,1,1,1,1,1,1,
1,1,1,1,1,1,1,1,1,1,1,1,1,1,1,1,1,1,1,1,1,1,1,1,1,1,1,1,1,1,1,1,1,1,1,1,0,1,1,1,1,1,1,1,1,0,1,1,1,1,1,1,1,1,1,1,1,1,1,1,1,1,1,1,1,1,1,1,1,1,1,1,1,1,1,1,1,1,1,1,1,1,0,1,0,1,0,1,1,1,
1,1,1,1,1,1,1,1,0,1,1,1,1,0,1,1,1,1,1,1,1,1,1,1,1,1,1,1,1,0,1,1,1,1,1,1,1,1,1,1,1,1,1,1,1,1,1,1,1,1,1,1,1,1,1,1,1,1,1,1,1,1,1,1,1,1,1,1,1,1,1,1,1,1,1,1,1,1,1,1,1,1,1,1,1,0,1,0,1,1,
1,1,1,1,1,1,1,1,1,1,1,1,1,1,1,1,1,0,1,1,1,1,1,1,1,1,1,1,1,1,1,1,0,1,1,1,1,1,1,0,1,1,1,1,1,0,1,1,1,1,1,1,1,1,1,1,1,1,1,1,1,1,1,1,1,1,1,1,1,1,1,1,1,1,1,1,1,1,1,1,0,1,1,1,0,1,0,1,1,1,
1,1,0,1,1,1,1,1,1,1,1,1,0,1,1,1,1,0,1,1,1,1,1,1,1,1,1,1,1,1,1,1,1,1,1,1,1,1,1,1,1,1,0,1,1,1,1,1,1,1,1,1,1,1,1,1,1,1,1,1,1,0,1,1,1,1,1,1,1,1,1,1,1,1,1,1,1,1,1,1,0,1,1,1,1,0,1,0,1,1,
1,1,1,1,1,1,1,1,1,1,1,1,1,1,1,1,1,1,1,1,1,1,1,1,1,1,1,1,1,1,1,1,1,1,1,1,1,1,1,1,1,1,1,1,1,1,1,1,1,1,1,1,1,1,1,1,1,1,1,1,1,1,1,1,1,1,1,1,0,1,1,1,0,1,1,0,1,1,1,1,1,1,1,1,1,1,1,1,0,1,
1,1,1,1,1,1,1,1,1,1,1,1,1,1,1,1,1,1,1,1,1,1,1,1,1,1,1,1,1,1,1,1,1,1,1,1,1,1,1,1,1,0,1,1,1,1,1,1,1,1,1,0,1,1,1,1,1,1,1,1,1,0,1,0,1,1,1,1,1,1,1,1,1,1,1,1,1,0,1,1,1,1,1,1,1,1,1,1,1,0,

    Time: 2025-02-15 07:02:36
Program is infeasible due to the odd hole: 2,13,87,67,85,
    Time: 2025-02-15 07:02:36



Status:Unknown
Program finished OK!
    Time: 2025-02-15 07:02:36
