ODD_HOLE_TERMINATION_PERCENTAGE is set to 999
Program searches for ALL odd holes and odd antiholes
==============================================
n:                                    40
ODD_HOLE_TERMINATION_PERCENTAGE:      999
ODD_HOLE_TERMINATION_BATCH_SIZE:      0
ODD_ANTI_HOLE_TERMINATION_BATCH_SIZE: 0
==============================================
0,1,0,0,0,0,0,0,0,0,0,0,0,0,0,0,0,1,1,0,1,0,0,0,0,0,0,0,0,0,1,0,1,1,0,0,1,0,0,0,
1,0,0,0,0,0,0,0,0,1,0,1,0,0,0,1,0,0,0,1,0,0,0,0,1,0,0,0,0,1,0,0,0,0,1,0,0,1,0,1,
0,0,0,0,0,0,0,0,1,0,0,1,1,0,0,0,0,0,0,1,0,0,0,0,0,0,0,0,0,1,0,0,0,0,0,0,1,0,0,0,
0,0,0,0,1,0,0,0,1,0,0,1,0,0,0,0,0,0,1,1,0,0,0,0,1,0,0,0,0,0,0,1,0,0,1,0,0,1,0,0,
0,0,0,1,0,0,0,1,0,0,0,0,1,0,0,1,0,0,1,1,0,0,0,0,1,0,0,0,1,1,0,0,0,0,0,1,0,0,0,0,
0,0,0,0,0,0,1,0,0,0,0,1,1,0,0,0,1,0,0,0,0,0,0,0,0,1,1,1,0,0,0,0,1,0,0,0,1,0,0,0,
0,0,0,0,0,1,0,0,0,1,0,0,0,0,0,0,0,0,0,0,0,0,1,0,0,0,0,1,1,0,0,0,0,1,0,0,0,0,0,1,
0,0,0,0,1,0,0,0,1,1,0,0,0,0,0,1,0,1,1,0,1,0,0,1,1,0,1,0,0,0,0,1,0,0,1,0,0,1,1,1,
0,0,1,1,0,0,0,1,0,0,0,0,0,1,0,1,0,0,0,1,1,0,0,0,0,0,0,0,0,1,0,0,1,0,0,0,0,1,0,0,
0,1,0,0,0,0,1,1,0,0,0,1,1,0,0,0,0,1,1,1,0,0,0,0,0,0,0,0,1,0,1,0,0,0,0,0,0,0,1,1,
0,0,0,0,0,0,0,0,0,0,0,0,1,1,0,0,0,0,0,0,0,1,0,0,0,0,0,1,0,0,0,0,1,1,0,0,0,0,0,0,
0,1,1,1,0,1,0,0,0,1,0,0,1,1,0,1,0,1,1,1,0,0,0,0,0,1,1,0,1,0,1,0,1,0,0,0,0,1,1,0,
0,0,1,0,1,1,0,0,0,1,1,1,0,0,1,0,0,1,0,0,0,0,0,0,0,1,0,0,1,0,0,0,0,0,0,0,0,0,0,0,
0,0,0,0,0,0,0,0,1,0,1,1,0,0,1,0,1,1,0,0,0,1,0,0,1,0,0,0,0,0,0,0,0,0,0,1,0,0,0,0,
0,0,0,0,0,0,0,0,0,0,0,0,1,1,0,0,0,0,1,0,1,0,0,0,0,0,0,0,1,1,1,0,0,0,1,0,0,0,0,0,
0,1,0,0,1,0,0,1,1,0,0,1,0,0,0,0,0,1,0,1,0,0,0,0,0,0,1,0,0,0,0,0,0,0,0,0,0,0,1,0,
0,0,0,0,0,1,0,0,0,0,0,0,0,1,0,0,0,1,0,1,0,0,0,1,0,0,1,0,0,0,0,0,0,0,1,0,1,0,0,1,
1,0,0,0,0,0,0,1,0,1,0,1,1,1,0,1,1,0,0,1,0,0,0,0,0,0,0,0,0,0,0,1,0,0,1,1,0,0,1,0,
1,0,0,1,1,0,0,1,0,1,0,1,0,0,1,0,0,0,0,1,0,0,0,0,0,0,0,1,0,0,0,0,0,1,0,0,0,0,0,0,
0,1,1,1,1,0,0,0,1,1,0,1,0,0,0,1,1,1,1,0,0,0,0,1,1,0,0,0,0,0,1,0,0,0,0,0,0,0,0,1,
1,0,0,0,0,0,0,1,1,0,0,0,0,0,1,0,0,0,0,0,0,0,0,1,0,0,0,0,0,0,1,0,0,1,0,1,0,0,0,0,
0,0,0,0,0,0,0,0,0,0,1,0,0,1,0,0,0,0,0,0,0,0,0,0,0,0,0,1,0,0,0,0,1,0,0,0,0,1,0,0,
0,0,0,0,0,0,1,0,0,0,0,0,0,0,0,0,0,0,0,0,0,0,0,1,0,0,0,0,0,0,0,0,0,0,1,0,1,0,0,0,
0,0,0,0,0,0,0,1,0,0,0,0,0,0,0,0,1,0,0,1,1,0,1,0,0,0,0,0,0,0,0,0,0,1,0,0,1,0,0,0,
0,1,0,1,1,0,0,1,0,0,0,0,0,1,0,0,0,0,0,1,0,0,0,0,0,1,0,0,0,0,0,1,0,1,1,0,0,0,1,0,
0,0,0,0,0,1,0,0,0,0,0,1,1,0,0,0,0,0,0,0,0,0,0,0,1,0,1,0,0,0,1,0,1,0,0,0,1,0,1,0,
0,0,0,0,0,1,0,1,0,0,0,1,0,0,0,1,1,0,0,0,0,0,0,0,0,1,0,0,0,0,1,0,0,0,0,0,0,1,0,0,
0,0,0,0,0,1,1,0,0,0,1,0,0,0,0,0,0,0,1,0,0,1,0,0,0,0,0,0,0,0,1,0,1,0,1,0,0,1,0,0,
0,0,0,0,1,0,1,0,0,1,0,1,1,0,1,0,0,0,0,0,0,0,0,0,0,0,0,0,0,0,0,1,0,0,0,0,0,1,1,0,
0,1,1,0,1,0,0,0,1,0,0,0,0,0,1,0,0,0,0,0,0,0,0,0,0,0,0,0,0,0,1,0,0,1,0,0,0,0,1,0,
1,0,0,0,0,0,0,0,0,1,0,1,0,0,1,0,0,0,0,1,1,0,0,0,0,1,1,1,0,1,0,0,0,1,0,1,0,0,0,0,
0,0,0,1,0,0,0,1,0,0,0,0,0,0,0,0,0,1,0,0,0,0,0,0,1,0,0,0,1,0,0,0,0,0,1,0,0,0,0,0,
1,0,0,0,0,1,0,0,1,0,1,1,0,0,0,0,0,0,0,0,0,1,0,0,0,1,0,1,0,0,0,0,0,0,0,0,1,0,0,0,
1,0,0,0,0,0,1,0,0,0,1,0,0,0,0,0,0,0,1,0,1,0,0,1,1,0,0,0,0,1,1,0,0,0,0,0,0,0,0,0,
0,1,0,1,0,0,0,1,0,0,0,0,0,0,1,0,1,1,0,0,0,0,1,0,1,0,0,1,0,0,0,1,0,0,0,0,0,0,1,0,
0,0,0,0,1,0,0,0,0,0,0,0,0,1,0,0,0,1,0,0,1,0,0,0,0,0,0,0,0,0,1,0,0,0,0,0,0,0,1,1,
1,0,1,0,0,1,0,0,0,0,0,0,0,0,0,0,1,0,0,0,0,0,1,1,0,1,0,0,0,0,0,0,1,0,0,0,0,0,1,1,
0,1,0,1,0,0,0,1,1,0,0,1,0,0,0,0,0,0,0,0,0,1,0,0,0,0,1,1,1,0,0,0,0,0,0,0,0,0,0,0,
0,0,0,0,0,0,0,1,0,1,0,1,0,0,0,1,0,1,0,0,0,0,0,0,1,1,0,0,1,1,0,0,0,0,1,1,1,0,0,1,
0,1,0,0,0,0,1,1,0,1,0,0,0,0,0,0,1,0,0,1,0,0,0,0,0,0,0,0,0,0,0,0,0,0,0,1,1,0,1,0,

0,1,1,1,1,1,1,0,1,1,1,1,0,0,1,1,1,1,1,1,1,1,0,1,1,1,1,1,1,1,1,1,1,1,1,1,1,1,1,1,
1,0,1,1,1,1,1,1,1,1,0,1,1,0,1,1,1,1,1,1,1,1,1,1,1,1,1,1,1,1,1,1,1,1,1,1,1,1,1,1,
1,1,0,1,1,1,1,1,1,0,1,1,1,1,1,1,1,1,1,1,1,1,1,1,1,1,1,1,1,1,1,1,1,1,1,1,1,1,1,1,
1,1,1,0,1,1,1,1,1,1,1,1,1,1,1,1,1,0,1,1,1,1,1,1,1,1,1,1,1,1,1,1,0,1,1,1,1,1,1,1,
1,1,1,1,0,1,1,1,1,1,1,1,1,1,1,1,1,1,1,1,1,1,1,1,1,1,0,1,1,1,1,1,1,1,1,1,1,1,1,0,
1,1,1,1,1,0,1,1,1,1,1,1,1,1,1,1,1,1,1,1,1,1,1,1,1,1,1,1,1,1,1,1,1,1,0,1,1,1,1,1,
1,1,1,1,1,1,0,1,1,1,1,1,1,1,1,1,1,1,1,1,0,1,1,1,1,1,1,1,1,1,1,1,1,1,1,1,1,1,1,1,
0,1,1,1,1,1,1,0,1,1,1,1,1,1,1,1,0,1,1,1,1,1,1,1,1,1,1,1,1,1,1,1,1,1,1,1,1,1,1,1,
1,1,1,1,1,1,1,1,0,1,1,1,1,1,1,1,1,1,1,1,1,1,1,1,1,1,1,1,1,1,1,1,1,1,1,0,1,1,1,1,
1,1,0,1,1,1,1,1,1,0,1,1,1,1,1,1,1,1,1,1,1,1,1,1,1,1,0,0,1,1,1,1,1,1,1,1,1,1,1,1,
1,0,1,1,1,1,1,1,1,1,0,1,1,1,1,1,1,1,1,0,1,1,0,1,1,1,1,1,0,1,1,1,1,1,1,1,1,1,1,1,
1,1,1,1,1,1,1,1,1,1,1,0,1,1,1,1,1,1,1,1,0,1,0,1,1,1,1,1,1,0,1,1,1,1,1,1,1,1,1,0,
0,1,1,1,1,1,1,1,1,1,1,1,0,1,1,1,1,1,1,1,1,1,0,1,1,1,1,0,1,1,1,1,0,1,1,1,1,1,1,1,
0,0,1,1,1,1,1,1,1,1,1,1,1,0,1,1,1,1,1,0,1,1,0,0,1,1,1,1,0,1,1,1,1,0,1,1,1,0,1,1,
1,1,1,1,1,1,1,1,1,1,1,1,1,1,0,1,1,1,1,1,1,1,1,1,1,1,1,1,1,1,1,1,1,1,1,1,1,1,1,1,
1,1,1,1,1,1,1,1,1,1,1,1,1,1,1,0,1,1,1,1,1,1,1,1,0,0,1,1,0,1,1,1,1,1,1,1,1,0,1,1,
1,1,1,1,1,1,1,0,1,1,1,1,1,1,1,1,0,1,1,1,1,1,1,1,0,1,1,1,1,0,1,1,1,1,1,1,1,1,1,1,
1,1,1,0,1,1,1,1,1,1,1,1,1,1,1,1,1,0,1,1,1,0,0,1,1,1,1,1,1,1,0,1,1,1,1,1,0,1,1,1,
1,1,1,1,1,1,1,1,1,1,1,1,1,1,1,1,1,1,0,1,1,1,1,1,1,1,1,1,1,1,1,1,1,1,1,1,1,1,1,0,
1,1,1,1,1,1,1,1,1,1,0,1,1,0,1,1,1,1,1,0,1,1,1,1,1,1,1,1,1,1,1,1,1,0,1,1,1,1,1,1,
1,1,1,1,1,1,0,1,1,1,1,0,1,1,1,1,1,1,1,1,0,1,1,1,1,1,1,1,0,1,1,1,1,1,1,1,1,1,1,1,
1,1,1,1,1,1,1,1,1,1,1,1,1,1,1,1,1,0,1,1,1,0,1,1,1,1,1,1,1,1,1,1,1,1,1,1,1,1,1,1,
0,1,1,1,1,1,1,1,1,1,0,0,0,0,1,1,1,0,1,1,1,1,0,1,1,1,1,0,0,0,1,1,1,1,1,0,1,1,1,1,
1,1,1,1,1,1,1,1,1,1,1,1,1,0,1,1,1,1,1,1,1,1,1,0,1,1,1,1,0,1,1,1,1,1,0,1,1,1,1,1,
1,1,1,1,1,1,1,1,1,1,1,1,1,1,1,0,0,1,1,1,1,1,1,1,0,1,1,1,1,1,1,1,1,1,1,1,1,1,1,1,
1,1,1,1,1,1,1,1,1,1,1,1,1,1,1,0,1,1,1,1,1,1,1,1,1,0,1,1,1,1,1,1,1,1,1,1,1,0,1,1,
1,1,1,1,0,1,1,1,1,0,1,1,1,1,1,1,1,1,1,1,1,1,1,1,1,1,0,1,1,1,1,1,1,1,1,0,1,1,1,1,
1,1,1,1,1,1,1,1,1,0,1,1,0,1,1,1,1,1,1,1,1,1,0,1,1,1,1,0,1,1,1,0,1,1,1,1,1,1,1,1,
1,1,1,1,1,1,1,1,1,1,0,1,1,0,1,0,1,1,1,1,0,1,0,0,1,1,1,1,0,1,1,1,1,1,1,1,0,1,1,1,
1,1,1,1,1,1,1,1,1,1,1,0,1,1,1,1,0,1,1,1,1,1,0,1,1,1,1,1,1,0,1,1,1,1,1,1,0,1,1,1,
1,1,1,1,1,1,1,1,1,1,1,1,1,1,1,1,1,0,1,1,1,1,1,1,1,1,1,1,1,1,0,1,1,1,1,1,0,1,1,1,
1,1,1,1,1,1,1,1,1,1,1,1,1,1,1,1,1,1,1,1,1,1,1,1,1,1,1,0,1,1,1,0,1,0,1,1,1,1,1,1,
1,1,1,0,1,1,1,1,1,1,1,1,0,1,1,1,1,1,1,1,1,1,1,1,1,1,1,1,1,1,1,1,0,1,1,1,1,1,1,1,
1,1,1,1,1,1,1,1,1,1,1,1,1,0,1,1,1,1,1,0,1,1,1,1,1,1,1,1,1,1,1,0,1,0,1,1,1,1,1,1,
1,1,1,1,1,0,1,1,1,1,1,1,1,1,1,1,1,1,1,1,1,1,1,0,1,1,1,1,1,1,1,1,1,1,0,1,1,1,1,1,
1,1,1,1,1,1,1,1,0,1,1,1,1,1,1,1,1,1,1,1,1,1,0,1,1,1,0,1,1,1,1,1,1,1,1,0,0,1,1,1,
1,1,1,1,1,1,1,1,1,1,1,1,1,1,1,1,1,0,1,1,1,1,1,1,1,1,1,1,0,0,0,1,1,1,1,0,0,1,1,1,
1,1,1,1,1,1,1,1,1,1,1,1,1,0,1,0,1,1,1,1,1,1,1,1,1,0,1,1,1,1,1,1,1,1,1,1,1,0,1,1,
1,1,1,1,1,1,1,1,1,1,1,1,1,1,1,1,1,1,1,1,1,1,1,1,1,1,1,1,1,1,1,1,1,1,1,1,1,1,0,1,
1,1,1,1,0,1,1,1,1,1,1,0,1,1,1,1,1,1,0,1,1,1,1,1,1,1,1,1,1,1,1,1,1,1,1,1,1,1,1,0,

    Time: 2025-02-15 01:20:36
Version identifier: 22.1.1.0 | 2022-11-28 | 9160aff4d
CPXPARAM_Threads                                 24
CPXPARAM_MIP_Limits_Solutions                    1
CPXPARAM_TimeLimit                               900
Generic callback                                 0x20
Lazy constraint(s) or lazy constraint/branch callback is present.
    Disabling dual reductions (CPX_PARAM_REDUCE) in presolve.
    Disabling presolve reductions that prevent crushing forms (CPX_PARAM_PREREFORM).
Tried aggregator 1 time.
MIP Presolve eliminated 742 rows and 0 columns.
Reduced MIP has 20762 rows, 532 columns, and 483016 nonzeros.
Reduced MIP has 532 binaries, 0 generals, 0 SOSs, and 0 indicators.
Presolve time = 0.06 sec. (115.67 ticks)
Probing time = 0.01 sec. (1.85 ticks)
Tried aggregator 1 time.
Reduced MIP has 20762 rows, 532 columns, and 483016 nonzeros.
Reduced MIP has 532 binaries, 0 generals, 0 SOSs, and 0 indicators.
Presolve time = 0.08 sec. (94.70 ticks)
Probing time = 0.01 sec. (1.92 ticks)
Clique table members: 5.
MIP emphasis: balance optimality and feasibility.
MIP search method: dynamic search.
Parallel mode: deterministic, using up to 24 threads.
Root relaxation solution time = 0.71 sec. (598.73 ticks)

        Nodes                                         Cuts/
   Node  Left     Objective  IInf  Best Integer    Best Bound    ItCnt     Gap

      0     0       99.8723   352                     99.8723     3150         
      0     0      100.8718   364                     Cuts: 6     3367         
      0     0      100.8805   365                 ZeroHalf: 3     3424         
      0     0      100.8972   361                 ZeroHalf: 2     3478         
      0     2      101.5352   371                    100.8972     3478         
Elapsed time = 9.95 sec. (15351.64 ticks, tree = 0.02 MB, solutions = 0)
      1     3      102.2973   373                    101.5354     4184         
      2     4      102.7171   369                    101.5354     4597         
      3     5      103.3192   357                    101.5354     5017         
      4     6      103.6521   360                    101.5354     6169         
      6     8      103.0010   367                    102.3068     8452         
      8     5      103.6166   367                    102.3068     5553         
     10    10      105.1899   360                    102.3068    11275         
     12    13      105.7770   349                    102.4385    14089         
     17    14      104.9171   373                    102.4385    15999         
     35    30      106.0556   349                    102.4385    26090         
Elapsed time = 21.21 sec. (22183.83 ticks, tree = 0.64 MB, solutions = 0)
     63    40      108.0170   344                    103.6172    33915         
    101    39      108.3904   338                    103.6565    34655         
    141    66      109.0701   345                    103.6573    47492         
    176   122      107.9075   354                    103.6573    85064         
    215   165      111.3324   331                    103.6573   114770         
    251   226      109.1873   335                    103.6573   145945         
    281   242      110.1831   322                    103.6573   149446         
    345   262      109.9046   321                    103.6573   153875         
    424   295      112.1244   339                    103.6573   161365         
    493   339      111.2743   331                    103.6573   170912         
Elapsed time = 56.12 sec. (31931.35 ticks, tree = 19.12 MB, solutions = 0)
    563   475      116.4556   313                    103.6573   201726         
    647   524      117.2703   318                    103.6573   211348         
    700   537      118.5116   296                    103.6573   213965         
    755   623      117.5935   319                    103.6573   231859         
    829   653      120.2322   293                    103.6573   236677         
    888   733      117.9158   317                    103.6573   252571         
    950   830      117.5285   276                    103.6573   269810         
   1015   800      121.2216   296                    103.6573   264863         
   1072   887      123.6097   275                    103.6573   278699         
   1126   904      124.0505   265                    103.6573   281521         
Elapsed time = 87.53 sec. (41562.93 ticks, tree = 91.38 MB, solutions = 0)
   1199  1030      125.1995   264                    103.6573   302407         
   1292  1027      124.7633   265                    103.6573   301877         
   1376  1128      125.5352   278                    103.6573   318334         
   1471  1210      120.9964   311                    103.6573   330578         
   1600  1371      126.2595   230                    103.6573   354108         
   1718  1487      133.2470   190                    103.6573   368902         
   1835  1466      131.5545   218                    103.6573   366226         
   1978  1751      126.9480   251                    103.6573   403048         
   2110  1843      133.6127   213                    103.6573   414229         
   2236  1734      132.9871   185                    103.6573   400256         
Elapsed time = 118.40 sec. (51181.83 ticks, tree = 249.43 MB, solutions = 0)
   2368  1867      136.5110   203                    103.6573   417275         
   2445  1970      138.6568   177                    103.6573   427730         
   2518  2039      141.5398   148                    103.6573   435550         
   2579  2129      140.3097   282                    103.6573   445936         
   2615  2277      155.6616   232                    103.6573   458472         
   2666  2446      154.0510   267                    103.6573   475299         
   2724  2326      149.1901   227                    103.6573   463677         
   2802  2594      152.2196   246                    103.6573   504500         
   2872  2694      163.0342   192                    103.6573   536733         
   2953  2664      144.9085   256                    103.6573   525658         
Elapsed time = 151.18 sec. (60878.00 ticks, tree = 431.53 MB, solutions = 0)
   3036  2780      160.7584   204                    103.6573   552874         
   3132  2745      152.6029   179                    103.6573   544723         
   3211  2862      147.5000   212                    103.6573   564024         
   3319  2912      138.0340   251                    103.6573   570387         
   3410  2888      152.1555   222                    103.6573   566964         
   3482  3276      112.5454   357                    103.6573   602582         
   3543  3208      159.1652   216                    103.6573   596726         
   3634  3236      163.0423   150                    103.6573   599368         
   3699  3445      107.5792   382                    103.6573   620122         
   3744  3392      107.4468   367                    103.6573   613008         
Elapsed time = 183.74 sec. (70545.96 ticks, tree = 632.35 MB, solutions = 0)
   3785  3548      147.3655   241                    103.6573   635418         
   3831  3693      193.8475   195                    103.6573   660058         
   3874  3629      163.5009   274                    103.6573   648816         
   3913  3767      171.1584   250                    103.6573   677763         
   3955  3757      176.2479   235                    103.6573   675522         
   4017  3689      111.8445   370                    103.6573   659474         
   4059  3813      164.5229   283                    103.6573   691556         
   4103  3792      199.3333   126                    104.0885   682763         
   4141  3859      107.2541   380                    104.0885   702045         
   4159  3893      207.1480   145                    104.0885   711441         
Elapsed time = 221.29 sec. (80329.40 ticks, tree = 760.78 MB, solutions = 0)
   4185  3939      189.3387   208                    104.0885   723632         
   4233  3996      182.3535   212                    104.0885   739083         
   4291  4027      181.0915   242                    104.0885   742968         
   4339  4100      212.2742    90                    104.0885   756067         
   4422  4117      215.2500    40                    104.0885   756519         
   4493  4120    infeasible                          104.0885   756597         
   4530  4131      194.0524   249                    104.0885   763711         
   4561  4238      109.2785   367                    104.0885   779641         
   4593  4343      213.7117   189                    104.0885   794472         
   4631  4265      157.7622   271                    104.0885   783938         
Elapsed time = 255.66 sec. (90070.20 ticks, tree = 865.43 MB, solutions = 0)
   4667  4419      108.6974   387                    104.0885   803352         
   4704  4438      127.5124   346                    104.0885   806798         
   4740  4565      110.2724   383                    104.0885   832590         
   4783  4577      110.9139   373                    104.0885   835789         
   4820  4580      196.6767   231                    104.0885   835523         
   4859  4568      212.2853   195                    104.0885   831244         
   4903  4655      109.8395   381                    104.0885   856334         
   4939  4520      112.7724   375                    104.0885   824321         
   4961  4696      109.2423   371                    104.0885   864916         
   4995  4743      114.6156   353                    104.0885   872976         
Elapsed time = 295.89 sec. (99817.20 ticks, tree = 1054.59 MB, solutions = 0)
   5062  4820      214.6247   153                    104.0885   884425         
   5092  4829      112.8272   367                    104.0885   887711         
   5127  4866      168.4153   186                    104.0885   894066         
   5175  4841      112.8843   372                    104.0885   890669         
   5244  4948      120.5497   339                    104.0885   907630         
   5290  5026      220.0000    14                    104.0885   913806         
   5325  5084      120.9766   366                    104.0885   925923         
   5352  5096      113.1710   361                    104.0885   928610         
   5375  5051      114.1668   378                    104.0885   920502         
   5470  5190      112.1448   367                    104.0885   942668         
Elapsed time = 346.96 sec. (112332.05 ticks, tree = 1228.20 MB, solutions = 0)
   5563  5242      111.1324   375                    104.0885   956461         
   5678  5370      113.2991   376                    104.0885   984009         
   5813  5551      208.0000    49                    104.0885  1024515         
   5916  5675      119.7577   353                    104.0885  1052955         
   6004  5689      133.7552   323                    106.2770  1056133         
   6081  5758      121.6897   365                    106.2770  1071115         
   6174  5965      113.1430   382                    106.2770  1124746         
   6259  6031      123.4161   371                    106.2770  1141684         
   6346  6108      123.2839   351                    106.2770  1160817         
   6409  6103      156.0014   323                    106.2770  1159678         
Elapsed time = 523.99 sec. (150864.78 ticks, tree = 1755.99 MB, solutions = 0)
   6457  6238      158.4497   320                    106.2770  1198075         
   6518  6300      133.8688   327                    106.2770  1226163         
   6585  6362      148.1120   327                    106.2770  1248764         
   6675  6430      134.8545   345                    106.2770  1270218         
   6745  6488      143.1352   324                    106.2770  1285774         
   6837  6623      138.2721   325                    106.2770  1325300         
   6929  6647      149.2680   316                    106.2770  1330873         
   7006  6706      151.6436   274                    106.2770  1345133         
   7091  6842      161.1495   298                    106.2770  1382944         
   7182  6915      141.7566   313                    106.2770  1399092         
Elapsed time = 697.25 sec. (189326.92 ticks, tree = 2221.67 MB, solutions = 0)
Nodefile size = 165.93 MB (164.59 MB after compression)
   7275  6983      163.1844   295                    106.2770  1415935         
   7404  7130      139.1069   332                    106.2770  1447972         
   7527  7043      167.3678   288                    106.2770  1429497         
   7653  7312      165.6092   291                    106.2770  1488468         
   7747  7470      133.9953   307                    106.2770  1520462         
   7869  7445      150.3653   294                    106.2770  1515771         
   8005  7667      163.5311   302                    106.2770  1559193         
   8138  7745      178.2916   219                    106.2770  1572735         
   8276  7882      152.8946   309                    106.2770  1596291         
   8448  7376      134.7217   332                    106.2770  1502103         
Elapsed time = 868.15 sec. (227836.07 ticks, tree = 2517.41 MB, solutions = 0)
Nodefile size = 455.48 MB (453.74 MB after compression)
   8647  7958      206.0765   236                    106.2770  1609110         
   8840  8266      220.1925   163                    106.2770  1652911         
   8869  8077      152.0954   269                    106.2770  1629072         

Zero-half cuts applied:  7
Gomory fractional cuts applied:  1
User cuts applied:  68809

Root node processing (before b&c):
  Real time             =    9.82 sec. (15324.06 ticks)
Parallel b&c, 24 threads:
  Real time             =  891.15 sec. (224346.07 ticks)
  Sync time (average)   =  325.32 sec.
  Wait time (average)   =    0.00 sec.
                          ------------
Total (root+branch&cut) =  900.97 sec. (239670.14 ticks)
STATUS: Unknown



Status:Unknown
Program finished OK!
    Time: 2025-02-15 01:35:37
