========================
TIME_LIMIT_SECONDS: 900
ODD_HOLE_TERMINATION_PERCENTAGE: 999
N_THREADS: 24
IS_RUNNING_HEURISTIC_ON_CANDIDATE: 
IS_RUNNING_HEURISTIC_ON_RELAXATION: 
ADD_ALL_AT_START: 
========================
Wall-Clock Runtime (ms): 10
Calculated Odd Hole Termination Batch Size: 0
Total Time of All Workers in OddHoleAlg (nano): 132765
Total Time of All Workers in OddHoleAlg (ms): 0
OddHoleAlg calls: 2
Number of Found Odd-Holes: 0
Number of Found Odd Anti-Holes: 0
Number of Feasible Solutions Found: 1
Number of Times Heuristic is Called: 0
Total number of added OH and OHbar Cuts: 0
Number of Explored B&C tree nodes: 0
Number of Unexplored B&C tree nodes: 1
========================
Input Graph:
Number of Vertices: 25
Erdos Renyi p Parameter: 0.75
Number of Edges: 240
Expected No of Odd Holes: 147
Expected No of Odd Anti Holes: 260
ODD_HOLE_TERMINATION_BATCH_SIZE: 0
Graph Density: 0.8
0,0,0,1,1,0,1,1,1,1,1,1,1,1,1,1,1,1,1,0,1,1,1,1,1,
0,0,0,1,0,1,0,1,1,1,1,1,0,1,1,1,1,1,0,1,1,1,1,1,1,
0,0,0,0,1,1,1,1,1,0,1,1,1,0,1,1,0,1,1,1,0,1,1,1,1,
1,1,0,0,0,1,1,1,1,1,1,1,0,1,0,1,1,0,1,1,1,1,1,1,1,
1,0,1,0,0,0,1,1,1,1,1,1,1,1,0,1,1,1,0,1,0,1,1,1,1,
0,1,1,1,0,0,1,1,1,1,1,1,1,1,1,0,0,1,1,1,1,0,0,1,1,
1,0,1,1,1,1,0,1,1,1,0,1,1,1,0,1,1,1,1,1,1,0,1,1,1,
1,1,1,1,1,1,1,0,1,0,1,1,1,0,1,0,1,0,0,0,1,1,0,1,1,
1,1,1,1,1,1,1,1,0,1,1,1,1,1,1,0,1,1,1,1,1,1,1,0,1,
1,1,0,1,1,1,1,0,1,0,1,1,1,1,1,1,0,1,1,1,1,1,1,1,0,
1,1,1,1,1,1,0,1,1,1,0,1,1,1,0,1,1,1,0,1,1,0,1,1,1,
1,1,1,1,1,1,1,1,1,1,1,0,1,0,1,1,1,1,1,1,0,1,1,1,0,
1,0,1,0,1,1,1,1,1,1,1,1,0,1,1,0,1,0,1,1,1,1,0,1,1,
1,1,0,1,1,1,1,0,1,1,1,0,1,0,1,0,1,1,1,1,1,1,1,1,1,
1,1,1,0,0,1,0,1,1,1,0,1,1,1,0,1,1,1,1,1,1,1,1,1,1,
1,1,1,1,1,0,1,0,0,1,1,1,0,0,1,0,1,1,1,0,1,1,1,1,0,
1,1,0,1,1,0,1,1,1,0,1,1,1,1,1,1,0,1,1,1,1,1,1,0,1,
1,1,1,0,1,1,1,0,1,1,1,1,0,1,1,1,1,0,1,1,0,1,1,1,0,
1,0,1,1,0,1,1,0,1,1,0,1,1,1,1,1,1,1,0,0,1,1,1,1,0,
0,1,1,1,1,1,1,0,1,1,1,1,1,1,1,0,1,1,0,0,1,1,1,0,1,
1,1,0,1,0,1,1,1,1,1,1,0,1,1,1,1,1,0,1,1,0,1,1,1,1,
1,1,1,1,1,0,0,1,1,1,0,1,1,1,1,1,1,1,1,1,1,0,0,1,1,
1,1,1,1,1,0,1,0,1,1,1,1,0,1,1,1,1,1,1,1,1,0,0,1,0,
1,1,1,1,1,1,1,1,0,1,1,1,1,1,1,1,0,1,1,0,1,1,1,0,1,
1,1,1,1,1,1,1,1,1,0,1,0,1,1,1,0,1,0,0,1,1,1,0,1,0,
========================
Output Graph: 
Number of Vertices: 25
Number of Edges: 282
Graph Density: 0.94
0,1,1,1,1,1,1,1,1,1,1,1,1,1,1,1,1,1,1,1,1,1,1,1,1,
1,0,1,1,1,1,1,1,1,1,1,1,1,1,1,1,1,1,0,1,1,1,1,1,1,
1,1,0,1,1,1,1,1,1,1,1,1,1,0,1,1,1,1,1,1,0,1,1,1,1,
1,1,1,0,0,1,1,1,1,1,1,1,1,1,1,1,1,0,1,1,1,1,1,1,1,
1,1,1,0,0,1,1,1,1,1,1,1,1,1,1,1,1,1,1,1,1,1,1,1,1,
1,1,1,1,1,0,1,1,1,1,1,1,1,1,1,1,0,1,1,1,1,0,1,1,1,
1,1,1,1,1,1,0,1,1,1,0,1,1,1,1,1,1,1,1,1,1,1,1,1,1,
1,1,1,1,1,1,1,0,1,1,1,1,1,1,1,1,1,1,0,0,1,1,0,1,1,
1,1,1,1,1,1,1,1,0,1,1,1,1,1,1,1,1,1,1,1,1,1,1,1,1,
1,1,1,1,1,1,1,1,1,0,1,1,1,1,1,1,0,1,1,1,1,1,1,1,1,
1,1,1,1,1,1,0,1,1,1,0,1,1,1,0,1,1,1,0,1,1,1,1,1,1,
1,1,1,1,1,1,1,1,1,1,1,0,1,1,1,1,1,1,1,1,1,1,1,1,1,
1,1,1,1,1,1,1,1,1,1,1,1,0,1,1,0,1,1,1,1,1,1,1,1,1,
1,1,0,1,1,1,1,1,1,1,1,1,1,0,1,0,1,1,1,1,1,1,1,1,1,
1,1,1,1,1,1,1,1,1,1,0,1,1,1,0,1,1,1,1,1,1,1,1,1,1,
1,1,1,1,1,1,1,1,1,1,1,1,0,0,1,0,1,1,1,1,1,1,1,1,1,
1,1,1,1,1,0,1,1,1,0,1,1,1,1,1,1,0,1,1,1,1,1,1,1,1,
1,1,1,0,1,1,1,1,1,1,1,1,1,1,1,1,1,0,1,1,1,1,1,1,1,
1,0,1,1,1,1,1,0,1,1,0,1,1,1,1,1,1,1,0,1,1,1,1,1,0,
1,1,1,1,1,1,1,0,1,1,1,1,1,1,1,1,1,1,1,0,1,1,1,1,1,
1,1,0,1,1,1,1,1,1,1,1,1,1,1,1,1,1,1,1,1,0,1,1,1,1,
1,1,1,1,1,0,1,1,1,1,1,1,1,1,1,1,1,1,1,1,1,0,1,1,1,
1,1,1,1,1,1,1,0,1,1,1,1,1,1,1,1,1,1,1,1,1,1,0,1,0,
1,1,1,1,1,1,1,1,1,1,1,1,1,1,1,1,1,1,1,1,1,1,1,0,1,
1,1,1,1,1,1,1,1,1,1,1,1,1,1,1,1,1,1,0,1,1,1,0,1,0,
Is Output Graph Empty or Complete?: 0
Ratio of Added Edges Over Added + Removed Edges: 1
Changes from Input to Output: 
Added Edge: (0, 1)
Added Edge: (0, 2)
Added Edge: (0, 5)
Added Edge: (0, 19)
Added Edge: (1, 2)
Added Edge: (1, 4)
Added Edge: (1, 6)
Added Edge: (1, 12)
Added Edge: (2, 3)
Added Edge: (2, 9)
Added Edge: (2, 16)
Added Edge: (3, 12)
Added Edge: (3, 14)
Added Edge: (4, 5)
Added Edge: (4, 14)
Added Edge: (4, 18)
Added Edge: (4, 20)
Added Edge: (5, 15)
Added Edge: (5, 22)
Added Edge: (6, 14)
Added Edge: (6, 21)
Added Edge: (7, 9)
Added Edge: (7, 13)
Added Edge: (7, 15)
Added Edge: (7, 17)
Added Edge: (8, 15)
Added Edge: (8, 23)
Added Edge: (9, 24)
Added Edge: (10, 21)
Added Edge: (11, 13)
Added Edge: (11, 20)
Added Edge: (11, 24)
Added Edge: (12, 17)
Added Edge: (12, 22)
Added Edge: (15, 19)
Added Edge: (15, 24)
Added Edge: (16, 23)
Added Edge: (17, 20)
Added Edge: (17, 24)
Added Edge: (18, 19)
Added Edge: (19, 23)
Added Edge: (21, 22)
========================
